10001	190.746472	55.000000	-1.893090e-01	1.241960e-01	8.739278e+04
10001	191.482945	55.000000	-1.911980e-01	1.255120e-01	5.908076e+04
10001	192.225127	55.000000	-1.916050e-01	1.234450e-01	1.314011e+05
10001	192.973084	55.000000	-1.932860e-01	1.265890e-01	1.489799e+05
10001	193.726885	55.000000	-1.903310e-01	1.259230e-01	1.569464e+05
10001	194.486599	55.000000	-1.917410e-01	1.263450e-01	1.543904e+05
10001	195.252294	55.000000	-1.910090e-01	1.248330e-01	1.688274e+05
10001	196.024042	55.000000	-1.906770e-01	1.245120e-01	3.405469e+05
10001	196.801915	55.000000	-1.907800e-01	1.255540e-01	1.299624e+05
10001	197.585987	55.000000	-1.919510e-01	1.238710e-01	2.907306e+05
10001	198.376331	55.000000	-1.910190e-01	1.231680e-01	2.668371e+05
10001	199.173023	55.000000	-1.899410e-01	1.247140e-01	1.450745e+05
10001	199.976140	55.000000	-1.891110e-01	1.241830e-01	1.506245e+05
10001	200.785760	55.000000	-1.932280e-01	1.230460e-01	2.712493e+05
10001	201.601962	55.000000	-1.927810e-01	1.224880e-01	1.691832e+05
10001	202.424827	55.000000	-1.945070e-01	1.226440e-01	2.884128e+05
10001	203.254437	55.000000	-1.915560e-01	1.228510e-01	2.338729e+05
10001	204.090875	55.000000	-1.928880e-01	1.213810e-01	4.275459e+05
10001	204.934226	55.000000	-1.923990e-01	1.212900e-01	3.595083e+05
10001	205.784575	55.000000	-1.942400e-01	1.205980e-01	4.565683e+05
10001	206.642011	55.000000	-1.937110e-01	1.204870e-01	3.288447e+05
10001	207.506622	55.000000	-1.933920e-01	1.194700e-01	4.521538e+05
10001	208.378498	55.000000	-1.940060e-01	1.185890e-01	5.561547e+05
10001	209.257733	55.000000	-1.953520e-01	1.197430e-01	3.882921e+05
10001	210.144418	55.000000	-1.946120e-01	1.189650e-01	3.017502e+05
10001	211.038650	55.000000	-1.940850e-01	1.180930e-01	2.732311e+05
10001	211.940524	55.000000	-1.941860e-01	1.172560e-01	3.967534e+05
10001	212.850140	55.000000	-1.953160e-01	1.171230e-01	3.635007e+05
10001	213.767598	55.000000	-1.950750e-01	1.169100e-01	3.721616e+05
10001	214.692998	55.000000	-1.955440e-01	1.167830e-01	3.992638e+05
10001	215.626446	55.000000	-1.950740e-01	1.154400e-01	3.924886e+05
10001	216.568046	55.000000	-1.952580e-01	1.149820e-01	5.045953e+05
10001	217.517906	55.000000	-1.956450e-01	1.145900e-01	3.641130e+05
10001	218.476135	55.000000	-1.952250e-01	1.138950e-01	3.963473e+05
10001	219.442844	55.000000	-1.961240e-01	1.131750e-01	4.214386e+05
10001	220.418145	55.000000	-1.957780e-01	1.129990e-01	4.160210e+05
10001	221.402155	55.000000	-1.956790e-01	1.123790e-01	3.325590e+05
10001	222.394989	55.000000	-1.965400e-01	1.119770e-01	4.713348e+05
10001	223.396769	55.000000	-1.956670e-01	1.112520e-01	5.369024e+05
10001	224.407614	55.000000	-1.967540e-01	1.110330e-01	8.120614e+05
10001	225.427648	55.000000	-1.962570e-01	1.104950e-01	3.853836e+05
10001	226.456998	55.000000	-1.963370e-01	1.100010e-01	5.257380e+05
10001	227.495792	55.000000	-1.963800e-01	1.094920e-01	5.589627e+05
10001	228.544160	55.000000	-1.963940e-01	1.091710e-01	4.661863e+05
10001	229.602234	55.000000	-1.972340e-01	1.084060e-01	5.251182e+05
10001	230.670152	55.000000	-1.969960e-01	1.083070e-01	5.430836e+05
10001	231.748050	55.000000	-1.971450e-01	1.077590e-01	7.139221e+05
10001	232.836069	55.000000	-1.971730e-01	1.077180e-01	3.575125e+05
10001	233.934352	55.000000	-1.973700e-01	1.070280e-01	3.860519e+05
10001	235.043046	55.000000	-1.971700e-01	1.064380e-01	5.384609e+05
10001	236.162298	55.000000	-1.974880e-01	1.060180e-01	4.726164e+05
10001	237.292261	55.000000	-1.977000e-01	1.055910e-01	4.178363e+05
10001	238.433090	55.000000	-1.976300e-01	1.045280e-01	3.484446e+05
10001	239.584940	55.000000	-1.975760e-01	1.045040e-01	6.210185e+05
10001	240.747974	55.000000	-1.983510e-01	1.037660e-01	5.060153e+05
10001	241.922354	55.000000	-1.980390e-01	1.034040e-01	3.577610e+05
10001	243.108248	55.000000	-1.979450e-01	1.028600e-01	3.340798e+05
10001	244.305826	55.000000	-1.967890e-01	1.021650e-01	7.725605e+05
10001	245.515261	55.000000	-1.972390e-01	1.013950e-01	5.629677e+05
10001	246.736730	55.000000	-1.984390e-01	1.013290e-01	3.522531e+05
10001	247.970413	55.000000	-1.986710e-01	1.006670e-01	4.483611e+05
10001	249.216496	55.000000	-1.990030e-01	1.001720e-01	4.602492e+05
10001	250.475165	55.000000	-1.983880e-01	9.915000e-02	7.921865e+05
10001	251.746612	55.000000	-1.984670e-01	9.919100e-02	4.162081e+05
10001	253.031034	55.000000	-1.982340e-01	9.868000e-02	5.293904e+05
10001	254.328629	55.000000	-1.994940e-01	9.809600e-02	3.950157e+05
10001	255.639601	55.000000	-1.980340e-01	9.752100e-02	7.394076e+05
10001	256.964159	55.000000	-1.986040e-01	9.710200e-02	5.532733e+05
10001	258.302514	55.000000	-1.982870e-01	9.676200e-02	5.950114e+05
10001	259.654883	55.000000	-1.975110e-01	9.611000e-02	5.131181e+05
10001	261.021488	55.000000	-1.979510e-01	9.555700e-02	6.351352e+05
10001	262.402554	55.000000	-1.969410e-01	9.528100e-02	6.810236e+05
10001	263.798312	55.000000	-1.978500e-01	9.544000e-02	6.416570e+05
10001	265.208998	55.000000	-1.974350e-01	9.528000e-02	3.932323e+05
10001	266.634853	55.000000	-1.971990e-01	9.476600e-02	8.486400e+05
10001	268.076122	55.000000	-1.975990e-01	9.458800e-02	6.323207e+05
10001	269.533058	55.000000	-1.982330e-01	9.452500e-02	6.243300e+05
10001	271.005916	55.000000	-1.988000e-01	9.467000e-02	4.172708e+05
10001	272.494960	55.000000	-1.992360e-01	9.424100e-02	9.486658e+05
10001	274.000457	55.000000	-1.993690e-01	9.403100e-02	4.592338e+05
10001	275.522681	55.000000	-1.998750e-01	9.414200e-02	3.774422e+05
10001	277.061914	55.000000	-1.990300e-01	9.369400e-02	7.961346e+05
10001	278.618442	55.000000	-2.013990e-01	9.391600e-02	4.160824e+05
10001	280.192557	55.000000	-2.016530e-01	9.353000e-02	2.594004e+05
10001	281.784560	55.000000	-2.018320e-01	9.323100e-02	4.921623e+05
10001	283.394758	55.000000	-2.026600e-01	9.286400e-02	6.567364e+05
10001	285.023463	55.000000	-2.035880e-01	9.255600e-02	4.823568e+05
10001	286.670998	55.000000	-2.043080e-01	9.186000e-02	9.354852e+05
10001	288.337690	55.000000	-2.063610e-01	9.084400e-02	7.655034e+05
10001	290.023875	55.000000	-2.064310e-01	8.932700e-02	2.106500e+06
10001	291.729898	55.000000	-2.068400e-01	8.830200e-02	2.302593e+06
10001	293.456110	55.000000	-2.077230e-01	8.699500e-02	2.298544e+06
10001	295.202873	55.000000	-2.084600e-01	8.557300e-02	2.611668e+06
10001	296.970555	55.000000	-2.094380e-01	8.397400e-02	2.101529e+06
10001	298.759534	55.000000	-2.097730e-01	8.228700e-02	1.906578e+06
10001	300.570198	55.000000	-2.099570e-01	8.071200e-02	1.812297e+06
10001	302.402943	55.000000	-2.101240e-01	7.906600e-02	1.850902e+06
10001	304.258176	55.000000	-2.097620e-01	7.731900e-02	1.679402e+06
10001	306.136313	55.000000	-2.097750e-01	7.576800e-02	2.597963e+06
10001	308.037780	55.000000	-2.090120e-01	7.396500e-02	2.522743e+06
10001	309.963016	55.000000	-2.081770e-01	7.234600e-02	2.678667e+06
10001	311.912469	55.000000	-2.074290e-01	7.095000e-02	0.000000e+00
10001	313.886599	55.000000	-2.063030e-01	6.953100e-02	0.000000e+00
10001	315.885877	55.000000	-2.049210e-01	6.838300e-02	0.000000e+00
10001	317.910786	55.000000	-2.030370e-01	6.750500e-02	0.000000e+00
10001	319.961823	55.000000	-2.016210e-01	6.687500e-02	0.000000e+00
10001	322.039498	55.000000	-1.996410e-01	6.681300e-02	0.000000e+00
10001	324.144331	55.000000	-1.976440e-01	6.713300e-02	0.000000e+00
10001	326.276859	55.000000	-1.958600e-01	6.771900e-02	0.000000e+00
10001	328.437633	55.000000	-1.943500e-01	6.891600e-02	0.000000e+00
10001	330.627218	55.000000	-1.925280e-01	7.023400e-02	0.000000e+00
10001	332.846192	55.000000	-1.918350e-01	7.244900e-02	0.000000e+00
10001	335.095153	55.000000	-1.909860e-01	7.467300e-02	0.000000e+00
10001	337.374712	55.000000	-1.911560e-01	7.732700e-02	0.000000e+00
10001	339.685498	55.000000	-1.914210e-01	8.032100e-02	0.000000e+00
10001	342.028156	55.000000	-1.932080e-01	8.355900e-02	0.000000e+00
10001	344.403352	55.000000	-1.953070e-01	8.644900e-02	0.000000e+00
10001	346.811767	55.000000	-1.979150e-01	8.917900e-02	0.000000e+00
10001	349.254103	55.000000	-2.018860e-01	9.151900e-02	0.000000e+00
10001	351.731083	55.000000	-2.064650e-01	9.328800e-02	0.000000e+00
10001	354.243447	55.000000	-2.118970e-01	9.455000e-02	0.000000e+00
10001	356.791961	55.000000	-2.180690e-01	9.460200e-02	0.000000e+00
10001	359.377410	55.000000	-2.246180e-01	9.374600e-02	0.000000e+00
10001	362.000603	55.000000	-2.315550e-01	9.162900e-02	0.000000e+00
10001	364.662372	55.000000	-2.386720e-01	8.785500e-02	0.000000e+00
10001	367.363575	55.000000	-2.458350e-01	8.222900e-02	0.000000e+00
10001	370.105094	55.000000	-2.523180e-01	7.475400e-02	0.000000e+00
10001	372.887839	55.000000	-2.568600e-01	6.511000e-02	0.000000e+00
10001	375.712747	55.000000	-2.604110e-01	5.443900e-02	0.000000e+00
10001	378.580784	55.000000	-2.614680e-01	4.340300e-02	0.000000e+00
10001	381.492943	55.000000	-2.606080e-01	3.141900e-02	0.000000e+00
10001	384.450253	55.000000	-2.577710e-01	2.009400e-02	0.000000e+00
10001	387.453771	55.000000	-2.526300e-01	9.350000e-03	0.000000e+00
10001	390.504588	55.000000	-2.458320e-01	-1.288000e-03	0.000000e+00
10001	393.603830	55.000000	-2.361800e-01	-1.152800e-02	0.000000e+00
10001	396.752661	55.000000	-2.242620e-01	-2.023200e-02	0.000000e+00
10001	399.952279	55.000000	-2.103130e-01	-2.699900e-02	0.000000e+00
10001	403.203924	55.000000	-1.941970e-01	-3.148900e-02	0.000000e+00
10001	406.508874	55.000000	-1.769460e-01	-3.266200e-02	0.000000e+00
10001	409.868452	55.000000	-1.583190e-01	-3.018500e-02	0.000000e+00
10001	413.284022	55.000000	-1.395880e-01	-2.313400e-02	0.000000e+00
10001	416.756997	55.000000	-1.203020e-01	-1.054900e-02	0.000000e+00
10001	420.288836	55.000000	-1.046600e-01	7.010000e-03	0.000000e+00
10001	423.881048	55.000000	-9.236700e-02	3.015800e-02	0.000000e+00
10001	427.535195	55.000000	-8.719100e-02	5.510400e-02	0.000000e+00
10001	431.252893	55.000000	-8.776700e-02	8.160400e-02	0.000000e+00
10001	435.035813	55.000000	-9.611800e-02	1.088520e-01	0.000000e+00
10001	438.885687	55.000000	-1.119620e-01	1.338050e-01	0.000000e+00
10001	442.804309	55.000000	-1.326400e-01	1.533670e-01	0.000000e+00
10001	446.793537	55.000000	-1.560980e-01	1.668340e-01	0.000000e+00
10001	450.855297	55.000000	-1.812880e-01	1.748700e-01	0.000000e+00
10001	454.991584	55.000000	-2.090780e-01	1.776460e-01	0.000000e+00
10001	459.204469	55.000000	-2.380420e-01	1.755160e-01	0.000000e+00
10001	463.496099	55.000000	-2.640020e-01	1.678330e-01	0.000000e+00
10001	467.868704	55.000000	-2.865080e-01	1.568710e-01	0.000000e+00
10001	472.324597	55.000000	-3.080070e-01	1.419900e-01	0.000000e+00
10001	476.866179	55.000000	-3.271400e-01	1.232610e-01	0.000000e+00
10001	481.495948	55.000000	-3.451220e-01	1.020100e-01	0.000000e+00
10001	486.216496	55.000000	-3.573830e-01	7.851500e-02	0.000000e+00
10001	491.030521	55.000000	-3.675890e-01	5.224600e-02	0.000000e+00
10001	495.940826	55.000000	-3.754110e-01	2.402400e-02	0.000000e+00
10001	500.950330	55.000000	-3.776960e-01	-6.948000e-03	0.000000e+00
10001	506.062068	55.000000	-3.766020e-01	-3.750900e-02	0.000000e+00
10001	511.279202	55.000000	-3.708960e-01	-6.943300e-02	0.000000e+00
10001	516.605028	55.000000	-3.597860e-01	-1.036110e-01	0.000000e+00
10001	522.042975	55.000000	-3.438510e-01	-1.380710e-01	0.000000e+00
10001	527.596624	55.000000	-3.221750e-01	-1.715640e-01	0.000000e+00
10001	533.269706	55.000000	-2.937990e-01	-2.055080e-01	0.000000e+00
10001	539.066116	55.000000	-2.556860e-01	-2.408330e-01	0.000000e+00
10001	544.989919	55.000000	-2.068520e-01	-2.735140e-01	0.000000e+00
10001	551.045363	55.000000	-1.461570e-01	-3.013220e-01	0.000000e+00
10001	557.236884	55.000000	-6.409500e-02	-3.208010e-01	0.000000e+00
10001	563.569121	55.000000	4.293900e-02	-3.191860e-01	0.000000e+00
10001	570.046927	55.000000	1.669870e-01	-2.746820e-01	1.683071e+06
10001	576.675380	55.000000	2.897370e-01	-1.593840e-01	1.372718e+06
10001	583.459796	55.000000	3.461070e-01	2.130400e-02	9.660622e+05
10001	590.405746	55.000000	3.033740e-01	2.020920e-01	9.833344e+05
10001	597.519068	55.000000	1.917880e-01	3.280550e-01	1.654936e+06
10001	604.805886	55.000000	6.816900e-02	3.864750e-01	0.000000e+00
10001	612.272625	55.000000	-3.618100e-02	3.988960e-01	0.000000e+00
10001	619.926033	55.000000	-1.227980e-01	3.898880e-01	0.000000e+00
10001	627.773198	55.000000	-1.909210e-01	3.719910e-01	0.000000e+00
10001	635.821572	55.000000	-2.480730e-01	3.476960e-01	0.000000e+00
10001	644.078995	55.000000	-2.963480e-01	3.206500e-01	0.000000e+00
10001	652.553719	55.000000	-3.380250e-01	2.916080e-01	0.000000e+00
10001	661.254435	55.000000	-3.746600e-01	2.580250e-01	0.000000e+00
10001	670.190306	55.000000	-4.055900e-01	2.239990e-01	0.000000e+00
10001	679.370995	55.000000	-4.324150e-01	1.861590e-01	0.000000e+00
10001	688.806703	55.000000	-4.533270e-01	1.470070e-01	0.000000e+00
10001	698.508206	55.000000	-4.702790e-01	1.049090e-01	0.000000e+00
10001	708.486895	55.000000	-4.811580e-01	6.215900e-02	0.000000e+00
10001	718.754821	55.000000	-4.872830e-01	1.817100e-02	0.000000e+00
10001	729.324745	55.000000	-4.885930e-01	-2.616400e-02	0.000000e+00
10001	740.210189	55.000000	-4.846050e-01	-7.152400e-02	0.000000e+00
10001	751.425495	55.000000	-4.752380e-01	-1.154910e-01	0.000000e+00
10001	762.985887	55.000000	-4.599070e-01	-1.613440e-01	0.000000e+00
10001	774.907541	55.000000	-4.414500e-01	-2.024200e-01	0.000000e+00
10001	787.207661	55.000000	-4.181800e-01	-2.468840e-01	1.699842e+06
10001	799.904559	55.000000	-3.876510e-01	-2.914190e-01	0.000000e+00
10001	813.017748	55.000000	-3.574720e-01	-3.337500e-01	4.794613e+05
10001	826.568044	55.000000	-3.167910e-01	-3.843150e-01	1.602551e+06
10001	840.577672	55.000000	-2.743710e-01	-4.201190e-01	1.035221e+05
10001	855.070390	55.000000	-2.018450e-01	-5.015830e-01	1.936447e+05
10001	870.071625	55.000000	-1.022600e-01	-5.775600e-01	1.221615e+05
10001	885.608619	55.000000	3.126200e-02	-6.498270e-01	0.000000e+00
10001	901.710593	55.000000	3.147630e-01	-7.134020e-01	1.271305e+05
10001	918.408938	55.000000	6.857380e-01	-6.118610e-01	1.217125e+05
10001	935.737408	55.000000	1.010322e+00	-4.417300e-02	3.573830e+04
10001	953.732358	55.000000	8.083420e-01	4.552450e-01	5.144299e+04
10001	972.432993	55.000000	4.031230e-01	6.488050e-01	2.697825e+05
10001	991.881653	55.000000	1.434520e-01	6.299200e-01	1.545816e+05
10001	1012.124136	55.000000	-4.631600e-02	5.541130e-01	2.462843e+04
10001	1033.210055	55.000000	-2.040010e-01	4.621520e-01	9.608678e+03
10001	1055.193248	55.000000	-3.212880e-01	3.849720e-01	8.206422e+03
10001	1078.132231	55.000000	-3.823780e-01	3.414350e-01	1.041679e+04
10001	1102.090725	55.000000	-4.153220e-01	3.138010e-01	1.504655e+04
10001	1127.138242	55.000000	-4.414370e-01	2.896100e-01	1.721588e+04
10001	1153.350759	55.000000	-4.638340e-01	2.648630e-01	1.863428e+04
10001	1180.811491	55.000000	-4.831090e-01	2.387080e-01	1.991874e+04
10001	1209.611772	55.000000	-5.013260e-01	2.091960e-01	2.329606e+04
10001	1239.852066	55.000000	-5.173310e-01	1.766380e-01	2.595541e+04
10001	1271.643145	55.000000	-5.310740e-01	1.424880e-01	2.820447e+04
10001	1305.107438	55.000000	-5.419840e-01	1.049510e-01	3.280298e+04
10001	1340.380612	55.000000	-5.485680e-01	6.683600e-02	3.175702e+04
10001	1377.613407	55.000000	-5.516250e-01	2.813700e-02	3.193042e+04
10001	1416.973790	55.000000	-5.516180e-01	-1.124400e-02	2.479469e+04
10001	1458.649489	55.000000	-5.468690e-01	-4.958800e-02	2.733135e+04
10001	1502.850989	55.000000	-5.433020e-01	-8.659400e-02	4.238211e+04
10001	1549.815082	55.000000	-5.331460e-01	-1.228720e-01	2.760411e+04
10001	1599.809117	55.000000	-5.211420e-01	-1.559660e-01	2.315308e+04
10001	1653.136088	55.000000	-5.068930e-01	-1.863370e-01	1.664595e+04
10001	1710.140781	55.000000	-4.936770e-01	-2.135510e-01	1.417742e+04
10001	1771.217237	55.000000	-4.709520e-01	-2.341370e-01	1.274809e+04
10001	1836.817876	55.000000	-4.571240e-01	-2.556440e-01	1.053012e+04
10001	1907.464717	55.000000	-4.429190e-01	-2.592170e-01	1.308932e+04
10001	1983.763306	55.000000	-4.373870e-01	-2.640650e-01	6.457475e+03
10001	2066.420110	55.000000	-4.245590e-01	-2.582610e-01	6.853140e+03
10001	190.746472	60.000000	-6.081700e-02	1.352450e-01	5.324217e+04
10001	191.482945	60.000000	-6.366900e-02	1.324910e-01	1.330779e+05
10001	192.225127	60.000000	-6.110100e-02	1.344070e-01	1.109127e+05
10001	192.973084	60.000000	-6.146400e-02	1.330240e-01	6.896407e+04
10001	193.726885	60.000000	-5.908300e-02	1.325130e-01	1.529477e+05
10001	194.486599	60.000000	-5.950900e-02	1.327130e-01	1.691342e+05
10001	195.252294	60.000000	-5.965800e-02	1.329800e-01	1.609831e+05
10001	196.024042	60.000000	-6.265900e-02	1.328500e-01	1.359217e+05
10001	196.801915	60.000000	-6.145000e-02	1.305380e-01	1.250826e+05
10001	197.585987	60.000000	-6.291000e-02	1.319660e-01	1.578753e+05
10001	198.376331	60.000000	-6.267600e-02	1.311880e-01	1.567007e+05
10001	199.173023	60.000000	-6.439200e-02	1.309640e-01	2.539881e+05
10001	199.976140	60.000000	-6.345400e-02	1.313010e-01	1.930603e+05
10001	200.785760	60.000000	-6.330500e-02	1.312620e-01	2.547041e+05
10001	201.601962	60.000000	-6.269000e-02	1.301990e-01	2.032490e+05
10001	202.424827	60.000000	-6.279100e-02	1.290100e-01	3.772261e+05
10001	203.254437	60.000000	-6.480100e-02	1.290080e-01	3.602102e+05
10001	204.090875	60.000000	-6.245700e-02	1.289310e-01	2.441367e+05
10001	204.934226	60.000000	-6.396800e-02	1.290910e-01	3.202053e+05
10001	205.784575	60.000000	-6.405300e-02	1.285450e-01	3.042308e+05
10001	206.642011	60.000000	-6.560200e-02	1.272790e-01	2.530095e+05
10001	207.506622	60.000000	-6.523900e-02	1.271790e-01	3.230470e+05
10001	208.378498	60.000000	-6.472800e-02	1.262820e-01	3.866650e+05
10001	209.257733	60.000000	-6.468100e-02	1.261110e-01	2.714792e+05
10001	210.144418	60.000000	-6.560100e-02	1.259650e-01	2.593393e+05
10001	211.038650	60.000000	-6.486400e-02	1.251330e-01	2.984629e+05
10001	211.940524	60.000000	-6.441100e-02	1.247380e-01	4.026275e+05
10001	212.850140	60.000000	-6.485300e-02	1.241460e-01	3.196171e+05
10001	213.767598	60.000000	-6.591900e-02	1.237770e-01	3.299872e+05
10001	214.692998	60.000000	-6.626700e-02	1.231360e-01	3.886858e+05
10001	215.626446	60.000000	-6.562200e-02	1.225470e-01	3.183188e+05
10001	216.568046	60.000000	-6.672800e-02	1.221820e-01	3.242891e+05
10001	217.517906	60.000000	-6.669000e-02	1.216610e-01	4.218840e+05
10001	218.476135	60.000000	-6.541800e-02	1.211440e-01	2.486294e+05
10001	219.442844	60.000000	-6.574900e-02	1.201510e-01	3.109743e+05
10001	220.418145	60.000000	-6.662100e-02	1.197680e-01	4.199159e+05
10001	221.402155	60.000000	-6.740500e-02	1.194840e-01	3.102098e+05
10001	222.394989	60.000000	-6.610500e-02	1.186880e-01	4.266383e+05
10001	223.396769	60.000000	-6.736300e-02	1.180170e-01	3.312695e+05
10001	224.407614	60.000000	-6.640500e-02	1.174620e-01	5.928835e+05
10001	225.427648	60.000000	-6.625600e-02	1.173730e-01	2.507179e+05
10001	226.456998	60.000000	-6.737000e-02	1.168200e-01	3.588081e+05
10001	227.495792	60.000000	-6.686900e-02	1.160130e-01	2.965019e+05
10001	228.544160	60.000000	-6.730200e-02	1.158710e-01	3.464922e+05
10001	229.602234	60.000000	-6.739000e-02	1.149340e-01	4.451676e+05
10001	230.670152	60.000000	-6.702200e-02	1.147140e-01	4.234174e+05
10001	231.748050	60.000000	-6.782700e-02	1.144190e-01	4.124878e+05
10001	232.836069	60.000000	-6.813700e-02	1.137660e-01	3.970444e+05
10001	233.934352	60.000000	-6.724500e-02	1.134010e-01	2.898953e+05
10001	235.043046	60.000000	-6.866600e-02	1.129880e-01	3.827275e+05
10001	236.162298	60.000000	-6.792900e-02	1.123500e-01	5.391045e+05
10001	237.292261	60.000000	-6.865400e-02	1.116650e-01	3.410100e+05
10001	238.433090	60.000000	-6.850700e-02	1.114090e-01	2.697126e+05
10001	239.584940	60.000000	-6.837500e-02	1.106790e-01	3.455930e+05
10001	240.747974	60.000000	-6.874100e-02	1.101970e-01	3.569169e+05
10001	241.922354	60.000000	-6.841900e-02	1.093420e-01	3.984442e+05
10001	243.108248	60.000000	-6.866800e-02	1.087660e-01	3.633990e+05
10001	244.305826	60.000000	-6.851300e-02	1.084320e-01	3.789573e+05
10001	245.515261	60.000000	-6.827200e-02	1.079590e-01	3.469668e+05
10001	246.736730	60.000000	-6.835700e-02	1.072860e-01	4.764162e+05
10001	247.970413	60.000000	-6.899200e-02	1.070390e-01	2.745307e+05
10001	249.216496	60.000000	-6.793500e-02	1.059730e-01	5.777885e+05
10001	250.475165	60.000000	-6.879900e-02	1.057000e-01	4.767985e+05
10001	251.746612	60.000000	-6.892000e-02	1.052480e-01	4.008522e+05
10001	253.031034	60.000000	-6.931300e-02	1.049360e-01	3.552862e+05
10001	254.328629	60.000000	-6.838100e-02	1.041750e-01	5.378183e+05
10001	255.639601	60.000000	-6.884500e-02	1.035290e-01	4.243796e+05
10001	256.964159	60.000000	-6.878000e-02	1.033360e-01	3.583587e+05
10001	258.302514	60.000000	-6.830200e-02	1.030130e-01	3.193654e+05
10001	259.654883	60.000000	-6.904200e-02	1.024480e-01	5.879265e+05
10001	261.021488	60.000000	-6.908400e-02	1.022070e-01	4.597412e+05
10001	262.402554	60.000000	-6.955500e-02	1.021230e-01	4.127958e+05
10001	263.798312	60.000000	-6.983200e-02	1.018660e-01	5.038461e+05
10001	265.208998	60.000000	-6.925900e-02	1.017700e-01	2.654324e+05
10001	266.634853	60.000000	-6.903900e-02	1.013480e-01	4.665563e+05
10001	268.076122	60.000000	-6.909000e-02	1.010270e-01	9.855858e+05
10001	269.533058	60.000000	-6.985000e-02	1.009640e-01	4.271569e+05
10001	271.005916	60.000000	-7.031100e-02	1.008690e-01	3.433830e+05
10001	272.494960	60.000000	-7.001700e-02	1.005270e-01	4.062755e+05
10001	274.000457	60.000000	-7.129800e-02	1.005880e-01	3.090081e+05
10001	275.522681	60.000000	-7.088300e-02	1.002040e-01	4.162081e+05
10001	277.061914	60.000000	-7.169700e-02	9.978400e-02	3.114992e+05
10001	278.618442	60.000000	-7.297600e-02	9.939600e-02	3.534223e+05
10001	280.192557	60.000000	-7.356000e-02	9.887200e-02	4.505328e+05
10001	281.784560	60.000000	-7.390500e-02	9.847200e-02	4.398294e+05
10001	283.394758	60.000000	-7.428200e-02	9.819400e-02	2.362823e+05
10001	285.023463	60.000000	-7.592800e-02	9.718500e-02	3.401771e+05
10001	286.670998	60.000000	-7.626000e-02	9.609800e-02	4.628734e+05
10001	288.337690	60.000000	-7.759300e-02	9.484500e-02	7.992826e+05
10001	290.023875	60.000000	-7.843500e-02	9.336600e-02	2.084636e+06
10001	291.729898	60.000000	-7.908500e-02	9.214400e-02	2.353800e+06
10001	293.456110	60.000000	-7.994900e-02	9.054700e-02	2.013057e+06
10001	295.202873	60.000000	-8.036600e-02	8.908900e-02	2.611668e+06
10001	296.970555	60.000000	-8.029100e-02	8.776200e-02	2.079741e+06
10001	298.759534	60.000000	-8.039100e-02	8.606400e-02	2.110052e+06
10001	300.570198	60.000000	-8.051200e-02	8.425700e-02	2.029085e+06
10001	302.402943	60.000000	-8.013700e-02	8.265600e-02	1.876335e+06
10001	304.258176	60.000000	-7.995800e-02	8.126000e-02	1.906578e+06
10001	306.136313	60.000000	-7.929600e-02	7.977600e-02	2.427697e+06
10001	308.037780	60.000000	-7.829700e-02	7.852600e-02	2.214226e+06
10001	309.963016	60.000000	-7.739900e-02	7.719000e-02	2.836139e+06
10001	311.912469	60.000000	-7.635000e-02	7.607000e-02	0.000000e+00
10001	313.886599	60.000000	-7.484700e-02	7.522600e-02	2.768519e+06
10001	315.885877	60.000000	-7.341100e-02	7.462200e-02	0.000000e+00
10001	317.910786	60.000000	-7.200000e-02	7.430200e-02	0.000000e+00
10001	319.961823	60.000000	-7.039300e-02	7.433800e-02	0.000000e+00
10001	322.039498	60.000000	-6.903700e-02	7.486600e-02	0.000000e+00
10001	324.144331	60.000000	-6.780000e-02	7.550300e-02	0.000000e+00
10001	326.276859	60.000000	-6.644900e-02	7.659000e-02	0.000000e+00
10001	328.437633	60.000000	-6.537500e-02	7.829000e-02	0.000000e+00
10001	330.627218	60.000000	-6.511400e-02	7.993500e-02	0.000000e+00
10001	332.846192	60.000000	-6.499200e-02	8.223500e-02	0.000000e+00
10001	335.095153	60.000000	-6.546900e-02	8.449400e-02	0.000000e+00
10001	337.374712	60.000000	-6.655500e-02	8.690400e-02	0.000000e+00
10001	339.685498	60.000000	-6.829400e-02	8.949800e-02	0.000000e+00
10001	342.028156	60.000000	-7.087600e-02	9.188700e-02	0.000000e+00
10001	344.403352	60.000000	-7.398200e-02	9.382500e-02	0.000000e+00
10001	346.811767	60.000000	-7.791300e-02	9.555300e-02	0.000000e+00
10001	349.254103	60.000000	-8.220800e-02	9.639500e-02	0.000000e+00
10001	351.731083	60.000000	-8.718300e-02	9.685000e-02	0.000000e+00
10001	354.243447	60.000000	-9.296500e-02	9.640800e-02	0.000000e+00
10001	356.791961	60.000000	-9.896500e-02	9.495300e-02	0.000000e+00
10001	359.377410	60.000000	-1.052840e-01	9.228200e-02	0.000000e+00
10001	362.000603	60.000000	-1.118900e-01	8.824400e-02	0.000000e+00
10001	364.662372	60.000000	-1.180120e-01	8.261300e-02	0.000000e+00
10001	367.363575	60.000000	-1.236750e-01	7.533000e-02	0.000000e+00
10001	370.105094	60.000000	-1.277800e-01	6.629400e-02	0.000000e+00
10001	372.887839	60.000000	-1.306420e-01	5.532000e-02	0.000000e+00
10001	375.712747	60.000000	-1.310820e-01	4.377000e-02	0.000000e+00
10001	378.580784	60.000000	-1.296760e-01	3.249800e-02	0.000000e+00
10001	381.492943	60.000000	-1.254780e-01	2.074100e-02	0.000000e+00
10001	384.450253	60.000000	-1.196270e-01	1.006700e-02	0.000000e+00
10001	387.453771	60.000000	-1.118710e-01	5.600000e-04	0.000000e+00
10001	390.504588	60.000000	-1.020760e-01	-8.216000e-03	0.000000e+00
10001	393.603830	60.000000	-8.954000e-02	-1.569300e-02	0.000000e+00
10001	396.752661	60.000000	-7.499200e-02	-2.095400e-02	0.000000e+00
10001	399.952279	60.000000	-5.918100e-02	-2.329800e-02	0.000000e+00
10001	403.203924	60.000000	-4.171000e-02	-2.262800e-02	0.000000e+00
10001	406.508874	60.000000	-2.441300e-02	-1.831700e-02	0.000000e+00
10001	409.868452	60.000000	-7.868000e-03	-9.882000e-03	0.000000e+00
10001	413.284022	60.000000	7.702000e-03	3.037000e-03	nan
10001	416.756997	60.000000	2.129300e-02	2.134000e-02	0.000000e+00
10001	420.288836	60.000000	3.016800e-02	4.271100e-02	0.000000e+00
10001	423.881048	60.000000	3.408400e-02	6.757500e-02	2.296907e+06
10001	427.535195	60.000000	3.130900e-02	9.130200e-02	0.000000e+00
10001	431.252893	60.000000	2.276000e-02	1.147840e-01	0.000000e+00
10001	435.035813	60.000000	8.017000e-03	1.367210e-01	0.000000e+00
10001	438.885687	60.000000	-1.209300e-02	1.551610e-01	0.000000e+00
10001	442.804309	60.000000	-3.471700e-02	1.681570e-01	0.000000e+00
10001	446.793537	60.000000	-5.999300e-02	1.761300e-01	0.000000e+00
10001	450.855297	60.000000	-8.409200e-02	1.788400e-01	0.000000e+00
10001	454.991584	60.000000	-1.109310e-01	1.767780e-01	0.000000e+00
10001	459.204469	60.000000	-1.387610e-01	1.694440e-01	2.081729e+06
10001	463.496099	60.000000	-1.626370e-01	1.583860e-01	0.000000e+00
10001	467.868704	60.000000	-1.841940e-01	1.439220e-01	0.000000e+00
10001	472.324597	60.000000	-2.038400e-01	1.255570e-01	0.000000e+00
10001	476.866179	60.000000	-2.210650e-01	1.030460e-01	0.000000e+00
10001	481.495948	60.000000	-2.354040e-01	7.768300e-02	0.000000e+00
10001	486.216496	60.000000	-2.461510e-01	5.086400e-02	0.000000e+00
10001	491.030521	60.000000	-2.526950e-01	2.124300e-02	0.000000e+00
10001	495.940826	60.000000	-2.546760e-01	-1.039700e-02	0.000000e+00
10001	500.950330	60.000000	-2.521860e-01	-4.466700e-02	0.000000e+00
10001	506.062068	60.000000	-2.454060e-01	-7.789100e-02	0.000000e+00
10001	511.279202	60.000000	-2.321340e-01	-1.117930e-01	0.000000e+00
10001	516.605028	60.000000	-2.128260e-01	-1.472430e-01	0.000000e+00
10001	522.042975	60.000000	-1.869480e-01	-1.820530e-01	0.000000e+00
10001	527.596624	60.000000	-1.551720e-01	-2.144110e-01	0.000000e+00
10001	533.269706	60.000000	-1.140040e-01	-2.455270e-01	0.000000e+00
10001	539.066116	60.000000	-5.968100e-02	-2.746680e-01	0.000000e+00
10001	544.989919	60.000000	6.385000e-03	-2.961450e-01	0.000000e+00
10001	551.045363	60.000000	8.665900e-02	-3.041920e-01	0.000000e+00
10001	557.236884	60.000000	1.832900e-01	-2.907710e-01	0.000000e+00
10001	563.569121	60.000000	2.924880e-01	-2.378090e-01	0.000000e+00
10001	570.046927	60.000000	3.872260e-01	-1.335610e-01	0.000000e+00
10001	576.675380	60.000000	4.339690e-01	1.904000e-02	nan
10001	583.459796	60.000000	4.057130e-01	1.760160e-01	1.952484e+06
10001	590.405746	60.000000	3.231870e-01	2.930860e-01	0.000000e+00
10001	597.519068	60.000000	2.164200e-01	3.614490e-01	0.000000e+00
10001	604.805886	60.000000	1.175980e-01	3.900260e-01	0.000000e+00
10001	612.272625	60.000000	3.364900e-02	3.931980e-01	0.000000e+00
10001	619.926033	60.000000	-3.913100e-02	3.833010e-01	0.000000e+00
10001	627.773198	60.000000	-1.009670e-01	3.654590e-01	0.000000e+00
10001	635.821572	60.000000	-1.551430e-01	3.424270e-01	0.000000e+00
10001	644.078995	60.000000	-2.027230e-01	3.154490e-01	0.000000e+00
10001	652.553719	60.000000	-2.435850e-01	2.847900e-01	0.000000e+00
10001	661.254435	60.000000	-2.814220e-01	2.487990e-01	0.000000e+00
10001	670.190306	60.000000	-3.123480e-01	2.107390e-01	0.000000e+00
10001	679.370995	60.000000	-3.391220e-01	1.684080e-01	0.000000e+00
10001	688.806703	60.000000	-3.598010e-01	1.240030e-01	0.000000e+00
10001	698.508206	60.000000	-3.743670e-01	7.553400e-02	0.000000e+00
10001	708.486895	60.000000	-3.829180e-01	2.732600e-02	0.000000e+00
10001	718.754821	60.000000	-3.848560e-01	-2.229000e-02	0.000000e+00
10001	729.324745	60.000000	-3.809770e-01	-7.240500e-02	0.000000e+00
10001	740.210189	60.000000	-3.704390e-01	-1.225140e-01	0.000000e+00
10001	751.425495	60.000000	-3.539590e-01	-1.707250e-01	0.000000e+00
10001	762.985887	60.000000	-3.301880e-01	-2.205810e-01	0.000000e+00
10001	774.907541	60.000000	-3.035700e-01	-2.645890e-01	0.000000e+00
10001	787.207661	60.000000	-2.694760e-01	-3.109770e-01	1.243654e+06
10001	799.904559	60.000000	-2.288490e-01	-3.565850e-01	0.000000e+00
10001	813.017748	60.000000	-1.831290e-01	-3.992480e-01	1.250419e+06
10001	826.568044	60.000000	-1.265520e-01	-4.516190e-01	1.518536e+06
10001	840.577672	60.000000	-6.548800e-02	-4.831420e-01	5.815892e+04
10001	855.070390	60.000000	4.614900e-02	-5.663580e-01	8.653653e+04
10001	870.071625	60.000000	1.938160e-01	-6.225440e-01	9.419673e+04
10001	885.608619	60.000000	3.844420e-01	-6.485560e-01	0.000000e+00
10001	901.710593	60.000000	7.241530e-01	-5.448480e-01	3.950825e+05
10001	918.408938	60.000000	9.722040e-01	-2.378010e-01	4.174135e+05
10001	935.737408	60.000000	9.313660e-01	2.739340e-01	8.533437e+04
10001	953.732358	60.000000	6.709160e-01	5.300920e-01	0.000000e+00
10001	972.432993	60.000000	3.980420e-01	6.024740e-01	9.905384e+05
10001	991.881653	60.000000	2.125520e-01	5.840870e-01	7.715859e+05
10001	1012.124136	60.000000	6.725900e-02	5.346780e-01	7.111111e+04
10001	1033.210055	60.000000	-6.126800e-02	4.703030e-01	1.586015e+04
10001	1055.193248	60.000000	-1.741220e-01	4.046490e-01	9.625739e+03
10001	1078.132231	60.000000	-2.435440e-01	3.617390e-01	1.015511e+04
10001	1102.090725	60.000000	-2.844290e-01	3.316050e-01	1.313780e+04
10001	1127.138242	60.000000	-3.168440e-01	3.039780e-01	1.368286e+04
10001	1153.350759	60.000000	-3.431770e-01	2.749420e-01	1.791884e+04
10001	1180.811491	60.000000	-3.657640e-01	2.453890e-01	1.760984e+04
10001	1209.611772	60.000000	-3.878360e-01	2.117210e-01	2.165036e+04
10001	1239.852066	60.000000	-4.054490e-01	1.749960e-01	2.638483e+04
10001	1271.643145	60.000000	-4.220190e-01	1.367490e-01	2.269414e+04
10001	1305.107438	60.000000	-4.336050e-01	9.433300e-02	2.283633e+04
10001	1340.380612	60.000000	-4.394060e-01	5.132800e-02	2.569688e+04
10001	1377.613407	60.000000	-4.414980e-01	8.107000e-03	2.605423e+04
10001	1416.973790	60.000000	-4.369980e-01	-3.491400e-02	2.678448e+04
10001	1458.649489	60.000000	-4.345940e-01	-7.768400e-02	2.471797e+04
10001	1502.850989	60.000000	-4.260850e-01	-1.184530e-01	2.300226e+04
10001	1549.815082	60.000000	-4.105940e-01	-1.570470e-01	2.210561e+04
10001	1599.809117	60.000000	-3.918010e-01	-1.916850e-01	1.807778e+04
10001	1653.136088	60.000000	-3.736510e-01	-2.222730e-01	2.230422e+04
10001	1710.140781	60.000000	-3.529950e-01	-2.490540e-01	2.029415e+04
10001	1771.217237	60.000000	-3.330470e-01	-2.688940e-01	1.283900e+04
10001	1836.817876	60.000000	-3.140400e-01	-2.886400e-01	1.270421e+04
10001	1907.464717	60.000000	-2.968440e-01	-2.943590e-01	5.962535e+03
10001	1983.763306	60.000000	-2.813710e-01	-2.875050e-01	4.068753e+03
10001	2066.420110	60.000000	-2.749700e-01	-2.803490e-01	2.754856e+03
10001	190.746472	65.000000	7.950000e-02	1.366140e-01	7.856642e+04
10001	191.482945	65.000000	7.484000e-02	1.367950e-01	8.933417e+04
10001	192.225127	65.000000	7.579900e-02	1.371300e-01	1.171497e+05
10001	192.973084	65.000000	7.702200e-02	1.361200e-01	1.441151e+05
10001	193.726885	65.000000	7.405300e-02	1.362690e-01	1.298419e+05
10001	194.486599	65.000000	7.552100e-02	1.348750e-01	2.136892e+05
10001	195.252294	65.000000	7.306500e-02	1.341760e-01	1.735358e+05
10001	196.024042	65.000000	7.822400e-02	1.354480e-01	1.775366e+05
10001	196.801915	65.000000	7.565300e-02	1.349050e-01	1.738554e+05
10001	197.585987	65.000000	7.652000e-02	1.352320e-01	1.623887e+05
10001	198.376331	65.000000	7.445200e-02	1.348370e-01	1.729244e+05
10001	199.173023	65.000000	7.643200e-02	1.329650e-01	2.225694e+05
10001	199.976140	65.000000	7.495800e-02	1.336160e-01	2.539881e+05
10001	200.785760	65.000000	7.342500e-02	1.331260e-01	2.323785e+05
10001	201.601962	65.000000	7.309200e-02	1.331800e-01	2.439962e+05
10001	202.424827	65.000000	7.422800e-02	1.327500e-01	2.475080e+05
10001	203.254437	65.000000	7.323100e-02	1.320570e-01	2.349522e+05
10001	204.090875	65.000000	7.348900e-02	1.320570e-01	2.252796e+05
10001	204.934226	65.000000	7.414600e-02	1.305080e-01	2.834707e+05
10001	205.784575	65.000000	7.340900e-02	1.305500e-01	3.742805e+05
10001	206.642011	65.000000	7.228500e-02	1.301620e-01	2.608812e+05
10001	207.506622	65.000000	7.236600e-02	1.298980e-01	3.123082e+05
10001	208.378498	65.000000	7.193000e-02	1.293040e-01	3.726357e+05
10001	209.257733	65.000000	7.121100e-02	1.292000e-01	3.411939e+05
10001	210.144418	65.000000	7.200700e-02	1.281100e-01	3.411939e+05
10001	211.038650	65.000000	7.077900e-02	1.281240e-01	3.369254e+05
10001	211.940524	65.000000	7.161100e-02	1.271730e-01	2.602938e+05
10001	212.850140	65.000000	7.248500e-02	1.269810e-01	2.647026e+05
10001	213.767598	65.000000	7.128100e-02	1.265930e-01	3.222376e+05
10001	214.692998	65.000000	7.008700e-02	1.254660e-01	3.677659e+05
10001	215.626446	65.000000	7.065300e-02	1.253150e-01	2.614091e+05
10001	216.568046	65.000000	7.003400e-02	1.247110e-01	2.956773e+05
10001	217.517906	65.000000	7.104900e-02	1.241600e-01	2.668371e+05
10001	218.476135	65.000000	7.103700e-02	1.237090e-01	2.926728e+05
10001	219.442844	65.000000	7.033200e-02	1.229510e-01	3.084896e+05
10001	220.418145	65.000000	7.046500e-02	1.222880e-01	2.608199e+05
10001	221.402155	65.000000	7.059800e-02	1.218920e-01	2.942622e+05
10001	222.394989	65.000000	7.012300e-02	1.214280e-01	2.356697e+05
10001	223.396769	65.000000	6.937100e-02	1.207980e-01	3.911199e+05
10001	224.407614	65.000000	7.041300e-02	1.203580e-01	3.497872e+05
10001	225.427648	65.000000	6.949700e-02	1.200860e-01	3.591580e+05
10001	226.456998	65.000000	6.914500e-02	1.193220e-01	3.689104e+05
10001	227.495792	65.000000	6.975500e-02	1.186290e-01	4.184015e+05
10001	228.544160	65.000000	6.914400e-02	1.181910e-01	3.918033e+05
10001	229.602234	65.000000	6.874600e-02	1.176450e-01	2.932999e+05
10001	230.670152	65.000000	6.868100e-02	1.174140e-01	3.800985e+05
10001	231.748050	65.000000	6.888000e-02	1.167610e-01	4.179617e+05
10001	232.836069	65.000000	6.809000e-02	1.161720e-01	3.239890e+05
10001	233.934352	65.000000	6.806000e-02	1.160280e-01	3.641130e+05
10001	235.043046	65.000000	6.870800e-02	1.153190e-01	4.564257e+05
10001	236.162298	65.000000	6.859100e-02	1.151350e-01	4.351207e+05
10001	237.292261	65.000000	6.801200e-02	1.139100e-01	5.050125e+05
10001	238.433090	65.000000	6.823900e-02	1.135120e-01	3.231759e+05
10001	239.584940	65.000000	6.834100e-02	1.129460e-01	4.564257e+05
10001	240.747974	65.000000	6.822300e-02	1.119570e-01	4.722390e+05
10001	241.922354	65.000000	6.768800e-02	1.116940e-01	4.797208e+05
10001	243.108248	65.000000	6.750700e-02	1.111430e-01	6.060481e+05
10001	244.305826	65.000000	6.891100e-02	1.109240e-01	4.506738e+05
10001	245.515261	65.000000	6.838200e-02	1.100730e-01	4.769518e+05
10001	246.736730	65.000000	6.800900e-02	1.097740e-01	4.879360e+05
10001	247.970413	65.000000	6.790400e-02	1.092280e-01	3.853836e+05
10001	249.216496	65.000000	6.757300e-02	1.083530e-01	3.671975e+05
10001	250.475165	65.000000	6.797800e-02	1.084490e-01	3.853836e+05
10001	251.746612	65.000000	6.699700e-02	1.074030e-01	4.466908e+05
10001	253.031034	65.000000	6.689200e-02	1.071110e-01	5.785042e+05
10001	254.328629	65.000000	6.701000e-02	1.068860e-01	5.186321e+05
10001	255.639601	65.000000	6.755500e-02	1.061870e-01	5.034309e+05
10001	256.964159	65.000000	6.763800e-02	1.058750e-01	3.684422e+05
10001	258.302514	65.000000	6.787900e-02	1.056540e-01	3.510896e+05
10001	259.654883	65.000000	6.746500e-02	1.054170e-01	4.801070e+05
10001	261.021488	65.000000	6.820600e-02	1.049340e-01	6.019013e+05
10001	262.402554	65.000000	6.657200e-02	1.046100e-01	4.445468e+05
10001	263.798312	65.000000	6.607900e-02	1.045820e-01	5.180247e+05
10001	265.208998	65.000000	6.642000e-02	1.047020e-01	2.453193e+05
10001	266.634853	65.000000	6.711400e-02	1.040960e-01	4.201059e+05
10001	268.076122	65.000000	6.583200e-02	1.037060e-01	6.555017e+05
10001	269.533058	65.000000	6.677200e-02	1.037360e-01	3.077737e+05
10001	271.005916	65.000000	6.488600e-02	1.034960e-01	5.841719e+05
10001	272.494960	65.000000	6.406700e-02	1.030490e-01	6.479181e+05
10001	274.000457	65.000000	6.435500e-02	1.027230e-01	3.969281e+05
10001	275.522681	65.000000	6.396500e-02	1.024990e-01	3.863307e+05
10001	277.061914	65.000000	6.308300e-02	1.019850e-01	3.748682e+05
10001	278.618442	65.000000	6.126100e-02	1.010180e-01	4.843891e+05
10001	280.192557	65.000000	6.121200e-02	1.008860e-01	2.927097e+05
10001	281.784560	65.000000	6.012000e-02	1.000660e-01	3.053271e+05
10001	283.394758	65.000000	5.964700e-02	9.951700e-02	3.907787e+05
10001	285.023463	65.000000	5.982100e-02	9.834800e-02	4.219472e+05
10001	286.670998	65.000000	5.871000e-02	9.736400e-02	3.515729e+05
10001	288.337690	65.000000	5.809600e-02	9.592200e-02	9.938254e+05
10001	290.023875	65.000000	5.744800e-02	9.442700e-02	1.896220e+06
10001	291.729898	65.000000	5.694000e-02	9.294500e-02	2.174197e+06
10001	293.456110	65.000000	5.672800e-02	9.151400e-02	2.518099e+06
10001	295.202873	65.000000	5.659900e-02	8.997500e-02	2.417181e+06
10001	296.970555	65.000000	5.659000e-02	8.858600e-02	2.021047e+06
10001	298.759534	65.000000	5.636000e-02	8.712500e-02	1.350618e+06
10001	300.570198	65.000000	5.669800e-02	8.565800e-02	1.566981e+06
10001	302.402943	65.000000	5.740200e-02	8.426800e-02	1.887743e+06
10001	304.258176	65.000000	5.808900e-02	8.299600e-02	1.695200e+06
10001	306.136313	65.000000	5.867000e-02	8.189600e-02	1.940689e+06
10001	308.037780	65.000000	5.966000e-02	8.094200e-02	2.163790e+06
10001	309.963016	65.000000	6.068900e-02	8.008500e-02	0.000000e+00
10001	311.912469	65.000000	6.162200e-02	7.928400e-02	2.029085e+06
10001	313.886599	65.000000	6.332700e-02	7.895300e-02	2.149793e+06
10001	315.885877	65.000000	6.415300e-02	7.881100e-02	0.000000e+00
10001	317.910786	65.000000	6.555600e-02	7.897300e-02	2.892497e+06
10001	319.961823	65.000000	6.660700e-02	7.960400e-02	0.000000e+00
10001	322.039498	65.000000	6.737400e-02	8.040200e-02	0.000000e+00
10001	324.144331	65.000000	6.845200e-02	8.134400e-02	0.000000e+00
10001	326.276859	65.000000	6.892100e-02	8.261400e-02	0.000000e+00
10001	328.437633	65.000000	6.885800e-02	8.432200e-02	0.000000e+00
10001	330.627218	65.000000	6.848100e-02	8.588500e-02	0.000000e+00
10001	332.846192	65.000000	6.777500e-02	8.798400e-02	0.000000e+00
10001	335.095153	65.000000	6.654500e-02	8.977300e-02	0.000000e+00
10001	337.374712	65.000000	6.462100e-02	9.163600e-02	0.000000e+00
10001	339.685498	65.000000	6.180000e-02	9.346100e-02	0.000000e+00
10001	342.028156	65.000000	5.874700e-02	9.490900e-02	0.000000e+00
10001	344.403352	65.000000	5.488300e-02	9.604000e-02	0.000000e+00
10001	346.811767	65.000000	5.117400e-02	9.646300e-02	0.000000e+00
10001	349.254103	65.000000	4.652500e-02	9.616400e-02	0.000000e+00
10001	351.731083	65.000000	4.136800e-02	9.513600e-02	0.000000e+00
10001	354.243447	65.000000	3.586500e-02	9.332800e-02	0.000000e+00
10001	356.791961	65.000000	3.032500e-02	9.052900e-02	0.000000e+00
10001	359.377410	65.000000	2.496400e-02	8.635500e-02	0.000000e+00
10001	362.000603	65.000000	1.930100e-02	8.092800e-02	0.000000e+00
10001	364.662372	65.000000	1.467600e-02	7.417200e-02	0.000000e+00
10001	367.363575	65.000000	1.112500e-02	6.591300e-02	0.000000e+00
10001	370.105094	65.000000	8.832000e-03	5.622900e-02	0.000000e+00
10001	372.887839	65.000000	8.520000e-03	4.491800e-02	0.000000e+00
10001	375.712747	65.000000	1.045100e-02	3.383900e-02	0.000000e+00
10001	378.580784	65.000000	1.482800e-02	2.318600e-02	0.000000e+00
10001	381.492943	65.000000	2.136500e-02	1.279300e-02	nan
10001	384.450253	65.000000	3.005300e-02	3.942000e-03	nan
10001	387.453771	65.000000	3.960700e-02	-3.365000e-03	0.000000e+00
10001	390.504588	65.000000	5.139600e-02	-9.391000e-03	0.000000e+00
10001	393.603830	65.000000	6.523300e-02	-1.316700e-02	0.000000e+00
10001	396.752661	65.000000	8.020100e-02	-1.444000e-02	0.000000e+00
10001	399.952279	65.000000	9.557800e-02	-1.257800e-02	0.000000e+00
10001	403.203924	65.000000	1.116520e-01	-6.988000e-03	0.000000e+00
10001	406.508874	65.000000	1.261830e-01	1.890000e-03	nan
10001	409.868452	65.000000	1.394240e-01	1.428500e-02	nan
10001	413.284022	65.000000	1.501800e-01	3.046400e-02	nan
10001	416.756997	65.000000	1.573180e-01	5.063700e-02	nan
10001	420.288836	65.000000	1.591110e-01	7.205200e-02	nan
10001	423.881048	65.000000	1.555120e-01	9.472600e-02	nan
10001	427.535195	65.000000	1.474220e-01	1.152870e-01	nan
10001	431.252893	65.000000	1.348570e-01	1.339640e-01	nan
10001	435.035813	65.000000	1.174130e-01	1.506100e-01	0.000000e+00
10001	438.885687	65.000000	9.573200e-02	1.631380e-01	0.000000e+00
10001	442.804309	65.000000	7.234400e-02	1.710880e-01	0.000000e+00
10001	446.793537	65.000000	4.801500e-02	1.742560e-01	0.000000e+00
10001	450.855297	65.000000	2.485900e-02	1.730830e-01	0.000000e+00
10001	454.991584	65.000000	-6.550000e-04	1.672050e-01	0.000000e+00
10001	459.204469	65.000000	-2.653300e-02	1.562660e-01	0.000000e+00
10001	463.496099	65.000000	-4.868000e-02	1.416790e-01	0.000000e+00
10001	467.868704	65.000000	-6.787600e-02	1.243180e-01	0.000000e+00
10001	472.324597	65.000000	-8.476300e-02	1.027940e-01	0.000000e+00
10001	476.866179	65.000000	-9.920100e-02	7.762100e-02	0.000000e+00
10001	481.495948	65.000000	-1.079300e-01	4.899600e-02	1.035381e+06
10001	486.216496	65.000000	-1.162660e-01	1.998200e-02	0.000000e+00
10001	491.030521	65.000000	-1.183420e-01	-1.215700e-02	0.000000e+00
10001	495.940826	65.000000	-1.149000e-01	-4.567000e-02	0.000000e+00
10001	500.950330	65.000000	-1.060400e-01	-8.135900e-02	0.000000e+00
10001	506.062068	65.000000	-9.182600e-02	-1.150430e-01	0.000000e+00
10001	511.279202	65.000000	-7.128100e-02	-1.484060e-01	0.000000e+00
10001	516.605028	65.000000	-4.341100e-02	-1.816840e-01	0.000000e+00
10001	522.042975	65.000000	-8.019000e-03	-2.129650e-01	0.000000e+00
10001	527.596624	65.000000	3.401400e-02	-2.395130e-01	0.000000e+00
10001	533.269706	65.000000	8.602700e-02	-2.617230e-01	0.000000e+00
10001	539.066116	65.000000	1.518390e-01	-2.766200e-01	0.000000e+00
10001	544.989919	65.000000	2.284450e-01	-2.774300e-01	0.000000e+00
10001	551.045363	65.000000	3.123250e-01	-2.570890e-01	0.000000e+00
10001	557.236884	65.000000	4.019230e-01	-2.055560e-01	0.000000e+00
10001	563.569121	65.000000	4.790170e-01	-1.141900e-01	0.000000e+00
10001	570.046927	65.000000	5.183130e-01	7.339000e-03	nan
10001	576.675380	65.000000	5.056650e-01	1.399540e-01	nan
10001	583.459796	65.000000	4.460530e-01	2.496920e-01	nan
10001	590.405746	65.000000	3.649170e-01	3.210460e-01	nan
10001	597.519068	65.000000	2.771020e-01	3.616660e-01	0.000000e+00
10001	604.805886	65.000000	1.956440e-01	3.783040e-01	0.000000e+00
10001	612.272625	65.000000	1.246810e-01	3.787890e-01	0.000000e+00
10001	619.926033	65.000000	6.015600e-02	3.690840e-01	0.000000e+00
10001	627.773198	65.000000	3.381000e-03	3.528340e-01	0.000000e+00
10001	635.821572	65.000000	-4.853300e-02	3.302210e-01	0.000000e+00
10001	644.078995	65.000000	-9.572600e-02	3.029440e-01	0.000000e+00
10001	652.553719	65.000000	-1.372640e-01	2.705990e-01	0.000000e+00
10001	661.254435	65.000000	-1.747870e-01	2.320100e-01	0.000000e+00
10001	670.190306	65.000000	-2.060500e-01	1.903410e-01	0.000000e+00
10001	679.370995	65.000000	-2.312010e-01	1.433680e-01	0.000000e+00
10001	688.806703	65.000000	-2.503440e-01	9.373600e-02	0.000000e+00
10001	698.508206	65.000000	-2.616680e-01	4.020500e-02	0.000000e+00
10001	708.486895	65.000000	-2.660680e-01	-1.326600e-02	0.000000e+00
10001	718.754821	65.000000	-2.624610e-01	-6.809100e-02	0.000000e+00
10001	729.324745	65.000000	-2.508770e-01	-1.218290e-01	0.000000e+00
10001	740.210189	65.000000	-2.319470e-01	-1.754850e-01	0.000000e+00
10001	751.425495	65.000000	-2.072460e-01	-2.251230e-01	0.000000e+00
10001	762.985887	65.000000	-1.742000e-01	-2.757520e-01	0.000000e+00
10001	774.907541	65.000000	-1.368280e-01	-3.191100e-01	0.000000e+00
10001	787.207661	65.000000	-9.256100e-02	-3.630850e-01	1.622405e+06
10001	799.904559	65.000000	-4.002600e-02	-4.078880e-01	0.000000e+00
10001	813.017748	65.000000	1.952700e-02	-4.459650e-01	4.802650e+05
10001	826.568044	65.000000	9.297700e-02	-4.911410e-01	1.236228e+06
10001	840.577672	65.000000	1.760780e-01	-5.109210e-01	4.092584e+04
10001	855.070390	65.000000	3.203320e-01	-5.676780e-01	1.681886e+05
10001	870.071625	65.000000	5.029780e-01	-5.743650e-01	6.453177e+04
10001	885.608619	65.000000	7.072030e-01	-5.116340e-01	0.000000e+00
10001	901.710593	65.000000	9.447990e-01	-2.655110e-01	3.205636e+05
10001	918.408938	65.000000	1.001782e+00	5.331600e-02	0.000000e+00
10001	935.737408	65.000000	8.456280e-01	3.739130e-01	6.101959e+05
10001	953.732358	65.000000	6.369750e-01	5.088630e-01	0.000000e+00
10001	972.432993	65.000000	4.441310e-01	5.462500e-01	1.176590e+06
10001	991.881653	65.000000	3.064820e-01	5.369550e-01	7.688416e+05
10001	1012.124136	65.000000	1.909420e-01	5.058900e-01	1.942737e+05
10001	1033.210055	65.000000	8.387300e-02	4.602620e-01	3.226493e+04
10001	1055.193248	65.000000	-1.694800e-02	4.082270e-01	1.305897e+04
10001	1078.132231	65.000000	-8.746500e-02	3.663680e-01	1.268977e+04
10001	1102.090725	65.000000	-1.343380e-01	3.345150e-01	1.634499e+04
10001	1127.138242	65.000000	-1.701750e-01	3.048890e-01	1.888195e+04
10001	1153.350759	65.000000	-2.019640e-01	2.745740e-01	2.175919e+04
10001	1180.811491	65.000000	-2.296940e-01	2.424730e-01	2.589998e+04
10001	1209.611772	65.000000	-2.536310e-01	2.063310e-01	3.267143e+04
10001	1239.852066	65.000000	-2.750750e-01	1.668230e-01	3.243167e+04
10001	1271.643145	65.000000	-2.927060e-01	1.246550e-01	2.906608e+04
10001	1305.107438	65.000000	-3.020960e-01	7.881300e-02	4.259513e+04
10001	1340.380612	65.000000	-3.075470e-01	3.189100e-02	3.725536e+04
10001	1377.613407	65.000000	-3.088650e-01	-1.501000e-02	3.724830e+04
10001	1416.973790	65.000000	-3.043610e-01	-6.204900e-02	5.681187e+04
10001	1458.649489	65.000000	-2.930720e-01	-1.068760e-01	4.125124e+04
10001	1502.850989	65.000000	-2.809240e-01	-1.490400e-01	5.560574e+04
10001	1549.815082	65.000000	-2.587860e-01	-1.878870e-01	2.471083e+04
10001	1599.809117	65.000000	-2.374840e-01	-2.222560e-01	2.091181e+04
10001	1653.136088	65.000000	-2.126240e-01	-2.510420e-01	2.202700e+04
10001	1710.140781	65.000000	-1.871310e-01	-2.752810e-01	1.685749e+04
10001	1771.217237	65.000000	-1.634710e-01	-2.928460e-01	1.135346e+04
10001	1836.817876	65.000000	-1.373250e-01	-2.930240e-01	6.836687e+03
10001	1907.464717	65.000000	-1.177600e-01	-3.012250e-01	5.133379e+03
10001	1983.763306	65.000000	-1.002620e-01	-2.993570e-01	2.334631e+03
10001	2066.420110	65.000000	-9.134700e-02	-2.840140e-01	1.969091e+03
10001	190.746472	70.000000	2.259190e-01	1.325860e-01	8.981434e+04
10001	191.482945	70.000000	2.217130e-01	1.324060e-01	7.388665e+04
10001	192.225127	70.000000	2.230880e-01	1.326110e-01	1.547856e+05
10001	192.973084	70.000000	2.224850e-01	1.332120e-01	1.209794e+05
10001	193.726885	70.000000	2.217320e-01	1.319140e-01	1.302893e+05
10001	194.486599	70.000000	2.225560e-01	1.328930e-01	2.788258e+05
10001	195.252294	70.000000	2.223390e-01	1.318230e-01	1.541786e+05
10001	196.024042	70.000000	2.216900e-01	1.321530e-01	1.518547e+05
10001	196.801915	70.000000	2.215390e-01	1.313610e-01	1.583283e+05
10001	197.585987	70.000000	2.209280e-01	1.313480e-01	1.456798e+05
10001	198.376331	70.000000	2.224700e-01	1.311560e-01	2.159580e+05
10001	199.173023	70.000000	2.194690e-01	1.305930e-01	1.833273e+05
10001	199.976140	70.000000	2.225150e-01	1.306280e-01	2.571419e+05
10001	200.785760	70.000000	2.195870e-01	1.301020e-01	3.019025e+05
10001	201.601962	70.000000	2.179580e-01	1.304040e-01	2.090583e+05
10001	202.424827	70.000000	2.192640e-01	1.288190e-01	2.416040e+05
10001	203.254437	70.000000	2.202590e-01	1.288870e-01	3.223217e+05
10001	204.090875	70.000000	2.199560e-01	1.287590e-01	2.320148e+05
10001	204.934226	70.000000	2.196990e-01	1.279350e-01	3.254933e+05
10001	205.784575	70.000000	2.191950e-01	1.277540e-01	3.799334e+05
10001	206.642011	70.000000	2.190840e-01	1.266480e-01	3.720017e+05
10001	207.506622	70.000000	2.178550e-01	1.266900e-01	3.463490e+05
10001	208.378498	70.000000	2.178440e-01	1.268420e-01	2.916076e+05
10001	209.257733	70.000000	2.180400e-01	1.261180e-01	3.394404e+05
10001	210.144418	70.000000	2.171630e-01	1.254690e-01	2.866917e+05
10001	211.038650	70.000000	2.173820e-01	1.249500e-01	3.993802e+05
10001	211.940524	70.000000	2.171200e-01	1.241060e-01	5.126047e+05
10001	212.850140	70.000000	2.168800e-01	1.240680e-01	4.252149e+05
10001	213.767598	70.000000	2.163100e-01	1.233410e-01	3.785226e+05
10001	214.692998	70.000000	2.179240e-01	1.229460e-01	4.037582e+05
10001	215.626446	70.000000	2.170490e-01	1.222260e-01	3.486355e+05
10001	216.568046	70.000000	2.168450e-01	1.217980e-01	2.712493e+05
10001	217.517906	70.000000	2.171550e-01	1.216900e-01	3.067838e+05
10001	218.476135	70.000000	2.166740e-01	1.208710e-01	3.139794e+05
10001	219.442844	70.000000	2.155950e-01	1.203800e-01	3.949584e+05
10001	220.418145	70.000000	2.158490e-01	1.195450e-01	2.857664e+05
10001	221.402155	70.000000	2.166580e-01	1.187020e-01	3.758302e+05
10001	222.394989	70.000000	2.153560e-01	1.187070e-01	3.471566e+05
10001	223.396769	70.000000	2.163650e-01	1.181220e-01	4.137838e+05
10001	224.407614	70.000000	2.147750e-01	1.178370e-01	3.451207e+05
10001	225.427648	70.000000	2.153820e-01	1.173240e-01	2.839989e+05
10001	226.456998	70.000000	2.151880e-01	1.166930e-01	3.673008e+05
10001	227.495792	70.000000	2.150890e-01	1.163320e-01	4.314734e+05
10001	228.544160	70.000000	2.148640e-01	1.152970e-01	4.473160e+05
10001	229.602234	70.000000	2.141070e-01	1.149070e-01	4.017980e+05
10001	230.670152	70.000000	2.147100e-01	1.140540e-01	3.763672e+05
10001	231.748050	70.000000	2.144680e-01	1.139360e-01	4.751190e+05
10001	232.836069	70.000000	2.150050e-01	1.134970e-01	4.152733e+05
10001	233.934352	70.000000	2.142040e-01	1.130110e-01	3.780368e+05
10001	235.043046	70.000000	2.149490e-01	1.125310e-01	3.609665e+05
10001	236.162298	70.000000	2.144380e-01	1.120020e-01	3.054845e+05
10001	237.292261	70.000000	2.132390e-01	1.112760e-01	3.467295e+05
10001	238.433090	70.000000	2.139440e-01	1.109290e-01	3.633990e+05
10001	239.584940	70.000000	2.138640e-01	1.102290e-01	2.896415e+05
10001	240.747974	70.000000	2.138390e-01	1.098380e-01	3.803713e+05
10001	241.922354	70.000000	2.140280e-01	1.090220e-01	4.621427e+05
10001	243.108248	70.000000	2.132910e-01	1.085640e-01	5.268032e+05
10001	244.305826	70.000000	2.142240e-01	1.083890e-01	4.845464e+05
10001	245.515261	70.000000	2.136940e-01	1.076210e-01	4.086954e+05
10001	246.736730	70.000000	2.130000e-01	1.073810e-01	4.644153e+05
10001	247.970413	70.000000	2.130790e-01	1.066340e-01	6.275553e+05
10001	249.216496	70.000000	2.136490e-01	1.062120e-01	4.362575e+05
10001	250.475165	70.000000	2.132480e-01	1.057460e-01	5.667183e+05
10001	251.746612	70.000000	2.133100e-01	1.057230e-01	3.278388e+05
10001	253.031034	70.000000	2.134500e-01	1.053290e-01	3.254517e+05
10001	254.328629	70.000000	2.134010e-01	1.047960e-01	3.347095e+05
10001	255.639601	70.000000	2.135630e-01	1.041770e-01	4.268329e+05
10001	256.964159	70.000000	2.132820e-01	1.040360e-01	3.262734e+05
10001	258.302514	70.000000	2.137910e-01	1.037880e-01	2.985013e+05
10001	259.654883	70.000000	2.127830e-01	1.035090e-01	2.270557e+05
10001	261.021488	70.000000	2.126810e-01	1.029610e-01	4.483611e+05
10001	262.402554	70.000000	2.119390e-01	1.027630e-01	7.515288e+05
10001	263.798312	70.000000	2.116150e-01	1.026950e-01	4.045358e+05
10001	265.208998	70.000000	2.118460e-01	1.024900e-01	4.108909e+05
10001	266.634853	70.000000	2.119810e-01	1.018780e-01	6.653590e+05
10001	268.076122	70.000000	2.106100e-01	1.018030e-01	5.038461e+05
10001	269.533058	70.000000	2.104680e-01	1.014390e-01	4.304211e+05
10001	271.005916	70.000000	2.109560e-01	1.012710e-01	3.024450e+05
10001	272.494960	70.000000	2.100370e-01	1.008460e-01	3.233039e+05
10001	274.000457	70.000000	2.099780e-01	1.004590e-01	4.015611e+05
10001	275.522681	70.000000	2.083850e-01	9.979600e-02	3.601607e+05
10001	277.061914	70.000000	2.069720e-01	9.922000e-02	3.954204e+05
10001	278.618442	70.000000	2.065160e-01	9.868300e-02	2.875145e+05
10001	280.192557	70.000000	2.070510e-01	9.804800e-02	2.678009e+05
10001	281.784560	70.000000	2.061500e-01	9.720000e-02	2.780075e+05
10001	283.394758	70.000000	2.061200e-01	9.658900e-02	2.443893e+05
10001	285.023463	70.000000	2.043320e-01	9.542500e-02	4.259261e+05
10001	286.670998	70.000000	2.048640e-01	9.457200e-02	3.573127e+05
10001	288.337690	70.000000	2.036180e-01	9.314200e-02	8.965643e+05
10001	290.023875	70.000000	2.035010e-01	9.148300e-02	1.550695e+06
10001	291.729898	70.000000	2.032380e-01	9.028800e-02	2.239742e+06
10001	293.456110	70.000000	2.030150e-01	8.904100e-02	1.957142e+06
10001	295.202873	70.000000	2.030520e-01	8.755400e-02	2.423314e+06
10001	296.970555	70.000000	2.034130e-01	8.631000e-02	1.930055e+06
10001	298.759534	70.000000	2.036540e-01	8.510600e-02	1.523229e+06
10001	300.570198	70.000000	2.040930e-01	8.393900e-02	1.586775e+06
10001	302.402943	70.000000	2.044450e-01	8.284100e-02	1.447905e+06
10001	304.258176	70.000000	2.054760e-01	8.183800e-02	1.610272e+06
10001	306.136313	70.000000	2.061000e-01	8.100500e-02	2.154940e+06
10001	308.037780	70.000000	2.066060e-01	8.011000e-02	1.566981e+06
10001	309.963016	70.000000	2.075840e-01	7.974300e-02	2.195963e+06
10001	311.912469	70.000000	2.084030e-01	7.935000e-02	1.980257e+06
10001	313.886599	70.000000	2.094110e-01	7.937900e-02	2.146144e+06
10001	315.885877	70.000000	2.103520e-01	7.960200e-02	2.581511e+06
10001	317.910786	70.000000	2.112560e-01	7.994200e-02	2.593119e+06
10001	319.961823	70.000000	2.117860e-01	8.057800e-02	0.000000e+00
10001	322.039498	70.000000	2.121150e-01	8.150800e-02	nan
10001	324.144331	70.000000	2.124770e-01	8.241700e-02	nan
10001	326.276859	70.000000	2.124860e-01	8.383100e-02	nan
10001	328.437633	70.000000	2.119010e-01	8.535800e-02	nan
10001	330.627218	70.000000	2.111150e-01	8.675400e-02	nan
10001	332.846192	70.000000	2.095780e-01	8.830400e-02	nan
10001	335.095153	70.000000	2.074920e-01	8.967700e-02	nan
10001	337.374712	70.000000	2.054390e-01	9.079500e-02	nan
10001	339.685498	70.000000	2.024220e-01	9.186200e-02	nan
10001	342.028156	70.000000	1.989090e-01	9.240700e-02	nan
10001	344.403352	70.000000	1.954310e-01	9.269000e-02	nan
10001	346.811767	70.000000	1.911340e-01	9.215500e-02	nan
10001	349.254103	70.000000	1.871270e-01	9.098300e-02	nan
10001	351.731083	70.000000	1.825110e-01	8.907500e-02	nan
10001	354.243447	70.000000	1.775860e-01	8.621800e-02	nan
10001	356.791961	70.000000	1.732080e-01	8.254800e-02	nan
10001	359.377410	70.000000	1.686950e-01	7.756100e-02	nan
10001	362.000603	70.000000	1.644090e-01	7.148800e-02	nan
10001	364.662372	70.000000	1.611470e-01	6.412900e-02	nan
10001	367.363575	70.000000	1.592320e-01	5.582200e-02	nan
10001	370.105094	70.000000	1.594940e-01	4.634500e-02	nan
10001	372.887839	70.000000	1.608680e-01	3.582800e-02	nan
10001	375.712747	70.000000	1.650500e-01	2.558900e-02	nan
10001	378.580784	70.000000	1.711680e-01	1.654900e-02	nan
10001	381.492943	70.000000	1.794060e-01	8.301000e-03	nan
10001	384.450253	70.000000	1.886850e-01	1.808000e-03	nan
10001	387.453771	70.000000	1.993680e-01	-2.924000e-03	0.000000e+00
10001	390.504588	70.000000	2.111500e-01	-5.861000e-03	0.000000e+00
10001	393.603830	70.000000	2.248720e-01	-6.350000e-03	0.000000e+00
10001	396.752661	70.000000	2.386940e-01	-3.985000e-03	0.000000e+00
10001	399.952279	70.000000	2.516770e-01	1.133000e-03	nan
10001	403.203924	70.000000	2.648640e-01	9.623000e-03	nan
10001	406.508874	70.000000	2.757170e-01	2.073600e-02	nan
10001	409.868452	70.000000	2.842360e-01	3.476200e-02	nan
10001	413.284022	70.000000	2.901220e-01	5.123200e-02	nan
10001	416.756997	70.000000	2.919630e-01	7.022500e-02	nan
10001	420.288836	70.000000	2.896160e-01	8.949900e-02	nan
10001	423.881048	70.000000	2.822590e-01	1.087240e-01	nan
10001	427.535195	70.000000	2.712050e-01	1.249710e-01	nan
10001	431.252893	70.000000	2.564550e-01	1.391630e-01	nan
10001	435.035813	70.000000	2.387080e-01	1.511200e-01	nan
10001	438.885687	70.000000	2.171580e-01	1.595550e-01	nan
10001	442.804309	70.000000	1.950340e-01	1.633920e-01	nan
10001	446.793537	70.000000	1.727600e-01	1.633540e-01	nan
10001	450.855297	70.000000	1.505350e-01	1.591710e-01	0.000000e+00
10001	454.991584	70.000000	1.277930e-01	1.508350e-01	0.000000e+00
10001	459.204469	70.000000	1.043900e-01	1.373130e-01	0.000000e+00
10001	463.496099	70.000000	8.440700e-02	1.205980e-01	0.000000e+00
10001	467.868704	70.000000	6.776800e-02	1.011940e-01	0.000000e+00
10001	472.324597	70.000000	5.367100e-02	7.790200e-02	0.000000e+00
10001	476.866179	70.000000	4.271900e-02	5.070300e-02	0.000000e+00
10001	481.495948	70.000000	3.619200e-02	2.087600e-02	nan
10001	486.216496	70.000000	3.449400e-02	-9.632000e-03	0.000000e+00
10001	491.030521	70.000000	3.751500e-02	-4.230200e-02	0.000000e+00
10001	495.940826	70.000000	4.663800e-02	-7.551700e-02	0.000000e+00
10001	500.950330	70.000000	6.152100e-02	-1.100160e-01	0.000000e+00
10001	506.062068	70.000000	8.200700e-02	-1.413950e-01	0.000000e+00
10001	511.279202	70.000000	1.090590e-01	-1.708480e-01	0.000000e+00
10001	516.605028	70.000000	1.440210e-01	-1.986250e-01	0.000000e+00
10001	522.042975	70.000000	1.862940e-01	-2.220810e-01	0.000000e+00
10001	527.596624	70.000000	2.346770e-01	-2.387320e-01	0.000000e+00
10001	533.269706	70.000000	2.919980e-01	-2.475590e-01	0.000000e+00
10001	539.066116	70.000000	3.602270e-01	-2.438950e-01	0.000000e+00
10001	544.989919	70.000000	4.331140e-01	-2.221450e-01	0.000000e+00
10001	551.045363	70.000000	5.030540e-01	-1.779100e-01	0.000000e+00
10001	557.236884	70.000000	5.652630e-01	-1.058190e-01	0.000000e+00
10001	563.569121	70.000000	6.023050e-01	-8.760000e-03	0.000000e+00
10001	570.046927	70.000000	6.026530e-01	9.595500e-02	nan
10001	576.675380	70.000000	5.669760e-01	1.931290e-01	nan
10001	583.459796	70.000000	5.067660e-01	2.668520e-01	nan
10001	590.405746	70.000000	4.379060e-01	3.145700e-01	nan
10001	597.519068	70.000000	3.667450e-01	3.408770e-01	1.108714e+06
10001	604.805886	70.000000	2.985210e-01	3.539840e-01	0.000000e+00
10001	612.272625	70.000000	2.385490e-01	3.543050e-01	0.000000e+00
10001	619.926033	70.000000	1.801990e-01	3.462050e-01	0.000000e+00
10001	627.773198	70.000000	1.269480e-01	3.315040e-01	0.000000e+00
10001	635.821572	70.000000	7.651400e-02	3.104000e-01	0.000000e+00
10001	644.078995	70.000000	2.991600e-02	2.827940e-01	0.000000e+00
10001	652.553719	70.000000	-1.072400e-02	2.496320e-01	0.000000e+00
10001	661.254435	70.000000	-4.829300e-02	2.089810e-01	0.000000e+00
10001	670.190306	70.000000	-7.803300e-02	1.645950e-01	0.000000e+00
10001	679.370995	70.000000	-1.024260e-01	1.137440e-01	0.000000e+00
10001	688.806703	70.000000	-1.182320e-01	6.004200e-02	0.000000e+00
10001	698.508206	70.000000	-1.257070e-01	2.083000e-03	0.000000e+00
10001	708.486895	70.000000	-1.238760e-01	-5.518500e-02	0.000000e+00
10001	718.754821	70.000000	-1.131500e-01	-1.123520e-01	0.000000e+00
10001	729.324745	70.000000	-9.344600e-02	-1.676900e-01	0.000000e+00
10001	740.210189	70.000000	-6.621000e-02	-2.209390e-01	0.000000e+00
10001	751.425495	70.000000	-3.164300e-02	-2.691540e-01	0.000000e+00
10001	762.985887	70.000000	1.071100e-02	-3.158330e-01	0.000000e+00
10001	774.907541	70.000000	5.702600e-02	-3.531390e-01	1.431311e+06
10001	787.207661	70.000000	1.103310e-01	-3.911520e-01	0.000000e+00
10001	799.904559	70.000000	1.725280e-01	-4.264500e-01	0.000000e+00
10001	813.017748	70.000000	2.428860e-01	-4.527940e-01	7.169404e+05
10001	826.568044	70.000000	3.289340e-01	-4.841550e-01	1.287251e+06
10001	840.577672	70.000000	4.216080e-01	-4.801560e-01	3.856739e+04
10001	855.070390	70.000000	5.780180e-01	-4.982360e-01	6.681712e+04
10001	870.071625	70.000000	7.503680e-01	-4.376340e-01	4.433209e+04
10001	885.608619	70.000000	9.009240e-01	-3.108090e-01	0.000000e+00
10001	901.710593	70.000000	1.000395e+00	-5.403200e-02	5.522153e+05
10001	918.408938	70.000000	9.630620e-01	1.801470e-01	0.000000e+00
10001	935.737408	70.000000	8.142200e-01	3.707060e-01	nan
10001	953.732358	70.000000	6.638080e-01	4.531360e-01	nan
10001	972.432993	70.000000	5.261350e-01	4.819210e-01	nan
10001	991.881653	70.000000	4.199350e-01	4.813750e-01	1.006421e+06
10001	1012.124136	70.000000	3.261500e-01	4.643990e-01	6.883805e+05
10001	1033.210055	70.000000	2.372670e-01	4.334310e-01	8.702035e+04
10001	1055.193248	70.000000	1.525910e-01	3.916690e-01	2.825337e+04
10001	1078.132231	70.000000	8.519700e-02	3.544390e-01	2.173361e+04
10001	1102.090725	70.000000	3.550600e-02	3.234690e-01	2.435268e+04
10001	1127.138242	70.000000	-5.564000e-03	2.936720e-01	3.184339e+04
10001	1153.350759	70.000000	-4.092100e-02	2.631080e-01	4.903768e+04
10001	1180.811491	70.000000	-7.006600e-02	2.303680e-01	6.332958e+04
10001	1209.611772	70.000000	-9.856300e-02	1.930550e-01	1.161294e+05
10001	1239.852066	70.000000	-1.199240e-01	1.519890e-01	1.124566e+05
10001	1271.643145	70.000000	-1.378200e-01	1.080340e-01	1.584018e+05
10001	1305.107438	70.000000	-1.466640e-01	5.963300e-02	3.098414e+05
10001	1340.380612	70.000000	-1.524570e-01	1.081600e-02	1.922266e+05
10001	1377.613407	70.000000	-1.487350e-01	-3.806400e-02	1.402946e+05
10001	1416.973790	70.000000	-1.410070e-01	-8.555800e-02	2.920457e+05
10001	1458.649489	70.000000	-1.278890e-01	-1.309530e-01	1.860214e+05
10001	1502.850989	70.000000	-1.056090e-01	-1.720010e-01	2.275225e+05
10001	1549.815082	70.000000	-8.073200e-02	-2.090740e-01	9.038613e+04
10001	1599.809117	70.000000	-5.504500e-02	-2.409770e-01	4.801004e+04
10001	1653.136088	70.000000	-2.556700e-02	-2.663450e-01	3.432655e+04
10001	1710.140781	70.000000	2.084000e-03	-2.857610e-01	2.178228e+04
10001	1771.217237	70.000000	3.480300e-02	-2.973000e-01	1.344427e+04
10001	1836.817876	70.000000	6.567500e-02	-2.973530e-01	5.276810e+03
10001	1907.464717	70.000000	8.778600e-02	-3.013120e-01	4.159961e+03
10001	1983.763306	70.000000	1.142900e-01	-2.895500e-01	2.235754e+03
10001	2066.420110	70.000000	1.329680e-01	-2.688700e-01	1.537598e+03
10001	190.746472	75.000000	3.810090e-01	1.221100e-01	8.343031e+04
10001	191.482945	75.000000	3.797970e-01	1.225770e-01	1.347415e+05
10001	192.225127	75.000000	3.811360e-01	1.202420e-01	1.894058e+05
10001	192.973084	75.000000	3.802510e-01	1.226620e-01	9.849465e+04
10001	193.726885	75.000000	3.820240e-01	1.210130e-01	1.100422e+05
10001	194.486599	75.000000	3.808640e-01	1.204600e-01	1.541508e+05
10001	195.252294	75.000000	3.770440e-01	1.206360e-01	1.849070e+05
10001	196.024042	75.000000	3.809670e-01	1.211110e-01	1.668139e+05
10001	196.801915	75.000000	3.796820e-01	1.206680e-01	2.823171e+05
10001	197.585987	75.000000	3.785750e-01	1.208150e-01	2.804086e+05
10001	198.376331	75.000000	3.795130e-01	1.194620e-01	2.324576e+05
10001	199.173023	75.000000	3.767380e-01	1.193350e-01	2.511851e+05
10001	199.976140	75.000000	3.764180e-01	1.196130e-01	3.129998e+05
10001	200.785760	75.000000	3.781450e-01	1.193970e-01	2.653051e+05
10001	201.601962	75.000000	3.771180e-01	1.184740e-01	4.548512e+05
10001	202.424827	75.000000	3.772290e-01	1.185240e-01	3.667830e+05
10001	203.254437	75.000000	3.755800e-01	1.181060e-01	2.871205e+05
10001	204.090875	75.000000	3.772690e-01	1.181390e-01	2.860149e+05
10001	204.934226	75.000000	3.770090e-01	1.170020e-01	3.256242e+05
10001	205.784575	75.000000	3.754940e-01	1.167380e-01	6.070344e+05
10001	206.642011	75.000000	3.761040e-01	1.160170e-01	3.636020e+05
10001	207.506622	75.000000	3.760420e-01	1.159510e-01	3.882921e+05
10001	208.378498	75.000000	3.754390e-01	1.160200e-01	4.431709e+05
10001	209.257733	75.000000	3.757260e-01	1.148690e-01	4.682645e+05
10001	210.144418	75.000000	3.753970e-01	1.153840e-01	3.638575e+05
10001	211.038650	75.000000	3.748420e-01	1.144330e-01	4.560671e+05
10001	211.940524	75.000000	3.753910e-01	1.140020e-01	3.418913e+05
10001	212.850140	75.000000	3.749890e-01	1.136910e-01	4.456511e+05
10001	213.767598	75.000000	3.744590e-01	1.132990e-01	2.917183e+05
10001	214.692998	75.000000	3.749300e-01	1.128400e-01	3.754559e+05
10001	215.626446	75.000000	3.736190e-01	1.122770e-01	4.591619e+05
10001	216.568046	75.000000	3.744740e-01	1.116220e-01	3.767430e+05
10001	217.517906	75.000000	3.734900e-01	1.114080e-01	3.185279e+05
10001	218.476135	75.000000	3.726400e-01	1.104590e-01	3.848278e+05
10001	219.442844	75.000000	3.736870e-01	1.103800e-01	4.464824e+05
10001	220.418145	75.000000	3.732500e-01	1.097710e-01	3.631445e+05
10001	221.402155	75.000000	3.731160e-01	1.093400e-01	3.387069e+05
10001	222.394989	75.000000	3.734990e-01	1.089140e-01	4.640475e+05
10001	223.396769	75.000000	3.734710e-01	1.083270e-01	5.144888e+05
10001	224.407614	75.000000	3.729220e-01	1.081400e-01	3.358832e+05
10001	225.427648	75.000000	3.726310e-01	1.074420e-01	5.081980e+05
10001	226.456998	75.000000	3.715630e-01	1.069450e-01	4.046556e+05
10001	227.495792	75.000000	3.731680e-01	1.063940e-01	5.165543e+05
10001	228.544160	75.000000	3.724250e-01	1.060150e-01	5.257380e+05
10001	229.602234	75.000000	3.719000e-01	1.053740e-01	5.081980e+05
10001	230.670152	75.000000	3.716840e-01	1.051400e-01	6.450177e+05
10001	231.748050	75.000000	3.713930e-01	1.048460e-01	6.710738e+05
10001	232.836069	75.000000	3.718170e-01	1.040100e-01	4.869865e+05
10001	233.934352	75.000000	3.714210e-01	1.039480e-01	5.571214e+05
10001	235.043046	75.000000	3.714940e-01	1.033580e-01	5.317268e+05
10001	236.162298	75.000000	3.716490e-01	1.030800e-01	4.661863e+05
10001	237.292261	75.000000	3.709420e-01	1.020330e-01	8.173614e+05
10001	238.433090	75.000000	3.707060e-01	1.016700e-01	6.555017e+05
10001	239.584940	75.000000	3.712070e-01	1.013070e-01	5.741303e+05
10001	240.747974	75.000000	3.708020e-01	1.007760e-01	4.378698e+05
10001	241.922354	75.000000	3.710530e-01	1.003590e-01	5.546161e+05
10001	243.108248	75.000000	3.713740e-01	9.989200e-02	4.162081e+05
10001	244.305826	75.000000	3.708910e-01	9.953300e-02	5.617911e+05
10001	245.515261	75.000000	3.713900e-01	9.877500e-02	5.137173e+05
10001	246.736730	75.000000	3.709890e-01	9.867000e-02	4.883323e+05
10001	247.970413	75.000000	3.715340e-01	9.834100e-02	3.363360e+05
10001	249.216496	75.000000	3.709000e-01	9.792000e-02	6.024441e+05
10001	250.475165	75.000000	3.708070e-01	9.740100e-02	6.011418e+05
10001	251.746612	75.000000	3.706810e-01	9.698300e-02	4.544246e+05
10001	253.031034	75.000000	3.708850e-01	9.675100e-02	4.977489e+05
10001	254.328629	75.000000	3.701770e-01	9.643700e-02	6.058286e+05
10001	255.639601	75.000000	3.704550e-01	9.582500e-02	6.958981e+05
10001	256.964159	75.000000	3.697110e-01	9.591700e-02	4.483611e+05
10001	258.302514	75.000000	3.707290e-01	9.569200e-02	5.238814e+05
10001	259.654883	75.000000	3.702320e-01	9.501700e-02	5.326286e+05
10001	261.021488	75.000000	3.686190e-01	9.462200e-02	5.727164e+05
10001	262.402554	75.000000	3.695240e-01	9.454900e-02	5.677106e+05
10001	263.798312	75.000000	3.689000e-01	9.462200e-02	5.440149e+05
10001	265.208998	75.000000	3.690850e-01	9.431600e-02	3.863307e+05
10001	266.634853	75.000000	3.686260e-01	9.390400e-02	5.834455e+05
10001	268.076122	75.000000	3.685300e-01	9.376200e-02	5.720110e+05
10001	269.533058	75.000000	3.675020e-01	9.330600e-02	9.127685e+05
10001	271.005916	75.000000	3.668480e-01	9.294900e-02	4.804934e+05
10001	272.494960	75.000000	3.667200e-01	9.266900e-02	4.279367e+05
10001	274.000457	75.000000	3.648520e-01	9.187500e-02	3.738562e+05
10001	275.522681	75.000000	3.660820e-01	9.169500e-02	4.931268e+05
10001	277.061914	75.000000	3.654010e-01	9.118200e-02	4.044154e+05
10001	278.618442	75.000000	3.647690e-01	9.034600e-02	3.669894e+05
10001	280.192557	75.000000	3.637090e-01	8.979300e-02	4.356545e+05
10001	281.784560	75.000000	3.631570e-01	8.872400e-02	5.260032e+05
10001	283.394758	75.000000	3.624440e-01	8.818500e-02	3.695879e+05
10001	285.023463	75.000000	3.623850e-01	8.727700e-02	3.996148e+05
10001	286.670998	75.000000	3.628260e-01	8.637700e-02	7.248425e+05
10001	288.337690	75.000000	3.620970e-01	8.491300e-02	1.149054e+06
10001	290.023875	75.000000	3.616230e-01	8.359400e-02	1.952690e+06
10001	291.729898	75.000000	3.611060e-01	8.263400e-02	0.000000e+00
10001	293.456110	75.000000	3.617260e-01	8.149300e-02	2.163790e+06
10001	295.202873	75.000000	3.616280e-01	8.033600e-02	2.228859e+06
10001	296.970555	75.000000	3.618790e-01	7.932200e-02	1.682955e+06
10001	298.759534	75.000000	3.622800e-01	7.829900e-02	1.862079e+06
10001	300.570198	75.000000	3.625110e-01	7.745200e-02	1.960323e+06
10001	302.402943	75.000000	3.628210e-01	7.660800e-02	1.566981e+06
10001	304.258176	75.000000	3.635580e-01	7.580200e-02	1.663824e+06
10001	306.136313	75.000000	3.645550e-01	7.526100e-02	1.902294e+06
10001	308.037780	75.000000	3.644030e-01	7.477900e-02	1.825984e+06
10001	309.963016	75.000000	3.654570e-01	7.439200e-02	1.894998e+06
10001	311.912469	75.000000	3.659560e-01	7.438600e-02	0.000000e+00
10001	313.886599	75.000000	3.668520e-01	7.452600e-02	1.780383e+06
10001	315.885877	75.000000	3.671940e-01	7.479400e-02	0.000000e+00
10001	317.910786	75.000000	3.675890e-01	7.530800e-02	nan
10001	319.961823	75.000000	3.679180e-01	7.577300e-02	nan
10001	322.039498	75.000000	3.681320e-01	7.676900e-02	nan
10001	324.144331	75.000000	3.679220e-01	7.772400e-02	nan
10001	326.276859	75.000000	3.673310e-01	7.872900e-02	nan
10001	328.437633	75.000000	3.665530e-01	7.987300e-02	nan
10001	330.627218	75.000000	3.655220e-01	8.089300e-02	nan
10001	332.846192	75.000000	3.636510e-01	8.208000e-02	nan
10001	335.095153	75.000000	3.620130e-01	8.281500e-02	nan
10001	337.374712	75.000000	3.594350e-01	8.351700e-02	nan
10001	339.685498	75.000000	3.569840e-01	8.393200e-02	nan
10001	342.028156	75.000000	3.536030e-01	8.391400e-02	nan
10001	344.403352	75.000000	3.502330e-01	8.336600e-02	nan
10001	346.811767	75.000000	3.467830e-01	8.244600e-02	nan
10001	349.254103	75.000000	3.430730e-01	8.078800e-02	nan
10001	351.731083	75.000000	3.391920e-01	7.842800e-02	nan
10001	354.243447	75.000000	3.350830e-01	7.519500e-02	nan
10001	356.791961	75.000000	3.316150e-01	7.124000e-02	nan
10001	359.377410	75.000000	3.282580e-01	6.634000e-02	nan
10001	362.000603	75.000000	3.251810e-01	6.027600e-02	nan
10001	364.662372	75.000000	3.235120e-01	5.329600e-02	nan
10001	367.363575	75.000000	3.228540e-01	4.564900e-02	nan
10001	370.105094	75.000000	3.236460e-01	3.714800e-02	nan
10001	372.887839	75.000000	3.270560e-01	2.803900e-02	nan
10001	375.712747	75.000000	3.318200e-01	1.967200e-02	nan
10001	378.580784	75.000000	3.386830e-01	1.261300e-02	nan
10001	381.492943	75.000000	3.472610e-01	6.660000e-03	nan
10001	384.450253	75.000000	3.565210e-01	2.470000e-03	nan
10001	387.453771	75.000000	3.659010e-01	-9.000000e-06	0.000000e+00
10001	390.504588	75.000000	3.772730e-01	-5.340000e-04	0.000000e+00
10001	393.603830	75.000000	3.890680e-01	1.346000e-03	nan
10001	396.752661	75.000000	4.004360e-01	5.536000e-03	nan
10001	399.952279	75.000000	4.106360e-01	1.225400e-02	nan
10001	403.203924	75.000000	4.208070e-01	2.164800e-02	nan
10001	406.508874	75.000000	4.279080e-01	3.290000e-02	nan
10001	409.868452	75.000000	4.332880e-01	4.598600e-02	nan
10001	413.284022	75.000000	4.351190e-01	6.057500e-02	nan
10001	416.756997	75.000000	4.338920e-01	7.689200e-02	nan
10001	420.288836	75.000000	4.290400e-01	9.259500e-02	nan
10001	423.881048	75.000000	4.202040e-01	1.077810e-01	nan
10001	427.535195	75.000000	4.094370e-01	1.204410e-01	nan
10001	431.252893	75.000000	3.958760e-01	1.309990e-01	nan
10001	435.035813	75.000000	3.786750e-01	1.392690e-01	nan
10001	438.885687	75.000000	3.593400e-01	1.446790e-01	nan
10001	442.804309	75.000000	3.396430e-01	1.462080e-01	nan
10001	446.793537	75.000000	3.192150e-01	1.441080e-01	nan
10001	450.855297	75.000000	2.995940e-01	1.388690e-01	nan
10001	454.991584	75.000000	2.790250e-01	1.289960e-01	nan
10001	459.204469	75.000000	2.584800e-01	1.145500e-01	nan
10001	463.496099	75.000000	2.417380e-01	9.717000e-02	nan
10001	467.868704	75.000000	2.279270e-01	7.731200e-02	nan
10001	472.324597	75.000000	2.169340e-01	5.376800e-02	nan
10001	476.866179	75.000000	2.104510e-01	2.695800e-02	nan
10001	481.495948	75.000000	2.065320e-01	-2.362000e-03	0.000000e+00
10001	486.216496	75.000000	2.090500e-01	-3.156700e-02	0.000000e+00
10001	491.030521	75.000000	2.165380e-01	-6.218100e-02	0.000000e+00
10001	495.940826	75.000000	2.296040e-01	-9.263000e-02	0.000000e+00
10001	500.950330	75.000000	2.493960e-01	-1.227990e-01	0.000000e+00
10001	506.062068	75.000000	2.741970e-01	-1.489560e-01	0.000000e+00
10001	511.279202	75.000000	3.045780e-01	-1.719580e-01	0.000000e+00
10001	516.605028	75.000000	3.424410e-01	-1.916890e-01	0.000000e+00
10001	522.042975	75.000000	3.861660e-01	-2.050160e-01	0.000000e+00
10001	527.596624	75.000000	4.336690e-01	-2.105160e-01	0.000000e+00
10001	533.269706	75.000000	4.862840e-01	-2.062670e-01	0.000000e+00
10001	539.066116	75.000000	5.455580e-01	-1.881330e-01	0.000000e+00
10001	544.989919	75.000000	6.028550e-01	-1.535100e-01	0.000000e+00
10001	551.045363	75.000000	6.511090e-01	-1.013940e-01	0.000000e+00
10001	557.236884	75.000000	6.847400e-01	-3.126200e-02	0.000000e+00
10001	563.569121	75.000000	6.955650e-01	4.980400e-02	nan
10001	570.046927	75.000000	6.811390e-01	1.275260e-01	nan
10001	576.675380	75.000000	6.445670e-01	1.960620e-01	nan
10001	583.459796	75.000000	5.944530e-01	2.474440e-01	nan
10001	590.405746	75.000000	5.408020e-01	2.818100e-01	nan
10001	597.519068	75.000000	4.839640e-01	3.035680e-01	nan
10001	604.805886	75.000000	4.278370e-01	3.147650e-01	nan
10001	612.272625	75.000000	3.759760e-01	3.163720e-01	nan
10001	619.926033	75.000000	3.244370e-01	3.113890e-01	nan
10001	627.773198	75.000000	2.757920e-01	2.995450e-01	0.000000e+00
10001	635.821572	75.000000	2.284790e-01	2.807320e-01	0.000000e+00
10001	644.078995	75.000000	1.842260e-01	2.546400e-01	0.000000e+00
10001	652.553719	75.000000	1.438280e-01	2.222030e-01	0.000000e+00
10001	661.254435	75.000000	1.081710e-01	1.813410e-01	0.000000e+00
10001	670.190306	75.000000	7.921900e-02	1.354650e-01	0.000000e+00
10001	679.370995	75.000000	5.773300e-02	8.266400e-02	0.000000e+00
10001	688.806703	75.000000	4.588300e-02	2.723000e-02	nan
10001	698.508206	75.000000	4.342600e-02	-3.188000e-02	0.000000e+00
10001	708.486895	75.000000	5.163700e-02	-8.966800e-02	0.000000e+00
10001	718.754821	75.000000	7.000100e-02	-1.459800e-01	0.000000e+00
10001	729.324745	75.000000	9.677400e-02	-1.981990e-01	0.000000e+00
10001	740.210189	75.000000	1.314210e-01	-2.462120e-01	0.000000e+00
10001	751.425495	75.000000	1.738770e-01	-2.877990e-01	0.000000e+00
10001	762.985887	75.000000	2.230460e-01	-3.262330e-01	0.000000e+00
10001	774.907541	75.000000	2.739390e-01	-3.543460e-01	0.000000e+00
10001	787.207661	75.000000	3.333750e-01	-3.806030e-01	1.698563e+06
10001	799.904559	75.000000	3.955000e-01	-4.009060e-01	0.000000e+00
10001	813.017748	75.000000	4.667030e-01	-4.128170e-01	6.900583e+05
10001	826.568044	75.000000	5.524700e-01	-4.223300e-01	0.000000e+00
10001	840.577672	75.000000	6.388750e-01	-3.985230e-01	2.598285e+04
10001	855.070390	75.000000	7.753730e-01	-3.720600e-01	4.273259e+04
10001	870.071625	75.000000	8.941630e-01	-2.803390e-01	1.303969e+05
10001	885.608619	75.000000	9.784260e-01	-1.473770e-01	0.000000e+00
10001	901.710593	75.000000	9.976300e-01	4.646400e-02	nan
10001	918.408938	75.000000	9.440640e-01	2.005970e-01	nan
10001	935.737408	75.000000	8.342540e-01	3.192100e-01	8.043519e+05
10001	953.732358	75.000000	7.288360e-01	3.758650e-01	0.000000e+00
10001	972.432993	75.000000	6.308170e-01	4.030030e-01	nan
10001	991.881653	75.000000	5.491110e-01	4.098290e-01	nan
10001	1012.124136	75.000000	4.743420e-01	4.042200e-01	1.549136e+06
10001	1033.210055	75.000000	4.034670e-01	3.866310e-01	1.926242e+05
10001	1055.193248	75.000000	3.376010e-01	3.547470e-01	5.058221e+04
10001	1078.132231	75.000000	2.776180e-01	3.229700e-01	3.227549e+04
10001	1102.090725	75.000000	2.292770e-01	2.956360e-01	3.413968e+04
10001	1127.138242	75.000000	1.844190e-01	2.681320e-01	4.734535e+04
10001	1153.350759	75.000000	1.469260e-01	2.387220e-01	8.434598e+04
10001	1180.811491	75.000000	1.141160e-01	2.075400e-01	1.373213e+05
10001	1209.611772	75.000000	8.487600e-02	1.724030e-01	3.116037e+05
10001	1239.852066	75.000000	6.325900e-02	1.321180e-01	4.882514e+05
10001	1271.643145	75.000000	4.678600e-02	8.850900e-02	3.875605e+05
10001	1305.107438	75.000000	3.689100e-02	4.084700e-02	7.822657e+05
10001	1340.380612	75.000000	3.236500e-02	-7.543000e-03	2.090187e+06
10001	1377.613407	75.000000	3.973400e-02	-5.522400e-02	1.963506e+06
10001	1416.973790	75.000000	5.017900e-02	-1.006560e-01	5.648384e+05
10001	1458.649489	75.000000	7.006100e-02	-1.432970e-01	5.810639e+05
10001	1502.850989	75.000000	9.633900e-02	-1.805890e-01	4.717475e+05
10001	1549.815082	75.000000	1.233600e-01	-2.121760e-01	8.201709e+04
10001	1599.809117	75.000000	1.556000e-01	-2.385940e-01	4.066921e+04
10001	1653.136088	75.000000	1.881310e-01	-2.572350e-01	2.384123e+04
10001	1710.140781	75.000000	2.211740e-01	-2.698210e-01	1.964980e+04
10001	1771.217237	75.000000	2.563240e-01	-2.761280e-01	8.445583e+03
10001	1836.817876	75.000000	2.965390e-01	-2.696150e-01	6.997223e+03
10001	1907.464717	75.000000	3.157690e-01	-2.683190e-01	4.142267e+03
10001	1983.763306	75.000000	3.509760e-01	-2.570280e-01	1.922063e+03
10001	2066.420110	75.000000	3.726120e-01	-2.321950e-01	1.761568e+03
