90001	190.746472	55.000000	1.999625e-02	-2.501100e-01	9.126600e-01	2.029115e+04
90001	191.482945	55.000000	2.143000e-02	-2.386200e-01	9.257300e-01	1.757874e+04
90001	192.225127	55.000000	1.342500e-02	-2.401525e-01	9.247754e-01	1.565381e+04
90001	192.973084	55.000000	4.175875e-02	-2.161150e-01	9.453050e-01	1.621025e+04
90001	193.726885	55.000000	4.987250e-02	-1.990600e-01	9.356450e-01	2.942074e+04
90001	194.486599	55.000000	7.321000e-02	-1.847250e-01	9.453025e-01	1.324240e+04
90001	195.252294	55.000000	8.918000e-02	-1.753950e-01	9.590825e-01	7.748685e+03
90001	196.024042	55.000000	1.263500e-01	-1.798475e-01	9.560050e-01	2.193206e+04
90001	196.801915	55.000000	1.345250e-01	-1.939675e-01	9.450475e-01	2.843386e+04
90001	197.585987	55.000000	1.673088e-01	-1.972975e-01	9.179900e-01	9.207525e+03
90001	198.376331	55.000000	1.848188e-01	-2.301000e-01	9.167525e-01	9.032568e+03
90001	199.173023	55.000000	1.856113e-01	-2.450925e-01	9.254275e-01	2.290037e+04
90001	199.976140	55.000000	1.961950e-01	-2.744575e-01	9.216175e-01	1.712998e+04
90001	200.785760	55.000000	1.945450e-01	-2.953325e-01	9.002050e-01	8.709551e+03
90001	201.601962	55.000000	1.774500e-01	-3.337175e-01	8.890875e-01	4.909366e+04
90001	202.424827	55.000000	1.603287e-01	-3.516325e-01	8.896975e-01	1.092865e+04
90001	203.254437	55.000000	1.265425e-01	-3.763850e-01	8.945000e-01	1.144480e+04
90001	204.090875	55.000000	9.753250e-02	-3.962400e-01	8.842225e-01	3.604239e+04
90001	204.934226	55.000000	6.476250e-02	-4.202000e-01	8.666725e-01	1.779094e+04
90001	205.784575	55.000000	2.668750e-02	-4.139925e-01	8.725700e-01	1.287992e+04
90001	206.642011	55.000000	-2.383000e-02	-4.117525e-01	8.788075e-01	2.890459e+04
90001	207.506622	55.000000	-6.362125e-02	-4.187275e-01	8.662625e-01	1.676322e+04
90001	208.378498	55.000000	-1.181963e-01	-3.956300e-01	8.778125e-01	1.039577e+04
90001	209.257733	55.000000	-1.698300e-01	-3.766750e-01	8.775725e-01	3.784985e+04
90001	210.144418	55.000000	-2.163875e-01	-3.234475e-01	8.871800e-01	1.541429e+04
90001	211.038650	55.000000	-2.620212e-01	-2.679550e-01	8.798250e-01	9.052776e+03
90001	211.940524	55.000000	-2.960162e-01	-1.813750e-01	8.876225e-01	2.059914e+04
90001	212.850140	55.000000	-3.058387e-01	-9.565750e-02	8.982475e-01	9.307133e+03
90001	213.767598	55.000000	-2.863788e-01	-3.310000e-03	9.027275e-01	1.459916e+04
90001	214.692998	55.000000	-2.147025e-01	1.283500e-01	8.658575e-01	3.949342e+03
90001	215.626446	55.000000	-8.135500e-02	2.436800e-01	8.931975e-01	7.649212e+03
90001	216.568046	55.000000	8.335500e-02	2.668275e-01	8.474950e-01	2.934686e+03
90001	217.517906	55.000000	2.495475e-01	2.682700e-01	8.213400e-01	3.499988e+03
90001	218.476135	55.000000	4.064588e-01	2.029375e-01	7.935375e-01	3.290166e+03
90001	219.442844	55.000000	4.889875e-01	1.029350e-01	7.814025e-01	5.664918e+03
90001	220.418145	55.000000	5.451037e-01	-3.021750e-02	7.701625e-01	7.624113e+03
90001	221.402155	55.000000	5.527150e-01	-1.449425e-01	7.624600e-01	8.201333e+03
90001	222.394989	55.000000	5.462763e-01	-2.413800e-01	7.548800e-01	1.048962e+04
90001	223.396769	55.000000	5.201712e-01	-3.350600e-01	7.393725e-01	1.798972e+04
90001	224.407614	55.000000	4.772000e-01	-4.183475e-01	7.206875e-01	1.136080e+04
90001	225.427648	55.000000	4.229625e-01	-4.885175e-01	7.084075e-01	1.613527e+04
90001	226.456998	55.000000	3.615550e-01	-5.490925e-01	6.887825e-01	1.385406e+04
90001	227.495792	55.000000	2.971437e-01	-6.078775e-01	6.915225e-01	2.498744e+04
90001	228.544160	55.000000	2.304725e-01	-6.372350e-01	6.790000e-01	1.643842e+04
90001	229.602234	55.000000	1.448950e-01	-6.774225e-01	6.684100e-01	1.451226e+04
90001	230.670152	55.000000	6.677375e-02	-7.092200e-01	6.572550e-01	1.678932e+04
90001	231.748050	55.000000	-1.877750e-02	-7.162700e-01	6.402425e-01	1.073905e+04
90001	232.836069	55.000000	-1.120112e-01	-7.219500e-01	6.217375e-01	2.095240e+04
90001	233.934352	55.000000	-2.061763e-01	-7.207675e-01	6.077375e-01	1.075865e+04
90001	235.043046	55.000000	-2.993938e-01	-7.105725e-01	5.914675e-01	1.050855e+04
90001	236.162298	55.000000	-3.911825e-01	-6.727275e-01	5.668750e-01	1.337273e+04
90001	237.292261	55.000000	-4.911625e-01	-6.395125e-01	5.208125e-01	8.468543e+03
90001	238.433090	55.000000	-5.919025e-01	-5.873475e-01	4.664600e-01	2.266791e+04
90001	239.584940	55.000000	-6.873550e-01	-5.243700e-01	3.642925e-01	8.494790e+03
90001	240.747974	55.000000	-7.723863e-01	-4.499200e-01	2.307675e-01	9.455758e+03
90001	241.922354	55.000000	-8.099950e-01	-3.352825e-01	1.671750e-02	3.461461e+03
90001	243.108248	55.000000	-7.435150e-01	-1.871825e-01	-2.529850e-01	1.511541e+03
90001	244.305826	55.000000	-4.635200e-01	-9.610000e-03	-5.453950e-01	1.054544e+03
90001	245.515261	55.000000	1.109250e-02	1.113775e-01	-6.456650e-01	1.230298e+03
90001	246.736730	55.000000	4.911850e-01	1.184400e-01	-5.321050e-01	3.304524e+03
90001	247.970413	55.000000	7.891000e-01	5.120750e-02	-2.916425e-01	6.690810e+03
90001	249.216496	55.000000	9.086288e-01	-6.438750e-02	-8.379250e-02	1.679226e+04
90001	250.475165	55.000000	9.241463e-01	-1.554950e-01	9.493750e-02	3.086618e+04
90001	251.746612	55.000000	9.001150e-01	-2.598175e-01	2.167625e-01	2.687334e+04
90001	253.031034	55.000000	8.536975e-01	-3.564400e-01	2.843900e-01	3.261666e+04
90001	254.328629	55.000000	7.994025e-01	-4.262050e-01	3.247150e-01	2.041964e+04
90001	255.639601	55.000000	7.376512e-01	-5.173650e-01	3.663875e-01	2.792639e+04
90001	256.964159	55.000000	6.694487e-01	-5.990600e-01	3.785800e-01	3.763345e+04
90001	258.302514	55.000000	5.987850e-01	-6.698725e-01	3.767350e-01	2.802644e+04
90001	259.654883	55.000000	5.142125e-01	-7.277725e-01	3.767400e-01	2.427773e+04
90001	261.021488	55.000000	4.249412e-01	-7.890400e-01	3.741400e-01	1.890462e+04
90001	262.402554	55.000000	3.314550e-01	-8.396700e-01	3.641725e-01	3.160667e+04
90001	263.798312	55.000000	2.342800e-01	-8.734700e-01	3.543500e-01	2.828460e+04
90001	265.208998	55.000000	1.334512e-01	-9.014575e-01	3.426775e-01	2.920839e+04
90001	266.634853	55.000000	2.983875e-02	-9.160575e-01	3.357925e-01	3.639208e+04
90001	268.076122	55.000000	-7.230875e-02	-9.179304e-01	3.168025e-01	5.139536e+04
90001	269.533058	55.000000	-1.709837e-01	-9.132150e-01	2.990150e-01	3.690568e+04
90001	271.005916	55.000000	-2.736212e-01	-8.989625e-01	2.817700e-01	3.550377e+04
90001	272.494960	55.000000	-3.672063e-01	-8.771275e-01	2.680000e-01	8.163660e+04
90001	274.000457	55.000000	-4.497913e-01	-8.299000e-01	2.339775e-01	2.826117e+04
90001	275.522681	55.000000	-5.238175e-01	-8.041425e-01	2.002725e-01	5.109699e+04
90001	277.061914	55.000000	-5.780350e-01	-7.796100e-01	1.621500e-01	3.327671e+04
90001	278.618442	55.000000	-6.100237e-01	-7.657000e-01	9.561250e-02	4.217759e+04
90001	280.192557	55.000000	-6.126375e-01	-7.605375e-01	2.686250e-02	2.541451e+04
90001	281.784560	55.000000	-5.690887e-01	-7.901325e-01	-7.198000e-02	1.801420e+04
90001	283.394758	55.000000	-4.589863e-01	-8.162650e-01	-1.860375e-01	8.181104e+03
90001	285.023463	55.000000	-2.617638e-01	-8.691475e-01	-2.950725e-01	2.815572e+04
90001	286.670998	55.000000	1.074500e-02	-8.755625e-01	-3.545300e-01	1.354291e+04
90001	288.337690	55.000000	2.992012e-01	-8.316550e-01	-3.250175e-01	1.984060e+04
90001	290.023875	55.000000	5.785363e-01	-7.358600e-01	-2.204575e-01	1.961389e+04
90001	291.729898	55.000000	7.177025e-01	-6.517725e-01	-1.079550e-01	4.369109e+04
90001	293.456110	55.000000	7.851838e-01	-5.930800e-01	5.862500e-03	5.895455e+04
90001	295.202873	55.000000	8.009125e-01	-5.715400e-01	8.924500e-02	7.570865e+04
90001	296.970555	55.000000	7.883912e-01	-5.759150e-01	1.544700e-01	6.407180e+04
90001	298.759534	55.000000	7.578300e-01	-6.019925e-01	2.007875e-01	4.810594e+04
90001	300.570198	55.000000	7.168350e-01	-6.395650e-01	2.343500e-01	6.189418e+04
90001	302.402943	55.000000	6.654663e-01	-6.837800e-01	2.598775e-01	6.229620e+04
90001	304.258176	55.000000	6.018100e-01	-7.325350e-01	2.793375e-01	6.091242e+04
90001	306.136313	55.000000	5.371350e-01	-7.771900e-01	2.911375e-01	6.521896e+04
90001	308.037780	55.000000	4.631200e-01	-8.191325e-01	3.019250e-01	6.754884e+04
90001	309.963016	55.000000	3.831850e-01	-8.570800e-01	3.081300e-01	6.331383e+04
90001	311.912469	55.000000	2.999900e-01	-8.870775e-01	3.144900e-01	7.343171e+04
90001	313.886599	55.000000	2.110750e-01	-9.124100e-01	3.168025e-01	8.331979e+04
90001	315.885877	55.000000	1.197875e-01	-9.286975e-01	3.197925e-01	8.833839e+04
90001	317.910786	55.000000	2.362750e-02	-9.357275e-01	3.193150e-01	7.740154e+04
90001	319.961823	55.000000	-6.957000e-02	-9.345475e-01	3.201925e-01	7.955845e+04
90001	322.039498	55.000000	-1.598888e-01	-9.244700e-01	3.172850e-01	8.790007e+04
90001	324.144331	55.000000	-2.408950e-01	-9.087850e-01	3.148125e-01	7.923438e+04
90001	326.276859	55.000000	-3.218938e-01	-8.864175e-01	3.089025e-01	7.361055e+04
90001	328.437633	55.000000	-3.992912e-01	-8.583475e-01	2.998600e-01	8.351811e+04
90001	330.627218	55.000000	-4.654213e-01	-8.302925e-01	2.878100e-01	8.528278e+04
90001	332.846192	55.000000	-5.298437e-01	-7.967150e-01	2.704850e-01	7.509907e+04
90001	335.095153	55.000000	-5.813075e-01	-7.693650e-01	2.470325e-01	7.279039e+04
90001	337.374712	55.000000	-6.234363e-01	-7.446975e-01	2.156000e-01	7.455507e+04
90001	339.685498	55.000000	-6.525250e-01	-7.313600e-01	1.711225e-01	6.319606e+04
90001	342.028156	55.000000	-6.629550e-01	-7.315400e-01	1.133875e-01	6.562884e+04
90001	344.403352	55.000000	-6.471075e-01	-7.501750e-01	3.669000e-02	5.430948e+04
90001	346.811767	55.000000	-5.962013e-01	-7.873400e-01	-5.074750e-02	4.831143e+04
90001	349.254103	55.000000	-4.913900e-01	-8.400200e-01	-1.510300e-01	4.981488e+04
90001	351.731083	55.000000	-3.206438e-01	-8.928225e-01	-2.464250e-01	4.465682e+04
90001	354.243447	55.000000	-7.072250e-02	-9.245575e-01	-3.069200e-01	5.624324e+04
90001	356.791961	55.000000	1.922700e-01	-9.091650e-01	-3.036275e-01	5.408638e+04
90001	359.377410	55.000000	4.298063e-01	-8.510075e-01	-2.395075e-01	9.262905e+04
90001	362.000603	55.000000	5.980388e-01	-7.730175e-01	-1.419300e-01	9.359387e+04
90001	364.662372	55.000000	6.937800e-01	-7.065975e-01	-4.650000e-02	1.138318e+05
90001	367.363575	55.000000	7.381487e-01	-6.619825e-01	3.796000e-02	1.112386e+05
90001	370.105094	55.000000	7.481387e-01	-6.442875e-01	1.104925e-01	1.069132e+05
90001	372.887839	55.000000	7.324650e-01	-6.493475e-01	1.713125e-01	8.892711e+04
90001	375.712747	55.000000	7.003212e-01	-6.695025e-01	2.193650e-01	8.826749e+04
90001	378.580784	55.000000	6.571337e-01	-6.983875e-01	2.588725e-01	8.480697e+04
90001	381.492943	55.000000	6.025525e-01	-7.337200e-01	2.895125e-01	7.870898e+04
90001	384.450253	55.000000	5.434925e-01	-7.687075e-01	3.151525e-01	7.349228e+04
90001	387.453771	55.000000	4.806137e-01	-8.007825e-01	3.353500e-01	7.517980e+04
90001	390.504588	55.000000	4.113725e-01	-8.312500e-01	3.536575e-01	8.343869e+04
90001	393.603830	55.000000	3.344475e-01	-8.597375e-01	3.693875e-01	9.392819e+04
90001	396.752661	55.000000	2.557813e-01	-8.782400e-01	3.823350e-01	9.153271e+04
90001	399.952279	55.000000	1.763175e-01	-8.909725e-01	3.938500e-01	8.919423e+04
90001	403.203924	55.000000	9.225500e-02	-8.989275e-01	4.033600e-01	7.534118e+04
90001	406.508874	55.000000	1.339000e-02	-9.009175e-01	4.103100e-01	8.267968e+04
90001	409.868452	55.000000	-6.548125e-02	-8.951025e-01	4.148400e-01	7.993380e+04
90001	413.284022	55.000000	-1.440287e-01	-8.853425e-01	4.193975e-01	9.165816e+04
90001	416.756997	55.000000	-2.243225e-01	-8.653350e-01	4.265875e-01	8.619775e+04
90001	420.288836	55.000000	-2.988075e-01	-8.440900e-01	4.239500e-01	9.194777e+04
90001	423.881048	55.000000	-3.716900e-01	-8.164850e-01	4.213100e-01	1.107225e+05
90001	427.535195	55.000000	-4.352587e-01	-7.852500e-01	4.173000e-01	8.017314e+04
90001	431.252893	55.000000	-4.958025e-01	-7.528675e-01	4.086075e-01	8.471996e+04
90001	435.035813	55.000000	-5.550500e-01	-7.200375e-01	3.966525e-01	1.050785e+05
90001	438.885687	55.000000	-6.096213e-01	-6.856975e-01	3.784350e-01	7.638376e+04
90001	442.804309	55.000000	-6.576188e-01	-6.551275e-01	3.511950e-01	7.742941e+04
90001	446.793537	55.000000	-7.000225e-01	-6.303000e-01	3.150500e-01	8.312697e+04
90001	450.855297	55.000000	-7.352125e-01	-6.128850e-01	2.670275e-01	9.524925e+04
90001	454.991584	55.000000	-7.635937e-01	-6.030000e-01	1.975425e-01	8.930581e+04
90001	459.204469	55.000000	-7.784262e-01	-6.071275e-01	9.715000e-02	7.164845e+04
90001	463.496099	55.000000	-7.660475e-01	-6.282350e-01	-2.593500e-02	6.910540e+04
90001	467.868704	55.000000	-7.135425e-01	-6.642050e-01	-1.724925e-01	6.553929e+04
90001	472.324597	55.000000	-5.890787e-01	-7.102650e-01	-3.406625e-01	6.555624e+04
90001	476.866179	55.000000	-3.691988e-01	-7.552250e-01	-4.979375e-01	6.857332e+04
90001	481.495948	55.000000	-6.258375e-02	-7.772125e-01	-5.840575e-01	6.571278e+04
90001	486.216496	55.000000	2.475337e-01	-7.613000e-01	-5.578925e-01	7.636685e+04
90001	491.030521	55.000000	5.133275e-01	-7.153650e-01	-4.342925e-01	8.867816e+04
90001	495.940826	55.000000	6.821325e-01	-6.643375e-01	-2.624125e-01	1.657540e+05
90001	500.950330	55.000000	7.752900e-01	-6.221325e-01	-8.776250e-02	2.181575e+05
90001	506.062068	55.000000	8.026525e-01	-5.949775e-01	5.546250e-02	2.076963e+05
90001	511.279202	55.000000	7.956787e-01	-5.833825e-01	1.699575e-01	1.917062e+05
90001	516.605028	55.000000	7.686425e-01	-5.852725e-01	2.609600e-01	1.495299e+05
90001	522.042975	55.000000	7.304525e-01	-5.975750e-01	3.298050e-01	1.400254e+05
90001	527.596624	55.000000	6.887150e-01	-6.166250e-01	3.810025e-01	1.368728e+05
90001	533.269706	55.000000	6.410075e-01	-6.407675e-01	4.204600e-01	1.302054e+05
90001	539.066116	55.000000	5.863888e-01	-6.693775e-01	4.523725e-01	1.197744e+05
90001	544.989919	55.000000	5.298400e-01	-6.985600e-01	4.768800e-01	1.230926e+05
90001	551.045363	55.000000	4.731925e-01	-7.254375e-01	4.955825e-01	1.223351e+05
90001	557.236884	55.000000	4.119062e-01	-7.507200e-01	5.107725e-01	1.357108e+05
90001	563.569121	55.000000	3.471225e-01	-7.750550e-01	5.228625e-01	1.239148e+05
90001	570.046927	55.000000	2.817525e-01	-7.938925e-01	5.326275e-01	1.317672e+05
90001	576.675380	55.000000	2.130762e-01	-8.100000e-01	5.399375e-01	1.243646e+05
90001	583.459796	55.000000	1.432712e-01	-8.212525e-01	5.451475e-01	1.296563e+05
90001	590.405746	55.000000	7.396875e-02	-8.267100e-01	5.499550e-01	1.152197e+05
90001	597.519068	55.000000	2.401250e-03	-8.278350e-01	5.532375e-01	1.238624e+05
90001	604.805886	55.000000	-6.954875e-02	-8.235325e-01	5.538800e-01	1.206956e+05
90001	612.272625	55.000000	-1.379900e-01	-8.154025e-01	5.545275e-01	1.248900e+05
90001	619.926033	55.000000	-2.073900e-01	-8.013675e-01	5.537150e-01	1.124268e+05
90001	627.773198	55.000000	-2.733988e-01	-7.834100e-01	5.493900e-01	1.105690e+05
90001	635.821572	55.000000	-3.379100e-01	-7.612975e-01	5.447725e-01	1.331133e+05
90001	644.078995	55.000000	-4.003412e-01	-7.358325e-01	5.368350e-01	1.270357e+05
90001	652.553719	55.000000	-4.593438e-01	-7.077800e-01	5.269125e-01	1.501337e+05
90001	661.254435	55.000000	-5.174850e-01	-6.776825e-01	5.128250e-01	1.242527e+05
90001	670.190306	55.000000	-5.712075e-01	-6.494225e-01	4.940250e-01	1.142591e+05
90001	679.370995	55.000000	-6.247175e-01	-6.197700e-01	4.687350e-01	1.622927e+05
90001	688.806703	55.000000	-6.739688e-01	-5.910250e-01	4.353000e-01	1.111145e+05
90001	698.508206	55.000000	-7.230587e-01	-5.656600e-01	3.884150e-01	1.223685e+05
90001	708.486895	55.000000	-7.670763e-01	-5.449550e-01	3.284450e-01	1.138702e+05
90001	718.754821	55.000000	-8.057800e-01	-5.320400e-01	2.461325e-01	1.048759e+05
90001	729.324745	55.000000	-8.361475e-01	-5.229800e-01	1.368200e-01	1.001474e+05
90001	740.210189	55.000000	-8.422188e-01	-5.341175e-01	-8.147500e-03	8.010551e+04
90001	751.425495	55.000000	-8.054550e-01	-5.508650e-01	-1.885250e-01	1.099595e+05
90001	762.985887	55.000000	-6.886475e-01	-5.754550e-01	-4.165275e-01	7.002684e+04
90001	774.907541	55.000000	-4.728412e-01	-6.133925e-01	-6.071900e-01	6.946729e+04
90001	787.207661	55.000000	-1.303100e-01	-6.238925e-01	-7.356125e-01	4.173491e+04
90001	799.904559	55.000000	2.385613e-01	-6.192850e-01	-7.192325e-01	4.458317e+04
90001	813.017748	55.000000	5.322337e-01	-5.984500e-01	-5.506875e-01	5.196975e+04
90001	826.568044	55.000000	7.371325e-01	-5.626500e-01	-3.468750e-01	1.723945e+05
90001	840.577672	55.000000	7.804125e-01	-5.528550e-01	-1.101850e-01	3.819243e+04
90001	855.070390	55.000000	8.314025e-01	-5.238675e-01	4.834750e-02	1.261701e+04
90001	870.071625	55.000000	8.207238e-01	-5.134200e-01	1.913500e-01	7.947982e+04
90001	885.608619	55.000000	7.911288e-01	-5.223925e-01	2.648325e-01	3.897272e+05
90001	901.710593	55.000000	7.482000e-01	-5.440075e-01	3.566300e-01	2.509373e+05
90001	918.408938	55.000000	7.094850e-01	-5.685150e-01	4.161200e-01	1.203529e+05
90001	935.737408	55.000000	6.519575e-01	-5.903725e-01	4.644650e-01	1.339010e+05
90001	953.732358	55.000000	6.072462e-01	-6.191275e-01	4.963000e-01	9.858748e+04
90001	972.432993	55.000000	5.515050e-01	-6.482900e-01	5.282550e-01	1.341725e+05
90001	991.881653	55.000000	4.984400e-01	-6.781400e-01	5.523200e-01	1.525960e+05
90001	1012.124136	55.000000	4.386913e-01	-7.054400e-01	5.622250e-01	1.145029e+05
90001	1033.210055	55.000000	3.715300e-01	-7.332000e-01	5.536775e-01	1.150696e+05
90001	1055.193248	55.000000	3.008250e-01	-7.707475e-01	5.355900e-01	1.721911e+05
90001	1078.132231	55.000000	2.297000e-01	-7.979925e-01	5.161600e-01	7.140505e+04
90001	1102.090725	55.000000	1.676025e-01	-8.093475e-01	5.062050e-01	1.244370e+05
90001	1127.138242	55.000000	1.107513e-01	-8.181950e-01	5.072075e-01	7.898258e+04
90001	1153.350759	55.000000	5.369750e-02	-8.196100e-01	5.019075e-01	1.052283e+05
90001	1180.811491	55.000000	-1.530000e-03	-8.277775e-01	5.110525e-01	1.111792e+05
90001	1209.611772	55.000000	-5.776875e-02	-8.211100e-01	5.051025e-01	9.069750e+04
90001	1239.852066	55.000000	-1.119000e-01	-8.126050e-01	5.069875e-01	2.266071e+05
90001	1271.643145	55.000000	-1.642650e-01	-8.054425e-01	5.056600e-01	1.705956e+05
90001	1305.107438	55.000000	-2.162275e-01	-7.969125e-01	5.059550e-01	1.576747e+05
90001	1340.380612	55.000000	-2.641550e-01	-7.808675e-01	5.085900e-01	1.258776e+05
90001	1377.613407	55.000000	-3.100262e-01	-7.673575e-01	5.055025e-01	7.432203e+04
90001	1416.973790	55.000000	-3.508137e-01	-7.520825e-01	5.084725e-01	5.298244e+04
90001	1458.649489	55.000000	-3.846837e-01	-7.329550e-01	5.045175e-01	1.141138e+05
90001	1502.850989	55.000000	-4.151063e-01	-7.238000e-01	5.018225e-01	3.709623e+04
90001	1549.815082	55.000000	-4.353212e-01	-7.040550e-01	4.968500e-01	8.677870e+04
90001	1599.809117	55.000000	-4.498275e-01	-6.890600e-01	4.949675e-01	6.495149e+04
90001	1653.136088	55.000000	-4.538900e-01	-6.797400e-01	4.954550e-01	5.962705e+04
90001	1710.140781	55.000000	-4.491887e-01	-6.655550e-01	4.922200e-01	1.080489e+05
90001	1771.217237	55.000000	-4.304850e-01	-6.688950e-01	4.897325e-01	2.831429e+05
90001	1836.817876	55.000000	-3.913387e-01	-6.628225e-01	4.853375e-01	8.824110e+04
90001	1907.464717	55.000000	-3.540875e-01	-6.803500e-01	4.879625e-01	1.037495e+05
90001	1983.763306	55.000000	-3.061663e-01	-6.755450e-01	4.781150e-01	3.419332e+04
90001	2066.420110	55.000000	-2.350800e-01	-7.200925e-01	4.563500e-01	1.904355e+04
90001	190.746472	60.000000	5.896375e-02	3.042500e-03	9.690075e-01	9.024145e+03
90001	191.482945	60.000000	7.237250e-02	4.429500e-02	9.568450e-01	7.696757e+03
90001	192.225127	60.000000	8.465125e-02	5.310750e-02	9.649408e-01	1.548264e+04
90001	192.973084	60.000000	9.857375e-02	3.545000e-02	9.611625e-01	7.437021e+03
90001	193.726885	60.000000	1.063700e-01	5.478000e-02	9.658333e-01	6.499792e+03
90001	194.486599	60.000000	1.489537e-01	4.555500e-02	9.615825e-01	2.322693e+04
90001	195.252294	60.000000	1.513637e-01	1.935500e-02	9.765100e-01	1.800963e+04
90001	196.024042	60.000000	1.690925e-01	1.921750e-02	9.464150e-01	1.057633e+04
90001	196.801915	60.000000	1.818412e-01	9.192500e-03	9.665925e-01	2.237944e+04
90001	197.585987	60.000000	1.864612e-01	-2.982750e-02	9.617225e-01	1.627775e+04
90001	198.376331	60.000000	1.782350e-01	-4.624250e-02	9.624071e-01	1.823156e+04
90001	199.173023	60.000000	1.767250e-01	-7.847000e-02	9.669600e-01	1.843073e+04
90001	199.976140	60.000000	1.575175e-01	-1.015725e-01	9.541150e-01	2.709451e+04
90001	200.785760	60.000000	1.238200e-01	-1.145825e-01	9.614875e-01	2.116363e+04
90001	201.601962	60.000000	1.013625e-01	-1.449800e-01	9.513575e-01	2.708056e+04
90001	202.424827	60.000000	6.758125e-02	-1.555750e-01	9.614000e-01	1.451760e+04
90001	203.254437	60.000000	2.873625e-02	-1.542450e-01	9.555925e-01	1.859319e+04
90001	204.090875	60.000000	-6.141250e-03	-1.610775e-01	9.672800e-01	1.274764e+04
90001	204.934226	60.000000	-5.390750e-02	-1.391875e-01	9.626200e-01	2.067653e+04
90001	205.784575	60.000000	-9.304875e-02	-1.305350e-01	9.667450e-01	1.456009e+04
90001	206.642011	60.000000	-1.331275e-01	-8.758250e-02	9.631850e-01	2.206048e+04
90001	207.506622	60.000000	-1.727650e-01	-4.719000e-02	9.487825e-01	1.289427e+04
90001	208.378498	60.000000	-2.038350e-01	1.300000e-02	9.454550e-01	1.049329e+04
90001	209.257733	60.000000	-2.276488e-01	8.444500e-02	9.315800e-01	1.177994e+04
90001	210.144418	60.000000	-2.235737e-01	1.563650e-01	9.254275e-01	8.849531e+03
90001	211.038650	60.000000	-1.925375e-01	2.347675e-01	9.036700e-01	7.764699e+03
90001	211.940524	60.000000	-1.333950e-01	3.193150e-01	8.802475e-01	7.848201e+03
90001	212.850140	60.000000	-4.120750e-02	3.753800e-01	8.687225e-01	5.026458e+03
90001	213.767598	60.000000	6.693500e-02	4.112025e-01	8.399700e-01	6.755327e+03
90001	214.692998	60.000000	1.883813e-01	4.156200e-01	8.172225e-01	5.764638e+03
90001	215.626446	60.000000	3.101488e-01	3.688700e-01	8.136375e-01	4.216483e+03
90001	216.568046	60.000000	3.978050e-01	3.000175e-01	7.995900e-01	7.377275e+03
90001	217.517906	60.000000	4.623200e-01	2.129100e-01	8.105975e-01	7.825248e+03
90001	218.476135	60.000000	4.989462e-01	1.141450e-01	8.095850e-01	3.123736e+04
90001	219.442844	60.000000	5.072638e-01	1.315250e-02	8.150425e-01	8.541740e+03
90001	220.418145	60.000000	4.946825e-01	-7.197250e-02	8.297750e-01	1.438671e+04
90001	221.402155	60.000000	4.737688e-01	-1.659225e-01	8.261400e-01	1.057612e+04
90001	222.394989	60.000000	4.245412e-01	-2.499350e-01	8.249325e-01	1.194177e+04
90001	223.396769	60.000000	3.728525e-01	-3.183350e-01	8.342242e-01	1.602304e+04
90001	224.407614	60.000000	3.046425e-01	-3.839625e-01	8.324800e-01	1.479141e+04
90001	225.427648	60.000000	2.311237e-01	-4.400975e-01	8.236600e-01	1.683213e+04
90001	226.456998	60.000000	1.449037e-01	-4.702225e-01	8.204400e-01	1.297118e+04
90001	227.495792	60.000000	5.761875e-02	-5.077800e-01	8.143275e-01	1.043449e+04
90001	228.544160	60.000000	-3.855375e-02	-5.200550e-01	8.091000e-01	1.953144e+04
90001	229.602234	60.000000	-1.464400e-01	-5.296225e-01	7.896025e-01	1.750706e+04
90001	230.670152	60.000000	-2.441025e-01	-5.145800e-01	7.798750e-01	1.275659e+04
90001	231.748050	60.000000	-3.559363e-01	-4.814325e-01	7.366025e-01	7.535160e+03
90001	232.836069	60.000000	-4.618375e-01	-4.475175e-01	6.999525e-01	8.134979e+03
90001	233.934352	60.000000	-5.714263e-01	-3.979800e-01	6.502750e-01	5.778822e+03
90001	235.043046	60.000000	-6.696663e-01	-3.196850e-01	5.689800e-01	8.841164e+03
90001	236.162298	60.000000	-7.642088e-01	-2.252050e-01	4.710325e-01	5.160279e+03
90001	237.292261	60.000000	-8.339800e-01	-1.000675e-01	3.609250e-01	7.043484e+03
90001	238.433090	60.000000	-8.556225e-01	4.273000e-02	1.393075e-01	5.373622e+03
90001	239.584940	60.000000	-7.673763e-01	2.328050e-01	-1.129700e-01	3.223672e+03
90001	240.747974	60.000000	-4.966075e-01	4.459550e-01	-3.525550e-01	1.833967e+03
90001	241.922354	60.000000	-3.769000e-02	5.438125e-01	-4.720125e-01	1.314765e+03
90001	243.108248	60.000000	4.152587e-01	5.368625e-01	-3.867675e-01	1.845520e+03
90001	244.305826	60.000000	7.208212e-01	4.379625e-01	-2.048525e-01	6.501024e+03
90001	245.515261	60.000000	8.678800e-01	2.897175e-01	-7.662500e-03	9.294248e+03
90001	246.736730	60.000000	9.186513e-01	1.517075e-01	1.486250e-01	2.257087e+04
90001	247.970413	60.000000	9.192012e-01	4.168750e-02	2.576500e-01	2.592944e+04
90001	249.216496	60.000000	9.007625e-01	-7.786000e-02	3.469050e-01	1.918128e+04
90001	250.475165	60.000000	8.640937e-01	-1.740900e-01	3.889075e-01	2.076206e+04
90001	251.746612	60.000000	8.200600e-01	-2.816775e-01	4.406125e-01	2.400268e+04
90001	253.031034	60.000000	7.632887e-01	-3.720725e-01	4.655475e-01	2.764741e+04
90001	254.328629	60.000000	6.964700e-01	-4.719325e-01	4.807475e-01	1.842838e+04
90001	255.639601	60.000000	6.127575e-01	-5.622050e-01	4.860450e-01	3.371942e+04
90001	256.964159	60.000000	5.137750e-01	-6.577525e-01	4.918175e-01	2.781359e+04
90001	258.302514	60.000000	4.114275e-01	-7.222425e-01	4.919500e-01	1.288810e+04
90001	259.654883	60.000000	2.927750e-01	-7.751675e-01	4.907300e-01	1.719677e+04
90001	261.021488	60.000000	1.679825e-01	-8.246625e-01	4.742000e-01	1.796930e+04
90001	262.402554	60.000000	3.454875e-02	-8.481150e-01	4.581075e-01	2.003892e+04
90001	263.798312	60.000000	-8.782250e-02	-8.536163e-01	4.467050e-01	2.547728e+04
90001	265.208998	60.000000	-2.143350e-01	-8.435350e-01	4.197150e-01	1.677734e+04
90001	266.634853	60.000000	-3.371763e-01	-8.262125e-01	3.950425e-01	2.229514e+04
90001	268.076122	60.000000	-4.474414e-01	-7.794233e-01	3.583900e-01	1.676053e+04
90001	269.533058	60.000000	-5.456375e-01	-7.428150e-01	3.226575e-01	2.617554e+04
90001	271.005916	60.000000	-6.345038e-01	-6.939300e-01	2.709750e-01	2.561052e+04
90001	272.494960	60.000000	-7.022337e-01	-6.532375e-01	2.096125e-01	3.060290e+04
90001	274.000457	60.000000	-7.471125e-01	-6.181550e-01	1.364175e-01	1.989808e+04
90001	275.522681	60.000000	-7.607662e-01	-6.091100e-01	2.686750e-02	1.646030e+04
90001	277.061914	60.000000	-7.266025e-01	-6.353725e-01	-8.927250e-02	1.226171e+04
90001	278.618442	60.000000	-6.132738e-01	-6.854800e-01	-2.484475e-01	1.024495e+04
90001	280.192557	60.000000	-3.997475e-01	-7.307575e-01	-3.947050e-01	1.541142e+04
90001	281.784560	60.000000	-5.686500e-02	-7.628500e-01	-4.830325e-01	6.840665e+03
90001	283.394758	60.000000	3.209850e-01	-7.061675e-01	-4.661675e-01	6.112118e+03
90001	285.023463	60.000000	6.224614e-01	-6.048300e-01	-3.539800e-01	4.138404e+03
90001	286.670998	60.000000	8.024463e-01	-4.887675e-01	-1.992300e-01	3.998884e+04
90001	288.337690	60.000000	8.826562e-01	-4.060425e-01	-7.397500e-02	5.038770e+04
90001	290.023875	60.000000	9.119962e-01	-3.681900e-01	5.964500e-02	7.408347e+04
90001	291.729898	60.000000	9.059750e-01	-3.710850e-01	1.403775e-01	7.461993e+04
90001	293.456110	60.000000	8.804612e-01	-4.010725e-01	2.025775e-01	5.540211e+04
90001	295.202873	60.000000	8.412188e-01	-4.545700e-01	2.466350e-01	4.928479e+04
90001	296.970555	60.000000	7.913562e-01	-5.174875e-01	2.851425e-01	5.683884e+04
90001	298.759534	60.000000	7.293613e-01	-5.853025e-01	3.125500e-01	5.144512e+04
90001	300.570198	60.000000	6.572887e-01	-6.516850e-01	3.370950e-01	4.685062e+04
90001	302.402943	60.000000	5.733987e-01	-7.168425e-01	3.561575e-01	4.920573e+04
90001	304.258176	60.000000	4.749163e-01	-7.777125e-01	3.710700e-01	4.380863e+04
90001	306.136313	60.000000	3.772387e-01	-8.249375e-01	3.811825e-01	5.164118e+04
90001	308.037780	60.000000	2.708175e-01	-8.628475e-01	3.911050e-01	4.586385e+04
90001	309.963016	60.000000	1.546063e-01	-8.882550e-01	3.948450e-01	5.472407e+04
90001	311.912469	60.000000	4.101500e-02	-9.007650e-01	3.989475e-01	5.268677e+04
90001	313.886599	60.000000	-7.735125e-02	-9.005800e-01	3.976625e-01	6.282305e+04
90001	315.885877	60.000000	-1.930275e-01	-8.847650e-01	3.951875e-01	6.135824e+04
90001	317.910786	60.000000	-3.063287e-01	-8.568500e-01	3.892200e-01	5.751357e+04
90001	319.961823	60.000000	-4.095600e-01	-8.178325e-01	3.777675e-01	6.364009e+04
90001	322.039498	60.000000	-5.021525e-01	-7.745025e-01	3.622425e-01	6.333132e+04
90001	324.144331	60.000000	-5.788850e-01	-7.294400e-01	3.453425e-01	6.383605e+04
90001	326.276859	60.000000	-6.484537e-01	-6.823175e-01	3.209075e-01	6.381206e+04
90001	328.437633	60.000000	-7.076625e-01	-6.371375e-01	2.908575e-01	6.815507e+04
90001	330.627218	60.000000	-7.519813e-01	-6.029325e-01	2.528550e-01	6.409807e+04
90001	332.846192	60.000000	-7.861650e-01	-5.776850e-01	2.010350e-01	6.041511e+04
90001	335.095153	60.000000	-8.023525e-01	-5.732275e-01	1.358650e-01	6.077378e+04
90001	337.374712	60.000000	-7.961412e-01	-5.905325e-01	5.044250e-02	5.718329e+04
90001	339.685498	60.000000	-7.500562e-01	-6.397550e-01	-6.332750e-02	4.833670e+04
90001	342.028156	60.000000	-6.432087e-01	-7.152650e-01	-1.964350e-01	4.518480e+04
90001	344.403352	60.000000	-4.471388e-01	-7.963300e-01	-3.308175e-01	4.417514e+04
90001	346.811767	60.000000	-1.733812e-01	-8.498125e-01	-4.248675e-01	4.822541e+04
90001	349.254103	60.000000	1.575063e-01	-8.410625e-01	-4.454000e-01	6.117685e+04
90001	351.731083	60.000000	4.564050e-01	-7.680750e-01	-3.813400e-01	8.028768e+04
90001	354.243447	60.000000	6.852188e-01	-6.544450e-01	-2.560425e-01	6.823368e+04
90001	356.791961	60.000000	8.079588e-01	-5.564750e-01	-1.256275e-01	1.066760e+05
90001	359.377410	60.000000	8.664500e-01	-4.855825e-01	-1.166750e-02	1.066478e+05
90001	362.000603	60.000000	8.840800e-01	-4.514150e-01	7.804250e-02	1.037292e+05
90001	364.662372	60.000000	8.771600e-01	-4.495975e-01	1.473625e-01	9.834122e+04
90001	367.363575	60.000000	8.543825e-01	-4.712200e-01	2.011550e-01	9.273487e+04
90001	370.105094	60.000000	8.177125e-01	-5.103475e-01	2.472625e-01	8.352884e+04
90001	372.887839	60.000000	7.650863e-01	-5.658525e-01	2.905325e-01	6.828631e+04
90001	375.712747	60.000000	7.015287e-01	-6.228175e-01	3.269725e-01	5.611059e+04
90001	378.580784	60.000000	6.309413e-01	-6.761675e-01	3.610800e-01	6.186561e+04
90001	381.492943	60.000000	5.464012e-01	-7.289450e-01	3.920950e-01	6.830543e+04
90001	384.450253	60.000000	4.584800e-01	-7.738700e-01	4.176000e-01	6.517246e+04
90001	387.453771	60.000000	3.676625e-01	-8.102900e-01	4.390875e-01	6.871314e+04
90001	390.504588	60.000000	2.697950e-01	-8.371475e-01	4.576200e-01	7.474727e+04
90001	393.603830	60.000000	1.632113e-01	-8.552475e-01	4.738950e-01	7.561850e+04
90001	396.752661	60.000000	5.789250e-02	-8.608475e-01	4.867800e-01	8.046852e+04
90001	399.952279	60.000000	-4.527250e-02	-8.554550e-01	4.960200e-01	7.758040e+04
90001	403.203924	60.000000	-1.509862e-01	-8.403925e-01	5.009350e-01	7.218584e+04
90001	406.508874	60.000000	-2.454062e-01	-8.159825e-01	5.034325e-01	7.729459e+04
90001	409.868452	60.000000	-3.363562e-01	-7.836175e-01	5.012750e-01	7.802222e+04
90001	413.284022	60.000000	-4.225488e-01	-7.445600e-01	4.977750e-01	9.193185e+04
90001	416.756997	60.000000	-5.062137e-01	-6.968675e-01	4.884500e-01	8.059200e+04
90001	420.288836	60.000000	-5.787050e-01	-6.481950e-01	4.764800e-01	7.936267e+04
90001	423.881048	60.000000	-6.458213e-01	-5.994875e-01	4.581975e-01	8.658233e+04
90001	427.535195	60.000000	-7.011600e-01	-5.513250e-01	4.348725e-01	8.875710e+04
90001	431.252893	60.000000	-7.509850e-01	-5.096975e-01	4.051375e-01	8.757178e+04
90001	435.035813	60.000000	-7.971075e-01	-4.692325e-01	3.637750e-01	8.872810e+04
90001	438.885687	60.000000	-8.379363e-01	-4.365400e-01	3.109775e-01	8.874680e+04
90001	442.804309	60.000000	-8.703212e-01	-4.178125e-01	2.410500e-01	9.055309e+04
90001	446.793537	60.000000	-8.921575e-01	-4.104750e-01	1.521575e-01	8.405912e+04
90001	450.855297	60.000000	-8.987100e-01	-4.225275e-01	3.992500e-02	9.321002e+04
90001	454.991584	60.000000	-8.710362e-01	-4.537775e-01	-1.182850e-01	7.587797e+04
90001	459.204469	60.000000	-7.748537e-01	-5.111450e-01	-3.234675e-01	6.915878e+04
90001	463.496099	60.000000	-5.915062e-01	-5.738325e-01	-5.243225e-01	6.273671e+04
90001	467.868704	60.000000	-3.095112e-01	-6.183725e-01	-6.807775e-01	4.336045e+04
90001	472.324597	60.000000	5.949000e-02	-6.265375e-01	-7.347400e-01	4.257085e+04
90001	476.866179	60.000000	4.188513e-01	-5.850100e-01	-6.514000e-01	4.643861e+04
90001	481.495948	60.000000	6.861750e-01	-5.206800e-01	-4.737525e-01	8.134892e+04
90001	486.216496	60.000000	8.309175e-01	-4.590650e-01	-2.730125e-01	1.455661e+05
90001	491.030521	60.000000	8.991750e-01	-4.100450e-01	-8.553000e-02	2.557891e+05
90001	495.940826	60.000000	9.138750e-01	-3.810075e-01	7.037000e-02	1.568622e+05
90001	500.950330	60.000000	9.068288e-01	-3.772575e-01	1.962100e-01	1.642159e+05
90001	506.062068	60.000000	8.787750e-01	-3.857775e-01	2.901825e-01	1.244293e+05
90001	511.279202	60.000000	8.413550e-01	-4.046600e-01	3.654075e-01	1.080913e+05
90001	516.605028	60.000000	7.945900e-01	-4.343800e-01	4.261175e-01	1.116108e+05
90001	522.042975	60.000000	7.443012e-01	-4.696250e-01	4.759750e-01	1.050625e+05
90001	527.596624	60.000000	6.915112e-01	-5.098250e-01	5.151550e-01	8.824058e+04
90001	533.269706	60.000000	6.322413e-01	-5.472375e-01	5.483525e-01	1.009764e+05
90001	539.066116	60.000000	5.639450e-01	-5.881450e-01	5.780100e-01	1.124757e+05
90001	544.989919	60.000000	4.941650e-01	-6.254225e-01	6.007025e-01	9.881505e+04
90001	551.045363	60.000000	4.221638e-01	-6.580950e-01	6.196350e-01	1.216138e+05
90001	557.236884	60.000000	3.441362e-01	-6.867375e-01	6.359600e-01	1.014011e+05
90001	563.569121	60.000000	2.618700e-01	-7.096825e-01	6.482200e-01	1.079348e+05
90001	570.046927	60.000000	1.783175e-01	-7.266325e-01	6.576325e-01	1.126505e+05
90001	576.675380	60.000000	9.136500e-02	-7.352425e-01	6.651775e-01	1.048787e+05
90001	583.459796	60.000000	4.111250e-03	-7.366375e-01	6.687925e-01	1.059967e+05
90001	590.405746	60.000000	-8.075875e-02	-7.312850e-01	6.701925e-01	1.137977e+05
90001	597.519068	60.000000	-1.677350e-01	-7.177925e-01	6.690525e-01	9.764503e+04
90001	604.805886	60.000000	-2.521912e-01	-6.972800e-01	6.644375e-01	1.052664e+05
90001	612.272625	60.000000	-3.304612e-01	-6.724800e-01	6.568175e-01	1.184788e+05
90001	619.926033	60.000000	-4.073263e-01	-6.401100e-01	6.463775e-01	1.114064e+05
90001	627.773198	60.000000	-4.782012e-01	-6.039875e-01	6.315400e-01	1.261435e+05
90001	635.821572	60.000000	-5.452387e-01	-5.638050e-01	6.141875e-01	1.203967e+05
90001	644.078995	60.000000	-6.075575e-01	-5.228825e-01	5.920525e-01	1.120925e+05
90001	652.553719	60.000000	-6.650300e-01	-4.828650e-01	5.652650e-01	1.299244e+05
90001	661.254435	60.000000	-7.203075e-01	-4.394525e-01	5.320725e-01	1.142728e+05
90001	670.190306	60.000000	-7.704813e-01	-4.029550e-01	4.896500e-01	1.309998e+05
90001	679.370995	60.000000	-8.190787e-01	-3.673325e-01	4.366450e-01	1.221690e+05
90001	688.806703	60.000000	-8.639175e-01	-3.392050e-01	3.709750e-01	1.489882e+05
90001	698.508206	60.000000	-9.044988e-01	-3.147975e-01	2.822875e-01	1.494826e+05
90001	708.486895	60.000000	-9.365412e-01	-3.037150e-01	1.697925e-01	1.634953e+05
90001	718.754821	60.000000	-9.515113e-01	-2.962000e-01	2.317250e-02	1.500516e+05
90001	729.324745	60.000000	-9.326825e-01	-3.060300e-01	-1.672900e-01	1.860451e+05
90001	740.210189	60.000000	-8.438337e-01	-3.309450e-01	-3.997125e-01	8.173566e+04
90001	751.425495	60.000000	-6.537263e-01	-3.610850e-01	-6.318500e-01	5.022598e+04
90001	762.985887	60.000000	-3.198450e-01	-3.812125e-01	-8.422850e-01	5.234073e+04
90001	774.907541	60.000000	7.080625e-02	-3.947075e-01	-8.788700e-01	3.172633e+04
90001	787.207661	60.000000	4.631637e-01	-3.725650e-01	-7.704350e-01	6.921747e+04
90001	799.904559	60.000000	7.405575e-01	-3.427650e-01	-5.576800e-01	8.383920e+04
90001	813.017748	60.000000	8.762838e-01	-3.130425e-01	-3.083750e-01	2.031464e+05
90001	826.568044	60.000000	9.434288e-01	-2.936350e-01	-9.400500e-02	2.500006e+05
90001	840.577672	60.000000	9.135813e-01	-2.939400e-01	9.033250e-02	6.020488e+04
90001	855.070390	60.000000	9.102325e-01	-2.784225e-01	2.253600e-01	3.957853e+04
90001	870.071625	60.000000	8.760500e-01	-3.075975e-01	3.270525e-01	7.064473e+04
90001	885.608619	60.000000	8.469575e-01	-3.381825e-01	4.009750e-01	1.442886e+05
90001	901.710593	60.000000	7.961213e-01	-3.733050e-01	4.756575e-01	1.445608e+05
90001	918.408938	60.000000	7.527000e-01	-4.049075e-01	5.291550e-01	1.982290e+05
90001	935.737408	60.000000	6.917262e-01	-4.437175e-01	5.720700e-01	1.577848e+05
90001	953.732358	60.000000	6.419738e-01	-4.792725e-01	6.079200e-01	1.078666e+05
90001	972.432993	60.000000	5.800587e-01	-5.191950e-01	6.369825e-01	1.376393e+05
90001	991.881653	60.000000	5.183937e-01	-5.524300e-01	6.671875e-01	1.459914e+05
90001	1012.124136	60.000000	4.495100e-01	-5.897300e-01	6.790300e-01	1.337801e+05
90001	1033.210055	60.000000	3.735050e-01	-6.247725e-01	6.816425e-01	9.213407e+04
90001	1055.193248	60.000000	2.921087e-01	-6.679500e-01	6.646275e-01	1.024897e+05
90001	1078.132231	60.000000	2.088750e-01	-6.971300e-01	6.483175e-01	1.196225e+05
90001	1102.090725	60.000000	1.332150e-01	-7.120325e-01	6.403550e-01	1.140749e+05
90001	1127.138242	60.000000	6.327125e-02	-7.161125e-01	6.380525e-01	1.343346e+05
90001	1153.350759	60.000000	-6.936250e-03	-7.188975e-01	6.431750e-01	7.523492e+04
90001	1180.811491	60.000000	-7.409750e-02	-7.166050e-01	6.418800e-01	1.306876e+05
90001	1209.611772	60.000000	-1.418275e-01	-7.033675e-01	6.407175e-01	1.045463e+05
90001	1239.852066	60.000000	-2.052750e-01	-6.907825e-01	6.376650e-01	9.868040e+04
90001	1271.643145	60.000000	-2.662800e-01	-6.721600e-01	6.358750e-01	1.382841e+05
90001	1305.107438	60.000000	-3.241212e-01	-6.498050e-01	6.323475e-01	1.511719e+05
90001	1340.380612	60.000000	-3.769325e-01	-6.278500e-01	6.309375e-01	8.520309e+04
90001	1377.613407	60.000000	-4.216425e-01	-5.998625e-01	6.212350e-01	9.070768e+04
90001	1416.973790	60.000000	-4.624000e-01	-5.748675e-01	6.097450e-01	3.163767e+05
90001	1458.649489	60.000000	-4.961050e-01	-5.508850e-01	6.029250e-01	1.159240e+05
90001	1502.850989	60.000000	-5.210562e-01	-5.282275e-01	5.952275e-01	1.006193e+05
90001	1549.815082	60.000000	-5.369450e-01	-5.076575e-01	5.913950e-01	8.669908e+04
90001	1599.809117	60.000000	-5.432788e-01	-4.969650e-01	5.765200e-01	8.044998e+04
90001	1653.136088	60.000000	-5.359787e-01	-4.804750e-01	5.624325e-01	2.135543e+05
90001	1710.140781	60.000000	-5.201425e-01	-4.806800e-01	5.553925e-01	1.396128e+05
90001	1771.217237	60.000000	-4.911000e-01	-4.862075e-01	5.502400e-01	1.646646e+05
90001	1836.817876	60.000000	-4.355400e-01	-4.885575e-01	5.383650e-01	2.180715e+05
90001	1907.464717	60.000000	-3.841888e-01	-4.977400e-01	5.340925e-01	4.734575e+04
90001	1983.763306	60.000000	-3.119288e-01	-5.167650e-01	5.121350e-01	4.780222e+04
90001	2066.420110	60.000000	-2.237137e-01	-5.316400e-01	5.119050e-01	3.985869e+04
90001	190.746472	65.000000	1.044650e-01	2.675200e-01	9.114875e-01	1.433857e+04
90001	191.482945	65.000000	1.005013e-01	2.799150e-01	9.042950e-01	1.185568e+04
90001	192.225127	65.000000	1.083587e-01	2.990875e-01	9.246050e-01	1.367433e+04
90001	192.973084	65.000000	1.347838e-01	2.829875e-01	9.192075e-01	2.009988e+04
90001	193.726885	65.000000	1.442438e-01	2.680300e-01	9.214925e-01	2.187060e+04
90001	194.486599	65.000000	1.546238e-01	2.658050e-01	9.260975e-01	1.367159e+04
90001	195.252294	65.000000	1.593387e-01	2.505875e-01	9.311725e-01	1.502732e+04
90001	196.024042	65.000000	1.613175e-01	2.376475e-01	9.337900e-01	3.037737e+04
90001	196.801915	65.000000	1.575638e-01	2.069700e-01	9.439642e-01	2.755004e+04
90001	197.585987	65.000000	1.436662e-01	1.872000e-01	9.530600e-01	1.740269e+04
90001	198.376331	65.000000	1.198075e-01	1.885850e-01	9.576975e-01	2.438974e+04
90001	199.173023	65.000000	1.084787e-01	1.585600e-01	9.549525e-01	2.339224e+04
90001	199.976140	65.000000	7.632875e-02	1.495875e-01	9.698175e-01	2.775700e+04
90001	200.785760	65.000000	4.629750e-02	1.497125e-01	9.635625e-01	3.903739e+04
90001	201.601962	65.000000	1.164000e-02	1.506000e-01	9.641675e-01	3.241700e+04
90001	202.424827	65.000000	-2.792625e-02	1.505700e-01	9.684625e-01	2.341212e+04
90001	203.254437	65.000000	-5.878500e-02	1.790250e-01	9.603300e-01	4.180209e+04
90001	204.090875	65.000000	-8.870375e-02	1.957250e-01	9.459075e-01	2.287267e+04
90001	204.934226	65.000000	-1.187550e-01	2.146150e-01	9.393975e-01	1.177555e+04
90001	205.784575	65.000000	-1.366662e-01	2.776625e-01	9.273625e-01	1.603226e+04
90001	206.642011	65.000000	-1.436837e-01	3.051600e-01	9.070600e-01	1.530331e+04
90001	207.506622	65.000000	-1.477537e-01	3.686075e-01	8.888150e-01	1.424131e+04
90001	208.378498	65.000000	-1.242450e-01	4.235125e-01	8.605775e-01	1.621888e+04
90001	209.257733	65.000000	-8.820625e-02	4.748925e-01	8.333875e-01	8.783503e+03
90001	210.144418	65.000000	-3.149875e-02	5.233500e-01	8.035575e-01	2.218407e+04
90001	211.038650	65.000000	4.294000e-02	5.480625e-01	7.903425e-01	9.785512e+03
90001	211.940524	65.000000	1.289250e-01	5.511325e-01	7.664275e-01	1.039488e+04
90001	212.850140	65.000000	2.108138e-01	5.370675e-01	7.656875e-01	1.316533e+04
90001	213.767598	65.000000	2.872675e-01	5.010875e-01	7.772500e-01	1.452662e+04
90001	214.692998	65.000000	3.511850e-01	4.460400e-01	7.835575e-01	1.371003e+04
90001	215.626446	65.000000	3.994675e-01	3.891375e-01	8.009100e-01	1.851109e+04
90001	216.568046	65.000000	4.261275e-01	3.058100e-01	8.186925e-01	2.949419e+04
90001	217.517906	65.000000	4.356087e-01	2.326400e-01	8.508925e-01	3.272630e+04
90001	218.476135	65.000000	4.258975e-01	1.434675e-01	8.685475e-01	1.577596e+04
90001	219.442844	65.000000	4.089475e-01	7.475500e-02	8.796400e-01	1.542118e+04
90001	220.418145	65.000000	3.685150e-01	-1.432500e-03	8.982750e-01	1.687348e+04
90001	221.402155	65.000000	3.071963e-01	-7.208000e-02	9.157850e-01	1.626213e+04
90001	222.394989	65.000000	2.412475e-01	-1.282425e-01	9.279650e-01	1.424422e+04
90001	223.396769	65.000000	1.556100e-01	-1.827775e-01	9.425075e-01	1.960938e+04
90001	224.407614	65.000000	6.339125e-02	-2.161375e-01	9.482725e-01	2.285684e+04
90001	225.427648	65.000000	-3.441500e-02	-2.261175e-01	9.366150e-01	1.157636e+04
90001	226.456998	65.000000	-1.487925e-01	-2.452575e-01	9.179250e-01	9.258120e+03
90001	227.495792	65.000000	-2.545862e-01	-2.285250e-01	8.976475e-01	8.594031e+03
90001	228.544160	65.000000	-3.542388e-01	-1.994450e-01	8.714250e-01	7.101673e+03
90001	229.602234	65.000000	-4.674500e-01	-1.525450e-01	8.147350e-01	8.554958e+03
90001	230.670152	65.000000	-5.626925e-01	-8.498250e-02	7.676125e-01	6.677059e+03
90001	231.748050	65.000000	-6.507063e-01	-6.725000e-03	6.804950e-01	5.200781e+03
90001	232.836069	65.000000	-7.198800e-01	9.715250e-02	5.784375e-01	6.117129e+03
90001	233.934352	65.000000	-7.665375e-01	2.100425e-01	4.401425e-01	7.185096e+03
90001	235.043046	65.000000	-7.594962e-01	3.698850e-01	2.752675e-01	4.779864e+03
90001	236.162298	65.000000	-6.716914e-01	5.222900e-01	5.248667e-02	4.277444e+03
90001	237.292261	65.000000	-4.800375e-01	6.955925e-01	-7.008250e-02	2.659750e+03
90001	238.433090	65.000000	-1.538925e-01	7.871875e-01	-2.012250e-01	2.518943e+03
90001	239.584940	65.000000	1.846800e-01	8.126400e-01	-1.956325e-01	2.919424e+03
90001	240.747974	65.000000	4.889337e-01	7.411550e-01	-9.825250e-02	3.892070e+03
90001	241.922354	65.000000	6.915088e-01	6.237300e-01	3.469500e-02	6.749879e+03
90001	243.108248	65.000000	7.940375e-01	4.934750e-01	1.717725e-01	7.620745e+03
90001	244.305826	65.000000	8.444837e-01	3.703600e-01	2.934050e-01	1.224022e+04
90001	245.515261	65.000000	8.573363e-01	2.459750e-01	3.702850e-01	4.054201e+04
90001	246.736730	65.000000	8.515500e-01	1.374875e-01	4.417600e-01	2.365900e+04
90001	247.970413	65.000000	8.373862e-01	4.669750e-02	4.898300e-01	5.002691e+04
90001	249.216496	65.000000	8.068575e-01	-6.986250e-02	5.285950e-01	2.660561e+04
90001	250.475165	65.000000	7.624425e-01	-1.646350e-01	5.710675e-01	2.317789e+04
90001	251.746612	65.000000	7.005475e-01	-2.878975e-01	5.973125e-01	2.239798e+04
90001	253.031034	65.000000	6.172975e-01	-4.026200e-01	6.147500e-01	2.178757e+04
90001	254.328629	65.000000	5.134600e-01	-5.014025e-01	6.355600e-01	2.099076e+04
90001	255.639601	65.000000	3.844112e-01	-5.955900e-01	6.437025e-01	1.765061e+04
90001	256.964159	65.000000	2.379150e-01	-6.669825e-01	6.413925e-01	1.404375e+04
90001	258.302514	65.000000	8.793125e-02	-7.136075e-01	6.372800e-01	1.328533e+04
90001	259.654883	65.000000	-7.738500e-02	-7.299100e-01	6.122950e-01	1.233297e+04
90001	261.021488	65.000000	-2.402425e-01	-7.350675e-01	5.736250e-01	1.320222e+04
90001	262.402554	65.000000	-3.901800e-01	-6.993825e-01	5.346750e-01	1.126162e+04
90001	263.798312	65.000000	-5.192000e-01	-6.502875e-01	4.916175e-01	2.006351e+04
90001	265.208998	65.000000	-6.364262e-01	-5.888700e-01	4.333150e-01	1.917295e+04
90001	266.634853	65.000000	-7.354588e-01	-5.250175e-01	3.659400e-01	2.433073e+04
90001	268.076122	65.000000	-8.098612e-01	-4.571950e-01	2.875000e-01	3.112918e+04
90001	269.533058	65.000000	-8.648125e-01	-4.043550e-01	1.961475e-01	2.784384e+04
90001	271.005916	65.000000	-8.953113e-01	-3.729575e-01	8.139000e-02	1.842685e+04
90001	272.494960	65.000000	-8.866500e-01	-3.746700e-01	-6.358000e-02	1.257312e+04
90001	274.000457	65.000000	-8.121613e-01	-4.121250e-01	-2.526875e-01	6.420265e+03
90001	275.522681	65.000000	-6.074888e-01	-4.884150e-01	-4.625175e-01	4.205858e+03
90001	277.061914	65.000000	-2.595863e-01	-5.424850e-01	-6.284325e-01	4.771995e+03
90001	278.618442	65.000000	2.109263e-01	-5.233275e-01	-6.509225e-01	6.032792e+03
90001	280.192557	65.000000	5.976450e-01	-4.151925e-01	-5.208725e-01	1.065844e+04
90001	281.784560	65.000000	8.360425e-01	-2.690900e-01	-3.302625e-01	1.950699e+04
90001	283.394758	65.000000	9.421087e-01	-1.646725e-01	-1.467900e-01	3.940970e+04
90001	285.023463	65.000000	9.739325e-01	-1.045125e-01	-1.487000e-02	2.469773e+05
90001	286.670998	65.000000	9.761587e-01	-9.592750e-02	8.526000e-02	1.512790e+05
90001	288.337690	65.000000	9.658125e-01	-1.133700e-01	1.564750e-01	9.660250e+04
90001	290.023875	65.000000	9.426600e-01	-1.804925e-01	2.334025e-01	8.379086e+04
90001	291.729898	65.000000	9.108550e-01	-2.520850e-01	2.819400e-01	7.499189e+04
90001	293.456110	65.000000	8.625688e-01	-3.428275e-01	3.261775e-01	6.502810e+04
90001	295.202873	65.000000	7.983725e-01	-4.384375e-01	3.648750e-01	7.300050e+04
90001	296.970555	65.000000	7.141150e-01	-5.360400e-01	4.022650e-01	4.957735e+04
90001	298.759534	65.000000	6.129737e-01	-6.281450e-01	4.302325e-01	4.600942e+04
90001	300.570198	65.000000	4.965050e-01	-7.087525e-01	4.534775e-01	4.221861e+04
90001	302.402943	65.000000	3.658712e-01	-7.711575e-01	4.728975e-01	4.183187e+04
90001	304.258176	65.000000	2.177925e-01	-8.181100e-01	4.845575e-01	3.653752e+04
90001	306.136313	65.000000	7.704500e-02	-8.406900e-01	4.930575e-01	4.057693e+04
90001	308.037780	65.000000	-7.234875e-02	-8.435650e-01	4.938450e-01	4.314616e+04
90001	309.963016	65.000000	-2.172462e-01	-8.247700e-01	4.882725e-01	4.561216e+04
90001	311.912469	65.000000	-3.501250e-01	-7.859125e-01	4.774225e-01	5.329178e+04
90001	313.886599	65.000000	-4.767325e-01	-7.318650e-01	4.598650e-01	5.762546e+04
90001	315.885877	65.000000	-5.858550e-01	-6.661050e-01	4.390375e-01	6.640746e+04
90001	317.910786	65.000000	-6.824525e-01	-5.928825e-01	4.079825e-01	8.417066e+04
90001	319.961823	65.000000	-7.598175e-01	-5.194875e-01	3.728825e-01	9.645344e+04
90001	322.039498	65.000000	-8.200925e-01	-4.537700e-01	3.325025e-01	9.674281e+04
90001	324.144331	65.000000	-8.634900e-01	-4.035175e-01	2.890325e-01	9.036880e+04
90001	326.276859	65.000000	-8.977137e-01	-3.637975e-01	2.319125e-01	8.020876e+04
90001	328.437633	65.000000	-9.194863e-01	-3.462675e-01	1.580300e-01	8.380965e+04
90001	330.627218	65.000000	-9.246475e-01	-3.557225e-01	7.052250e-02	7.056926e+04
90001	332.846192	65.000000	-9.020250e-01	-4.021350e-01	-5.201000e-02	4.794671e+04
90001	335.095153	65.000000	-8.294613e-01	-4.846375e-01	-1.994925e-01	3.367037e+04
90001	337.374712	65.000000	-6.637888e-01	-5.945100e-01	-3.759900e-01	2.547672e+04
90001	339.685498	65.000000	-3.586112e-01	-7.001675e-01	-5.375875e-01	2.575577e+04
90001	342.028156	65.000000	5.240500e-02	-7.269175e-01	-6.053200e-01	4.063229e+04
90001	344.403352	65.000000	4.525500e-01	-6.447300e-01	-5.407750e-01	6.377762e+04
90001	346.811767	65.000000	7.253400e-01	-5.070025e-01	-3.986400e-01	6.143663e+04
90001	349.254103	65.000000	8.820113e-01	-3.685625e-01	-2.337675e-01	7.617965e+04
90001	351.731083	65.000000	9.513888e-01	-2.650800e-01	-9.039500e-02	1.033014e+05
90001	354.243447	65.000000	9.750100e-01	-2.020175e-01	2.968250e-02	1.420096e+05
90001	356.791961	65.000000	9.743550e-01	-1.815425e-01	1.142525e-01	1.214281e+05
90001	359.377410	65.000000	9.627263e-01	-1.923475e-01	1.819100e-01	1.242500e+05
90001	362.000603	65.000000	9.420863e-01	-2.324825e-01	2.350025e-01	1.002752e+05
90001	364.662372	65.000000	9.126850e-01	-2.898800e-01	2.784650e-01	9.764908e+04
90001	367.363575	65.000000	8.708788e-01	-3.628550e-01	3.189750e-01	9.527771e+04
90001	370.105094	65.000000	8.125875e-01	-4.441950e-01	3.606925e-01	9.698646e+04
90001	372.887839	65.000000	7.315650e-01	-5.352475e-01	4.032650e-01	1.100626e+05
90001	375.712747	65.000000	6.354238e-01	-6.167375e-01	4.449550e-01	9.516999e+04
90001	378.580784	65.000000	5.290938e-01	-6.836600e-01	4.812450e-01	1.107228e+05
90001	381.492943	65.000000	4.032387e-01	-7.393825e-01	5.159050e-01	1.093527e+05
90001	384.450253	65.000000	2.759100e-01	-7.767775e-01	5.452850e-01	1.145224e+05
90001	387.453771	65.000000	1.475787e-01	-7.963900e-01	5.663125e-01	1.240321e+05
90001	390.504588	65.000000	1.527750e-02	-7.998125e-01	5.819675e-01	1.314425e+05
90001	393.603830	65.000000	-1.219338e-01	-7.833700e-01	5.924975e-01	1.169005e+05
90001	396.752661	65.000000	-2.495713e-01	-7.509175e-01	5.940075e-01	9.318627e+04
90001	399.952279	65.000000	-3.647475e-01	-7.054075e-01	5.889625e-01	9.080584e+04
90001	403.203924	65.000000	-4.758375e-01	-6.472175e-01	5.783125e-01	9.176085e+04
90001	406.508874	65.000000	-5.663725e-01	-5.851425e-01	5.650225e-01	8.510328e+04
90001	409.868452	65.000000	-6.461625e-01	-5.194800e-01	5.444350e-01	1.035286e+05
90001	413.284022	65.000000	-7.157525e-01	-4.518450e-01	5.204875e-01	9.091211e+04
90001	416.756997	65.000000	-7.778113e-01	-3.812475e-01	4.879350e-01	9.803254e+04
90001	420.288836	65.000000	-8.277850e-01	-3.209225e-01	4.498425e-01	9.438943e+04
90001	423.881048	65.000000	-8.701562e-01	-2.628900e-01	4.033525e-01	8.906686e+04
90001	427.535195	65.000000	-9.046650e-01	-2.196100e-01	3.519225e-01	1.077947e+05
90001	431.252893	65.000000	-9.347425e-01	-1.860925e-01	2.894625e-01	8.907491e+04
90001	435.035813	65.000000	-9.603375e-01	-1.669975e-01	2.046050e-01	1.441409e+05
90001	438.885687	65.000000	-9.767300e-01	-1.647075e-01	9.147000e-02	1.709853e+05
90001	442.804309	65.000000	-9.739087e-01	-1.840325e-01	-5.153500e-02	1.462566e+05
90001	446.793537	65.000000	-9.334663e-01	-2.266925e-01	-2.306275e-01	9.192781e+04
90001	450.855297	65.000000	-8.296775e-01	-2.876425e-01	-4.407325e-01	6.694119e+04
90001	454.991584	65.000000	-6.040750e-01	-3.602250e-01	-6.722925e-01	7.336646e+04
90001	459.204469	65.000000	-2.133325e-01	-4.084825e-01	-8.447975e-01	5.414059e+04
90001	463.496099	65.000000	2.054762e-01	-3.990500e-01	-8.562375e-01	6.878426e+04
90001	467.868704	65.000000	5.611750e-01	-3.425750e-01	-7.224100e-01	1.037752e+05
90001	472.324597	65.000000	8.026762e-01	-2.618975e-01	-5.052975e-01	1.597935e+05
90001	476.866179	65.000000	9.302325e-01	-1.910700e-01	-2.748600e-01	1.904939e+05
90001	481.495948	65.000000	9.801525e-01	-1.433500e-01	-7.735250e-02	1.671679e+05
90001	486.216496	65.000000	9.845150e-01	-1.216525e-01	7.349750e-02	3.230230e+05
90001	491.030521	65.000000	9.686613e-01	-1.170675e-01	1.992250e-01	1.467904e+05
90001	495.940826	65.000000	9.408050e-01	-1.312225e-01	2.980950e-01	1.445067e+05
90001	500.950330	65.000000	9.131675e-01	-1.580800e-01	3.853050e-01	1.351057e+05
90001	506.062068	65.000000	8.751050e-01	-1.936150e-01	4.511875e-01	1.324381e+05
90001	511.279202	65.000000	8.316937e-01	-2.358100e-01	5.080075e-01	1.230070e+05
90001	516.605028	65.000000	7.792775e-01	-2.855450e-01	5.611550e-01	1.242103e+05
90001	522.042975	65.000000	7.208637e-01	-3.369400e-01	6.067075e-01	1.201178e+05
90001	527.596624	65.000000	6.587763e-01	-3.880050e-01	6.446875e-01	1.085727e+05
90001	533.269706	65.000000	5.868788e-01	-4.367550e-01	6.801500e-01	1.189135e+05
90001	539.066116	65.000000	5.029362e-01	-4.854675e-01	7.122350e-01	1.121436e+05
90001	544.989919	65.000000	4.135063e-01	-5.270925e-01	7.387175e-01	1.192429e+05
90001	551.045363	65.000000	3.216075e-01	-5.585650e-01	7.594900e-01	1.266942e+05
90001	557.236884	65.000000	2.220325e-01	-5.830975e-01	7.754775e-01	1.072912e+05
90001	563.569121	65.000000	1.175588e-01	-5.972450e-01	7.871100e-01	1.123969e+05
90001	570.046927	65.000000	1.432625e-02	-6.007100e-01	7.932275e-01	1.201657e+05
90001	576.675380	65.000000	-9.094250e-02	-5.932600e-01	7.939925e-01	1.207186e+05
90001	583.459796	65.000000	-1.937425e-01	-5.748375e-01	7.895225e-01	1.290904e+05
90001	590.405746	65.000000	-2.893975e-01	-5.472875e-01	7.789925e-01	1.251455e+05
90001	597.519068	65.000000	-3.831875e-01	-5.103250e-01	7.640550e-01	1.439399e+05
90001	604.805886	65.000000	-4.708100e-01	-4.674150e-01	7.438250e-01	1.402582e+05
90001	612.272625	65.000000	-5.475737e-01	-4.201925e-01	7.202225e-01	1.576027e+05
90001	619.926033	65.000000	-6.181500e-01	-3.678025e-01	6.919475e-01	1.187425e+05
90001	627.773198	65.000000	-6.808988e-01	-3.155900e-01	6.575150e-01	1.399113e+05
90001	635.821572	65.000000	-7.372175e-01	-2.618650e-01	6.196500e-01	1.396953e+05
90001	644.078995	65.000000	-7.880925e-01	-2.117675e-01	5.776150e-01	1.317934e+05
90001	652.553719	65.000000	-8.330875e-01	-1.643300e-01	5.266625e-01	1.477239e+05
90001	661.254435	65.000000	-8.764100e-01	-1.204150e-01	4.669350e-01	1.723085e+05
90001	670.190306	65.000000	-9.141813e-01	-8.305750e-02	3.959750e-01	1.844208e+05
90001	679.370995	65.000000	-9.500475e-01	-5.256750e-02	3.078800e-01	1.878382e+05
90001	688.806703	65.000000	-9.797650e-01	-3.161750e-02	1.997975e-01	2.674800e+05
90001	698.508206	65.000000	-9.976938e-01	-1.942750e-02	5.564750e-02	5.815882e+05
90001	708.486895	65.000000	-9.897175e-01	-2.054250e-02	-1.213700e-01	2.557532e+05
90001	718.754821	65.000000	-9.328463e-01	-2.732000e-02	-3.431050e-01	1.915518e+05
90001	729.324745	65.000000	-7.901300e-01	-4.943500e-02	-5.963650e-01	5.634946e+04
90001	740.210189	65.000000	-5.158050e-01	-7.177750e-02	-8.335600e-01	5.474952e+04
90001	751.425495	65.000000	-1.341537e-01	-8.425750e-02	-9.651875e-01	3.909077e+04
90001	762.985887	65.000000	3.026363e-01	-7.455750e-02	-9.307300e-01	4.785489e+04
90001	774.907541	65.000000	6.272088e-01	-5.180500e-02	-7.419225e-01	7.266100e+04
90001	787.207661	65.000000	8.482537e-01	-2.966750e-02	-4.905325e-01	1.360763e+05
90001	799.904559	65.000000	9.593687e-01	-1.154500e-02	-2.525200e-01	1.475409e+05
90001	813.017748	65.000000	9.854913e-01	-4.600000e-03	-4.471000e-02	1.524515e+05
90001	826.568044	65.000000	9.886900e-01	-1.058750e-02	1.128125e-01	2.434325e+05
90001	840.577672	65.000000	9.419513e-01	-2.693250e-02	2.473925e-01	1.011429e+05
90001	855.070390	65.000000	9.186100e-01	-5.598500e-02	3.493075e-01	6.369877e+04
90001	870.071625	65.000000	8.815913e-01	-8.335750e-02	4.283500e-01	4.863212e+04
90001	885.608619	65.000000	8.552125e-01	-1.192075e-01	5.024175e-01	1.439703e+05
90001	901.710593	65.000000	8.067437e-01	-1.647450e-01	5.709050e-01	1.745709e+05
90001	918.408938	65.000000	7.634350e-01	-2.065250e-01	6.212100e-01	1.514365e+05
90001	935.737408	65.000000	7.032675e-01	-2.549425e-01	6.676725e-01	1.305307e+05
90001	953.732358	65.000000	6.497987e-01	-2.987375e-01	7.065150e-01	1.423130e+05
90001	972.432993	65.000000	5.826138e-01	-3.442450e-01	7.431650e-01	1.937055e+05
90001	991.881653	65.000000	5.143012e-01	-3.860500e-01	7.771100e-01	1.770180e+05
90001	1012.124136	65.000000	4.359850e-01	-4.278475e-01	7.971025e-01	1.504470e+05
90001	1033.210055	65.000000	3.499787e-01	-4.681175e-01	8.068625e-01	1.079911e+05
90001	1055.193248	65.000000	2.578087e-01	-5.111525e-01	8.059400e-01	1.245028e+05
90001	1078.132231	65.000000	1.607850e-01	-5.412300e-01	7.987275e-01	1.170926e+05
90001	1102.090725	65.000000	7.252375e-02	-5.530700e-01	7.952125e-01	1.166456e+05
90001	1127.138242	65.000000	-1.088625e-02	-5.525525e-01	7.974350e-01	1.397551e+05
90001	1153.350759	65.000000	-9.213625e-02	-5.482300e-01	7.918775e-01	1.107977e+05
90001	1180.811491	65.000000	-1.689988e-01	-5.388975e-01	7.905525e-01	1.433274e+05
90001	1209.611772	65.000000	-2.453263e-01	-5.133475e-01	7.832125e-01	7.884464e+04
90001	1239.852066	65.000000	-3.150362e-01	-4.916550e-01	7.697925e-01	1.228975e+05
90001	1271.643145	65.000000	-3.786000e-01	-4.588750e-01	7.616700e-01	9.953191e+04
90001	1305.107438	65.000000	-4.366138e-01	-4.266800e-01	7.524250e-01	9.001948e+04
90001	1340.380612	65.000000	-4.871913e-01	-3.913800e-01	7.348475e-01	1.598349e+05
90001	1377.613407	65.000000	-5.279288e-01	-3.579350e-01	7.092600e-01	1.814117e+05
90001	1416.973790	65.000000	-5.613700e-01	-3.226525e-01	6.931850e-01	3.299116e+05
90001	1458.649489	65.000000	-5.838812e-01	-2.902775e-01	6.831150e-01	1.409966e+05
90001	1502.850989	65.000000	-6.009762e-01	-2.669525e-01	6.677325e-01	6.832861e+04
90001	1549.815082	65.000000	-6.053050e-01	-2.474050e-01	6.437050e-01	9.543438e+04
90001	1599.809117	65.000000	-5.984363e-01	-2.351500e-01	6.263850e-01	1.631921e+05
90001	1653.136088	65.000000	-5.831575e-01	-2.259000e-01	6.047825e-01	9.723622e+04
90001	1710.140781	65.000000	-5.527762e-01	-2.301000e-01	5.935650e-01	9.864942e+04
90001	1771.217237	65.000000	-5.086550e-01	-2.368525e-01	5.762300e-01	2.201182e+05
90001	1836.817876	65.000000	-4.600125e-01	-2.442025e-01	5.703275e-01	1.110875e+05
90001	1907.464717	65.000000	-3.691087e-01	-2.672050e-01	5.617100e-01	8.564697e+04
90001	1983.763306	65.000000	-2.929625e-01	-2.903150e-01	5.398150e-01	1.255713e+05
90001	2066.420110	65.000000	-1.927700e-01	-3.008250e-01	5.298750e-01	6.945772e+04
90001	190.746472	70.000000	1.103087e-01	5.106225e-01	8.137100e-01	1.141686e+04
90001	191.482945	70.000000	1.236150e-01	5.064200e-01	8.222800e-01	2.283593e+04
90001	192.225127	70.000000	1.226950e-01	5.137525e-01	8.245375e-01	3.051023e+04
90001	192.973084	70.000000	1.336850e-01	5.029300e-01	8.468875e-01	1.422085e+05
90001	193.726885	70.000000	1.311963e-01	4.860275e-01	8.313525e-01	2.145160e+04
90001	194.486599	70.000000	1.295750e-01	4.786075e-01	8.499250e-01	2.519024e+04
90001	195.252294	70.000000	1.244737e-01	4.722025e-01	8.523050e-01	3.440783e+04
90001	196.024042	70.000000	1.147087e-01	4.481500e-01	8.620825e-01	2.631765e+04
90001	196.801915	70.000000	9.964500e-02	4.520625e-01	8.757350e-01	3.995924e+04
90001	197.585987	70.000000	8.323500e-02	4.393338e-01	8.785525e-01	6.809002e+04
90001	198.376331	70.000000	6.026875e-02	4.388225e-01	8.804725e-01	8.866202e+04
90001	199.173023	70.000000	4.005375e-02	4.332625e-01	8.732850e-01	3.066416e+04
90001	199.976140	70.000000	1.360500e-02	4.377750e-01	8.782050e-01	1.971731e+04
90001	200.785760	70.000000	-1.354000e-02	4.470925e-01	8.679375e-01	3.184206e+04
90001	201.601962	70.000000	-3.810000e-02	4.539025e-01	8.652175e-01	4.043271e+04
90001	202.424827	70.000000	-5.558375e-02	4.849200e-01	8.536475e-01	3.467123e+04
90001	203.254437	70.000000	-7.690125e-02	4.970700e-01	8.312525e-01	2.065948e+04
90001	204.090875	70.000000	-8.910125e-02	5.285100e-01	8.167975e-01	2.981796e+04
90001	204.934226	70.000000	-8.936625e-02	5.610975e-01	7.991400e-01	6.257474e+04
90001	205.784575	70.000000	-8.161250e-02	5.913525e-01	7.644375e-01	1.310602e+04
90001	206.642011	70.000000	-5.587375e-02	6.242200e-01	7.387750e-01	1.664663e+04
90001	207.506622	70.000000	-3.100250e-02	6.505875e-01	7.142075e-01	1.662898e+04
90001	208.378498	70.000000	1.173500e-02	6.701525e-01	6.947100e-01	2.381295e+04
90001	209.257733	70.000000	6.362750e-02	6.864275e-01	6.776375e-01	1.052718e+04
90001	210.144418	70.000000	1.172575e-01	6.840100e-01	6.757075e-01	2.411854e+04
90001	211.038650	70.000000	1.741550e-01	6.771250e-01	6.721875e-01	1.771186e+04
90001	211.940524	70.000000	2.344612e-01	6.553650e-01	6.883150e-01	2.079422e+04
90001	212.850140	70.000000	2.726725e-01	6.216225e-01	7.075475e-01	6.306134e+04
90001	213.767598	70.000000	3.122375e-01	5.654725e-01	7.194150e-01	3.518401e+04
90001	214.692998	70.000000	3.380162e-01	5.240700e-01	7.503375e-01	1.574773e+04
90001	215.626446	70.000000	3.507000e-01	4.751900e-01	7.896350e-01	3.150482e+04
90001	216.568046	70.000000	3.452400e-01	4.078575e-01	8.226875e-01	2.130645e+04
90001	217.517906	70.000000	3.278638e-01	3.526050e-01	8.578275e-01	2.638127e+04
90001	218.476135	70.000000	2.942587e-01	2.851675e-01	8.926575e-01	5.079597e+04
90001	219.442844	70.000000	2.528000e-01	2.423000e-01	9.189275e-01	2.838479e+04
90001	220.418145	70.000000	1.839638e-01	1.973750e-01	9.356425e-01	3.045619e+04
90001	221.402155	70.000000	1.002750e-01	1.535250e-01	9.554350e-01	3.750585e+04
90001	222.394989	70.000000	1.536125e-02	1.207825e-01	9.636025e-01	1.538472e+04
90001	223.396769	70.000000	-8.153500e-02	1.152175e-01	9.751575e-01	1.035317e+05
90001	224.407614	70.000000	-1.827775e-01	1.186875e-01	9.459375e-01	1.479305e+04
90001	225.427648	70.000000	-2.859738e-01	1.417750e-01	9.134800e-01	1.037859e+04
90001	226.456998	70.000000	-3.804338e-01	1.805175e-01	8.641300e-01	1.008214e+04
90001	227.495792	70.000000	-4.668837e-01	2.360625e-01	8.096225e-01	7.298966e+03
90001	228.544160	70.000000	-5.363700e-01	2.931775e-01	7.384975e-01	1.243915e+04
90001	229.602234	70.000000	-5.900062e-01	3.891100e-01	6.342950e-01	1.143889e+04
90001	230.670152	70.000000	-6.150487e-01	4.718750e-01	5.339675e-01	7.405422e+03
90001	231.748050	70.000000	-6.097025e-01	5.687475e-01	4.070275e-01	8.527223e+03
90001	232.836069	70.000000	-5.542325e-01	6.871750e-01	2.715700e-01	2.162865e+04
90001	233.934352	70.000000	-4.354088e-01	7.991100e-01	1.310025e-01	3.934647e+04
90001	235.043046	70.000000	-2.533125e-01	8.741750e-01	3.407000e-02	1.389837e+04
90001	236.162298	70.000000	-3.050625e-02	9.145350e-01	-2.793500e-02	1.248828e+04
90001	237.292261	70.000000	2.010963e-01	8.980500e-01	-2.742500e-02	6.139350e+03
90001	238.433090	70.000000	4.055662e-01	8.470250e-01	3.897500e-02	9.327228e+03
90001	239.584940	70.000000	5.500337e-01	7.634225e-01	1.321000e-01	1.182629e+04
90001	240.747974	70.000000	6.465137e-01	6.804175e-01	2.133775e-01	1.151142e+04
90001	241.922354	70.000000	7.087737e-01	5.765725e-01	3.232400e-01	2.934545e+04
90001	243.108248	70.000000	7.428887e-01	4.899375e-01	4.003475e-01	2.391282e+04
90001	244.305826	70.000000	7.622187e-01	3.856875e-01	4.711975e-01	4.912826e+04
90001	245.515261	70.000000	7.643500e-01	2.928400e-01	5.338900e-01	7.171247e+04
90001	246.736730	70.000000	7.522500e-01	1.860625e-01	5.860975e-01	2.990979e+04
90001	247.970413	70.000000	7.264575e-01	8.120250e-02	6.383450e-01	3.972600e+04
90001	249.216496	70.000000	6.774887e-01	-2.772500e-02	6.877175e-01	1.957642e+04
90001	250.475165	70.000000	6.086171e-01	-1.479133e-01	7.296025e-01	1.444393e+04
90001	251.746612	70.000000	5.096063e-01	-2.547250e-01	7.668000e-01	2.090898e+04
90001	253.031034	70.000000	3.754550e-01	-3.636650e-01	7.927150e-01	1.326113e+04
90001	254.328629	70.000000	2.154038e-01	-4.402425e-01	8.099725e-01	1.120301e+04
90001	255.639601	70.000000	3.024500e-02	-5.001925e-01	8.049350e-01	1.522496e+04
90001	256.964159	70.000000	-1.664900e-01	-5.232425e-01	7.759750e-01	1.056306e+04
90001	258.302514	70.000000	-3.500671e-01	-4.995533e-01	7.324025e-01	7.278349e+03
90001	259.654883	70.000000	-5.189763e-01	-4.467400e-01	6.730050e-01	2.162427e+04
90001	261.021488	70.000000	-6.606787e-01	-3.726675e-01	5.898950e-01	1.512414e+04
90001	262.402554	70.000000	-7.757312e-01	-2.905075e-01	5.024375e-01	2.189784e+04
90001	263.798312	70.000000	-8.521025e-01	-2.031300e-01	4.081150e-01	2.464762e+04
90001	265.208998	70.000000	-9.127225e-01	-1.326175e-01	3.072750e-01	3.061280e+04
90001	266.634853	70.000000	-9.491300e-01	-6.676500e-02	1.901075e-01	2.969732e+04
90001	268.076122	70.000000	-9.661863e-01	-3.711250e-02	5.200500e-02	4.619285e+04
90001	269.533058	70.000000	-9.519550e-01	-3.416750e-02	-1.201975e-01	2.288031e+04
90001	271.005916	70.000000	-8.590575e-01	-7.799250e-02	-3.541300e-01	6.888481e+03
90001	272.494960	70.000000	-6.306163e-01	-1.440775e-01	-6.143325e-01	5.405750e+03
90001	274.000457	70.000000	-2.039575e-01	-1.885075e-01	-7.870150e-01	3.738582e+03
90001	275.522681	70.000000	3.328675e-01	-1.393050e-01	-7.541750e-01	1.295612e+04
90001	277.061914	70.000000	6.975763e-01	-2.726000e-02	-5.559700e-01	1.841248e+04
90001	278.618442	70.000000	8.855887e-01	9.778500e-02	-3.202250e-01	3.845081e+04
90001	280.192557	70.000000	9.436550e-01	1.772650e-01	-1.365475e-01	6.872641e+04
90001	281.784560	70.000000	9.617988e-01	2.131075e-01	-1.867500e-03	9.714220e+04
90001	283.394758	70.000000	9.597212e-01	2.052750e-01	9.790500e-02	2.989857e+05
90001	285.023463	70.000000	9.567400e-01	1.706200e-01	1.688825e-01	1.600547e+05
90001	286.670998	70.000000	9.550288e-01	1.095250e-01	2.253150e-01	1.335619e+05
90001	288.337690	70.000000	9.441525e-01	3.193000e-02	2.776375e-01	1.183558e+05
90001	290.023875	70.000000	9.173225e-01	-9.149250e-02	3.423525e-01	1.725684e+05
90001	291.729898	70.000000	8.723488e-01	-2.077675e-01	3.945325e-01	7.972141e+04
90001	293.456110	70.000000	7.993125e-01	-3.378100e-01	4.501350e-01	7.348610e+04
90001	295.202873	70.000000	6.936538e-01	-4.652200e-01	5.020550e-01	4.861505e+04
90001	296.970555	70.000000	5.557875e-01	-5.785800e-01	5.456375e-01	4.444966e+04
90001	298.759534	70.000000	3.895138e-01	-6.694350e-01	5.808350e-01	4.307720e+04
90001	300.570198	70.000000	2.046100e-01	-7.270775e-01	6.035275e-01	3.895967e+04
90001	302.402943	70.000000	1.433250e-02	-7.488300e-01	6.130700e-01	4.034518e+04
90001	304.258176	70.000000	-1.856137e-01	-7.328950e-01	6.094400e-01	5.789633e+04
90001	306.136313	70.000000	-3.549775e-01	-6.887675e-01	5.933075e-01	6.426892e+04
90001	308.037780	70.000000	-5.082675e-01	-6.156950e-01	5.671575e-01	8.442851e+04
90001	309.963016	70.000000	-6.390638e-01	-5.246300e-01	5.308775e-01	7.367657e+04
90001	311.912469	70.000000	-7.397675e-01	-4.307500e-01	4.905050e-01	7.125365e+04
90001	313.886599	70.000000	-8.216925e-01	-3.296875e-01	4.412900e-01	8.531585e+04
90001	315.885877	70.000000	-8.793038e-01	-2.394750e-01	3.921650e-01	1.003120e+05
90001	317.910786	70.000000	-9.221287e-01	-1.567800e-01	3.341500e-01	1.040957e+05
90001	319.961823	70.000000	-9.517338e-01	-9.579750e-02	2.718700e-01	9.195582e+04
90001	322.039498	70.000000	-9.728012e-01	-5.876250e-02	1.995950e-01	1.099812e+05
90001	324.144331	70.000000	-9.853262e-01	-4.768000e-02	1.192750e-01	1.221989e+05
90001	326.276859	70.000000	-9.892912e-01	-6.998000e-02	1.072000e-02	1.688765e+05
90001	328.437633	70.000000	-9.666325e-01	-1.346100e-01	-1.374375e-01	6.457766e+04
90001	330.627218	70.000000	-8.892650e-01	-2.401100e-01	-3.160250e-01	3.435341e+04
90001	332.846192	70.000000	-6.821325e-01	-3.847050e-01	-5.409625e-01	2.191112e+04
90001	335.095153	70.000000	-3.120900e-01	-4.986000e-01	-7.210500e-01	2.490421e+04
90001	337.374712	70.000000	1.862187e-01	-4.952050e-01	-7.611725e-01	5.459555e+04
90001	339.685498	70.000000	6.219700e-01	-3.530375e-01	-6.217775e-01	4.502802e+04
90001	342.028156	70.000000	8.657837e-01	-1.714325e-01	-4.082925e-01	5.503784e+04
90001	344.403352	70.000000	9.628788e-01	-2.360250e-02	-2.126250e-01	1.275100e+05
90001	346.811767	70.000000	9.887650e-01	6.651250e-02	-6.866250e-02	1.976217e+05
90001	349.254103	70.000000	9.891325e-01	1.135500e-01	4.186000e-02	1.626300e+05
90001	351.731083	70.000000	9.823163e-01	1.261125e-01	1.259650e-01	1.429613e+05
90001	354.243447	70.000000	9.734687e-01	1.084025e-01	1.945275e-01	1.306740e+05
90001	356.791961	70.000000	9.652113e-01	6.825750e-02	2.473000e-01	1.258035e+05
90001	359.377410	70.000000	9.537100e-01	3.840000e-03	2.950925e-01	1.115506e+05
90001	362.000603	70.000000	9.345663e-01	-7.982250e-02	3.392325e-01	1.223824e+05
90001	364.662372	70.000000	9.014988e-01	-1.799875e-01	3.834125e-01	1.020895e+05
90001	367.363575	70.000000	8.477950e-01	-2.904300e-01	4.308950e-01	9.724138e+04
90001	370.105094	70.000000	7.654425e-01	-4.042725e-01	4.827225e-01	8.570173e+04
90001	372.887839	70.000000	6.428350e-01	-5.204125e-01	5.397250e-01	7.103123e+04
90001	375.712747	70.000000	4.952787e-01	-6.123525e-01	5.939225e-01	7.913523e+04
90001	378.580784	70.000000	3.345775e-01	-6.722300e-01	6.377575e-01	8.365865e+04
90001	381.492943	70.000000	1.510562e-01	-7.038550e-01	6.731025e-01	9.425178e+04
90001	384.450253	70.000000	-2.375625e-02	-7.001875e-01	6.931475e-01	8.882675e+04
90001	387.453771	70.000000	-1.848562e-01	-6.707025e-01	6.987750e-01	8.812454e+04
90001	390.504588	70.000000	-3.368687e-01	-6.175750e-01	6.952125e-01	1.060154e+05
90001	393.603830	70.000000	-4.783338e-01	-5.400900e-01	6.779200e-01	1.179764e+05
90001	396.752661	70.000000	-5.932263e-01	-4.536275e-01	6.503350e-01	9.771429e+04
90001	399.952279	70.000000	-6.852850e-01	-3.643650e-01	6.184525e-01	9.456165e+04
90001	403.203924	70.000000	-7.615025e-01	-2.695600e-01	5.787475e-01	9.758665e+04
90001	406.508874	70.000000	-8.154125e-01	-1.840550e-01	5.377875e-01	9.784386e+04
90001	409.868452	70.000000	-8.575650e-01	-1.065175e-01	4.939200e-01	1.047883e+05
90001	413.284022	70.000000	-8.902963e-01	-3.551000e-02	4.446950e-01	1.237396e+05
90001	416.756997	70.000000	-9.169038e-01	2.807250e-02	3.882250e-01	1.198042e+05
90001	420.288836	70.000000	-9.382012e-01	7.526000e-02	3.255375e-01	1.347720e+05
90001	423.881048	70.000000	-9.575050e-01	1.105375e-01	2.511900e-01	1.684531e+05
90001	427.535195	70.000000	-9.732900e-01	1.284725e-01	1.651300e-01	1.606507e+05
90001	431.252893	70.000000	-9.846963e-01	1.305250e-01	5.770750e-02	1.678781e+05
90001	435.035813	70.000000	-9.824462e-01	1.090200e-01	-8.955500e-02	1.425353e+05
90001	438.885687	70.000000	-9.440963e-01	6.476250e-02	-2.850425e-01	1.038258e+05
90001	442.804309	70.000000	-8.328338e-01	9.550000e-04	-5.144300e-01	7.824590e+04
90001	446.793537	70.000000	-6.029450e-01	-6.912000e-02	-7.573675e-01	6.147157e+04
90001	450.855297	70.000000	-2.476950e-01	-1.148050e-01	-9.253450e-01	6.082623e+04
90001	454.991584	70.000000	2.009162e-01	-1.009100e-01	-9.345550e-01	4.234267e+04
90001	459.204469	70.000000	6.069637e-01	-3.190250e-02	-7.604425e-01	7.107744e+04
90001	463.496099	70.000000	8.322500e-01	4.953000e-02	-5.219300e-01	1.047647e+05
90001	467.868704	70.000000	9.378850e-01	1.159500e-01	-3.002600e-01	1.453039e+05
90001	472.324597	70.000000	9.753800e-01	1.588000e-01	-1.070925e-01	2.005913e+05
90001	476.866179	70.000000	9.771688e-01	1.783275e-01	4.626500e-02	2.236013e+05
90001	481.495948	70.000000	9.642162e-01	1.810500e-01	1.748525e-01	1.898727e+05
90001	486.216496	70.000000	9.439225e-01	1.676875e-01	2.695950e-01	1.279814e+05
90001	491.030521	70.000000	9.197425e-01	1.388900e-01	3.542500e-01	1.241450e+05
90001	495.940826	70.000000	8.928713e-01	1.022975e-01	4.289725e-01	1.321712e+05
90001	500.950330	70.000000	8.675112e-01	5.720250e-02	5.006375e-01	1.294919e+05
90001	506.062068	70.000000	8.317438e-01	6.650000e-03	5.611425e-01	1.300392e+05
90001	511.279202	70.000000	7.879413e-01	-4.966250e-02	6.181650e-01	1.169267e+05
90001	516.605028	70.000000	7.318100e-01	-1.112975e-01	6.740975e-01	1.137597e+05
90001	522.042975	70.000000	6.649588e-01	-1.725525e-01	7.264225e-01	1.187834e+05
90001	527.596624	70.000000	5.902812e-01	-2.300825e-01	7.721900e-01	1.199889e+05
90001	533.269706	70.000000	5.016225e-01	-2.826275e-01	8.146700e-01	1.151763e+05
90001	539.066116	70.000000	3.949487e-01	-3.310975e-01	8.532200e-01	1.108532e+05
90001	544.989919	70.000000	2.826525e-01	-3.673525e-01	8.816500e-01	1.070184e+05
90001	551.045363	70.000000	1.676750e-01	-3.887775e-01	9.005025e-01	1.225763e+05
90001	557.236884	70.000000	4.615375e-02	-3.969200e-01	9.116700e-01	1.252766e+05
90001	563.569121	70.000000	-7.716750e-02	-3.899175e-01	9.127050e-01	1.208910e+05
90001	570.046927	70.000000	-1.946137e-01	-3.688850e-01	9.039850e-01	1.256402e+05
90001	576.675380	70.000000	-3.079225e-01	-3.354500e-01	8.859800e-01	1.295798e+05
90001	583.459796	70.000000	-4.113100e-01	-2.905600e-01	8.598825e-01	1.289718e+05
90001	590.405746	70.000000	-5.012875e-01	-2.386025e-01	8.268400e-01	1.249300e+05
90001	597.519068	70.000000	-5.830125e-01	-1.801675e-01	7.883425e-01	1.355650e+05
90001	604.805886	70.000000	-6.538675e-01	-1.187050e-01	7.454250e-01	1.523357e+05
90001	612.272625	70.000000	-7.108450e-01	-5.854250e-02	6.995975e-01	1.433163e+05
90001	619.926033	70.000000	-7.597437e-01	2.382500e-03	6.497100e-01	1.657256e+05
90001	627.773198	70.000000	-8.008537e-01	5.765500e-02	5.954700e-01	1.494291e+05
90001	635.821572	70.000000	-8.356138e-01	1.098325e-01	5.376725e-01	1.717656e+05
90001	644.078995	70.000000	-8.659400e-01	1.561450e-01	4.747800e-01	1.874619e+05
90001	652.553719	70.000000	-8.932150e-01	1.960600e-01	4.052075e-01	2.099691e+05
90001	661.254435	70.000000	-9.184450e-01	2.310450e-01	3.212525e-01	2.670041e+05
90001	670.190306	70.000000	-9.400838e-01	2.570975e-01	2.240575e-01	2.614299e+05
90001	679.370995	70.000000	-9.548988e-01	2.772775e-01	1.025900e-01	2.805482e+05
90001	688.806703	70.000000	-9.558212e-01	2.860675e-01	-4.541000e-02	2.001423e+05
90001	698.508206	70.000000	-9.248375e-01	2.882400e-01	-2.345400e-01	1.345585e+05
90001	708.486895	70.000000	-8.366075e-01	2.795875e-01	-4.550125e-01	1.033079e+05
90001	718.754821	70.000000	-6.553175e-01	2.688175e-01	-6.898850e-01	7.007039e+04
90001	729.324745	70.000000	-3.572637e-01	2.558300e-01	-8.816475e-01	6.449438e+04
90001	740.210189	70.000000	3.077125e-02	2.530200e-01	-9.501900e-01	6.158008e+04
90001	751.425495	70.000000	3.987337e-01	2.623050e-01	-8.594800e-01	5.723519e+04
90001	762.985887	70.000000	6.893700e-01	2.797400e-01	-6.527475e-01	2.027809e+05
90001	774.907541	70.000000	8.404263e-01	2.934625e-01	-4.176550e-01	1.386387e+05
90001	787.207661	70.000000	9.207313e-01	3.025725e-01	-2.041025e-01	2.498997e+05
90001	799.904559	70.000000	9.476450e-01	2.975250e-01	-2.620750e-02	1.986995e+05
90001	813.017748	70.000000	9.397000e-01	2.832925e-01	1.205500e-01	2.264959e+05
90001	826.568044	70.000000	9.274112e-01	2.676000e-01	2.391150e-01	1.829796e+05
90001	840.577672	70.000000	8.889275e-01	2.395100e-01	3.386525e-01	1.007918e+05
90001	855.070390	70.000000	8.654150e-01	2.048600e-01	4.080625e-01	6.313643e+04
90001	870.071625	70.000000	8.384775e-01	1.631825e-01	4.910150e-01	1.524101e+05
90001	885.608619	70.000000	8.197675e-01	1.316500e-01	5.640875e-01	2.245977e+05
90001	901.710593	70.000000	7.783737e-01	8.111500e-02	6.308800e-01	2.312473e+05
90001	918.408938	70.000000	7.393137e-01	3.673000e-02	6.837675e-01	2.170483e+05
90001	935.737408	70.000000	6.833300e-01	-1.768250e-02	7.361350e-01	2.577840e+05
90001	953.732358	70.000000	6.283475e-01	-6.578250e-02	7.839800e-01	1.675145e+05
90001	972.432993	70.000000	5.590075e-01	-1.175300e-01	8.284275e-01	1.866590e+05
90001	991.881653	70.000000	4.841513e-01	-1.622000e-01	8.707300e-01	2.170787e+05
90001	1012.124136	70.000000	3.980450e-01	-2.040300e-01	9.046650e-01	1.489970e+05
90001	1033.210055	70.000000	3.014450e-01	-2.405275e-01	9.223575e-01	1.231215e+05
90001	1055.193248	70.000000	1.985762e-01	-2.782750e-01	9.365250e-01	1.402571e+05
90001	1078.132231	70.000000	9.078875e-02	-3.006475e-01	9.435375e-01	1.042140e+05
90001	1102.090725	70.000000	-8.681250e-03	-3.045675e-01	9.433750e-01	1.143065e+05
90001	1127.138242	70.000000	-1.017600e-01	-2.964325e-01	9.413200e-01	1.001011e+05
90001	1153.350759	70.000000	-1.896888e-01	-2.794300e-01	9.287750e-01	1.265422e+05
90001	1180.811491	70.000000	-2.706725e-01	-2.542550e-01	9.186825e-01	1.558085e+05
90001	1209.611772	70.000000	-3.477563e-01	-2.198950e-01	8.970350e-01	1.368247e+05
90001	1239.852066	70.000000	-4.151500e-01	-1.840425e-01	8.732925e-01	1.312613e+05
90001	1271.643145	70.000000	-4.735612e-01	-1.436500e-01	8.477450e-01	1.133423e+05
90001	1305.107438	70.000000	-5.228687e-01	-1.032750e-01	8.190725e-01	7.869962e+04
90001	1340.380612	70.000000	-5.607125e-01	-6.013750e-02	7.846625e-01	1.541170e+05
90001	1377.613407	70.000000	-5.891950e-01	-2.087750e-02	7.499625e-01	9.163759e+04
90001	1416.973790	70.000000	-6.100062e-01	1.549000e-02	7.185650e-01	1.156755e+05
90001	1458.649489	70.000000	-6.197012e-01	4.505750e-02	6.844800e-01	2.394808e+05
90001	1502.850989	70.000000	-6.221600e-01	6.352750e-02	6.619100e-01	9.090779e+04
90001	1549.815082	70.000000	-6.127162e-01	8.338250e-02	6.263400e-01	1.570262e+05
90001	1599.809117	70.000000	-5.944375e-01	8.524250e-02	6.080675e-01	1.443877e+05
90001	1653.136088	70.000000	-5.685825e-01	8.370250e-02	5.852925e-01	1.318877e+05
90001	1710.140781	70.000000	-5.308950e-01	7.659000e-02	5.667825e-01	8.108065e+04
90001	1771.217237	70.000000	-4.789762e-01	5.810250e-02	5.446200e-01	3.176534e+05
90001	1836.817876	70.000000	-4.058950e-01	5.413500e-02	5.319450e-01	7.139714e+04
90001	1907.464717	70.000000	-3.321713e-01	-2.022500e-03	5.123725e-01	3.753523e+05
90001	1983.763306	70.000000	-2.450875e-01	-1.524000e-02	4.973525e-01	2.624850e+05
90001	2066.420110	70.000000	-1.418237e-01	-2.992250e-02	4.970600e-01	7.006681e+04
90001	190.746472	75.000000	9.351750e-02	6.956300e-01	6.711825e-01	3.397816e+04
90001	191.482945	75.000000	1.044200e-01	6.923025e-01	6.662250e-01	2.808163e+04
90001	192.225127	75.000000	1.029700e-01	6.957125e-01	6.844775e-01	3.587290e+04
90001	192.973084	75.000000	1.064513e-01	7.019500e-01	6.881300e-01	2.631235e+04
90001	193.726885	75.000000	9.483625e-02	6.858075e-01	6.977925e-01	4.272818e+04
90001	194.486599	75.000000	9.404500e-02	6.889225e-01	6.958150e-01	3.591557e+04
90001	195.252294	75.000000	8.387750e-02	6.764900e-01	7.152300e-01	2.104783e+04
90001	196.024042	75.000000	6.658500e-02	6.793925e-01	7.147400e-01	3.380385e+04
90001	196.801915	75.000000	5.428500e-02	6.763375e-01	7.256700e-01	2.500781e+04
90001	197.585987	75.000000	3.941375e-02	6.745967e-01	7.232900e-01	3.393646e+04
90001	198.376331	75.000000	2.308375e-02	6.777000e-01	7.146600e-01	2.994612e+04
90001	199.173023	75.000000	-1.837500e-04	6.852475e-01	7.173050e-01	5.387960e+04
90001	199.976140	75.000000	-1.165000e-02	6.941950e-01	7.087575e-01	4.477586e+04
90001	200.785760	75.000000	-2.916125e-02	6.967000e-01	6.920675e-01	2.046352e+04
90001	201.601962	75.000000	-3.892250e-02	7.143000e-01	6.760150e-01	1.362189e+04
90001	202.424827	75.000000	-4.487375e-02	7.253075e-01	6.526950e-01	5.881874e+04
90001	203.254437	75.000000	-4.528250e-02	7.452625e-01	6.331500e-01	5.016181e+04
90001	204.090875	75.000000	-3.867125e-02	7.679500e-01	6.082925e-01	7.595433e+04
90001	204.934226	75.000000	-2.367000e-02	7.790750e-01	5.864775e-01	3.162033e+04
90001	205.784575	75.000000	-5.096250e-03	7.941675e-01	5.775375e-01	2.991381e+04
90001	206.642011	75.000000	2.150000e-02	8.008575e-01	5.626650e-01	3.026089e+04
90001	207.506622	75.000000	4.559375e-02	8.074350e-01	5.543325e-01	3.271365e+04
90001	208.378498	75.000000	8.489625e-02	8.077225e-01	5.371375e-01	7.443879e+04
90001	209.257733	75.000000	1.179488e-01	8.043175e-01	5.411500e-01	2.146875e+04
90001	210.144418	75.000000	1.576500e-01	7.906500e-01	5.516400e-01	2.107045e+04
90001	211.038650	75.000000	1.906087e-01	7.814375e-01	5.714375e-01	3.585410e+04
90001	211.940524	75.000000	2.158775e-01	7.559225e-01	5.858250e-01	4.702867e+04
90001	212.850140	75.000000	2.424938e-01	7.346125e-01	6.207750e-01	6.794330e+04
90001	213.767598	75.000000	2.496087e-01	7.037875e-01	6.529250e-01	1.457936e+05
90001	214.692998	75.000000	2.562612e-01	6.634200e-01	6.883925e-01	8.728112e+04
90001	215.626446	75.000000	2.442362e-01	6.250025e-01	7.270250e-01	7.905246e+04
90001	216.568046	75.000000	2.259288e-01	5.872650e-01	7.666025e-01	3.778918e+04
90001	217.517906	75.000000	1.899575e-01	5.610400e-01	7.899600e-01	6.131798e+04
90001	218.476135	75.000000	1.432537e-01	5.203750e-01	8.322725e-01	7.098241e+04
90001	219.442844	75.000000	8.921500e-02	4.950200e-01	8.554250e-01	4.741390e+04
90001	220.418145	75.000000	1.707375e-02	4.733250e-01	8.513825e-01	2.116222e+04
90001	221.402155	75.000000	-6.402000e-02	4.708025e-01	8.604225e-01	1.931234e+04
90001	222.394989	75.000000	-1.483625e-01	4.704850e-01	8.470950e-01	1.139951e+04
90001	223.396769	75.000000	-2.292413e-01	4.873775e-01	8.102350e-01	1.014826e+04
90001	224.407614	75.000000	-3.037850e-01	5.114975e-01	7.609975e-01	2.034655e+04
90001	225.427648	75.000000	-3.641313e-01	5.508900e-01	6.996300e-01	8.475327e+03
90001	226.456998	75.000000	-4.137588e-01	6.060400e-01	6.300375e-01	1.140188e+04
90001	227.495792	75.000000	-4.401638e-01	6.489100e-01	5.485275e-01	1.589314e+04
90001	228.544160	75.000000	-4.442238e-01	7.111975e-01	4.650875e-01	1.147948e+04
90001	229.602234	75.000000	-4.255363e-01	7.727825e-01	3.619500e-01	1.006416e+04
90001	230.670152	75.000000	-3.769925e-01	8.395850e-01	2.651600e-01	1.703372e+04
90001	231.748050	75.000000	-2.883688e-01	8.897300e-01	1.674950e-01	1.900374e+04
90001	232.836069	75.000000	-1.679350e-01	9.258075e-01	9.613750e-02	1.728584e+04
90001	233.934352	75.000000	-2.413625e-02	9.561650e-01	5.879000e-02	2.160148e+04
90001	235.043046	75.000000	1.273700e-01	9.440450e-01	5.547250e-02	1.907833e+04
90001	236.162298	75.000000	2.634637e-01	9.243075e-01	8.858000e-02	2.395778e+04
90001	237.292261	75.000000	3.731612e-01	8.792200e-01	1.444975e-01	3.662502e+04
90001	238.433090	75.000000	4.634650e-01	8.292900e-01	2.126750e-01	3.994433e+04
90001	239.584940	75.000000	5.249413e-01	7.723275e-01	2.829525e-01	2.032526e+04
90001	240.747974	75.000000	5.715862e-01	7.072425e-01	3.469250e-01	9.539466e+04
90001	241.922354	75.000000	6.044788e-01	6.369575e-01	4.163500e-01	4.204120e+04
90001	243.108248	75.000000	6.256862e-01	5.755950e-01	4.737825e-01	6.542592e+04
90001	244.305826	75.000000	6.352313e-01	4.955400e-01	5.557650e-01	4.379324e+04
90001	245.515261	75.000000	6.323700e-01	4.090425e-01	6.221825e-01	7.507462e+04
90001	246.736730	75.000000	6.105750e-01	3.149325e-01	6.836550e-01	2.405848e+04
90001	247.970413	75.000000	5.634912e-01	2.111975e-01	7.618725e-01	3.940547e+04
90001	249.216496	75.000000	4.849612e-01	9.912000e-02	8.309350e-01	2.915255e+04
90001	250.475165	75.000000	3.768600e-01	1.074750e-02	8.773650e-01	1.510747e+04
90001	251.746612	75.000000	2.178063e-01	-7.640000e-02	9.238550e-01	1.143240e+04
90001	253.031034	75.000000	3.172375e-02	-1.340350e-01	9.341500e-01	8.332509e+03
90001	254.328629	75.000000	-1.772788e-01	-1.607875e-01	9.159525e-01	8.595494e+03
90001	255.639601	75.000000	-3.811312e-01	-1.404950e-01	8.535400e-01	9.370690e+03
90001	256.964159	75.000000	-5.578475e-01	-7.967000e-02	7.627225e-01	1.111582e+04
90001	258.302514	75.000000	-6.880487e-01	3.925000e-04	6.622625e-01	1.444182e+04
90001	259.654883	75.000000	-7.827188e-01	8.716000e-02	5.487650e-01	1.849676e+04
90001	261.021488	75.000000	-8.464875e-01	1.819850e-01	4.415475e-01	2.640263e+04
90001	262.402554	75.000000	-8.812675e-01	2.528800e-01	3.117850e-01	2.163090e+04
90001	263.798312	75.000000	-9.006263e-01	3.121050e-01	1.962775e-01	2.335803e+04
90001	265.208998	75.000000	-9.035450e-01	3.472075e-01	5.550000e-02	1.708018e+04
90001	266.634853	75.000000	-8.866312e-01	3.565850e-01	-1.180475e-01	1.671593e+04
90001	268.076122	75.000000	-8.168325e-01	3.392000e-01	-3.340725e-01	1.567387e+04
90001	269.533058	75.000000	-6.372638e-01	2.943175e-01	-5.774150e-01	5.222855e+03
90001	271.005916	75.000000	-2.619788e-01	2.722975e-01	-7.809000e-01	3.513687e+03
90001	272.494960	75.000000	2.107525e-01	2.882025e-01	-7.851500e-01	1.575898e+04
90001	274.000457	75.000000	5.799700e-01	3.570425e-01	-5.845050e-01	9.527615e+03
90001	275.522681	75.000000	7.644000e-01	4.429075e-01	-3.399400e-01	1.278550e+04
90001	277.061914	75.000000	8.199862e-01	4.967750e-01	-1.549550e-01	2.855100e+04
90001	278.618442	75.000000	8.338737e-01	5.153025e-01	-2.117750e-02	3.572383e+04
90001	280.192557	75.000000	8.398688e-01	5.097950e-01	7.201500e-02	5.543748e+04
90001	281.784560	75.000000	8.496838e-01	4.827400e-01	1.412375e-01	8.726566e+04
90001	283.394758	75.000000	8.644662e-01	4.381350e-01	2.010925e-01	8.721879e+04
90001	285.023463	75.000000	8.804400e-01	3.643000e-01	2.575150e-01	6.620869e+04
90001	286.670998	75.000000	8.939813e-01	2.701475e-01	3.147975e-01	1.087869e+05
90001	288.337690	75.000000	8.941438e-01	1.690450e-01	3.771225e-01	5.122572e+04
90001	290.023875	75.000000	8.607137e-01	8.092500e-03	4.609525e-01	6.164503e+04
90001	291.729898	75.000000	7.963212e-01	-1.412900e-01	5.370725e-01	4.459629e+04
90001	293.456110	75.000000	6.726525e-01	-3.038050e-01	6.182075e-01	4.966878e+04
90001	295.202873	75.000000	4.936700e-01	-4.410700e-01	6.909825e-01	3.515307e+04
90001	296.970555	75.000000	2.657775e-01	-5.361000e-01	7.420450e-01	2.965300e+04
90001	298.759534	75.000000	1.052875e-02	-5.720400e-01	7.628750e-01	2.357812e+04
90001	300.570198	75.000000	-2.346362e-01	-5.465525e-01	7.519825e-01	2.424849e+04
90001	302.402943	75.000000	-4.476800e-01	-4.682475e-01	7.150925e-01	3.049436e+04
90001	304.258176	75.000000	-6.278138e-01	-3.495475e-01	6.541000e-01	4.210675e+04
90001	306.136313	75.000000	-7.450737e-01	-2.311900e-01	5.904000e-01	7.072909e+04
90001	308.037780	75.000000	-8.266250e-01	-1.063300e-01	5.224150e-01	8.600746e+04
90001	309.963016	75.000000	-8.761075e-01	9.957500e-03	4.536425e-01	1.010066e+05
90001	311.912469	75.000000	-9.034825e-01	1.061325e-01	3.880825e-01	9.913102e+04
90001	313.886599	75.000000	-9.183750e-01	1.895375e-01	3.213950e-01	9.718036e+04
90001	315.885877	75.000000	-9.256000e-01	2.502400e-01	2.551525e-01	1.038037e+05
90001	317.910786	75.000000	-9.327375e-01	2.890775e-01	1.803700e-01	7.970692e+04
90001	319.961823	75.000000	-9.412112e-01	3.007950e-01	9.389750e-02	8.002979e+04
90001	322.039498	75.000000	-9.498150e-01	2.820275e-01	-1.360750e-02	8.152897e+04
90001	324.144331	75.000000	-9.475638e-01	2.283500e-01	-1.529350e-01	7.403217e+04
90001	326.276859	75.000000	-9.016625e-01	1.285350e-01	-3.473925e-01	4.120715e+04
90001	328.437633	75.000000	-7.328687e-01	-2.237500e-02	-6.043700e-01	1.450305e+04
90001	330.627218	75.000000	-3.774425e-01	-1.475475e-01	-8.260800e-01	1.325987e+04
90001	332.846192	75.000000	1.784363e-01	-1.551725e-01	-8.807375e-01	3.741553e+04
90001	335.095153	75.000000	6.148562e-01	-1.137250e-02	-7.121575e-01	2.527416e+04
90001	337.374712	75.000000	8.375438e-01	1.698050e-01	-4.608325e-01	2.886469e+04
90001	339.685498	75.000000	9.049175e-01	3.113050e-01	-2.388850e-01	5.713423e+04
90001	342.028156	75.000000	9.074938e-01	3.933175e-01	-8.321750e-02	6.778021e+04
90001	344.403352	75.000000	8.957750e-01	4.331175e-01	2.634250e-02	7.653066e+04
90001	346.811767	75.000000	8.864750e-01	4.428200e-01	1.021725e-01	8.178257e+04
90001	349.254103	75.000000	8.832700e-01	4.325300e-01	1.669425e-01	9.142725e+04
90001	351.731083	75.000000	8.859663e-01	4.029725e-01	2.195825e-01	9.822273e+04
90001	354.243447	75.000000	8.928888e-01	3.525325e-01	2.721825e-01	1.049737e+05
90001	356.791961	75.000000	9.006175e-01	2.856775e-01	3.199825e-01	1.115628e+05
90001	359.377410	75.000000	9.039400e-01	1.972325e-01	3.717425e-01	1.096261e+05
90001	362.000603	75.000000	8.946763e-01	8.392000e-02	4.275275e-01	9.007849e+04
90001	364.662372	75.000000	8.613850e-01	-4.651000e-02	4.913850e-01	7.342994e+04
90001	367.363575	75.000000	7.910175e-01	-1.893275e-01	5.635625e-01	6.934720e+04
90001	370.105094	75.000000	6.684875e-01	-3.316125e-01	6.423675e-01	7.102547e+04
90001	372.887839	75.000000	4.813550e-01	-4.565700e-01	7.234425e-01	5.345704e+04
90001	375.712747	75.000000	2.581188e-01	-5.269225e-01	7.860000e-01	7.237111e+04
90001	378.580784	75.000000	2.805625e-02	-5.387275e-01	8.193300e-01	7.920523e+04
90001	381.492943	75.000000	-2.056525e-01	-4.937850e-01	8.240425e-01	8.484920e+04
90001	384.450253	75.000000	-3.953525e-01	-4.126875e-01	8.020050e-01	1.099703e+05
90001	387.453771	75.000000	-5.436250e-01	-3.104400e-01	7.633575e-01	1.093111e+05
90001	390.504588	75.000000	-6.593550e-01	-1.949825e-01	7.116625e-01	1.201302e+05
90001	393.603830	75.000000	-7.447475e-01	-7.430750e-02	6.513725e-01	1.265891e+05
90001	396.752661	75.000000	-7.986388e-01	3.569000e-02	5.905375e-01	1.213502e+05
90001	399.952279	75.000000	-8.301662e-01	1.309675e-01	5.303500e-01	1.405354e+05
90001	403.203924	75.000000	-8.503013e-01	2.170925e-01	4.701050e-01	1.248214e+05
90001	406.508874	75.000000	-8.599400e-01	2.855575e-01	4.130100e-01	1.353923e+05
90001	409.868452	75.000000	-8.646963e-01	3.414250e-01	3.570500e-01	1.294694e+05
90001	413.284022	75.000000	-8.690650e-01	3.857575e-01	2.975200e-01	1.219101e+05
90001	416.756997	75.000000	-8.748113e-01	4.183050e-01	2.267700e-01	1.289004e+05
90001	420.288836	75.000000	-8.815913e-01	4.374350e-01	1.493025e-01	1.395413e+05
90001	423.881048	75.000000	-8.889225e-01	4.423350e-01	4.814000e-02	1.251800e+05
90001	427.535195	75.000000	-8.912900e-01	4.291525e-01	-7.127250e-02	1.123846e+05
90001	431.252893	75.000000	-8.744400e-01	4.019050e-01	-2.283075e-01	1.048101e+05
90001	435.035813	75.000000	-8.063800e-01	3.534925e-01	-4.378650e-01	8.496846e+04
90001	438.885687	75.000000	-6.294063e-01	2.926525e-01	-6.841900e-01	6.452284e+04
90001	442.804309	75.000000	-3.120312e-01	2.479000e-01	-8.788575e-01	4.487458e+04
90001	446.793537	75.000000	9.655000e-02	2.487750e-01	-9.298150e-01	5.344885e+04
90001	450.855297	75.000000	4.565275e-01	2.915375e-01	-8.107625e-01	8.425876e+04
90001	454.991584	75.000000	7.031925e-01	3.603350e-01	-5.825525e-01	1.799875e+05
90001	459.204469	75.000000	8.264300e-01	4.242050e-01	-3.384950e-01	1.654841e+05
90001	463.496099	75.000000	8.641900e-01	4.615275e-01	-1.556925e-01	1.308556e+05
90001	467.868704	75.000000	8.698862e-01	4.822150e-01	-1.468000e-02	1.144297e+05
90001	472.324597	75.000000	8.619662e-01	4.838050e-01	1.011125e-01	1.059694e+05
90001	476.866179	75.000000	8.497688e-01	4.747200e-01	1.953650e-01	1.080101e+05
90001	481.495948	75.000000	8.377813e-01	4.553300e-01	2.783225e-01	1.137675e+05
90001	486.216496	75.000000	8.257363e-01	4.299425e-01	3.477700e-01	1.199365e+05
90001	491.030521	75.000000	8.115513e-01	3.946375e-01	4.174525e-01	1.498624e+05
90001	495.940826	75.000000	7.947612e-01	3.529425e-01	4.840850e-01	1.745836e+05
90001	500.950330	75.000000	7.764725e-01	3.030725e-01	5.553750e-01	1.580950e+05
90001	506.062068	75.000000	7.461488e-01	2.480450e-01	6.196425e-01	1.617236e+05
90001	511.279202	75.000000	7.039150e-01	1.896775e-01	6.857000e-01	1.357176e+05
90001	516.605028	75.000000	6.449237e-01	1.268100e-01	7.531375e-01	1.301715e+05
90001	522.042975	75.000000	5.701600e-01	6.536750e-02	8.173525e-01	1.295855e+05
90001	527.596624	75.000000	4.823000e-01	1.110250e-02	8.727375e-01	1.234622e+05
90001	533.269706	75.000000	3.761762e-01	-3.566750e-02	9.223775e-01	1.169332e+05
90001	539.066116	75.000000	2.491213e-01	-7.174500e-02	9.620775e-01	1.248424e+05
90001	544.989919	75.000000	1.157887e-01	-9.056000e-02	9.837025e-01	1.193490e+05
90001	551.045363	75.000000	-1.536750e-02	-9.130250e-02	9.911450e-01	1.314414e+05
90001	557.236884	75.000000	-1.479413e-01	-7.465500e-02	9.814650e-01	1.489882e+05
90001	563.569121	75.000000	-2.729675e-01	-4.131500e-02	9.571150e-01	1.555908e+05
90001	570.046927	75.000000	-3.824537e-01	3.107500e-03	9.206125e-01	1.515014e+05
90001	576.675380	75.000000	-4.788562e-01	5.722500e-02	8.728800e-01	1.420710e+05
90001	583.459796	75.000000	-5.582700e-01	1.167475e-01	8.185475e-01	1.580577e+05
90001	590.405746	75.000000	-6.199887e-01	1.758200e-01	7.618975e-01	1.796527e+05
90001	597.519068	75.000000	-6.696650e-01	2.376075e-01	7.010325e-01	1.939364e+05
90001	604.805886	75.000000	-7.082413e-01	2.963525e-01	6.392375e-01	2.404140e+05
90001	612.272625	75.000000	-7.358725e-01	3.489700e-01	5.793225e-01	2.413085e+05
90001	619.926033	75.000000	-7.572963e-01	3.974375e-01	5.163800e-01	2.621109e+05
90001	627.773198	75.000000	-7.740537e-01	4.390025e-01	4.552875e-01	2.496874e+05
90001	635.821572	75.000000	-7.872813e-01	4.765400e-01	3.900225e-01	2.436367e+05
90001	644.078995	75.000000	-7.993300e-01	5.073500e-01	3.194250e-01	2.186944e+05
90001	652.553719	75.000000	-8.100275e-01	5.316175e-01	2.422625e-01	2.754620e+05
90001	661.254435	75.000000	-8.183962e-01	5.512875e-01	1.500825e-01	2.523875e+05
90001	670.190306	75.000000	-8.205875e-01	5.658300e-01	4.114750e-02	2.570003e+05
90001	679.370995	75.000000	-8.095788e-01	5.749750e-01	-9.516250e-02	3.321857e+05
90001	688.806703	75.000000	-7.701175e-01	5.781000e-01	-2.544975e-01	1.712926e+05
90001	698.508206	75.000000	-6.762450e-01	5.737325e-01	-4.450300e-01	1.318186e+05
90001	708.486895	75.000000	-5.048650e-01	5.690850e-01	-6.336350e-01	1.204885e+05
90001	718.754821	75.000000	-2.406400e-01	5.654675e-01	-7.706825e-01	8.273853e+04
90001	729.324745	75.000000	7.582875e-02	5.670150e-01	-8.046250e-01	8.714577e+04
90001	740.210189	75.000000	3.768925e-01	5.732450e-01	-7.128250e-01	1.094780e+05
90001	751.425495	75.000000	5.896237e-01	5.812950e-01	-5.424525e-01	1.323865e+05
90001	762.985887	75.000000	7.235125e-01	5.837000e-01	-3.478050e-01	1.605496e+05
90001	774.907541	75.000000	7.791338e-01	5.861300e-01	-1.757525e-01	1.516619e+05
90001	787.207661	75.000000	8.032975e-01	5.803450e-01	-2.773000e-02	4.307631e+05
90001	799.904559	75.000000	8.075875e-01	5.685350e-01	9.351500e-02	1.534936e+05
90001	813.017748	75.000000	7.984300e-01	5.502275e-01	1.934225e-01	2.056744e+05
90001	826.568044	75.000000	7.905175e-01	5.316100e-01	2.794975e-01	3.017098e+05
90001	840.577672	75.000000	7.700460e-01	5.069100e-01	3.525600e-01	4.708021e+05
90001	855.070390	75.000000	7.542838e-01	4.677925e-01	4.252325e-01	1.388928e+05
90001	870.071625	75.000000	7.389237e-01	4.314625e-01	4.943725e-01	2.289786e+05
90001	885.608619	75.000000	7.270362e-01	4.107025e-01	5.612275e-01	2.487839e+05
90001	901.710593	75.000000	6.965937e-01	3.621200e-01	6.293525e-01	3.228886e+05
90001	918.408938	75.000000	6.650862e-01	3.229250e-01	6.864450e-01	3.072640e+05
90001	935.737408	75.000000	6.170138e-01	2.708775e-01	7.464275e-01	2.851746e+05
90001	953.732358	75.000000	5.662350e-01	2.275600e-01	8.020000e-01	1.823371e+05
90001	972.432993	75.000000	4.987437e-01	1.807050e-01	8.562800e-01	4.093084e+05
90001	991.881653	75.000000	4.223237e-01	1.401475e-01	9.058550e-01	3.255941e+05
90001	1012.124136	75.000000	3.316975e-01	1.041025e-01	9.441250e-01	4.009145e+05
90001	1033.210055	75.000000	2.306425e-01	7.384750e-02	9.734675e-01	1.144428e+05
90001	1055.193248	75.000000	1.216737e-01	5.981000e-02	9.937450e-01	1.989732e+05
90001	1078.132231	75.000000	1.101500e-02	5.766000e-02	1.002030e+00	1.989252e+05
90001	1102.090725	75.000000	-9.018375e-02	6.468500e-02	9.976825e-01	1.978092e+05
90001	1127.138242	75.000000	-1.799425e-01	8.050750e-02	9.834825e-01	2.220433e+05
90001	1153.350759	75.000000	-2.623650e-01	1.047825e-01	9.599200e-01	1.766566e+05
90001	1180.811491	75.000000	-3.338862e-01	1.378950e-01	9.294850e-01	2.805185e+05
90001	1209.611772	75.000000	-3.991387e-01	1.768825e-01	8.915450e-01	1.358496e+05
90001	1239.852066	75.000000	-4.504137e-01	2.119825e-01	8.494975e-01	3.101057e+05
90001	1271.643145	75.000000	-4.913537e-01	2.528725e-01	8.034325e-01	2.396253e+05
90001	1305.107438	75.000000	-5.230938e-01	2.903075e-01	7.646175e-01	8.337467e+04
90001	1340.380612	75.000000	-5.444150e-01	3.234825e-01	7.158075e-01	1.603377e+05
90001	1377.613407	75.000000	-5.546800e-01	3.548775e-01	6.719900e-01	2.022381e+05
90001	1416.973790	75.000000	-5.623438e-01	3.775025e-01	6.341850e-01	1.741285e+05
90001	1458.649489	75.000000	-5.573712e-01	3.953975e-01	5.931625e-01	1.139238e+05
90001	1502.850989	75.000000	-5.484138e-01	4.080600e-01	5.604650e-01	1.358254e+05
90001	1549.815082	75.000000	-5.330062e-01	4.137350e-01	5.339675e-01	1.163494e+05
90001	1599.809117	75.000000	-5.103675e-01	4.137200e-01	5.040375e-01	7.318761e+04
90001	1653.136088	75.000000	-4.782088e-01	3.976250e-01	4.781775e-01	1.446519e+05
90001	1710.140781	75.000000	-4.394537e-01	3.859300e-01	4.538550e-01	1.975042e+05
90001	1771.217237	75.000000	-3.902750e-01	3.581325e-01	4.359175e-01	1.236969e+05
90001	1836.817876	75.000000	-3.330775e-01	3.588575e-01	4.200300e-01	6.454631e+04
90001	1907.464717	75.000000	-2.541275e-01	3.008000e-01	4.031900e-01	1.807681e+05
90001	1983.763306	75.000000	-1.765362e-01	2.838800e-01	3.987325e-01	6.344165e+04
90001	2066.420110	75.000000	-8.513750e-02	2.640325e-01	3.724800e-01	4.010444e+04
