20001	190.000000	6.000000	0.537040	0.000000	0.000000	7.049218e+01
20001	191.000000	6.000000	0.618662	0.000000	0.000000	6.219986e+01
20001	192.000000	6.000000	0.547824	0.000000	0.000000	3.242327e+02
20001	193.000000	6.000000	0.565683	0.000000	0.000000	5.246561e+02
20001	194.000000	6.000000	0.583332	0.000000	0.000000	1.968666e+02
20001	195.000000	6.000000	0.572927	0.000000	0.000000	4.381671e+02
20001	196.000000	6.000000	0.634855	0.000000	0.000000	1.321973e+03
20001	197.000000	6.000000	0.650862	0.000000	0.000000	7.402503e+02
20001	198.000000	6.000000	0.668180	0.000000	0.000000	8.635473e+02
20001	199.000000	6.000000	0.664834	0.000000	0.000000	7.601472e+03
20001	200.000000	6.000000	0.630549	0.000000	0.000000	1.607275e+03
20001	201.000000	6.000000	0.591427	0.000000	0.000000	1.888452e+03
20001	202.000000	6.000000	0.553998	0.000000	0.000000	1.685416e+03
20001	203.000000	6.000000	0.518888	0.000000	0.000000	3.496407e+03
20001	204.000000	6.000000	0.485216	0.000000	0.000000	2.684839e+03
20001	205.000000	6.000000	0.445058	0.000000	0.000000	5.417612e+03
20001	206.000000	6.000000	0.413032	0.000000	0.000000	1.288123e+04
20001	207.000000	6.000000	0.379354	0.000000	0.000000	2.639698e+04
20001	208.000000	6.000000	0.358813	0.000000	0.000000	1.600165e+04
20001	209.000000	6.000000	0.338618	0.000000	0.000000	4.786211e+04
20001	210.000000	6.000000	0.346125	0.000000	0.000000	1.603718e+04
20001	211.000000	6.000000	0.366254	0.000000	0.000000	1.133048e+04
20001	212.000000	6.000000	0.388070	0.000000	0.000000	6.038233e+03
20001	213.000000	6.000000	0.422038	0.000000	0.000000	5.075057e+04
20001	214.000000	6.000000	0.458285	0.000000	0.000000	2.199947e+04
20001	215.000000	6.000000	0.494387	0.000000	0.000000	6.891453e+03
20001	216.000000	6.000000	0.529550	0.000000	0.000000	9.555964e+03
20001	217.000000	6.000000	0.553983	0.000000	0.000000	2.202719e+04
20001	218.000000	6.000000	0.580119	0.000000	0.000000	1.865985e+04
20001	219.000000	6.000000	0.600678	0.000000	0.000000	4.600412e+04
20001	220.000000	6.000000	0.616563	0.000000	0.000000	3.199426e+04
20001	221.000000	6.000000	0.628424	0.000000	0.000000	5.054262e+04
20001	222.000000	6.000000	0.636916	0.000000	0.000000	1.365515e+04
20001	223.000000	6.000000	0.645021	0.000000	0.000000	3.540532e+04
20001	224.000000	6.000000	0.644991	0.000000	0.000000	3.013527e+04
20001	225.000000	6.000000	0.643568	0.000000	0.000000	1.939059e+05
20001	226.000000	6.000000	0.637205	0.000000	0.000000	4.333449e+04
20001	227.000000	6.000000	0.629131	0.000000	0.000000	8.610961e+04
20001	228.000000	6.000000	0.616673	0.000000	0.000000	5.246715e+05
20001	229.000000	6.000000	0.602823	0.000000	0.000000	6.527427e+04
20001	230.000000	6.000000	0.587312	0.000000	0.000000	5.403595e+04
20001	231.000000	6.000000	0.567046	0.000000	0.000000	6.371699e+04
20001	232.000000	6.000000	0.544946	0.000000	0.000000	7.259472e+04
20001	233.000000	6.000000	0.519757	0.000000	0.000000	5.621978e+04
20001	234.000000	6.000000	0.493543	0.000000	0.000000	5.023876e+04
20001	235.000000	6.000000	0.466417	0.000000	0.000000	4.446761e+04
20001	236.000000	6.000000	0.439510	0.000000	0.000000	4.334362e+04
20001	237.000000	6.000000	0.412482	0.000000	0.000000	3.346152e+04
20001	238.000000	6.000000	0.389843	0.000000	0.000000	3.748236e+04
20001	239.000000	6.000000	0.370515	0.000000	0.000000	5.499272e+04
20001	240.000000	6.000000	0.351632	0.000000	0.000000	7.042891e+04
20001	241.000000	6.000000	0.341515	0.000000	0.000000	1.493614e+05
20001	242.000000	6.000000	0.339126	0.000000	0.000000	3.452154e+05
20001	243.000000	6.000000	0.342182	0.000000	0.000000	1.153384e+05
20001	244.000000	6.000000	0.350888	0.000000	0.000000	1.177720e+05
20001	245.000000	6.000000	0.365917	0.000000	0.000000	6.237177e+04
20001	246.000000	6.000000	0.385269	0.000000	0.000000	2.941557e+04
20001	247.000000	6.000000	0.408605	0.000000	0.000000	3.591523e+04
20001	248.000000	6.000000	0.434356	0.000000	0.000000	2.242028e+04
20001	249.000000	6.000000	0.460267	0.000000	0.000000	1.633955e+04
20001	250.000000	6.000000	0.486100	0.000000	0.000000	1.840707e+04
20001	251.000000	6.000000	0.511452	0.000000	0.000000	3.135495e+04
20001	252.000000	6.000000	0.536809	0.000000	0.000000	2.087936e+04
20001	253.000000	6.000000	0.559527	0.000000	0.000000	2.479528e+04
20001	254.000000	6.000000	0.580667	0.000000	0.000000	2.688422e+04
20001	255.000000	6.000000	0.598632	0.000000	0.000000	1.548298e+04
20001	256.000000	6.000000	0.617203	0.000000	0.000000	1.893060e+04
20001	257.000000	6.000000	0.633621	0.000000	0.000000	3.320796e+04
20001	258.000000	6.000000	0.645723	0.000000	0.000000	5.507969e+04
20001	259.000000	6.000000	0.655550	0.000000	0.000000	5.078624e+04
20001	260.000000	6.000000	0.664109	0.000000	0.000000	3.248633e+04
20001	261.000000	6.000000	0.671570	0.000000	0.000000	2.269731e+04
20001	262.000000	6.000000	0.676581	0.000000	0.000000	3.374327e+04
20001	263.000000	6.000000	0.680945	0.000000	0.000000	6.009224e+04
20001	264.000000	6.000000	0.682419	0.000000	0.000000	4.741816e+04
20001	265.000000	6.000000	0.685794	0.000000	0.000000	4.179180e+04
20001	266.000000	6.000000	0.687332	0.000000	0.000000	5.429467e+04
20001	267.000000	6.000000	0.685630	0.000000	0.000000	1.633442e+05
20001	268.000000	6.000000	0.682563	0.000000	0.000000	2.302068e+05
20001	269.000000	6.000000	0.679566	0.000000	0.000000	9.264099e+04
20001	270.000000	6.000000	0.673616	0.000000	0.000000	1.214111e+05
20001	271.000000	6.000000	0.666680	0.000000	0.000000	1.017003e+05
20001	272.000000	6.000000	0.656898	0.000000	0.000000	4.238831e+04
20001	273.000000	6.000000	0.647613	0.000000	0.000000	4.106925e+04
20001	274.000000	6.000000	0.637491	0.000000	0.000000	3.897553e+04
20001	275.000000	6.000000	0.624663	0.000000	0.000000	3.294388e+04
20001	276.000000	6.000000	0.610250	0.000000	0.000000	2.861118e+04
20001	277.000000	6.000000	0.594487	0.000000	0.000000	3.182057e+04
20001	278.000000	6.000000	0.577384	0.000000	0.000000	5.786785e+04
20001	279.000000	6.000000	0.559174	0.000000	0.000000	8.526298e+04
20001	280.000000	6.000000	0.541307	0.000000	0.000000	1.147406e+05
20001	281.000000	6.000000	0.522416	0.000000	0.000000	4.993310e+04
20001	282.000000	6.000000	0.502599	0.000000	0.000000	5.441932e+04
20001	283.000000	6.000000	0.484854	0.000000	0.000000	1.685970e+05
20001	284.000000	6.000000	0.468275	0.000000	0.000000	1.282438e+05
20001	285.000000	6.000000	0.450566	0.000000	0.000000	6.008931e+04
20001	286.000000	6.000000	0.435177	0.000000	0.000000	1.258146e+05
20001	287.000000	6.000000	0.421965	0.000000	0.000000	1.230185e+05
20001	288.000000	6.000000	0.408825	0.000000	0.000000	6.519719e+04
20001	289.000000	6.000000	0.398264	0.000000	0.000000	1.148161e+05
20001	290.000000	6.000000	0.391524	0.000000	0.000000	1.056150e+05
20001	291.000000	6.000000	0.385609	0.000000	0.000000	1.614390e+05
20001	292.000000	6.000000	0.383010	0.000000	0.000000	6.555220e+04
20001	293.000000	6.000000	0.381982	0.000000	0.000000	5.486572e+04
20001	294.000000	6.000000	0.383507	0.000000	0.000000	7.691048e+04
20001	295.000000	6.000000	0.386843	0.000000	0.000000	5.536542e+04
20001	296.000000	6.000000	0.394114	0.000000	0.000000	6.339308e+04
20001	297.000000	6.000000	0.401827	0.000000	0.000000	3.535366e+04
20001	298.000000	6.000000	0.410061	0.000000	0.000000	2.123316e+04
20001	299.000000	6.000000	0.419203	0.000000	0.000000	3.015198e+04
20001	300.000000	6.000000	0.429743	0.000000	0.000000	3.851747e+04
20001	301.000000	6.000000	0.441608	0.000000	0.000000	2.962904e+04
20001	302.000000	6.000000	0.450577	0.000000	0.000000	3.113790e+04
20001	303.000000	6.000000	0.460739	0.000000	0.000000	4.237575e+04
20001	304.000000	6.000000	0.470575	0.000000	0.000000	2.236380e+04
20001	305.000000	6.000000	0.480732	0.000000	0.000000	1.810708e+04
20001	306.000000	6.000000	0.487936	0.000000	0.000000	2.657747e+04
20001	307.000000	6.000000	0.498811	0.000000	0.000000	2.947895e+04
20001	308.000000	6.000000	0.507861	0.000000	0.000000	7.783799e+04
20001	309.000000	6.000000	0.515685	0.000000	0.000000	7.206047e+04
20001	310.000000	6.000000	0.522846	0.000000	0.000000	4.826510e+04
20001	311.000000	6.000000	0.529675	0.000000	0.000000	4.818756e+04
20001	312.000000	6.000000	0.535617	0.000000	0.000000	9.565030e+04
20001	313.000000	6.000000	0.540061	0.000000	0.000000	6.483497e+04
20001	314.000000	6.000000	0.544645	0.000000	0.000000	5.050928e+04
20001	315.000000	6.000000	0.549398	0.000000	0.000000	6.321030e+04
20001	316.000000	6.000000	0.551335	0.000000	0.000000	2.519488e+04
20001	317.000000	6.000000	0.555677	0.000000	0.000000	5.233657e+04
20001	318.000000	6.000000	0.560093	0.000000	0.000000	4.282246e+04
20001	319.000000	6.000000	0.561016	0.000000	0.000000	5.233282e+04
20001	320.000000	6.000000	0.562039	0.000000	0.000000	1.247979e+05
20001	321.000000	6.000000	0.564291	0.000000	0.000000	9.108269e+04
20001	322.000000	6.000000	0.564172	0.000000	0.000000	1.308321e+05
20001	323.000000	6.000000	0.562784	0.000000	0.000000	1.819085e+05
20001	324.000000	6.000000	0.561180	0.000000	0.000000	4.331754e+05
20001	325.000000	6.000000	0.560265	0.000000	0.000000	6.786372e+04
20001	326.000000	6.000000	0.560144	0.000000	0.000000	7.073635e+04
20001	327.000000	6.000000	0.554047	0.000000	0.000000	5.325648e+04
20001	328.000000	6.000000	0.546453	0.000000	0.000000	3.176086e+04
20001	329.000000	6.000000	0.545189	0.000000	0.000000	3.564198e+04
20001	330.000000	6.000000	0.544142	0.000000	0.000000	2.509063e+04
20001	331.000000	6.000000	0.541521	0.000000	0.000000	2.707543e+04
20001	332.000000	6.000000	0.537568	0.000000	0.000000	3.201810e+04
20001	333.000000	6.000000	0.527490	0.000000	0.000000	3.591976e+04
20001	334.000000	6.000000	0.519161	0.000000	0.000000	7.869390e+04
20001	335.000000	6.000000	0.512671	0.000000	0.000000	1.078646e+05
20001	336.000000	6.000000	0.505618	0.000000	0.000000	1.632835e+05
20001	337.000000	6.000000	0.502712	0.000000	0.000000	9.242693e+04
20001	338.000000	6.000000	0.494645	0.000000	0.000000	6.670321e+04
20001	339.000000	6.000000	0.484106	0.000000	0.000000	2.830958e+04
20001	340.000000	6.000000	0.475182	0.000000	0.000000	5.109977e+04
20001	341.000000	6.000000	0.467008	0.000000	0.000000	7.760585e+04
20001	342.000000	6.000000	0.457779	0.000000	0.000000	6.279551e+04
20001	343.000000	6.000000	0.447794	0.000000	0.000000	3.647803e+04
20001	344.000000	6.000000	0.439553	0.000000	0.000000	3.793882e+04
20001	345.000000	6.000000	0.429022	0.000000	0.000000	4.148684e+04
20001	346.000000	6.000000	0.420818	0.000000	0.000000	3.787220e+04
20001	347.000000	6.000000	0.410068	0.000000	0.000000	4.355935e+04
20001	348.000000	6.000000	0.397891	0.000000	0.000000	6.211493e+04
20001	349.000000	6.000000	0.387863	0.000000	0.000000	7.373395e+04
20001	350.000000	6.000000	0.377395	0.000000	0.000000	1.000408e+05
20001	351.000000	6.000000	0.368699	0.000000	0.000000	1.131873e+05
20001	352.000000	6.000000	0.358776	0.000000	0.000000	1.191728e+05
20001	353.000000	6.000000	0.348750	0.000000	0.000000	8.604419e+04
20001	354.000000	6.000000	0.340569	0.000000	0.000000	1.153593e+05
20001	355.000000	6.000000	0.332718	0.000000	0.000000	1.334051e+05
20001	356.000000	6.000000	0.325637	0.000000	0.000000	8.168632e+04
20001	357.000000	6.000000	0.317783	0.000000	0.000000	1.078729e+05
20001	358.000000	6.000000	0.310424	0.000000	0.000000	1.173437e+05
20001	359.000000	6.000000	0.304966	0.000000	0.000000	1.082069e+05
20001	360.000000	6.000000	0.300322	0.000000	0.000000	1.994643e+05
20001	361.000000	6.000000	0.297166	0.000000	0.000000	2.548030e+05
20001	362.000000	6.000000	0.294265	0.000000	0.000000	2.384680e+05
20001	363.000000	6.000000	0.291330	0.000000	0.000000	1.652346e+05
20001	364.000000	6.000000	0.288437	0.000000	0.000000	1.511005e+05
20001	365.000000	6.000000	0.287207	0.000000	0.000000	1.417286e+05
20001	366.000000	6.000000	0.286860	0.000000	0.000000	1.346438e+05
20001	367.000000	6.000000	0.286808	0.000000	0.000000	2.078996e+05
20001	368.000000	6.000000	0.287502	0.000000	0.000000	1.181599e+05
20001	369.000000	6.000000	0.289033	0.000000	0.000000	1.189346e+05
20001	370.000000	6.000000	0.290652	0.000000	0.000000	2.280007e+05
20001	371.000000	6.000000	0.293897	0.000000	0.000000	2.645650e+05
20001	372.000000	6.000000	0.297150	0.000000	0.000000	1.502970e+05
20001	373.000000	6.000000	0.299411	0.000000	0.000000	7.093721e+04
20001	374.000000	6.000000	0.301749	0.000000	0.000000	4.792501e+04
20001	375.000000	6.000000	0.306700	0.000000	0.000000	7.232712e+04
20001	376.000000	6.000000	0.312345	0.000000	0.000000	9.116727e+04
20001	377.000000	6.000000	0.316829	0.000000	0.000000	8.849539e+04
20001	378.000000	6.000000	0.321544	0.000000	0.000000	1.040862e+05
20001	379.000000	6.000000	0.326973	0.000000	0.000000	1.879102e+05
20001	380.000000	6.000000	0.333962	0.000000	0.000000	4.118143e+04
20001	381.000000	6.000000	0.336893	0.000000	0.000000	3.356085e+04
20001	382.000000	6.000000	0.344798	0.000000	0.000000	6.753855e+04
20001	383.000000	6.000000	0.350431	0.000000	0.000000	4.344789e+04
20001	384.000000	6.000000	0.354359	0.000000	0.000000	6.761900e+04
20001	385.000000	6.000000	0.360283	0.000000	0.000000	7.822790e+04
20001	386.000000	6.000000	0.366306	0.000000	0.000000	5.679748e+04
20001	387.000000	6.000000	0.372018	0.000000	0.000000	9.047617e+04
20001	388.000000	6.000000	0.376946	0.000000	0.000000	1.362125e+05
20001	389.000000	6.000000	0.382566	0.000000	0.000000	1.187648e+05
20001	390.000000	6.000000	0.388233	0.000000	0.000000	8.481701e+04
20001	391.000000	6.000000	0.392604	0.000000	0.000000	5.217025e+04
20001	392.000000	6.000000	0.397203	0.000000	0.000000	6.001054e+04
20001	393.000000	6.000000	0.401572	0.000000	0.000000	1.046370e+05
20001	394.000000	6.000000	0.406850	0.000000	0.000000	1.383660e+05
20001	395.000000	6.000000	0.411489	0.000000	0.000000	1.452902e+05
20001	396.000000	6.000000	0.416287	0.000000	0.000000	1.784990e+05
20001	397.000000	6.000000	0.420317	0.000000	0.000000	1.121908e+05
20001	398.000000	6.000000	0.423368	0.000000	0.000000	8.540914e+04
20001	399.000000	6.000000	0.426725	0.000000	0.000000	9.954268e+04
20001	400.000000	6.000000	0.429888	0.000000	0.000000	8.257138e+04
20001	401.000000	6.000000	0.433422	0.000000	0.000000	7.165466e+04
20001	402.000000	6.000000	0.436851	0.000000	0.000000	9.927318e+04
20001	403.000000	6.000000	0.440222	0.000000	0.000000	2.107669e+05
20001	404.000000	6.000000	0.442254	0.000000	0.000000	1.437320e+05
20001	405.000000	6.000000	0.443923	0.000000	0.000000	8.205959e+04
20001	406.000000	6.000000	0.445981	0.000000	0.000000	1.338929e+05
20001	407.000000	6.000000	0.447821	0.000000	0.000000	1.471184e+05
20001	408.000000	6.000000	0.449967	0.000000	0.000000	9.983324e+04
20001	409.000000	6.000000	0.451339	0.000000	0.000000	9.436436e+04
20001	410.000000	6.000000	0.453013	0.000000	0.000000	1.266593e+05
20001	411.000000	6.000000	0.454446	0.000000	0.000000	1.499007e+05
20001	412.000000	6.000000	0.456079	0.000000	0.000000	2.074965e+05
20001	413.000000	6.000000	0.456377	0.000000	0.000000	1.962085e+05
20001	414.000000	6.000000	0.456095	0.000000	0.000000	1.633054e+05
20001	415.000000	6.000000	0.455641	0.000000	0.000000	1.810889e+05
20001	416.000000	6.000000	0.455828	0.000000	0.000000	1.294578e+05
20001	417.000000	6.000000	0.455457	0.000000	0.000000	1.986384e+05
20001	418.000000	6.000000	0.454821	0.000000	0.000000	2.556153e+05
20001	419.000000	6.000000	0.455072	0.000000	0.000000	2.267011e+05
20001	420.000000	6.000000	0.455054	0.000000	0.000000	2.140855e+05
20001	421.000000	6.000000	0.453596	0.000000	0.000000	1.905946e+05
20001	422.000000	6.000000	0.452115	0.000000	0.000000	2.035837e+05
20001	423.000000	6.000000	0.451363	0.000000	0.000000	2.048515e+05
20001	424.000000	6.000000	0.450347	0.000000	0.000000	1.481437e+05
20001	425.000000	6.000000	0.447995	0.000000	0.000000	1.821156e+05
20001	426.000000	6.000000	0.445799	0.000000	0.000000	2.656471e+05
20001	427.000000	6.000000	0.443946	0.000000	0.000000	2.578294e+05
20001	428.000000	6.000000	0.442563	0.000000	0.000000	1.844163e+05
20001	429.000000	6.000000	0.439450	0.000000	0.000000	1.634792e+05
20001	430.000000	6.000000	0.437040	0.000000	0.000000	2.351078e+05
20001	431.000000	6.000000	0.433922	0.000000	0.000000	3.779662e+05
20001	432.000000	6.000000	0.430961	0.000000	0.000000	4.261299e+05
20001	433.000000	6.000000	0.427918	0.000000	0.000000	2.623559e+05
20001	434.000000	6.000000	0.424849	0.000000	0.000000	5.391688e+05
20001	435.000000	6.000000	0.421668	0.000000	0.000000	5.615497e+05
20001	436.000000	6.000000	0.418416	0.000000	0.000000	8.539963e+05
20001	437.000000	6.000000	0.414810	0.000000	0.000000	3.974391e+05
20001	438.000000	6.000000	0.410760	0.000000	0.000000	3.703720e+05
20001	439.000000	6.000000	0.406578	0.000000	0.000000	6.601569e+05
20001	440.000000	6.000000	0.402326	0.000000	0.000000	3.583963e+05
20001	441.000000	6.000000	0.398321	0.000000	0.000000	4.432586e+05
20001	442.000000	6.000000	0.393803	0.000000	0.000000	4.104999e+05
20001	443.000000	6.000000	0.389317	0.000000	0.000000	3.460519e+05
20001	444.000000	6.000000	0.385383	0.000000	0.000000	3.741679e+05
20001	445.000000	6.000000	0.380637	0.000000	0.000000	2.569137e+05
20001	446.000000	6.000000	0.375419	0.000000	0.000000	3.382137e+05
20001	447.000000	6.000000	0.370741	0.000000	0.000000	4.582538e+05
20001	448.000000	6.000000	0.365817	0.000000	0.000000	3.654733e+05
20001	449.000000	6.000000	0.360483	0.000000	0.000000	2.914211e+05
20001	450.000000	6.000000	0.354943	0.000000	0.000000	4.012969e+05
20001	451.000000	6.000000	0.349301	0.000000	0.000000	3.406799e+05
20001	452.000000	6.000000	0.344272	0.000000	0.000000	3.298453e+05
20001	453.000000	6.000000	0.338816	0.000000	0.000000	2.744244e+05
20001	454.000000	6.000000	0.333237	0.000000	0.000000	1.914093e+05
20001	455.000000	6.000000	0.327271	0.000000	0.000000	1.748046e+05
20001	456.000000	6.000000	0.321423	0.000000	0.000000	1.867907e+05
20001	457.000000	6.000000	0.315736	0.000000	0.000000	1.922215e+05
20001	458.000000	6.000000	0.309797	0.000000	0.000000	1.907901e+05
20001	459.000000	6.000000	0.303838	0.000000	0.000000	2.344644e+05
20001	460.000000	6.000000	0.297643	0.000000	0.000000	2.132024e+05
20001	461.000000	6.000000	0.291701	0.000000	0.000000	2.544825e+05
20001	462.000000	6.000000	0.285733	0.000000	0.000000	3.457709e+05
20001	463.000000	6.000000	0.279138	0.000000	0.000000	2.783256e+05
20001	464.000000	6.000000	0.272719	0.000000	0.000000	1.991828e+05
20001	465.000000	6.000000	0.267272	0.000000	0.000000	1.888853e+05
20001	466.000000	6.000000	0.261208	0.000000	0.000000	2.168563e+05
20001	467.000000	6.000000	0.254699	0.000000	0.000000	2.507552e+05
20001	468.000000	6.000000	0.248304	0.000000	0.000000	1.989250e+05
20001	469.000000	6.000000	0.242166	0.000000	0.000000	2.016248e+05
20001	470.000000	6.000000	0.235797	0.000000	0.000000	2.042845e+05
20001	471.000000	6.000000	0.229685	0.000000	0.000000	1.991001e+05
20001	472.000000	6.000000	0.223992	0.000000	0.000000	2.086337e+05
20001	473.000000	6.000000	0.218080	0.000000	0.000000	1.924552e+05
20001	474.000000	6.000000	0.212049	0.000000	0.000000	1.883468e+05
20001	475.000000	6.000000	0.206187	0.000000	0.000000	2.263739e+05
20001	476.000000	6.000000	0.200500	0.000000	0.000000	2.075330e+05
20001	477.000000	6.000000	0.194837	0.000000	0.000000	2.196358e+05
20001	478.000000	6.000000	0.189345	0.000000	0.000000	2.180433e+05
20001	479.000000	6.000000	0.183930	0.000000	0.000000	2.309715e+05
20001	480.000000	6.000000	0.178430	0.000000	0.000000	2.732581e+05
20001	481.000000	6.000000	0.173252	0.000000	0.000000	2.726799e+05
20001	482.000000	6.000000	0.168157	0.000000	0.000000	2.759662e+05
20001	483.000000	6.000000	0.163407	0.000000	0.000000	2.621653e+05
20001	484.000000	6.000000	0.158804	0.000000	0.000000	2.731861e+05
20001	485.000000	6.000000	0.154351	0.000000	0.000000	3.007718e+05
20001	486.000000	6.000000	0.150059	0.000000	0.000000	3.476303e+05
20001	487.000000	6.000000	0.145897	0.000000	0.000000	4.144293e+05
20001	488.000000	6.000000	0.141617	0.000000	0.000000	4.725057e+05
20001	489.000000	6.000000	0.137862	0.000000	0.000000	5.256722e+05
20001	490.000000	6.000000	0.134311	0.000000	0.000000	6.861965e+05
20001	491.000000	6.000000	0.130786	0.000000	0.000000	6.615218e+05
20001	492.000000	6.000000	0.127492	0.000000	0.000000	5.780930e+05
20001	493.000000	6.000000	0.124592	0.000000	0.000000	8.514956e+05
20001	494.000000	6.000000	0.121768	0.000000	0.000000	1.000383e+06
20001	495.000000	6.000000	0.119088	0.000000	0.000000	1.198898e+06
20001	496.000000	6.000000	0.116724	0.000000	0.000000	1.278952e+06
20001	497.000000	6.000000	0.114576	0.000000	0.000000	2.182534e+06
20001	498.000000	6.000000	0.112454	0.000000	0.000000	1.823738e+06
20001	499.000000	6.000000	0.110734	0.000000	0.000000	2.090229e+06
20001	500.000000	6.000000	0.109233	0.000000	0.000000	3.715615e+06
20001	501.000000	6.000000	0.107905	0.000000	0.000000	6.346847e+06
20001	502.000000	6.000000	0.106910	0.000000	0.000000	5.166409e+06
20001	503.000000	6.000000	0.106218	0.000000	0.000000	9.029774e+06
20001	504.000000	6.000000	0.105486	0.000000	0.000000	1.000000e+07
20001	505.000000	6.000000	0.105040	0.000000	0.000000	3.893919e+06
20001	506.000000	6.000000	0.104894	0.000000	0.000000	4.031432e+06
20001	507.000000	6.000000	0.104718	0.000000	0.000000	5.848438e+06
20001	508.000000	6.000000	0.104836	0.000000	0.000000	1.910064e+06
20001	509.000000	6.000000	0.105266	0.000000	0.000000	2.890363e+06
20001	510.000000	6.000000	0.105891	0.000000	0.000000	1.726612e+06
20001	511.000000	6.000000	0.106758	0.000000	0.000000	1.846883e+06
20001	512.000000	6.000000	0.107720	0.000000	0.000000	1.093388e+06
20001	513.000000	6.000000	0.108792	0.000000	0.000000	1.189565e+06
20001	514.000000	6.000000	0.110040	0.000000	0.000000	1.110886e+06
20001	515.000000	6.000000	0.111561	0.000000	0.000000	6.780481e+05
20001	516.000000	6.000000	0.112983	0.000000	0.000000	6.090747e+05
20001	517.000000	6.000000	0.114954	0.000000	0.000000	6.749370e+05
20001	518.000000	6.000000	0.116966	0.000000	0.000000	4.756760e+05
20001	519.000000	6.000000	0.119036	0.000000	0.000000	4.304805e+05
20001	520.000000	6.000000	0.121235	0.000000	0.000000	5.397420e+05
20001	521.000000	6.000000	0.123492	0.000000	0.000000	5.048261e+05
20001	522.000000	6.000000	0.126012	0.000000	0.000000	3.984275e+05
20001	523.000000	6.000000	0.128494	0.000000	0.000000	3.442737e+05
20001	524.000000	6.000000	0.131097	0.000000	0.000000	3.647631e+05
20001	525.000000	6.000000	0.133996	0.000000	0.000000	3.320322e+05
20001	526.000000	6.000000	0.136950	0.000000	0.000000	2.896348e+05
20001	527.000000	6.000000	0.140073	0.000000	0.000000	2.717739e+05
20001	528.000000	6.000000	0.143223	0.000000	0.000000	2.771030e+05
20001	529.000000	6.000000	0.146237	0.000000	0.000000	2.617129e+05
20001	530.000000	6.000000	0.149350	0.000000	0.000000	2.522726e+05
20001	531.000000	6.000000	0.152692	0.000000	0.000000	2.724584e+05
20001	532.000000	6.000000	0.156081	0.000000	0.000000	2.446530e+05
20001	533.000000	6.000000	0.159272	0.000000	0.000000	2.134318e+05
20001	534.000000	6.000000	0.162681	0.000000	0.000000	2.034329e+05
20001	535.000000	6.000000	0.166183	0.000000	0.000000	1.954909e+05
20001	536.000000	6.000000	0.169555	0.000000	0.000000	1.698689e+05
20001	537.000000	6.000000	0.172980	0.000000	0.000000	1.631317e+05
20001	538.000000	6.000000	0.176645	0.000000	0.000000	1.746729e+05
20001	539.000000	6.000000	0.180163	0.000000	0.000000	1.746699e+05
20001	540.000000	6.000000	0.183637	0.000000	0.000000	1.745354e+05
20001	541.000000	6.000000	0.187346	0.000000	0.000000	1.714853e+05
20001	542.000000	6.000000	0.191017	0.000000	0.000000	1.518722e+05
20001	543.000000	6.000000	0.194835	0.000000	0.000000	1.508900e+05
20001	544.000000	6.000000	0.198267	0.000000	0.000000	1.808084e+05
20001	545.000000	6.000000	0.201716	0.000000	0.000000	1.757513e+05
20001	546.000000	6.000000	0.205277	0.000000	0.000000	1.662454e+05
20001	547.000000	6.000000	0.208702	0.000000	0.000000	1.589344e+05
20001	548.000000	6.000000	0.212282	0.000000	0.000000	1.983779e+05
20001	549.000000	6.000000	0.215747	0.000000	0.000000	1.529261e+05
20001	550.000000	6.000000	0.219111	0.000000	0.000000	1.493244e+05
20001	551.000000	6.000000	0.222524	0.000000	0.000000	1.529382e+05
20001	552.000000	6.000000	0.225976	0.000000	0.000000	1.496332e+05
20001	553.000000	6.000000	0.229266	0.000000	0.000000	1.407587e+05
20001	554.000000	6.000000	0.232562	0.000000	0.000000	1.458855e+05
20001	555.000000	6.000000	0.235839	0.000000	0.000000	1.590100e+05
20001	556.000000	6.000000	0.239263	0.000000	0.000000	1.734394e+05
20001	557.000000	6.000000	0.242414	0.000000	0.000000	1.581641e+05
20001	558.000000	6.000000	0.245684	0.000000	0.000000	1.493912e+05
20001	559.000000	6.000000	0.248964	0.000000	0.000000	1.371724e+05
20001	560.000000	6.000000	0.252136	0.000000	0.000000	1.130279e+05
20001	561.000000	6.000000	0.255228	0.000000	0.000000	1.312956e+05
20001	562.000000	6.000000	0.258302	0.000000	0.000000	1.586021e+05
20001	563.000000	6.000000	0.261228	0.000000	0.000000	1.754634e+05
20001	564.000000	6.000000	0.264186	0.000000	0.000000	1.702337e+05
20001	565.000000	6.000000	0.266951	0.000000	0.000000	1.823598e+05
20001	566.000000	6.000000	0.269890	0.000000	0.000000	1.737604e+05
20001	567.000000	6.000000	0.272811	0.000000	0.000000	1.712936e+05
20001	568.000000	6.000000	0.275636	0.000000	0.000000	1.785211e+05
20001	569.000000	6.000000	0.278139	0.000000	0.000000	1.783064e+05
20001	570.000000	6.000000	0.280815	0.000000	0.000000	2.008120e+05
20001	571.000000	6.000000	0.283465	0.000000	0.000000	1.981338e+05
20001	572.000000	6.000000	0.285736	0.000000	0.000000	2.148625e+05
20001	573.000000	6.000000	0.288382	0.000000	0.000000	2.099982e+05
20001	574.000000	6.000000	0.291001	0.000000	0.000000	2.295836e+05
20001	575.000000	6.000000	0.293336	0.000000	0.000000	2.407404e+05
20001	576.000000	6.000000	0.295451	0.000000	0.000000	1.709815e+05
20001	577.000000	6.000000	0.297802	0.000000	0.000000	2.165549e+05
20001	578.000000	6.000000	0.300021	0.000000	0.000000	2.603118e+05
20001	579.000000	6.000000	0.301959	0.000000	0.000000	2.250776e+05
20001	580.000000	6.000000	0.304351	0.000000	0.000000	2.054581e+05
20001	581.000000	6.000000	0.306458	0.000000	0.000000	2.504867e+05
20001	582.000000	6.000000	0.308397	0.000000	0.000000	2.164090e+05
20001	583.000000	6.000000	0.310504	0.000000	0.000000	2.136427e+05
20001	584.000000	6.000000	0.312736	0.000000	0.000000	1.989899e+05
20001	585.000000	6.000000	0.314641	0.000000	0.000000	2.284447e+05
20001	586.000000	6.000000	0.316356	0.000000	0.000000	2.364820e+05
20001	587.000000	6.000000	0.318045	0.000000	0.000000	2.958308e+05
20001	588.000000	6.000000	0.319490	0.000000	0.000000	2.661679e+05
20001	589.000000	6.000000	0.321138	0.000000	0.000000	2.932083e+05
20001	590.000000	6.000000	0.322838	0.000000	0.000000	2.791639e+05
20001	591.000000	6.000000	0.324646	0.000000	0.000000	2.503845e+05
20001	592.000000	6.000000	0.326650	0.000000	0.000000	2.849210e+05
20001	593.000000	6.000000	0.327770	0.000000	0.000000	2.668347e+05
20001	594.000000	6.000000	0.328909	0.000000	0.000000	2.591607e+05
20001	595.000000	6.000000	0.330264	0.000000	0.000000	3.944813e+05
20001	596.000000	6.000000	0.331079	0.000000	0.000000	3.776290e+05
20001	597.000000	6.000000	0.332142	0.000000	0.000000	1.921449e+05
20001	598.000000	6.000000	0.333405	0.000000	0.000000	2.196403e+05
20001	599.000000	6.000000	0.334553	0.000000	0.000000	2.637802e+05
20001	600.000000	6.000000	0.335926	0.000000	0.000000	2.311210e+05
20001	601.000000	6.000000	0.337240	0.000000	0.000000	2.787088e+05
20001	602.000000	6.000000	0.338241	0.000000	0.000000	3.852056e+05
20001	603.000000	6.000000	0.338897	0.000000	0.000000	4.003950e+05
20001	604.000000	6.000000	0.339630	0.000000	0.000000	4.013010e+05
20001	605.000000	6.000000	0.340414	0.000000	0.000000	3.187488e+05
20001	606.000000	6.000000	0.341084	0.000000	0.000000	3.255327e+05
20001	607.000000	6.000000	0.341666	0.000000	0.000000	2.645067e+05
20001	608.000000	6.000000	0.342439	0.000000	0.000000	2.472365e+05
20001	609.000000	6.000000	0.343552	0.000000	0.000000	2.611841e+05
20001	610.000000	6.000000	0.344105	0.000000	0.000000	3.075566e+05
20001	611.000000	6.000000	0.344672	0.000000	0.000000	4.054048e+05
20001	612.000000	6.000000	0.345327	0.000000	0.000000	3.333960e+05
20001	613.000000	6.000000	0.345568	0.000000	0.000000	2.518166e+05
20001	614.000000	6.000000	0.345666	0.000000	0.000000	2.757088e+05
20001	615.000000	6.000000	0.346185	0.000000	0.000000	4.210546e+05
20001	616.000000	6.000000	0.346922	0.000000	0.000000	3.759933e+05
20001	617.000000	6.000000	0.347402	0.000000	0.000000	2.991963e+05
20001	618.000000	6.000000	0.347685	0.000000	0.000000	3.310512e+05
20001	619.000000	6.000000	0.348027	0.000000	0.000000	3.658285e+05
20001	620.000000	6.000000	0.348014	0.000000	0.000000	4.521754e+05
20001	621.000000	6.000000	0.347859	0.000000	0.000000	2.691297e+05
20001	622.000000	6.000000	0.348050	0.000000	0.000000	3.233662e+05
20001	623.000000	6.000000	0.348019	0.000000	0.000000	4.861788e+05
20001	624.000000	6.000000	0.347738	0.000000	0.000000	2.895654e+05
20001	625.000000	6.000000	0.347852	0.000000	0.000000	5.632187e+05
20001	626.000000	6.000000	0.348127	0.000000	0.000000	4.316434e+05
20001	627.000000	6.000000	0.347737	0.000000	0.000000	3.658160e+05
20001	628.000000	6.000000	0.347578	0.000000	0.000000	3.360441e+05
20001	629.000000	6.000000	0.348058	0.000000	0.000000	5.414268e+05
20001	630.000000	6.000000	0.347932	0.000000	0.000000	7.484829e+05
20001	631.000000	6.000000	0.347234	0.000000	0.000000	6.922804e+05
20001	632.000000	6.000000	0.346986	0.000000	0.000000	3.464832e+05
20001	633.000000	6.000000	0.346518	0.000000	0.000000	1.077819e+06
20001	634.000000	6.000000	0.346056	0.000000	0.000000	6.102204e+05
20001	635.000000	6.000000	0.345642	0.000000	0.000000	5.587844e+05
20001	636.000000	6.000000	0.345841	0.000000	0.000000	8.045359e+05
20001	637.000000	6.000000	0.345055	0.000000	0.000000	6.624994e+05
20001	638.000000	6.000000	0.344320	0.000000	0.000000	5.524022e+05
20001	639.000000	6.000000	0.344024	0.000000	0.000000	3.077095e+05
20001	640.000000	6.000000	0.343739	0.000000	0.000000	3.925575e+05
20001	641.000000	6.000000	0.342636	0.000000	0.000000	3.228284e+05
20001	642.000000	6.000000	0.342234	0.000000	0.000000	3.411772e+05
20001	643.000000	6.000000	0.341373	0.000000	0.000000	5.888218e+05
20001	644.000000	6.000000	0.340437	0.000000	0.000000	5.758477e+05
20001	645.000000	6.000000	0.339669	0.000000	0.000000	3.259387e+05
20001	646.000000	6.000000	0.339570	0.000000	0.000000	3.243209e+05
20001	647.000000	6.000000	0.338955	0.000000	0.000000	7.063835e+05
20001	648.000000	6.000000	0.337570	0.000000	0.000000	1.503581e+06
20001	649.000000	6.000000	0.336311	0.000000	0.000000	8.313793e+05
20001	650.000000	6.000000	0.335871	0.000000	0.000000	5.618737e+05
20001	651.000000	6.000000	0.335183	0.000000	0.000000	3.142438e+05
20001	652.000000	6.000000	0.333967	0.000000	0.000000	3.651574e+05
20001	653.000000	6.000000	0.333410	0.000000	0.000000	9.292761e+05
20001	654.000000	6.000000	0.332266	0.000000	0.000000	9.959875e+05
20001	655.000000	6.000000	0.330680	0.000000	0.000000	4.901985e+05
20001	656.000000	6.000000	0.329456	0.000000	0.000000	4.019269e+05
20001	657.000000	6.000000	0.328532	0.000000	0.000000	4.856991e+05
20001	658.000000	6.000000	0.327497	0.000000	0.000000	7.791747e+05
20001	659.000000	6.000000	0.326010	0.000000	0.000000	5.362375e+05
20001	660.000000	6.000000	0.325136	0.000000	0.000000	5.118842e+05
20001	661.000000	6.000000	0.323827	0.000000	0.000000	2.337497e+05
20001	662.000000	6.000000	0.322603	0.000000	0.000000	2.137933e+05
20001	663.000000	6.000000	0.321681	0.000000	0.000000	2.659435e+05
20001	664.000000	6.000000	0.320733	0.000000	0.000000	4.167546e+05
20001	665.000000	6.000000	0.319519	0.000000	0.000000	5.222003e+05
20001	666.000000	6.000000	0.317487	0.000000	0.000000	5.934165e+05
20001	667.000000	6.000000	0.315930	0.000000	0.000000	5.248908e+05
20001	668.000000	6.000000	0.315028	0.000000	0.000000	4.719917e+05
20001	669.000000	6.000000	0.313264	0.000000	0.000000	6.221140e+05
20001	670.000000	6.000000	0.311687	0.000000	0.000000	7.522735e+05
20001	671.000000	6.000000	0.310206	0.000000	0.000000	5.341250e+05
20001	672.000000	6.000000	0.308748	0.000000	0.000000	2.603790e+05
20001	673.000000	6.000000	0.307661	0.000000	0.000000	3.651675e+05
20001	674.000000	6.000000	0.306257	0.000000	0.000000	6.156302e+05
20001	675.000000	6.000000	0.304700	0.000000	0.000000	4.413518e+05
20001	676.000000	6.000000	0.303191	0.000000	0.000000	2.799661e+05
20001	677.000000	6.000000	0.301847	0.000000	0.000000	4.663896e+05
20001	678.000000	6.000000	0.299981	0.000000	0.000000	6.832956e+05
20001	679.000000	6.000000	0.298339	0.000000	0.000000	5.061735e+05
20001	680.000000	6.000000	0.296659	0.000000	0.000000	4.715878e+05
20001	681.000000	6.000000	0.295075	0.000000	0.000000	3.445841e+05
20001	682.000000	6.000000	0.293100	0.000000	0.000000	5.661531e+05
20001	683.000000	6.000000	0.291896	0.000000	0.000000	4.166915e+05
20001	684.000000	6.000000	0.290222	0.000000	0.000000	2.665568e+05
20001	685.000000	6.000000	0.287958	0.000000	0.000000	3.427993e+05
20001	686.000000	6.000000	0.286488	0.000000	0.000000	3.279841e+05
20001	687.000000	6.000000	0.284771	0.000000	0.000000	3.137972e+05
20001	688.000000	6.000000	0.282847	0.000000	0.000000	3.691143e+05
20001	689.000000	6.000000	0.281087	0.000000	0.000000	4.552539e+05
20001	690.000000	6.000000	0.279437	0.000000	0.000000	4.319553e+05
20001	691.000000	6.000000	0.277611	0.000000	0.000000	4.324891e+05
20001	692.000000	6.000000	0.275488	0.000000	0.000000	3.243016e+05
20001	693.000000	6.000000	0.273603	0.000000	0.000000	2.756212e+05
20001	694.000000	6.000000	0.272132	0.000000	0.000000	2.423830e+05
20001	695.000000	6.000000	0.270180	0.000000	0.000000	3.383475e+05
20001	696.000000	6.000000	0.268284	0.000000	0.000000	4.162049e+05
20001	697.000000	6.000000	0.266198	0.000000	0.000000	4.660683e+05
20001	698.000000	6.000000	0.264319	0.000000	0.000000	4.454057e+05
20001	699.000000	6.000000	0.262462	0.000000	0.000000	3.777257e+05
20001	700.000000	6.000000	0.260341	0.000000	0.000000	2.696650e+05
20001	701.000000	6.000000	0.258712	0.000000	0.000000	2.161100e+05
20001	702.000000	6.000000	0.256786	0.000000	0.000000	2.570939e+05
20001	703.000000	6.000000	0.254802	0.000000	0.000000	2.677687e+05
20001	704.000000	6.000000	0.252749	0.000000	0.000000	3.208554e+05
20001	705.000000	6.000000	0.250680	0.000000	0.000000	2.926829e+05
20001	706.000000	6.000000	0.248460	0.000000	0.000000	3.605234e+05
20001	707.000000	6.000000	0.246318	0.000000	0.000000	4.414689e+05
20001	708.000000	6.000000	0.244129	0.000000	0.000000	3.721026e+05
20001	709.000000	6.000000	0.242461	0.000000	0.000000	2.926274e+05
20001	710.000000	6.000000	0.240601	0.000000	0.000000	2.837407e+05
20001	711.000000	6.000000	0.238312	0.000000	0.000000	2.650157e+05
20001	712.000000	6.000000	0.236364	0.000000	0.000000	2.519886e+05
20001	713.000000	6.000000	0.234249	0.000000	0.000000	2.589476e+05
20001	714.000000	6.000000	0.232370	0.000000	0.000000	3.080170e+05
20001	715.000000	6.000000	0.230134	0.000000	0.000000	2.881985e+05
20001	716.000000	6.000000	0.228087	0.000000	0.000000	1.943946e+05
20001	717.000000	6.000000	0.225842	0.000000	0.000000	2.273011e+05
20001	718.000000	6.000000	0.223741	0.000000	0.000000	3.538332e+05
20001	719.000000	6.000000	0.221896	0.000000	0.000000	3.789206e+05
20001	720.000000	6.000000	0.219875	0.000000	0.000000	2.778504e+05
20001	721.000000	6.000000	0.217700	0.000000	0.000000	4.400694e+05
20001	722.000000	6.000000	0.215349	0.000000	0.000000	3.041784e+05
20001	723.000000	6.000000	0.213043	0.000000	0.000000	2.464195e+05
20001	724.000000	6.000000	0.211025	0.000000	0.000000	3.622832e+05
20001	725.000000	6.000000	0.208959	0.000000	0.000000	3.602993e+05
20001	726.000000	6.000000	0.206819	0.000000	0.000000	3.494252e+05
20001	727.000000	6.000000	0.205114	0.000000	0.000000	2.682331e+05
20001	728.000000	6.000000	0.203386	0.000000	0.000000	3.869885e+05
20001	729.000000	6.000000	0.201378	0.000000	0.000000	2.547009e+05
20001	730.000000	6.000000	0.199121	0.000000	0.000000	2.771433e+05
20001	731.000000	6.000000	0.196857	0.000000	0.000000	3.622864e+05
20001	732.000000	6.000000	0.194388	0.000000	0.000000	5.470933e+05
20001	733.000000	6.000000	0.192263	0.000000	0.000000	3.857618e+05
20001	734.000000	6.000000	0.190616	0.000000	0.000000	3.436003e+05
20001	735.000000	6.000000	0.188516	0.000000	0.000000	4.322187e+05
20001	736.000000	6.000000	0.186355	0.000000	0.000000	3.405858e+05
20001	737.000000	6.000000	0.184173	0.000000	0.000000	4.704662e+05
20001	738.000000	6.000000	0.182316	0.000000	0.000000	7.867640e+05
20001	739.000000	6.000000	0.180279	0.000000	0.000000	5.039835e+05
20001	740.000000	6.000000	0.178011	0.000000	0.000000	3.456326e+05
20001	741.000000	6.000000	0.176288	0.000000	0.000000	4.174172e+05
20001	742.000000	6.000000	0.174367	0.000000	0.000000	4.752809e+05
20001	743.000000	6.000000	0.172114	0.000000	0.000000	4.813899e+05
20001	744.000000	6.000000	0.169787	0.000000	0.000000	5.266915e+05
20001	745.000000	6.000000	0.168365	0.000000	0.000000	4.228957e+05
20001	746.000000	6.000000	0.166450	0.000000	0.000000	6.280596e+05
20001	747.000000	6.000000	0.164209	0.000000	0.000000	5.945779e+05
20001	748.000000	6.000000	0.162091	0.000000	0.000000	6.250941e+05
20001	749.000000	6.000000	0.160224	0.000000	0.000000	5.746530e+05
20001	750.000000	6.000000	0.158055	0.000000	0.000000	5.138007e+05
20001	751.000000	6.000000	0.156301	0.000000	0.000000	8.624084e+05
20001	752.000000	6.000000	0.154612	0.000000	0.000000	7.572493e+05
20001	753.000000	6.000000	0.152468	0.000000	0.000000	6.572882e+05
20001	754.000000	6.000000	0.150878	0.000000	0.000000	6.562873e+05
20001	755.000000	6.000000	0.148950	0.000000	0.000000	5.726664e+05
20001	756.000000	6.000000	0.147235	0.000000	0.000000	6.389606e+05
20001	757.000000	6.000000	0.145177	0.000000	0.000000	5.063153e+05
20001	758.000000	6.000000	0.143849	0.000000	0.000000	4.717171e+05
20001	759.000000	6.000000	0.142058	0.000000	0.000000	5.866437e+05
20001	760.000000	6.000000	0.139740	0.000000	0.000000	6.853845e+05
20001	761.000000	6.000000	0.138368	0.000000	0.000000	1.127080e+06
20001	762.000000	6.000000	0.136422	0.000000	0.000000	7.296493e+05
20001	763.000000	6.000000	0.134563	0.000000	0.000000	6.247260e+05
20001	764.000000	6.000000	0.132906	0.000000	0.000000	7.095668e+05
20001	765.000000	6.000000	0.131345	0.000000	0.000000	7.969920e+05
20001	766.000000	6.000000	0.129349	0.000000	0.000000	1.107258e+06
20001	767.000000	6.000000	0.127620	0.000000	0.000000	1.146156e+06
20001	768.000000	6.000000	0.126096	0.000000	0.000000	6.402561e+05
20001	769.000000	6.000000	0.124910	0.000000	0.000000	3.543267e+05
20001	770.000000	6.000000	0.123264	0.000000	0.000000	8.712441e+05
20001	771.000000	6.000000	0.121308	0.000000	0.000000	4.624504e+05
20001	772.000000	6.000000	0.119520	0.000000	0.000000	4.851726e+05
20001	773.000000	6.000000	0.118161	0.000000	0.000000	9.073578e+05
20001	774.000000	6.000000	0.116360	0.000000	0.000000	9.442106e+05
20001	775.000000	6.000000	0.114840	0.000000	0.000000	7.248379e+05
20001	776.000000	6.000000	0.113464	0.000000	0.000000	9.607231e+05
20001	777.000000	6.000000	0.112218	0.000000	0.000000	7.097380e+05
20001	778.000000	6.000000	0.110553	0.000000	0.000000	6.448977e+05
20001	779.000000	6.000000	0.108990	0.000000	0.000000	7.853147e+05
20001	780.000000	6.000000	0.107663	0.000000	0.000000	1.137154e+06
20001	781.000000	6.000000	0.106565	0.000000	0.000000	9.398356e+05
20001	782.000000	6.000000	0.105085	0.000000	0.000000	1.064855e+06
20001	783.000000	6.000000	0.104015	0.000000	0.000000	2.453366e+06
20001	784.000000	6.000000	0.103031	0.000000	0.000000	1.435676e+06
20001	785.000000	6.000000	0.101541	0.000000	0.000000	2.722635e+06
20001	786.000000	6.000000	0.099950	0.000000	0.000000	2.311179e+06
20001	787.000000	6.000000	0.098476	0.000000	0.000000	9.740853e+05
20001	788.000000	6.000000	0.097194	0.000000	0.000000	8.898497e+05
20001	789.000000	6.000000	0.096359	0.000000	0.000000	1.224142e+06
20001	790.000000	6.000000	0.095266	0.000000	0.000000	1.230523e+06
20001	791.000000	6.000000	0.093780	0.000000	0.000000	9.036375e+05
20001	792.000000	6.000000	0.092590	0.000000	0.000000	1.450417e+06
20001	793.000000	6.000000	0.091406	0.000000	0.000000	2.091196e+06
20001	794.000000	6.000000	0.090361	0.000000	0.000000	1.571643e+06
20001	795.000000	6.000000	0.089009	0.000000	0.000000	2.163239e+06
20001	796.000000	6.000000	0.087892	0.000000	0.000000	1.380469e+06
20001	797.000000	6.000000	0.086921	0.000000	0.000000	1.588853e+06
20001	798.000000	6.000000	0.085498	0.000000	0.000000	2.765665e+06
20001	799.000000	6.000000	0.084605	0.000000	0.000000	3.360735e+06
20001	800.000000	6.000000	0.084223	0.000000	0.000000	1.000000e+07
20001	801.000000	6.000000	0.083245	0.000000	0.000000	1.428482e+06
20001	802.000000	6.000000	0.082167	0.000000	0.000000	1.358876e+06
20001	803.000000	6.000000	0.081705	0.000000	0.000000	1.484406e+06
20001	804.000000	6.000000	0.080995	0.000000	0.000000	1.582732e+06
20001	805.000000	6.000000	0.080326	0.000000	0.000000	1.096381e+06
20001	806.000000	6.000000	0.079234	0.000000	0.000000	1.654718e+06
20001	807.000000	6.000000	0.078633	0.000000	0.000000	9.401176e+06
20001	808.000000	6.000000	0.077727	0.000000	0.000000	7.495166e+05
20001	809.000000	6.000000	0.076867	0.000000	0.000000	2.073394e+06
20001	810.000000	6.000000	0.076592	0.000000	0.000000	1.823763e+06
20001	811.000000	6.000000	0.076126	0.000000	0.000000	5.611324e+06
20001	812.000000	6.000000	0.075928	0.000000	0.000000	7.276674e+06
20001	813.000000	6.000000	0.074790	0.000000	0.000000	1.387899e+06
20001	814.000000	6.000000	0.073943	0.000000	0.000000	1.000000e+07
20001	815.000000	6.000000	0.073267	0.000000	0.000000	5.588443e+06
20001	816.000000	6.000000	0.072799	0.000000	0.000000	2.377559e+06
20001	817.000000	6.000000	0.072249	0.000000	0.000000	3.795542e+06
20001	818.000000	6.000000	0.071820	0.000000	0.000000	9.537966e+06
20001	819.000000	6.000000	0.071751	0.000000	0.000000	8.791921e+06
20001	820.000000	6.000000	0.071137	0.000000	0.000000	4.096193e+06
20001	821.000000	6.000000	0.070694	0.000000	0.000000	1.310459e+06
20001	822.000000	6.000000	0.070712	0.000000	0.000000	6.819799e+06
20001	823.000000	6.000000	0.069923	0.000000	0.000000	2.362874e+06
20001	824.000000	6.000000	0.068973	0.000000	0.000000	1.188544e+06
20001	825.000000	6.000000	0.068956	0.000000	0.000000	1.778366e+06
20001	826.000000	6.000000	0.068996	0.000000	0.000000	4.717750e+06
20001	827.000000	6.000000	0.068624	0.000000	0.000000	2.632118e+06
20001	828.000000	6.000000	0.068556	0.000000	0.000000	2.556611e+06
20001	829.000000	6.000000	0.068700	0.000000	0.000000	1.000000e+07
20001	830.000000	6.000000	0.068803	0.000000	0.000000	5.526511e+06
20001	831.000000	6.000000	0.068318	0.000000	0.000000	2.420057e+06
20001	832.000000	6.000000	0.067509	0.000000	0.000000	8.584809e+05
20001	833.000000	6.000000	0.067714	0.000000	0.000000	7.607565e+05
20001	834.000000	6.000000	0.067734	0.000000	0.000000	3.448867e+06
20001	835.000000	6.000000	0.067513	0.000000	0.000000	2.565013e+06
20001	836.000000	6.000000	0.067685	0.000000	0.000000	1.200879e+06
20001	837.000000	6.000000	0.067648	0.000000	0.000000	3.621760e+06
20001	838.000000	6.000000	0.067659	0.000000	0.000000	3.061774e+06
20001	839.000000	6.000000	0.067617	0.000000	0.000000	1.679604e+06
20001	840.000000	6.000000	0.067935	0.000000	0.000000	7.410478e+05
20001	841.000000	6.000000	0.067701	0.000000	0.000000	1.125605e+06
20001	842.000000	6.000000	0.067608	0.000000	0.000000	3.645379e+06
20001	843.000000	6.000000	0.068016	0.000000	0.000000	2.575579e+06
20001	844.000000	6.000000	0.068546	0.000000	0.000000	5.548818e+05
20001	845.000000	6.000000	0.068199	0.000000	0.000000	9.517447e+05
20001	846.000000	6.000000	0.068870	0.000000	0.000000	1.000000e+07
20001	847.000000	6.000000	0.069119	0.000000	0.000000	6.609861e+05
20001	848.000000	6.000000	0.069247	0.000000	0.000000	7.269601e+05
20001	849.000000	6.000000	0.068549	0.000000	0.000000	2.985316e+06
20001	850.000000	6.000000	0.069564	0.000000	0.000000	8.186883e+05
20001	851.000000	6.000000	0.069486	0.000000	0.000000	8.917300e+05
20001	852.000000	6.000000	0.069670	0.000000	0.000000	5.385121e+06
20001	853.000000	6.000000	0.069565	0.000000	0.000000	2.653549e+06
20001	854.000000	6.000000	0.070529	0.000000	0.000000	2.569384e+06
20001	855.000000	6.000000	0.071403	0.000000	0.000000	7.059819e+06
20001	856.000000	6.000000	0.071741	0.000000	0.000000	1.564860e+06
20001	857.000000	6.000000	0.072199	0.000000	0.000000	2.223127e+06
20001	858.000000	6.000000	0.072147	0.000000	0.000000	1.879795e+06
20001	859.000000	6.000000	0.071890	0.000000	0.000000	1.465842e+06
20001	860.000000	6.000000	0.072430	0.000000	0.000000	8.321409e+05
20001	861.000000	6.000000	0.073539	0.000000	0.000000	9.268032e+05
20001	862.000000	6.000000	0.074374	0.000000	0.000000	1.445646e+06
20001	863.000000	6.000000	0.074439	0.000000	0.000000	1.012865e+06
20001	864.000000	6.000000	0.074977	0.000000	0.000000	2.047939e+06
20001	865.000000	6.000000	0.075192	0.000000	0.000000	9.409246e+05
20001	866.000000	6.000000	0.075481	0.000000	0.000000	4.690349e+05
20001	867.000000	6.000000	0.075914	0.000000	0.000000	3.694172e+05
20001	868.000000	6.000000	0.076989	0.000000	0.000000	5.757977e+05
20001	869.000000	6.000000	0.077409	0.000000	0.000000	5.557713e+05
20001	870.000000	6.000000	0.078262	0.000000	0.000000	7.198666e+05
20001	871.000000	6.000000	0.079081	0.000000	0.000000	1.023315e+06
20001	872.000000	6.000000	0.080285	0.000000	0.000000	6.336321e+05
20001	873.000000	6.000000	0.080358	0.000000	0.000000	8.674074e+05
20001	874.000000	6.000000	0.081220	0.000000	0.000000	7.379694e+05
20001	875.000000	6.000000	0.081893	0.000000	0.000000	7.994334e+05
20001	876.000000	6.000000	0.081705	0.000000	0.000000	1.398996e+06
20001	877.000000	6.000000	0.082925	0.000000	0.000000	3.209118e+05
20001	878.000000	6.000000	0.083790	0.000000	0.000000	9.576633e+05
20001	879.000000	6.000000	0.084138	0.000000	0.000000	6.394849e+05
20001	880.000000	6.000000	0.085410	0.000000	0.000000	4.860880e+05
20001	881.000000	6.000000	0.086385	0.000000	0.000000	5.731424e+05
20001	882.000000	6.000000	0.087497	0.000000	0.000000	3.754278e+05
20001	883.000000	6.000000	0.087584	0.000000	0.000000	6.130086e+05
20001	884.000000	6.000000	0.088270	0.000000	0.000000	1.217774e+06
20001	885.000000	6.000000	0.089042	0.000000	0.000000	1.400450e+06
20001	886.000000	6.000000	0.090101	0.000000	0.000000	6.187414e+05
20001	887.000000	6.000000	0.091059	0.000000	0.000000	1.009978e+06
20001	888.000000	6.000000	0.091875	0.000000	0.000000	5.277513e+05
20001	889.000000	6.000000	0.093065	0.000000	0.000000	4.390915e+05
20001	890.000000	6.000000	0.093500	0.000000	0.000000	6.177696e+05
20001	891.000000	6.000000	0.094311	0.000000	0.000000	2.232486e+06
20001	892.000000	6.000000	0.095841	0.000000	0.000000	1.157975e+06
20001	893.000000	6.000000	0.096894	0.000000	0.000000	6.695172e+05
20001	894.000000	6.000000	0.097130	0.000000	0.000000	4.893175e+05
20001	895.000000	6.000000	0.097549	0.000000	0.000000	5.650004e+05
20001	896.000000	6.000000	0.098595	0.000000	0.000000	1.648373e+06
20001	897.000000	6.000000	0.100170	0.000000	0.000000	6.142858e+05
20001	898.000000	6.000000	0.101274	0.000000	0.000000	9.006645e+05
20001	899.000000	6.000000	0.102244	0.000000	0.000000	2.860829e+06
20001	900.000000	6.000000	0.103229	0.000000	0.000000	1.768741e+06
20001	901.000000	6.000000	0.103824	0.000000	0.000000	7.751214e+05
20001	902.000000	6.000000	0.104469	0.000000	0.000000	1.390351e+06
20001	903.000000	6.000000	0.105602	0.000000	0.000000	6.442497e+05
20001	904.000000	6.000000	0.106851	0.000000	0.000000	4.083994e+05
20001	905.000000	6.000000	0.107451	0.000000	0.000000	8.998502e+05
20001	906.000000	6.000000	0.108532	0.000000	0.000000	1.245737e+06
20001	907.000000	6.000000	0.109551	0.000000	0.000000	1.145386e+06
20001	908.000000	6.000000	0.110739	0.000000	0.000000	6.346084e+05
20001	909.000000	6.000000	0.112057	0.000000	0.000000	2.943449e+05
20001	910.000000	6.000000	0.112416	0.000000	0.000000	3.779406e+05
20001	911.000000	6.000000	0.113597	0.000000	0.000000	4.298214e+05
20001	912.000000	6.000000	0.114707	0.000000	0.000000	6.236787e+05
20001	913.000000	6.000000	0.115966	0.000000	0.000000	6.427540e+05
20001	914.000000	6.000000	0.117100	0.000000	0.000000	8.359261e+05
20001	915.000000	6.000000	0.118111	0.000000	0.000000	6.557193e+05
20001	916.000000	6.000000	0.119083	0.000000	0.000000	4.430052e+05
20001	917.000000	6.000000	0.120399	0.000000	0.000000	6.443332e+05
20001	918.000000	6.000000	0.121481	0.000000	0.000000	9.460649e+05
20001	919.000000	6.000000	0.122404	0.000000	0.000000	5.439993e+05
20001	920.000000	6.000000	0.123429	0.000000	0.000000	4.561794e+05
20001	921.000000	6.000000	0.124475	0.000000	0.000000	6.156573e+05
20001	922.000000	6.000000	0.125294	0.000000	0.000000	8.379252e+05
20001	923.000000	6.000000	0.126236	0.000000	0.000000	7.146484e+05
20001	924.000000	6.000000	0.127689	0.000000	0.000000	7.742495e+05
20001	925.000000	6.000000	0.128654	0.000000	0.000000	1.407162e+06
20001	926.000000	6.000000	0.130004	0.000000	0.000000	9.988561e+05
20001	927.000000	6.000000	0.131257	0.000000	0.000000	4.941314e+05
20001	928.000000	6.000000	0.132491	0.000000	0.000000	4.654246e+05
20001	929.000000	6.000000	0.133199	0.000000	0.000000	5.108126e+05
20001	930.000000	6.000000	0.134245	0.000000	0.000000	4.705276e+05
20001	931.000000	6.000000	0.135180	0.000000	0.000000	5.907617e+05
20001	932.000000	6.000000	0.137047	0.000000	0.000000	4.154366e+05
20001	933.000000	6.000000	0.137288	0.000000	0.000000	7.427228e+05
20001	934.000000	6.000000	0.138690	0.000000	0.000000	5.538725e+05
20001	935.000000	6.000000	0.140248	0.000000	0.000000	4.211202e+05
20001	936.000000	6.000000	0.141573	0.000000	0.000000	3.057977e+05
20001	937.000000	6.000000	0.142012	0.000000	0.000000	4.771024e+05
20001	938.000000	6.000000	0.143209	0.000000	0.000000	3.697152e+05
20001	939.000000	6.000000	0.144491	0.000000	0.000000	3.348303e+05
20001	940.000000	6.000000	0.145364	0.000000	0.000000	4.216791e+05
20001	941.000000	6.000000	0.146372	0.000000	0.000000	5.680842e+05
20001	942.000000	6.000000	0.147996	0.000000	0.000000	4.697191e+05
20001	943.000000	6.000000	0.149377	0.000000	0.000000	4.802941e+05
20001	944.000000	6.000000	0.150123	0.000000	0.000000	4.229516e+05
20001	945.000000	6.000000	0.150683	0.000000	0.000000	4.873276e+05
20001	946.000000	6.000000	0.151801	0.000000	0.000000	4.324443e+05
20001	947.000000	6.000000	0.152984	0.000000	0.000000	4.673100e+05
20001	948.000000	6.000000	0.154309	0.000000	0.000000	4.193961e+05
20001	949.000000	6.000000	0.155335	0.000000	0.000000	6.914465e+05
20001	950.000000	6.000000	0.156500	0.000000	0.000000	8.155657e+05
20001	951.000000	6.000000	0.157669	0.000000	0.000000	5.267829e+05
20001	952.000000	6.000000	0.158787	0.000000	0.000000	3.395910e+05
20001	953.000000	6.000000	0.159542	0.000000	0.000000	3.692728e+05
20001	954.000000	6.000000	0.160522	0.000000	0.000000	4.318614e+05
20001	955.000000	6.000000	0.161649	0.000000	0.000000	4.104261e+05
20001	956.000000	6.000000	0.162808	0.000000	0.000000	4.363091e+05
20001	957.000000	6.000000	0.163651	0.000000	0.000000	4.067742e+05
20001	958.000000	6.000000	0.164773	0.000000	0.000000	6.200485e+05
20001	959.000000	6.000000	0.165840	0.000000	0.000000	1.401313e+06
20001	960.000000	6.000000	0.167700	0.000000	0.000000	8.483944e+05
20001	961.000000	6.000000	0.168592	0.000000	0.000000	6.814406e+05
20001	962.000000	6.000000	0.169460	0.000000	0.000000	7.440829e+05
20001	963.000000	6.000000	0.170392	0.000000	0.000000	5.823839e+05
20001	964.000000	6.000000	0.171091	0.000000	0.000000	2.666544e+05
20001	965.000000	6.000000	0.172071	0.000000	0.000000	4.557654e+05
20001	966.000000	6.000000	0.173562	0.000000	0.000000	1.493344e+06
20001	967.000000	6.000000	0.174901	0.000000	0.000000	1.854953e+06
20001	968.000000	6.000000	0.175238	0.000000	0.000000	4.969277e+05
20001	969.000000	6.000000	0.176958	0.000000	0.000000	4.679694e+05
20001	970.000000	6.000000	0.178471	0.000000	0.000000	4.253974e+05
20001	971.000000	6.000000	0.179109	0.000000	0.000000	4.602729e+05
20001	972.000000	6.000000	0.180123	0.000000	0.000000	3.728428e+05
20001	973.000000	6.000000	0.180773	0.000000	0.000000	8.526911e+05
20001	974.000000	6.000000	0.181725	0.000000	0.000000	5.320078e+05
20001	975.000000	6.000000	0.181338	0.000000	0.000000	3.941776e+05
20001	976.000000	6.000000	0.183453	0.000000	0.000000	3.783438e+05
20001	977.000000	6.000000	0.185834	0.000000	0.000000	3.027427e+05
20001	978.000000	6.000000	0.186536	0.000000	0.000000	4.918054e+05
20001	979.000000	6.000000	0.187494	0.000000	0.000000	5.859771e+05
20001	980.000000	6.000000	0.188970	0.000000	0.000000	9.473755e+05
20001	981.000000	6.000000	0.189148	0.000000	0.000000	2.282659e+05
20001	982.000000	6.000000	0.190647	0.000000	0.000000	2.815083e+05
20001	983.000000	6.000000	0.192472	0.000000	0.000000	2.721536e+05
20001	984.000000	6.000000	0.192013	0.000000	0.000000	3.364702e+05
20001	985.000000	6.000000	0.193649	0.000000	0.000000	3.055517e+05
20001	986.000000	6.000000	0.195500	0.000000	0.000000	6.370865e+05
20001	987.000000	6.000000	0.196841	0.000000	0.000000	4.859660e+05
20001	988.000000	6.000000	0.196805	0.000000	0.000000	5.926498e+05
20001	989.000000	6.000000	0.197667	0.000000	0.000000	4.234885e+05
20001	990.000000	6.000000	0.198393	0.000000	0.000000	3.178700e+05
20001	991.000000	6.000000	0.199643	0.000000	0.000000	8.842019e+05
20001	992.000000	6.000000	0.201273	0.000000	0.000000	8.107337e+05
20001	993.000000	6.000000	0.202127	0.000000	0.000000	3.739449e+05
20001	994.000000	6.000000	0.202677	0.000000	0.000000	4.423799e+05
20001	995.000000	6.000000	0.204033	0.000000	0.000000	2.464618e+05
20001	996.000000	6.000000	0.205409	0.000000	0.000000	3.740044e+05
20001	997.000000	6.000000	0.205724	0.000000	0.000000	2.494435e+05
20001	998.000000	6.000000	0.206773	0.000000	0.000000	2.403545e+05
20001	999.000000	6.000000	0.207831	0.000000	0.000000	4.828539e+05
20001	1000.000000	6.000000	0.208544	0.000000	0.000000	7.224333e+05
