20001	190.000000	6.000000	0.414354	0.000000	0.000000	4.018984e+01
20001	191.000000	6.000000	0.384842	0.000000	0.000000	6.547346e+01
20001	192.000000	6.000000	0.448525	0.000000	0.000000	1.418125e+02
20001	193.000000	6.000000	0.468041	0.000000	0.000000	3.102499e+02
20001	194.000000	6.000000	0.549556	0.000000	0.000000	9.864608e+02
20001	195.000000	6.000000	0.599344	0.000000	0.000000	6.423700e+02
20001	196.000000	6.000000	0.618280	0.000000	0.000000	4.201267e+03
20001	197.000000	6.000000	0.618667	0.000000	0.000000	8.375892e+02
20001	198.000000	6.000000	0.613589	0.000000	0.000000	1.586802e+03
20001	199.000000	6.000000	0.556158	0.000000	0.000000	1.016983e+03
20001	200.000000	6.000000	0.509753	0.000000	0.000000	3.654445e+02
20001	201.000000	6.000000	0.430650	0.000000	0.000000	6.816198e+02
20001	202.000000	6.000000	0.373353	0.000000	0.000000	4.774253e+03
20001	203.000000	6.000000	0.364152	0.000000	0.000000	6.317342e+03
20001	204.000000	6.000000	0.403860	0.000000	0.000000	1.882255e+03
20001	205.000000	6.000000	0.458091	0.000000	0.000000	1.752706e+03
20001	206.000000	6.000000	0.519843	0.000000	0.000000	1.571314e+03
20001	207.000000	6.000000	0.573246	0.000000	0.000000	2.168275e+03
20001	208.000000	6.000000	0.630140	0.000000	0.000000	1.261326e+03
20001	209.000000	6.000000	0.642314	0.000000	0.000000	4.965003e+03
20001	210.000000	6.000000	0.637647	0.000000	0.000000	1.241176e+04
20001	211.000000	6.000000	0.624521	0.000000	0.000000	7.066986e+03
20001	212.000000	6.000000	0.595412	0.000000	0.000000	7.645057e+03
20001	213.000000	6.000000	0.536769	0.000000	0.000000	1.462413e+03
20001	214.000000	6.000000	0.476672	0.000000	0.000000	1.288726e+03
20001	215.000000	6.000000	0.414981	0.000000	0.000000	2.049791e+03
20001	216.000000	6.000000	0.366161	0.000000	0.000000	4.824308e+03
20001	217.000000	6.000000	0.363845	0.000000	0.000000	6.716076e+04
20001	218.000000	6.000000	0.396902	0.000000	0.000000	2.807337e+03
20001	219.000000	6.000000	0.449635	0.000000	0.000000	1.326682e+03
20001	220.000000	6.000000	0.505675	0.000000	0.000000	1.517615e+03
20001	221.000000	6.000000	0.559360	0.000000	0.000000	2.258492e+03
20001	222.000000	6.000000	0.604492	0.000000	0.000000	4.721926e+03
20001	223.000000	6.000000	0.629201	0.000000	0.000000	8.377500e+03
20001	224.000000	6.000000	0.639718	0.000000	0.000000	5.785184e+04
20001	225.000000	6.000000	0.642089	0.000000	0.000000	2.062881e+05
20001	226.000000	6.000000	0.630393	0.000000	0.000000	1.700824e+04
20001	227.000000	6.000000	0.605058	0.000000	0.000000	5.995367e+03
20001	228.000000	6.000000	0.571598	0.000000	0.000000	3.902098e+03
20001	229.000000	6.000000	0.525086	0.000000	0.000000	2.151949e+03
20001	230.000000	6.000000	0.467712	0.000000	0.000000	1.696718e+03
20001	231.000000	6.000000	0.413974	0.000000	0.000000	1.882619e+03
20001	232.000000	6.000000	0.369011	0.000000	0.000000	3.755354e+03
20001	233.000000	6.000000	0.346646	0.000000	0.000000	4.776394e+04
20001	234.000000	6.000000	0.351315	0.000000	0.000000	1.613233e+04
20001	235.000000	6.000000	0.379248	0.000000	0.000000	3.626265e+03
20001	236.000000	6.000000	0.422830	0.000000	0.000000	2.071999e+03
20001	237.000000	6.000000	0.474038	0.000000	0.000000	1.934379e+03
20001	238.000000	6.000000	0.522141	0.000000	0.000000	2.193078e+03
20001	239.000000	6.000000	0.562575	0.000000	0.000000	3.012601e+03
20001	240.000000	6.000000	0.593769	0.000000	0.000000	5.048020e+03
20001	241.000000	6.000000	0.618085	0.000000	0.000000	1.679061e+04
20001	242.000000	6.000000	0.633657	0.000000	0.000000	5.960771e+04
20001	243.000000	6.000000	0.637264	0.000000	0.000000	1.188201e+05
20001	244.000000	6.000000	0.632854	0.000000	0.000000	3.573736e+04
20001	245.000000	6.000000	0.621566	0.000000	0.000000	9.811164e+03
20001	246.000000	6.000000	0.603957	0.000000	0.000000	5.730375e+03
20001	247.000000	6.000000	0.579867	0.000000	0.000000	2.998455e+03
20001	248.000000	6.000000	0.545813	0.000000	0.000000	2.645402e+03
20001	249.000000	6.000000	0.508305	0.000000	0.000000	2.209593e+03
20001	250.000000	6.000000	0.467509	0.000000	0.000000	2.204527e+03
20001	251.000000	6.000000	0.428734	0.000000	0.000000	2.208717e+03
20001	252.000000	6.000000	0.398059	0.000000	0.000000	3.872340e+03
20001	253.000000	6.000000	0.385487	0.000000	0.000000	2.187982e+04
20001	254.000000	6.000000	0.389081	0.000000	0.000000	6.768159e+04
20001	255.000000	6.000000	0.411040	0.000000	0.000000	7.229704e+03
20001	256.000000	6.000000	0.448335	0.000000	0.000000	3.197396e+03
20001	257.000000	6.000000	0.491592	0.000000	0.000000	2.251940e+03
20001	258.000000	6.000000	0.532488	0.000000	0.000000	2.300606e+03
20001	259.000000	6.000000	0.573238	0.000000	0.000000	3.052290e+03
20001	260.000000	6.000000	0.607991	0.000000	0.000000	4.405394e+03
20001	261.000000	6.000000	0.636152	0.000000	0.000000	8.131137e+03
20001	262.000000	6.000000	0.657656	0.000000	0.000000	1.263534e+04
20001	263.000000	6.000000	0.673140	0.000000	0.000000	4.459089e+04
20001	264.000000	6.000000	0.682839	0.000000	0.000000	6.506657e+04
20001	265.000000	6.000000	0.687911	0.000000	0.000000	2.441164e+05
20001	266.000000	6.000000	0.686442	0.000000	0.000000	4.308201e+04
20001	267.000000	6.000000	0.679983	0.000000	0.000000	3.316595e+04
20001	268.000000	6.000000	0.668699	0.000000	0.000000	1.423177e+04
20001	269.000000	6.000000	0.651379	0.000000	0.000000	7.446015e+03
20001	270.000000	6.000000	0.629220	0.000000	0.000000	4.963130e+03
20001	271.000000	6.000000	0.602288	0.000000	0.000000	3.846845e+03
20001	272.000000	6.000000	0.573056	0.000000	0.000000	3.028900e+03
20001	273.000000	6.000000	0.539849	0.000000	0.000000	2.479822e+03
20001	274.000000	6.000000	0.507453	0.000000	0.000000	2.887470e+03
20001	275.000000	6.000000	0.477718	0.000000	0.000000	4.443305e+03
20001	276.000000	6.000000	0.453334	0.000000	0.000000	6.816073e+03
20001	277.000000	6.000000	0.440242	0.000000	0.000000	2.104496e+04
20001	278.000000	6.000000	0.438693	0.000000	0.000000	2.603668e+05
20001	279.000000	6.000000	0.447777	0.000000	0.000000	1.973339e+04
20001	280.000000	6.000000	0.466854	0.000000	0.000000	5.808496e+03
20001	281.000000	6.000000	0.492896	0.000000	0.000000	3.696324e+03
20001	282.000000	6.000000	0.521332	0.000000	0.000000	3.398233e+03
20001	283.000000	6.000000	0.551995	0.000000	0.000000	3.512772e+03
20001	284.000000	6.000000	0.579790	0.000000	0.000000	3.842520e+03
20001	285.000000	6.000000	0.601768	0.000000	0.000000	5.597364e+03
20001	286.000000	6.000000	0.620984	0.000000	0.000000	1.007950e+04
20001	287.000000	6.000000	0.637280	0.000000	0.000000	1.241768e+04
20001	288.000000	6.000000	0.649163	0.000000	0.000000	1.609877e+04
20001	289.000000	6.000000	0.654015	0.000000	0.000000	8.798634e+04
20001	290.000000	6.000000	0.654942	0.000000	0.000000	1.489564e+05
20001	291.000000	6.000000	0.653785	0.000000	0.000000	4.338029e+05
20001	292.000000	6.000000	0.647585	0.000000	0.000000	1.164806e+05
20001	293.000000	6.000000	0.637162	0.000000	0.000000	5.415814e+04
20001	294.000000	6.000000	0.626345	0.000000	0.000000	3.846827e+04
20001	295.000000	6.000000	0.610808	0.000000	0.000000	3.051101e+04
20001	296.000000	6.000000	0.590126	0.000000	0.000000	1.331259e+04
20001	297.000000	6.000000	0.569435	0.000000	0.000000	8.519670e+03
20001	298.000000	6.000000	0.544216	0.000000	0.000000	5.698925e+03
20001	299.000000	6.000000	0.515802	0.000000	0.000000	4.332313e+03
20001	300.000000	6.000000	0.485391	0.000000	0.000000	3.206355e+03
20001	301.000000	6.000000	0.453409	0.000000	0.000000	3.284899e+03
20001	302.000000	6.000000	0.419341	0.000000	0.000000	3.018508e+03
20001	303.000000	6.000000	0.389308	0.000000	0.000000	2.906031e+03
20001	304.000000	6.000000	0.360223	0.000000	0.000000	4.213594e+03
20001	305.000000	6.000000	0.334333	0.000000	0.000000	5.484734e+03
20001	306.000000	6.000000	0.315517	0.000000	0.000000	1.236462e+04
20001	307.000000	6.000000	0.305032	0.000000	0.000000	6.699480e+04
20001	308.000000	6.000000	0.302887	0.000000	0.000000	1.802576e+05
20001	309.000000	6.000000	0.306744	0.000000	0.000000	2.555946e+04
20001	310.000000	6.000000	0.318143	0.000000	0.000000	7.995188e+03
20001	311.000000	6.000000	0.334892	0.000000	0.000000	4.664111e+03
20001	312.000000	6.000000	0.356609	0.000000	0.000000	4.099316e+03
20001	313.000000	6.000000	0.380593	0.000000	0.000000	3.401179e+03
20001	314.000000	6.000000	0.405264	0.000000	0.000000	3.251742e+03
20001	315.000000	6.000000	0.431421	0.000000	0.000000	3.138410e+03
20001	316.000000	6.000000	0.454059	0.000000	0.000000	3.589555e+03
20001	317.000000	6.000000	0.475193	0.000000	0.000000	4.139751e+03
20001	318.000000	6.000000	0.495973	0.000000	0.000000	3.985942e+03
20001	319.000000	6.000000	0.512243	0.000000	0.000000	6.216686e+03
20001	320.000000	6.000000	0.526676	0.000000	0.000000	1.103251e+04
20001	321.000000	6.000000	0.539923	0.000000	0.000000	1.311043e+04
20001	322.000000	6.000000	0.548227	0.000000	0.000000	1.515174e+04
20001	323.000000	6.000000	0.553512	0.000000	0.000000	3.238871e+04
20001	324.000000	6.000000	0.558403	0.000000	0.000000	6.355609e+04
20001	325.000000	6.000000	0.562837	0.000000	0.000000	2.468669e+05
20001	326.000000	6.000000	0.561927	0.000000	0.000000	1.519132e+05
20001	327.000000	6.000000	0.556415	0.000000	0.000000	2.488289e+05
20001	328.000000	6.000000	0.551821	0.000000	0.000000	2.205194e+05
20001	329.000000	6.000000	0.543016	0.000000	0.000000	4.569253e+04
20001	330.000000	6.000000	0.537087	0.000000	0.000000	2.632987e+04
20001	331.000000	6.000000	0.527025	0.000000	0.000000	2.720747e+04
20001	332.000000	6.000000	0.512388	0.000000	0.000000	1.101588e+04
20001	333.000000	6.000000	0.494145	0.000000	0.000000	5.948616e+03
20001	334.000000	6.000000	0.476671	0.000000	0.000000	6.445690e+03
20001	335.000000	6.000000	0.457881	0.000000	0.000000	4.810752e+03
20001	336.000000	6.000000	0.434779	0.000000	0.000000	3.793763e+03
20001	337.000000	6.000000	0.413855	0.000000	0.000000	3.710626e+03
20001	338.000000	6.000000	0.391987	0.000000	0.000000	4.397960e+03
20001	339.000000	6.000000	0.368540	0.000000	0.000000	3.457329e+03
20001	340.000000	6.000000	0.345899	0.000000	0.000000	2.983087e+03
20001	341.000000	6.000000	0.324181	0.000000	0.000000	3.865401e+03
20001	342.000000	6.000000	0.305292	0.000000	0.000000	4.579637e+03
20001	343.000000	6.000000	0.287316	0.000000	0.000000	6.766232e+03
20001	344.000000	6.000000	0.273208	0.000000	0.000000	9.955106e+03
20001	345.000000	6.000000	0.265951	0.000000	0.000000	3.088103e+04
20001	346.000000	6.000000	0.262670	0.000000	0.000000	3.013827e+05
20001	347.000000	6.000000	0.261654	0.000000	0.000000	2.784789e+05
20001	348.000000	6.000000	0.267461	0.000000	0.000000	5.111727e+04
20001	349.000000	6.000000	0.278767	0.000000	0.000000	1.660174e+04
20001	350.000000	6.000000	0.291847	0.000000	0.000000	8.519132e+03
20001	351.000000	6.000000	0.308629	0.000000	0.000000	6.530373e+03
20001	352.000000	6.000000	0.328935	0.000000	0.000000	5.258041e+03
20001	353.000000	6.000000	0.350668	0.000000	0.000000	4.787821e+03
20001	354.000000	6.000000	0.374111	0.000000	0.000000	4.384074e+03
20001	355.000000	6.000000	0.396804	0.000000	0.000000	4.121358e+03
20001	356.000000	6.000000	0.419186	0.000000	0.000000	3.683518e+03
20001	357.000000	6.000000	0.441008	0.000000	0.000000	4.407559e+03
20001	358.000000	6.000000	0.462218	0.000000	0.000000	5.204629e+03
20001	359.000000	6.000000	0.481268	0.000000	0.000000	5.792647e+03
20001	360.000000	6.000000	0.497666	0.000000	0.000000	8.289270e+03
20001	361.000000	6.000000	0.514156	0.000000	0.000000	9.745939e+03
20001	362.000000	6.000000	0.530362	0.000000	0.000000	1.287307e+04
20001	363.000000	6.000000	0.541927	0.000000	0.000000	1.334661e+04
20001	364.000000	6.000000	0.551679	0.000000	0.000000	1.847783e+04
20001	365.000000	6.000000	0.560750	0.000000	0.000000	2.878810e+04
20001	366.000000	6.000000	0.567432	0.000000	0.000000	4.125554e+04
20001	367.000000	6.000000	0.573261	0.000000	0.000000	1.019222e+05
20001	368.000000	6.000000	0.574878	0.000000	0.000000	1.177120e+05
20001	369.000000	6.000000	0.574173	0.000000	0.000000	1.890679e+05
20001	370.000000	6.000000	0.572834	0.000000	0.000000	5.509908e+05
20001	371.000000	6.000000	0.569583	0.000000	0.000000	2.139019e+05
20001	372.000000	6.000000	0.564982	0.000000	0.000000	1.543137e+05
20001	373.000000	6.000000	0.557913	0.000000	0.000000	9.747713e+04
20001	374.000000	6.000000	0.549980	0.000000	0.000000	6.297296e+04
20001	375.000000	6.000000	0.541529	0.000000	0.000000	3.489177e+04
20001	376.000000	6.000000	0.529127	0.000000	0.000000	2.126178e+04
20001	377.000000	6.000000	0.516821	0.000000	0.000000	1.907582e+04
20001	378.000000	6.000000	0.502431	0.000000	0.000000	1.057585e+04
20001	379.000000	6.000000	0.488806	0.000000	0.000000	8.973902e+03
20001	380.000000	6.000000	0.471686	0.000000	0.000000	1.158499e+04
20001	381.000000	6.000000	0.452359	0.000000	0.000000	7.936279e+03
20001	382.000000	6.000000	0.431887	0.000000	0.000000	6.565704e+03
20001	383.000000	6.000000	0.413173	0.000000	0.000000	5.307428e+03
20001	384.000000	6.000000	0.391904	0.000000	0.000000	5.276475e+03
20001	385.000000	6.000000	0.370594	0.000000	0.000000	5.161717e+03
20001	386.000000	6.000000	0.348793	0.000000	0.000000	5.361046e+03
20001	387.000000	6.000000	0.327674	0.000000	0.000000	4.753720e+03
20001	388.000000	6.000000	0.307175	0.000000	0.000000	4.940674e+03
20001	389.000000	6.000000	0.288526	0.000000	0.000000	6.422527e+03
20001	390.000000	6.000000	0.269680	0.000000	0.000000	7.102922e+03
20001	391.000000	6.000000	0.253745	0.000000	0.000000	8.210085e+03
20001	392.000000	6.000000	0.240479	0.000000	0.000000	1.099518e+04
20001	393.000000	6.000000	0.228364	0.000000	0.000000	2.032316e+04
20001	394.000000	6.000000	0.218533	0.000000	0.000000	3.892316e+04
20001	395.000000	6.000000	0.211652	0.000000	0.000000	9.112391e+04
20001	396.000000	6.000000	0.207786	0.000000	0.000000	3.095040e+05
20001	397.000000	6.000000	0.206461	0.000000	0.000000	2.430325e+05
20001	398.000000	6.000000	0.208082	0.000000	0.000000	6.184348e+04
20001	399.000000	6.000000	0.211761	0.000000	0.000000	2.912597e+04
20001	400.000000	6.000000	0.216999	0.000000	0.000000	1.640209e+04
20001	401.000000	6.000000	0.224859	0.000000	0.000000	1.198437e+04
20001	402.000000	6.000000	0.234956	0.000000	0.000000	1.011933e+04
20001	403.000000	6.000000	0.245861	0.000000	0.000000	8.136844e+03
20001	404.000000	6.000000	0.258185	0.000000	0.000000	6.749666e+03
20001	405.000000	6.000000	0.270784	0.000000	0.000000	5.895882e+03
20001	406.000000	6.000000	0.284130	0.000000	0.000000	5.430441e+03
20001	407.000000	6.000000	0.298273	0.000000	0.000000	5.484576e+03
20001	408.000000	6.000000	0.312155	0.000000	0.000000	5.105147e+03
20001	409.000000	6.000000	0.325476	0.000000	0.000000	5.279662e+03
20001	410.000000	6.000000	0.338916	0.000000	0.000000	6.018156e+03
20001	411.000000	6.000000	0.352032	0.000000	0.000000	6.256700e+03
20001	412.000000	6.000000	0.364386	0.000000	0.000000	7.329706e+03
20001	413.000000	6.000000	0.374295	0.000000	0.000000	8.649251e+03
20001	414.000000	6.000000	0.384894	0.000000	0.000000	9.827617e+03
20001	415.000000	6.000000	0.394829	0.000000	0.000000	1.044558e+04
20001	416.000000	6.000000	0.403754	0.000000	0.000000	1.324302e+04
20001	417.000000	6.000000	0.411718	0.000000	0.000000	1.545515e+04
20001	418.000000	6.000000	0.419069	0.000000	0.000000	1.829691e+04
20001	419.000000	6.000000	0.425803	0.000000	0.000000	2.001361e+04
20001	420.000000	6.000000	0.431019	0.000000	0.000000	2.739786e+04
20001	421.000000	6.000000	0.434510	0.000000	0.000000	3.379671e+04
20001	422.000000	6.000000	0.438711	0.000000	0.000000	3.677720e+04
20001	423.000000	6.000000	0.442093	0.000000	0.000000	6.516297e+04
20001	424.000000	6.000000	0.444439	0.000000	0.000000	8.960135e+04
20001	425.000000	6.000000	0.445241	0.000000	0.000000	1.005391e+05
20001	426.000000	6.000000	0.446013	0.000000	0.000000	1.659411e+05
20001	427.000000	6.000000	0.446105	0.000000	0.000000	8.018577e+05
20001	428.000000	6.000000	0.445269	0.000000	0.000000	6.814705e+05
20001	429.000000	6.000000	0.442953	0.000000	0.000000	9.906780e+05
20001	430.000000	6.000000	0.440611	0.000000	0.000000	3.279563e+05
20001	431.000000	6.000000	0.437446	0.000000	0.000000	2.020576e+05
20001	432.000000	6.000000	0.433119	0.000000	0.000000	9.915247e+04
20001	433.000000	6.000000	0.428193	0.000000	0.000000	8.126720e+04
20001	434.000000	6.000000	0.422515	0.000000	0.000000	5.378135e+04
20001	435.000000	6.000000	0.417335	0.000000	0.000000	4.092338e+04
20001	436.000000	6.000000	0.410861	0.000000	0.000000	3.167561e+04
20001	437.000000	6.000000	0.402446	0.000000	0.000000	2.723218e+04
20001	438.000000	6.000000	0.394345	0.000000	0.000000	2.145686e+04
20001	439.000000	6.000000	0.385344	0.000000	0.000000	1.795839e+04
20001	440.000000	6.000000	0.375600	0.000000	0.000000	1.482404e+04
20001	441.000000	6.000000	0.365317	0.000000	0.000000	1.249474e+04
20001	442.000000	6.000000	0.354984	0.000000	0.000000	1.119433e+04
20001	443.000000	6.000000	0.344102	0.000000	0.000000	9.833662e+03
20001	444.000000	6.000000	0.332528	0.000000	0.000000	8.568535e+03
20001	445.000000	6.000000	0.320607	0.000000	0.000000	8.741623e+03
20001	446.000000	6.000000	0.308475	0.000000	0.000000	8.720760e+03
20001	447.000000	6.000000	0.296050	0.000000	0.000000	7.998197e+03
20001	448.000000	6.000000	0.283350	0.000000	0.000000	7.406870e+03
20001	449.000000	6.000000	0.270350	0.000000	0.000000	7.313612e+03
20001	450.000000	6.000000	0.257023	0.000000	0.000000	7.060200e+03
20001	451.000000	6.000000	0.243946	0.000000	0.000000	7.237418e+03
20001	452.000000	6.000000	0.231297	0.000000	0.000000	7.457032e+03
20001	453.000000	6.000000	0.218694	0.000000	0.000000	7.853472e+03
20001	454.000000	6.000000	0.206407	0.000000	0.000000	8.492919e+03
20001	455.000000	6.000000	0.194824	0.000000	0.000000	8.648017e+03
20001	456.000000	6.000000	0.183517	0.000000	0.000000	9.635439e+03
20001	457.000000	6.000000	0.173400	0.000000	0.000000	1.118067e+04
20001	458.000000	6.000000	0.163908	0.000000	0.000000	1.304900e+04
20001	459.000000	6.000000	0.155125	0.000000	0.000000	1.572019e+04
20001	460.000000	6.000000	0.147012	0.000000	0.000000	2.079140e+04
20001	461.000000	6.000000	0.140434	0.000000	0.000000	2.865490e+04
20001	462.000000	6.000000	0.134881	0.000000	0.000000	4.116339e+04
20001	463.000000	6.000000	0.130570	0.000000	0.000000	6.755282e+04
20001	464.000000	6.000000	0.127015	0.000000	0.000000	1.652170e+05
20001	465.000000	6.000000	0.125045	0.000000	0.000000	5.855836e+05
20001	466.000000	6.000000	0.124563	0.000000	0.000000	2.722677e+06
20001	467.000000	6.000000	0.124801	0.000000	0.000000	5.489518e+05
20001	468.000000	6.000000	0.126612	0.000000	0.000000	1.714891e+05
20001	469.000000	6.000000	0.129523	0.000000	0.000000	7.609919e+04
20001	470.000000	6.000000	0.133230	0.000000	0.000000	4.679303e+04
20001	471.000000	6.000000	0.138104	0.000000	0.000000	3.433976e+04
20001	472.000000	6.000000	0.143946	0.000000	0.000000	2.415661e+04
20001	473.000000	6.000000	0.150665	0.000000	0.000000	1.824038e+04
20001	474.000000	6.000000	0.158066	0.000000	0.000000	1.470580e+04
20001	475.000000	6.000000	0.165884	0.000000	0.000000	1.353444e+04
20001	476.000000	6.000000	0.174150	0.000000	0.000000	1.192350e+04
20001	477.000000	6.000000	0.183091	0.000000	0.000000	1.074003e+04
20001	478.000000	6.000000	0.192374	0.000000	0.000000	9.900947e+03
20001	479.000000	6.000000	0.201882	0.000000	0.000000	9.134119e+03
20001	480.000000	6.000000	0.211366	0.000000	0.000000	8.951791e+03
20001	481.000000	6.000000	0.220972	0.000000	0.000000	8.698100e+03
20001	482.000000	6.000000	0.230895	0.000000	0.000000	8.700100e+03
20001	483.000000	6.000000	0.240498	0.000000	0.000000	8.965970e+03
20001	484.000000	6.000000	0.249987	0.000000	0.000000	9.027189e+03
20001	485.000000	6.000000	0.259565	0.000000	0.000000	9.466738e+03
20001	486.000000	6.000000	0.268915	0.000000	0.000000	9.512533e+03
20001	487.000000	6.000000	0.277952	0.000000	0.000000	9.842254e+03
20001	488.000000	6.000000	0.286518	0.000000	0.000000	1.004017e+04
20001	489.000000	6.000000	0.294972	0.000000	0.000000	1.134744e+04
20001	490.000000	6.000000	0.303070	0.000000	0.000000	1.275687e+04
20001	491.000000	6.000000	0.311056	0.000000	0.000000	1.318894e+04
20001	492.000000	6.000000	0.318508	0.000000	0.000000	1.415622e+04
20001	493.000000	6.000000	0.325051	0.000000	0.000000	1.626601e+04
20001	494.000000	6.000000	0.331942	0.000000	0.000000	1.794842e+04
20001	495.000000	6.000000	0.338097	0.000000	0.000000	2.044343e+04
20001	496.000000	6.000000	0.344280	0.000000	0.000000	2.349986e+04
20001	497.000000	6.000000	0.349764	0.000000	0.000000	2.502792e+04
20001	498.000000	6.000000	0.354602	0.000000	0.000000	2.977082e+04
20001	499.000000	6.000000	0.359340	0.000000	0.000000	3.662383e+04
20001	500.000000	6.000000	0.363343	0.000000	0.000000	4.938443e+04
20001	501.000000	6.000000	0.367082	0.000000	0.000000	5.763563e+04
20001	502.000000	6.000000	0.370569	0.000000	0.000000	6.677288e+04
20001	503.000000	6.000000	0.373514	0.000000	0.000000	8.223319e+04
20001	504.000000	6.000000	0.376022	0.000000	0.000000	8.528982e+04
20001	505.000000	6.000000	0.378199	0.000000	0.000000	1.414536e+05
20001	506.000000	6.000000	0.380232	0.000000	0.000000	1.746484e+05
20001	507.000000	6.000000	0.381616	0.000000	0.000000	2.653143e+05
20001	508.000000	6.000000	0.382517	0.000000	0.000000	4.079754e+05
20001	509.000000	6.000000	0.383037	0.000000	0.000000	2.042454e+06
20001	510.000000	6.000000	0.383231	0.000000	0.000000	7.205315e+06
20001	511.000000	6.000000	0.383277	0.000000	0.000000	2.894163e+06
20001	512.000000	6.000000	0.382649	0.000000	0.000000	1.336498e+06
20001	513.000000	6.000000	0.381054	0.000000	0.000000	6.026825e+05
20001	514.000000	6.000000	0.380192	0.000000	0.000000	4.749671e+05
20001	515.000000	6.000000	0.378790	0.000000	0.000000	3.945037e+05
20001	516.000000	6.000000	0.376905	0.000000	0.000000	2.030571e+05
20001	517.000000	6.000000	0.374470	0.000000	0.000000	1.579167e+05
20001	518.000000	6.000000	0.371537	0.000000	0.000000	1.494572e+05
20001	519.000000	6.000000	0.368358	0.000000	0.000000	1.241392e+05
20001	520.000000	6.000000	0.364905	0.000000	0.000000	8.483563e+04
20001	521.000000	6.000000	0.361182	0.000000	0.000000	5.919247e+04
20001	522.000000	6.000000	0.357251	0.000000	0.000000	4.904247e+04
20001	523.000000	6.000000	0.353001	0.000000	0.000000	4.654394e+04
20001	524.000000	6.000000	0.348482	0.000000	0.000000	4.045692e+04
20001	525.000000	6.000000	0.343734	0.000000	0.000000	3.488510e+04
20001	526.000000	6.000000	0.338362	0.000000	0.000000	2.991739e+04
20001	527.000000	6.000000	0.332767	0.000000	0.000000	2.629233e+04
20001	528.000000	6.000000	0.327103	0.000000	0.000000	2.441507e+04
20001	529.000000	6.000000	0.320819	0.000000	0.000000	2.354058e+04
20001	530.000000	6.000000	0.314320	0.000000	0.000000	2.001881e+04
20001	531.000000	6.000000	0.307803	0.000000	0.000000	1.788762e+04
20001	532.000000	6.000000	0.300996	0.000000	0.000000	1.655289e+04
20001	533.000000	6.000000	0.294164	0.000000	0.000000	1.598647e+04
20001	534.000000	6.000000	0.287122	0.000000	0.000000	1.450226e+04
20001	535.000000	6.000000	0.279916	0.000000	0.000000	1.413118e+04
20001	536.000000	6.000000	0.272211	0.000000	0.000000	1.428693e+04
20001	537.000000	6.000000	0.264360	0.000000	0.000000	1.329351e+04
20001	538.000000	6.000000	0.256600	0.000000	0.000000	1.245306e+04
20001	539.000000	6.000000	0.248854	0.000000	0.000000	1.194603e+04
20001	540.000000	6.000000	0.240849	0.000000	0.000000	1.169858e+04
20001	541.000000	6.000000	0.232770	0.000000	0.000000	1.125852e+04
20001	542.000000	6.000000	0.224758	0.000000	0.000000	1.118187e+04
20001	543.000000	6.000000	0.216670	0.000000	0.000000	1.113381e+04
20001	544.000000	6.000000	0.208290	0.000000	0.000000	1.132396e+04
20001	545.000000	6.000000	0.200382	0.000000	0.000000	1.096762e+04
20001	546.000000	6.000000	0.192361	0.000000	0.000000	1.153809e+04
20001	547.000000	6.000000	0.184317	0.000000	0.000000	1.196996e+04
20001	548.000000	6.000000	0.176630	0.000000	0.000000	1.203396e+04
20001	549.000000	6.000000	0.168961	0.000000	0.000000	1.266653e+04
20001	550.000000	6.000000	0.161435	0.000000	0.000000	1.300422e+04
20001	551.000000	6.000000	0.154275	0.000000	0.000000	1.393455e+04
20001	552.000000	6.000000	0.147340	0.000000	0.000000	1.556756e+04
20001	553.000000	6.000000	0.140791	0.000000	0.000000	1.643980e+04
20001	554.000000	6.000000	0.134544	0.000000	0.000000	1.737981e+04
20001	555.000000	6.000000	0.128378	0.000000	0.000000	2.042928e+04
20001	556.000000	6.000000	0.122694	0.000000	0.000000	2.419645e+04
20001	557.000000	6.000000	0.117498	0.000000	0.000000	2.777930e+04
20001	558.000000	6.000000	0.112610	0.000000	0.000000	3.127045e+04
20001	559.000000	6.000000	0.108191	0.000000	0.000000	3.839526e+04
20001	560.000000	6.000000	0.104336	0.000000	0.000000	4.822670e+04
20001	561.000000	6.000000	0.100952	0.000000	0.000000	6.471571e+04
20001	562.000000	6.000000	0.098162	0.000000	0.000000	8.828867e+04
20001	563.000000	6.000000	0.095855	0.000000	0.000000	1.230778e+05
20001	564.000000	6.000000	0.093800	0.000000	0.000000	2.067939e+05
20001	565.000000	6.000000	0.092455	0.000000	0.000000	4.023725e+05
20001	566.000000	6.000000	0.091484	0.000000	0.000000	9.892250e+05
20001	567.000000	6.000000	0.091038	0.000000	0.000000	4.650845e+06
20001	568.000000	6.000000	0.091184	0.000000	0.000000	6.509124e+06
20001	569.000000	6.000000	0.091911	0.000000	0.000000	1.025053e+06
20001	570.000000	6.000000	0.093058	0.000000	0.000000	3.963910e+05
20001	571.000000	6.000000	0.094622	0.000000	0.000000	2.222610e+05
20001	572.000000	6.000000	0.096407	0.000000	0.000000	1.371648e+05
20001	573.000000	6.000000	0.098752	0.000000	0.000000	9.025165e+04
20001	574.000000	6.000000	0.101576	0.000000	0.000000	6.790178e+04
20001	575.000000	6.000000	0.104667	0.000000	0.000000	5.633870e+04
20001	576.000000	6.000000	0.108280	0.000000	0.000000	4.324106e+04
20001	577.000000	6.000000	0.112279	0.000000	0.000000	3.641080e+04
20001	578.000000	6.000000	0.116573	0.000000	0.000000	3.101585e+04
20001	579.000000	6.000000	0.121147	0.000000	0.000000	2.802996e+04
20001	580.000000	6.000000	0.125919	0.000000	0.000000	2.558310e+04
20001	581.000000	6.000000	0.131141	0.000000	0.000000	2.237580e+04
20001	582.000000	6.000000	0.136414	0.000000	0.000000	1.951872e+04
20001	583.000000	6.000000	0.141956	0.000000	0.000000	1.861640e+04
20001	584.000000	6.000000	0.147627	0.000000	0.000000	1.762009e+04
20001	585.000000	6.000000	0.153580	0.000000	0.000000	1.685802e+04
20001	586.000000	6.000000	0.159654	0.000000	0.000000	1.583142e+04
20001	587.000000	6.000000	0.165765	0.000000	0.000000	1.560361e+04
20001	588.000000	6.000000	0.172020	0.000000	0.000000	1.512226e+04
20001	589.000000	6.000000	0.178175	0.000000	0.000000	1.500310e+04
20001	590.000000	6.000000	0.184368	0.000000	0.000000	1.475642e+04
20001	591.000000	6.000000	0.190531	0.000000	0.000000	1.446985e+04
20001	592.000000	6.000000	0.196668	0.000000	0.000000	1.405469e+04
20001	593.000000	6.000000	0.202928	0.000000	0.000000	1.401573e+04
20001	594.000000	6.000000	0.209281	0.000000	0.000000	1.458676e+04
20001	595.000000	6.000000	0.215538	0.000000	0.000000	1.459779e+04
20001	596.000000	6.000000	0.221266	0.000000	0.000000	1.605753e+04
20001	597.000000	6.000000	0.227399	0.000000	0.000000	1.562392e+04
20001	598.000000	6.000000	0.233197	0.000000	0.000000	1.608284e+04
20001	599.000000	6.000000	0.239230	0.000000	0.000000	1.617971e+04
20001	600.000000	6.000000	0.245111	0.000000	0.000000	1.616793e+04
20001	601.000000	6.000000	0.250613	0.000000	0.000000	1.762665e+04
20001	602.000000	6.000000	0.256002	0.000000	0.000000	1.761051e+04
20001	603.000000	6.000000	0.261567	0.000000	0.000000	1.925915e+04
20001	604.000000	6.000000	0.267153	0.000000	0.000000	1.980768e+04
20001	605.000000	6.000000	0.272040	0.000000	0.000000	2.181652e+04
20001	606.000000	6.000000	0.276830	0.000000	0.000000	2.194268e+04
20001	607.000000	6.000000	0.281472	0.000000	0.000000	2.280270e+04
20001	608.000000	6.000000	0.286069	0.000000	0.000000	2.268754e+04
20001	609.000000	6.000000	0.290388	0.000000	0.000000	2.510808e+04
20001	610.000000	6.000000	0.294936	0.000000	0.000000	2.751228e+04
20001	611.000000	6.000000	0.299216	0.000000	0.000000	3.054963e+04
20001	612.000000	6.000000	0.303143	0.000000	0.000000	2.932991e+04
20001	613.000000	6.000000	0.306972	0.000000	0.000000	3.353353e+04
20001	614.000000	6.000000	0.310425	0.000000	0.000000	3.741336e+04
20001	615.000000	6.000000	0.313892	0.000000	0.000000	3.902505e+04
20001	616.000000	6.000000	0.317107	0.000000	0.000000	4.239019e+04
20001	617.000000	6.000000	0.319914	0.000000	0.000000	4.603961e+04
20001	618.000000	6.000000	0.323187	0.000000	0.000000	5.338559e+04
20001	619.000000	6.000000	0.326390	0.000000	0.000000	6.736762e+04
20001	620.000000	6.000000	0.328906	0.000000	0.000000	5.880008e+04
20001	621.000000	6.000000	0.331230	0.000000	0.000000	7.432950e+04
20001	622.000000	6.000000	0.333131	0.000000	0.000000	1.123004e+05
20001	623.000000	6.000000	0.335135	0.000000	0.000000	1.120089e+05
20001	624.000000	6.000000	0.337289	0.000000	0.000000	1.290180e+05
20001	625.000000	6.000000	0.339475	0.000000	0.000000	1.559076e+05
20001	626.000000	6.000000	0.340892	0.000000	0.000000	1.797701e+05
20001	627.000000	6.000000	0.342354	0.000000	0.000000	2.290956e+05
20001	628.000000	6.000000	0.343827	0.000000	0.000000	1.679336e+05
20001	629.000000	6.000000	0.345010	0.000000	0.000000	1.623815e+05
20001	630.000000	6.000000	0.345703	0.000000	0.000000	2.791426e+05
20001	631.000000	6.000000	0.346484	0.000000	0.000000	3.646960e+05
20001	632.000000	6.000000	0.347217	0.000000	0.000000	7.671945e+05
20001	633.000000	6.000000	0.347819	0.000000	0.000000	6.310315e+05
20001	634.000000	6.000000	0.347859	0.000000	0.000000	4.129524e+05
20001	635.000000	6.000000	0.347757	0.000000	0.000000	3.095813e+06
20001	636.000000	6.000000	0.347572	0.000000	0.000000	1.920196e+06
20001	637.000000	6.000000	0.348259	0.000000	0.000000	6.741412e+06
20001	638.000000	6.000000	0.347236	0.000000	0.000000	8.958881e+06
20001	639.000000	6.000000	0.346579	0.000000	0.000000	3.444273e+06
20001	640.000000	6.000000	0.346187	0.000000	0.000000	1.135171e+06
20001	641.000000	6.000000	0.345625	0.000000	0.000000	1.823258e+06
20001	642.000000	6.000000	0.344580	0.000000	0.000000	1.862578e+06
20001	643.000000	6.000000	0.343995	0.000000	0.000000	1.446983e+06
20001	644.000000	6.000000	0.342593	0.000000	0.000000	3.589059e+05
20001	645.000000	6.000000	0.341120	0.000000	0.000000	2.715599e+05
20001	646.000000	6.000000	0.339792	0.000000	0.000000	2.718753e+05
20001	647.000000	6.000000	0.338372	0.000000	0.000000	2.526370e+05
20001	648.000000	6.000000	0.336559	0.000000	0.000000	2.965571e+05
20001	649.000000	6.000000	0.334602	0.000000	0.000000	2.097222e+05
20001	650.000000	6.000000	0.332628	0.000000	0.000000	2.158783e+05
20001	651.000000	6.000000	0.330164	0.000000	0.000000	1.860950e+05
20001	652.000000	6.000000	0.328027	0.000000	0.000000	1.702296e+05
20001	653.000000	6.000000	0.326242	0.000000	0.000000	1.249915e+05
20001	654.000000	6.000000	0.323859	0.000000	0.000000	1.107400e+05
20001	655.000000	6.000000	0.320879	0.000000	0.000000	1.079545e+05
20001	656.000000	6.000000	0.318426	0.000000	0.000000	8.746015e+04
20001	657.000000	6.000000	0.315619	0.000000	0.000000	7.907830e+04
20001	658.000000	6.000000	0.312310	0.000000	0.000000	5.492555e+04
20001	659.000000	6.000000	0.309146	0.000000	0.000000	5.153836e+04
20001	660.000000	6.000000	0.305950	0.000000	0.000000	5.930315e+04
20001	661.000000	6.000000	0.302561	0.000000	0.000000	5.708398e+04
20001	662.000000	6.000000	0.299468	0.000000	0.000000	5.189310e+04
20001	663.000000	6.000000	0.296487	0.000000	0.000000	4.241394e+04
20001	664.000000	6.000000	0.293114	0.000000	0.000000	3.839498e+04
20001	665.000000	6.000000	0.288868	0.000000	0.000000	3.946977e+04
20001	666.000000	6.000000	0.284482	0.000000	0.000000	3.568558e+04
20001	667.000000	6.000000	0.281019	0.000000	0.000000	3.024169e+04
20001	668.000000	6.000000	0.277189	0.000000	0.000000	2.724856e+04
20001	669.000000	6.000000	0.272637	0.000000	0.000000	2.879207e+04
20001	670.000000	6.000000	0.269191	0.000000	0.000000	2.785292e+04
20001	671.000000	6.000000	0.264770	0.000000	0.000000	2.911130e+04
20001	672.000000	6.000000	0.260180	0.000000	0.000000	2.744960e+04
20001	673.000000	6.000000	0.256109	0.000000	0.000000	2.716886e+04
20001	674.000000	6.000000	0.251349	0.000000	0.000000	2.702430e+04
20001	675.000000	6.000000	0.247613	0.000000	0.000000	2.116345e+04
20001	676.000000	6.000000	0.243099	0.000000	0.000000	2.382646e+04
20001	677.000000	6.000000	0.238186	0.000000	0.000000	2.502359e+04
20001	678.000000	6.000000	0.233477	0.000000	0.000000	2.260697e+04
20001	679.000000	6.000000	0.228978	0.000000	0.000000	2.122721e+04
20001	680.000000	6.000000	0.224295	0.000000	0.000000	2.191652e+04
20001	681.000000	6.000000	0.219971	0.000000	0.000000	2.163070e+04
20001	682.000000	6.000000	0.214934	0.000000	0.000000	2.107739e+04
20001	683.000000	6.000000	0.210105	0.000000	0.000000	2.216521e+04
20001	684.000000	6.000000	0.205439	0.000000	0.000000	2.043160e+04
20001	685.000000	6.000000	0.200733	0.000000	0.000000	1.859308e+04
20001	686.000000	6.000000	0.195987	0.000000	0.000000	1.967271e+04
20001	687.000000	6.000000	0.191288	0.000000	0.000000	2.015747e+04
20001	688.000000	6.000000	0.186438	0.000000	0.000000	2.081639e+04
20001	689.000000	6.000000	0.181687	0.000000	0.000000	2.015930e+04
20001	690.000000	6.000000	0.177059	0.000000	0.000000	2.120029e+04
20001	691.000000	6.000000	0.172319	0.000000	0.000000	2.108451e+04
20001	692.000000	6.000000	0.167439	0.000000	0.000000	2.070783e+04
20001	693.000000	6.000000	0.163009	0.000000	0.000000	2.062718e+04
20001	694.000000	6.000000	0.158464	0.000000	0.000000	2.132337e+04
20001	695.000000	6.000000	0.153912	0.000000	0.000000	2.072632e+04
20001	696.000000	6.000000	0.149724	0.000000	0.000000	2.219774e+04
20001	697.000000	6.000000	0.145400	0.000000	0.000000	2.448014e+04
20001	698.000000	6.000000	0.140898	0.000000	0.000000	2.420809e+04
20001	699.000000	6.000000	0.136744	0.000000	0.000000	2.537440e+04
20001	700.000000	6.000000	0.132917	0.000000	0.000000	2.709899e+04
20001	701.000000	6.000000	0.128858	0.000000	0.000000	2.847000e+04
20001	702.000000	6.000000	0.124819	0.000000	0.000000	3.027308e+04
20001	703.000000	6.000000	0.120977	0.000000	0.000000	3.118427e+04
20001	704.000000	6.000000	0.117394	0.000000	0.000000	3.143736e+04
20001	705.000000	6.000000	0.113790	0.000000	0.000000	3.409376e+04
20001	706.000000	6.000000	0.110303	0.000000	0.000000	3.687991e+04
20001	707.000000	6.000000	0.106862	0.000000	0.000000	3.945213e+04
20001	708.000000	6.000000	0.103603	0.000000	0.000000	4.275786e+04
20001	709.000000	6.000000	0.100760	0.000000	0.000000	4.886814e+04
20001	710.000000	6.000000	0.097855	0.000000	0.000000	5.349030e+04
20001	711.000000	6.000000	0.095098	0.000000	0.000000	6.117082e+04
20001	712.000000	6.000000	0.092170	0.000000	0.000000	6.549192e+04
20001	713.000000	6.000000	0.089773	0.000000	0.000000	6.715378e+04
20001	714.000000	6.000000	0.087689	0.000000	0.000000	8.968650e+04
20001	715.000000	6.000000	0.085636	0.000000	0.000000	1.001687e+05
20001	716.000000	6.000000	0.083579	0.000000	0.000000	1.161536e+05
20001	717.000000	6.000000	0.081898	0.000000	0.000000	1.184865e+05
20001	718.000000	6.000000	0.080118	0.000000	0.000000	1.805259e+05
20001	719.000000	6.000000	0.078472	0.000000	0.000000	2.265555e+05
20001	720.000000	6.000000	0.077473	0.000000	0.000000	3.127537e+05
20001	721.000000	6.000000	0.076121	0.000000	0.000000	2.979068e+05
20001	722.000000	6.000000	0.075459	0.000000	0.000000	3.754574e+05
20001	723.000000	6.000000	0.074707	0.000000	0.000000	5.459511e+05
20001	724.000000	6.000000	0.074043	0.000000	0.000000	1.797491e+06
20001	725.000000	6.000000	0.073885	0.000000	0.000000	3.312682e+06
20001	726.000000	6.000000	0.073564	0.000000	0.000000	5.540685e+06
20001	727.000000	6.000000	0.073348	0.000000	0.000000	7.876469e+06
20001	728.000000	6.000000	0.073228	0.000000	0.000000	1.000000e+07
20001	729.000000	6.000000	0.073577	0.000000	0.000000	3.460292e+06
20001	730.000000	6.000000	0.074192	0.000000	0.000000	2.339187e+06
20001	731.000000	6.000000	0.075094	0.000000	0.000000	7.793345e+05
20001	732.000000	6.000000	0.075772	0.000000	0.000000	6.486795e+05
20001	733.000000	6.000000	0.076641	0.000000	0.000000	4.565125e+05
20001	734.000000	6.000000	0.077734	0.000000	0.000000	3.077368e+05
20001	735.000000	6.000000	0.078881	0.000000	0.000000	2.746170e+05
20001	736.000000	6.000000	0.079969	0.000000	0.000000	2.113676e+05
20001	737.000000	6.000000	0.081689	0.000000	0.000000	1.507407e+05
20001	738.000000	6.000000	0.083376	0.000000	0.000000	1.371658e+05
20001	739.000000	6.000000	0.085239	0.000000	0.000000	1.179120e+05
20001	740.000000	6.000000	0.087203	0.000000	0.000000	1.005436e+05
20001	741.000000	6.000000	0.089100	0.000000	0.000000	9.070621e+04
20001	742.000000	6.000000	0.091199	0.000000	0.000000	8.404458e+04
20001	743.000000	6.000000	0.093332	0.000000	0.000000	7.292566e+04
20001	744.000000	6.000000	0.095554	0.000000	0.000000	6.215469e+04
20001	745.000000	6.000000	0.098080	0.000000	0.000000	6.532472e+04
20001	746.000000	6.000000	0.100592	0.000000	0.000000	6.277970e+04
20001	747.000000	6.000000	0.103124	0.000000	0.000000	5.426154e+04
20001	748.000000	6.000000	0.105887	0.000000	0.000000	4.896872e+04
20001	749.000000	6.000000	0.108831	0.000000	0.000000	4.267300e+04
20001	750.000000	6.000000	0.111743	0.000000	0.000000	4.367200e+04
20001	751.000000	6.000000	0.114788	0.000000	0.000000	4.339197e+04
20001	752.000000	6.000000	0.118127	0.000000	0.000000	4.314337e+04
20001	753.000000	6.000000	0.121399	0.000000	0.000000	3.989618e+04
20001	754.000000	6.000000	0.124259	0.000000	0.000000	3.260043e+04
20001	755.000000	6.000000	0.127549	0.000000	0.000000	3.291902e+04
20001	756.000000	6.000000	0.130533	0.000000	0.000000	3.114326e+04
20001	757.000000	6.000000	0.134529	0.000000	0.000000	3.046963e+04
20001	758.000000	6.000000	0.138199	0.000000	0.000000	3.356411e+04
20001	759.000000	6.000000	0.141005	0.000000	0.000000	3.387906e+04
20001	760.000000	6.000000	0.144755	0.000000	0.000000	3.081262e+04
20001	761.000000	6.000000	0.148259	0.000000	0.000000	2.769436e+04
20001	762.000000	6.000000	0.151638	0.000000	0.000000	2.869164e+04
20001	763.000000	6.000000	0.155428	0.000000	0.000000	3.364628e+04
20001	764.000000	6.000000	0.159200	0.000000	0.000000	2.896370e+04
20001	765.000000	6.000000	0.162292	0.000000	0.000000	3.035862e+04
20001	766.000000	6.000000	0.166121	0.000000	0.000000	2.812800e+04
20001	767.000000	6.000000	0.169766	0.000000	0.000000	2.662822e+04
20001	768.000000	6.000000	0.172956	0.000000	0.000000	2.430032e+04
20001	769.000000	6.000000	0.176490	0.000000	0.000000	2.717491e+04
20001	770.000000	6.000000	0.180461	0.000000	0.000000	2.945394e+04
20001	771.000000	6.000000	0.184008	0.000000	0.000000	2.940275e+04
20001	772.000000	6.000000	0.187231	0.000000	0.000000	2.744060e+04
20001	773.000000	6.000000	0.190366	0.000000	0.000000	3.053866e+04
20001	774.000000	6.000000	0.193800	0.000000	0.000000	3.033580e+04
20001	775.000000	6.000000	0.197910	0.000000	0.000000	2.952898e+04
20001	776.000000	6.000000	0.201633	0.000000	0.000000	3.107474e+04
20001	777.000000	6.000000	0.204885	0.000000	0.000000	3.167595e+04
20001	778.000000	6.000000	0.208388	0.000000	0.000000	2.778990e+04
20001	779.000000	6.000000	0.211397	0.000000	0.000000	2.893642e+04
20001	780.000000	6.000000	0.214494	0.000000	0.000000	3.200848e+04
20001	781.000000	6.000000	0.218027	0.000000	0.000000	3.412293e+04
20001	782.000000	6.000000	0.220505	0.000000	0.000000	3.286104e+04
20001	783.000000	6.000000	0.223339	0.000000	0.000000	3.005700e+04
20001	784.000000	6.000000	0.226543	0.000000	0.000000	2.994828e+04
20001	785.000000	6.000000	0.230134	0.000000	0.000000	3.688660e+04
20001	786.000000	6.000000	0.233217	0.000000	0.000000	3.435933e+04
20001	787.000000	6.000000	0.235789	0.000000	0.000000	3.338080e+04
20001	788.000000	6.000000	0.239160	0.000000	0.000000	4.109083e+04
20001	789.000000	6.000000	0.242551	0.000000	0.000000	4.390682e+04
20001	790.000000	6.000000	0.245702	0.000000	0.000000	4.470703e+04
20001	791.000000	6.000000	0.248733	0.000000	0.000000	4.385314e+04
20001	792.000000	6.000000	0.251872	0.000000	0.000000	3.981010e+04
20001	793.000000	6.000000	0.254828	0.000000	0.000000	4.066652e+04
20001	794.000000	6.000000	0.257309	0.000000	0.000000	4.127242e+04
20001	795.000000	6.000000	0.259458	0.000000	0.000000	4.156197e+04
20001	796.000000	6.000000	0.262196	0.000000	0.000000	5.133280e+04
20001	797.000000	6.000000	0.265623	0.000000	0.000000	4.776576e+04
20001	798.000000	6.000000	0.268280	0.000000	0.000000	4.217347e+04
20001	799.000000	6.000000	0.270739	0.000000	0.000000	5.571639e+04
20001	800.000000	6.000000	0.272461	0.000000	0.000000	3.925202e+04
20001	801.000000	6.000000	0.274725	0.000000	0.000000	4.388702e+04
20001	802.000000	6.000000	0.276958	0.000000	0.000000	6.056865e+04
20001	803.000000	6.000000	0.279646	0.000000	0.000000	1.057472e+05
20001	804.000000	6.000000	0.282013	0.000000	0.000000	1.196396e+05
20001	805.000000	6.000000	0.284037	0.000000	0.000000	9.480113e+04
20001	806.000000	6.000000	0.285591	0.000000	0.000000	8.508634e+04
20001	807.000000	6.000000	0.287550	0.000000	0.000000	8.757717e+04
20001	808.000000	6.000000	0.290191	0.000000	0.000000	1.127483e+05
20001	809.000000	6.000000	0.291790	0.000000	0.000000	7.333120e+04
20001	810.000000	6.000000	0.293908	0.000000	0.000000	8.352886e+04
20001	811.000000	6.000000	0.295460	0.000000	0.000000	1.153095e+05
20001	812.000000	6.000000	0.297099	0.000000	0.000000	1.085229e+05
20001	813.000000	6.000000	0.298699	0.000000	0.000000	6.142201e+04
20001	814.000000	6.000000	0.301083	0.000000	0.000000	9.892604e+04
20001	815.000000	6.000000	0.302258	0.000000	0.000000	1.611572e+05
20001	816.000000	6.000000	0.303463	0.000000	0.000000	9.575260e+04
20001	817.000000	6.000000	0.305715	0.000000	0.000000	9.218941e+04
20001	818.000000	6.000000	0.306541	0.000000	0.000000	1.116827e+05
20001	819.000000	6.000000	0.307675	0.000000	0.000000	1.280288e+05
20001	820.000000	6.000000	0.308121	0.000000	0.000000	2.081247e+05
20001	821.000000	6.000000	0.309221	0.000000	0.000000	4.307896e+05
20001	822.000000	6.000000	0.311372	0.000000	0.000000	2.020802e+05
20001	823.000000	6.000000	0.313366	0.000000	0.000000	1.622509e+05
20001	824.000000	6.000000	0.314701	0.000000	0.000000	1.565687e+05
20001	825.000000	6.000000	0.315599	0.000000	0.000000	4.454536e+05
20001	826.000000	6.000000	0.316397	0.000000	0.000000	1.190341e+06
20001	827.000000	6.000000	0.316172	0.000000	0.000000	8.867971e+05
20001	828.000000	6.000000	0.316927	0.000000	0.000000	2.213921e+06
20001	829.000000	6.000000	0.318252	0.000000	0.000000	2.223213e+05
20001	830.000000	6.000000	0.319337	0.000000	0.000000	1.519965e+05
20001	831.000000	6.000000	0.321300	0.000000	0.000000	1.917597e+05
20001	832.000000	6.000000	0.322035	0.000000	0.000000	2.206721e+05
20001	833.000000	6.000000	0.320790	0.000000	0.000000	6.526670e+05
20001	834.000000	6.000000	0.322731	0.000000	0.000000	7.214863e+05
20001	835.000000	6.000000	0.324556	0.000000	0.000000	2.559999e+05
20001	836.000000	6.000000	0.324894	0.000000	0.000000	1.410733e+05
20001	837.000000	6.000000	0.322241	0.000000	0.000000	2.231617e+05
20001	838.000000	6.000000	0.322625	0.000000	0.000000	1.546343e+05
20001	839.000000	6.000000	0.323610	0.000000	0.000000	2.334210e+05
20001	840.000000	6.000000	0.323347	0.000000	0.000000	2.013226e+05
20001	841.000000	6.000000	0.324626	0.000000	0.000000	5.364200e+05
20001	842.000000	6.000000	0.325430	0.000000	0.000000	3.252944e+05
20001	843.000000	6.000000	0.327069	0.000000	0.000000	1.505260e+05
20001	844.000000	6.000000	0.327868	0.000000	0.000000	3.280117e+05
20001	845.000000	6.000000	0.325405	0.000000	0.000000	2.954704e+05
20001	846.000000	6.000000	0.324116	0.000000	0.000000	1.000000e+07
20001	847.000000	6.000000	0.322485	0.000000	0.000000	3.620930e+05
20001	848.000000	6.000000	0.323343	0.000000	0.000000	3.538500e+05
20001	849.000000	6.000000	0.325227	0.000000	0.000000	9.506892e+04
20001	850.000000	6.000000	0.323866	0.000000	0.000000	1.117333e+05
20001	851.000000	6.000000	0.323025	0.000000	0.000000	1.765823e+05
20001	852.000000	6.000000	0.322740	0.000000	0.000000	1.329208e+05
20001	853.000000	6.000000	0.323672	0.000000	0.000000	4.960214e+05
20001	854.000000	6.000000	0.321185	0.000000	0.000000	2.045117e+05
20001	855.000000	6.000000	0.320565	0.000000	0.000000	1.213281e+05
20001	856.000000	6.000000	0.320745	0.000000	0.000000	8.071915e+04
20001	857.000000	6.000000	0.319832	0.000000	0.000000	9.547247e+04
20001	858.000000	6.000000	0.320101	0.000000	0.000000	1.610825e+05
20001	859.000000	6.000000	0.320328	0.000000	0.000000	1.467796e+05
20001	860.000000	6.000000	0.319630	0.000000	0.000000	7.850263e+04
20001	861.000000	6.000000	0.318465	0.000000	0.000000	1.768851e+05
20001	862.000000	6.000000	0.318072	0.000000	0.000000	1.927192e+05
20001	863.000000	6.000000	0.317334	0.000000	0.000000	6.942287e+04
20001	864.000000	6.000000	0.317123	0.000000	0.000000	1.114545e+05
20001	865.000000	6.000000	0.314817	0.000000	0.000000	1.929208e+05
20001	866.000000	6.000000	0.314072	0.000000	0.000000	8.599465e+04
20001	867.000000	6.000000	0.315426	0.000000	0.000000	7.044346e+04
20001	868.000000	6.000000	0.315674	0.000000	0.000000	6.973102e+04
20001	869.000000	6.000000	0.312709	0.000000	0.000000	2.387378e+05
20001	870.000000	6.000000	0.311514	0.000000	0.000000	2.789731e+05
20001	871.000000	6.000000	0.310205	0.000000	0.000000	2.686019e+05
20001	872.000000	6.000000	0.308129	0.000000	0.000000	1.359258e+05
20001	873.000000	6.000000	0.306637	0.000000	0.000000	7.458425e+04
20001	874.000000	6.000000	0.304991	0.000000	0.000000	6.788934e+04
20001	875.000000	6.000000	0.305293	0.000000	0.000000	7.834818e+04
20001	876.000000	6.000000	0.305459	0.000000	0.000000	7.160289e+04
20001	877.000000	6.000000	0.305168	0.000000	0.000000	5.230921e+04
20001	878.000000	6.000000	0.303484	0.000000	0.000000	9.756969e+04
20001	879.000000	6.000000	0.302259	0.000000	0.000000	8.728349e+04
20001	880.000000	6.000000	0.300345	0.000000	0.000000	8.644513e+04
20001	881.000000	6.000000	0.298074	0.000000	0.000000	8.838814e+04
20001	882.000000	6.000000	0.297650	0.000000	0.000000	8.736068e+04
20001	883.000000	6.000000	0.295558	0.000000	0.000000	7.021444e+04
20001	884.000000	6.000000	0.293264	0.000000	0.000000	4.203420e+04
20001	885.000000	6.000000	0.290691	0.000000	0.000000	8.748278e+04
20001	886.000000	6.000000	0.290779	0.000000	0.000000	9.098494e+04
20001	887.000000	6.000000	0.289510	0.000000	0.000000	5.093370e+04
20001	888.000000	6.000000	0.286829	0.000000	0.000000	3.754476e+04
20001	889.000000	6.000000	0.283956	0.000000	0.000000	5.227350e+04
20001	890.000000	6.000000	0.282439	0.000000	0.000000	7.543363e+04
20001	891.000000	6.000000	0.281300	0.000000	0.000000	6.418652e+04
20001	892.000000	6.000000	0.279322	0.000000	0.000000	7.184748e+04
20001	893.000000	6.000000	0.277679	0.000000	0.000000	4.969745e+04
20001	894.000000	6.000000	0.276313	0.000000	0.000000	5.949197e+04
20001	895.000000	6.000000	0.274977	0.000000	0.000000	6.806596e+04
20001	896.000000	6.000000	0.272319	0.000000	0.000000	6.196689e+04
20001	897.000000	6.000000	0.269978	0.000000	0.000000	4.133240e+04
20001	898.000000	6.000000	0.267754	0.000000	0.000000	4.135275e+04
20001	899.000000	6.000000	0.265718	0.000000	0.000000	5.488500e+04
20001	900.000000	6.000000	0.264175	0.000000	0.000000	5.458219e+04
20001	901.000000	6.000000	0.262128	0.000000	0.000000	4.744304e+04
20001	902.000000	6.000000	0.259291	0.000000	0.000000	3.298578e+04
20001	903.000000	6.000000	0.256713	0.000000	0.000000	3.712177e+04
20001	904.000000	6.000000	0.255560	0.000000	0.000000	4.757547e+04
20001	905.000000	6.000000	0.253926	0.000000	0.000000	3.969684e+04
20001	906.000000	6.000000	0.251130	0.000000	0.000000	4.850116e+04
20001	907.000000	6.000000	0.248241	0.000000	0.000000	6.798174e+04
20001	908.000000	6.000000	0.246549	0.000000	0.000000	5.056613e+04
20001	909.000000	6.000000	0.244706	0.000000	0.000000	5.066396e+04
20001	910.000000	6.000000	0.243605	0.000000	0.000000	4.046076e+04
20001	911.000000	6.000000	0.241552	0.000000	0.000000	3.857902e+04
20001	912.000000	6.000000	0.238157	0.000000	0.000000	4.452053e+04
20001	913.000000	6.000000	0.235957	0.000000	0.000000	4.153455e+04
20001	914.000000	6.000000	0.233619	0.000000	0.000000	4.001307e+04
20001	915.000000	6.000000	0.231182	0.000000	0.000000	4.202337e+04
20001	916.000000	6.000000	0.229136	0.000000	0.000000	4.394205e+04
20001	917.000000	6.000000	0.226781	0.000000	0.000000	4.072460e+04
20001	918.000000	6.000000	0.224446	0.000000	0.000000	3.980265e+04
20001	919.000000	6.000000	0.221836	0.000000	0.000000	4.098604e+04
20001	920.000000	6.000000	0.219743	0.000000	0.000000	4.901378e+04
20001	921.000000	6.000000	0.217681	0.000000	0.000000	4.613289e+04
20001	922.000000	6.000000	0.214964	0.000000	0.000000	4.136891e+04
20001	923.000000	6.000000	0.212413	0.000000	0.000000	4.025033e+04
20001	924.000000	6.000000	0.210065	0.000000	0.000000	3.843744e+04
20001	925.000000	6.000000	0.207239	0.000000	0.000000	3.379300e+04
20001	926.000000	6.000000	0.204815	0.000000	0.000000	4.062724e+04
20001	927.000000	6.000000	0.202754	0.000000	0.000000	4.217087e+04
20001	928.000000	6.000000	0.200414	0.000000	0.000000	4.054858e+04
20001	929.000000	6.000000	0.197956	0.000000	0.000000	3.967677e+04
20001	930.000000	6.000000	0.195533	0.000000	0.000000	3.657811e+04
20001	931.000000	6.000000	0.192966	0.000000	0.000000	3.272022e+04
20001	932.000000	6.000000	0.190812	0.000000	0.000000	4.984200e+04
20001	933.000000	6.000000	0.188249	0.000000	0.000000	3.768388e+04
20001	934.000000	6.000000	0.186268	0.000000	0.000000	3.328861e+04
20001	935.000000	6.000000	0.183856	0.000000	0.000000	3.835095e+04
20001	936.000000	6.000000	0.181187	0.000000	0.000000	3.600165e+04
20001	937.000000	6.000000	0.178925	0.000000	0.000000	3.780856e+04
20001	938.000000	6.000000	0.176530	0.000000	0.000000	4.401946e+04
20001	939.000000	6.000000	0.174063	0.000000	0.000000	4.035421e+04
20001	940.000000	6.000000	0.171286	0.000000	0.000000	3.000236e+04
20001	941.000000	6.000000	0.168971	0.000000	0.000000	3.266791e+04
20001	942.000000	6.000000	0.166757	0.000000	0.000000	3.958380e+04
20001	943.000000	6.000000	0.164282	0.000000	0.000000	4.284571e+04
20001	944.000000	6.000000	0.161685	0.000000	0.000000	3.911264e+04
20001	945.000000	6.000000	0.158670	0.000000	0.000000	4.188056e+04
20001	946.000000	6.000000	0.156463	0.000000	0.000000	3.788293e+04
20001	947.000000	6.000000	0.154737	0.000000	0.000000	3.756015e+04
20001	948.000000	6.000000	0.152566	0.000000	0.000000	4.099949e+04
20001	949.000000	6.000000	0.149859	0.000000	0.000000	4.408187e+04
20001	950.000000	6.000000	0.147596	0.000000	0.000000	4.114865e+04
20001	951.000000	6.000000	0.145664	0.000000	0.000000	4.219914e+04
20001	952.000000	6.000000	0.143318	0.000000	0.000000	5.276647e+04
20001	953.000000	6.000000	0.141094	0.000000	0.000000	4.648138e+04
20001	954.000000	6.000000	0.138655	0.000000	0.000000	3.986895e+04
20001	955.000000	6.000000	0.136052	0.000000	0.000000	4.393845e+04
20001	956.000000	6.000000	0.134235	0.000000	0.000000	4.159847e+04
20001	957.000000	6.000000	0.132491	0.000000	0.000000	4.319813e+04
20001	958.000000	6.000000	0.130322	0.000000	0.000000	5.025383e+04
20001	959.000000	6.000000	0.127902	0.000000	0.000000	5.722346e+04
20001	960.000000	6.000000	0.126150	0.000000	0.000000	5.987325e+04
20001	961.000000	6.000000	0.124373	0.000000	0.000000	5.505596e+04
20001	962.000000	6.000000	0.122180	0.000000	0.000000	6.484010e+04
20001	963.000000	6.000000	0.119964	0.000000	0.000000	6.388777e+04
20001	964.000000	6.000000	0.117269	0.000000	0.000000	6.728926e+04
20001	965.000000	6.000000	0.115422	0.000000	0.000000	5.528245e+04
20001	966.000000	6.000000	0.113501	0.000000	0.000000	6.022544e+04
20001	967.000000	6.000000	0.111744	0.000000	0.000000	5.331848e+04
20001	968.000000	6.000000	0.110354	0.000000	0.000000	6.082294e+04
20001	969.000000	6.000000	0.108177	0.000000	0.000000	5.724737e+04
20001	970.000000	6.000000	0.106431	0.000000	0.000000	7.222649e+04
20001	971.000000	6.000000	0.104830	0.000000	0.000000	6.464667e+04
20001	972.000000	6.000000	0.102560	0.000000	0.000000	6.938285e+04
20001	973.000000	6.000000	0.100291	0.000000	0.000000	7.864290e+04
20001	974.000000	6.000000	0.098839	0.000000	0.000000	7.488654e+04
20001	975.000000	6.000000	0.096982	0.000000	0.000000	5.286167e+04
20001	976.000000	6.000000	0.096218	0.000000	0.000000	6.837578e+04
20001	977.000000	6.000000	0.094455	0.000000	0.000000	8.574031e+04
20001	978.000000	6.000000	0.093321	0.000000	0.000000	8.858085e+04
20001	979.000000	6.000000	0.091926	0.000000	0.000000	1.299018e+05
20001	980.000000	6.000000	0.089238	0.000000	0.000000	1.553205e+05
20001	981.000000	6.000000	0.087682	0.000000	0.000000	1.128437e+05
20001	982.000000	6.000000	0.087014	0.000000	0.000000	9.590976e+04
20001	983.000000	6.000000	0.085263	0.000000	0.000000	1.130031e+05
20001	984.000000	6.000000	0.084281	0.000000	0.000000	1.019669e+05
20001	985.000000	6.000000	0.083845	0.000000	0.000000	9.942370e+04
20001	986.000000	6.000000	0.082576	0.000000	0.000000	1.437673e+05
20001	987.000000	6.000000	0.081974	0.000000	0.000000	1.165720e+05
20001	988.000000	6.000000	0.080663	0.000000	0.000000	9.496605e+04
20001	989.000000	6.000000	0.078814	0.000000	0.000000	1.356051e+05
20001	990.000000	6.000000	0.077197	0.000000	0.000000	2.340601e+05
20001	991.000000	6.000000	0.076120	0.000000	0.000000	1.631079e+05
20001	992.000000	6.000000	0.076081	0.000000	0.000000	1.876056e+05
20001	993.000000	6.000000	0.075685	0.000000	0.000000	1.957545e+05
20001	994.000000	6.000000	0.074202	0.000000	0.000000	1.876560e+05
20001	995.000000	6.000000	0.073412	0.000000	0.000000	3.036403e+05
20001	996.000000	6.000000	0.073272	0.000000	0.000000	5.397751e+05
20001	997.000000	6.000000	0.073462	0.000000	0.000000	8.985844e+05
20001	998.000000	6.000000	0.072279	0.000000	0.000000	5.720586e+05
20001	999.000000	6.000000	0.071285	0.000000	0.000000	5.243281e+05
20001	1000.000000	6.000000	0.070696	0.000000	0.000000	5.827543e+05
