-19.604 -9e-05
-19.5859 -8.91e-05
-19.5678 -8.81e-05
-19.5429 -8.77e-05
-19.518 -8.7e-05
-19.4929 -8.77e-05
-19.4678 -8.85e-05
-19.4463 -8.79e-05
-19.4213 -8.79e-05
-19.3964 -8.64e-05
-19.3714 -8.68e-05
-19.3463 -8.77e-05
-19.3213 -8.74e-05
-19.2964 -8.7e-05
-19.2714 -8.68e-05
-19.2463 -8.74e-05
-19.2213 -8.79e-05
-19.1998 -8.7e-05
-19.1747 -8.72e-05
-19.1497 -8.75e-05
-19.1247 -8.72e-05
-19.0998 -8.7e-05
-19.0714 -8.68e-05
-19.0463 -8.77e-05
-19.0213 -8.74e-05
-18.9964 -8.7e-05
-18.9748 -8.68e-05
-18.9464 -8.7e-05
-18.9214 -8.66e-05
-18.8997 -8.77e-05
-18.8748 -8.64e-05
-18.8463 -8.74e-05
-18.8248 -8.68e-05
-18.7825 -8.91e-05
-18.7714 -8.66e-05
-18.7497 -8.75e-05
-18.7248 -8.68e-05
-18.6997 -8.74e-05
-18.6748 -8.7e-05
-18.6464 -8.7e-05
-18.6247 -8.74e-05
-18.5998 -8.7e-05
-18.5748 -8.64e-05
-18.5464 -8.7e-05
-18.5248 -8.64e-05
-18.4997 -8.72e-05
-18.4748 -8.68e-05
-18.4498 -8.64e-05
-18.4214 -8.66e-05
-18.3964 -8.7e-05
-18.3781 -8.72e-05
-18.3499 -8.58e-05
-18.3215 -8.6e-05
-18.3031 -8.79e-05
-18.2782 -8.64e-05
-18.2465 -8.58e-05
-18.2247 -8.72e-05
-18.1997 -8.72e-05
-18.1748 -8.62e-05
-18.1497 -8.72e-05
-18.1248 -8.7e-05
-18.0998 -8.64e-05
-18.0748 -8.68e-05
-18.0497 -8.72e-05
-18.0249 -8.58e-05
-17.9964 -8.62e-05
-17.9748 -8.7e-05
-17.9531 -8.72e-05
-17.9281 -8.72e-05
-17.8998 -8.68e-05
-17.8748 -8.62e-05
-17.8498 -8.66e-05
-17.8248 -8.66e-05
-17.7998 -8.7e-05
-17.7782 -8.66e-05
-17.7531 -8.72e-05
-17.7248 -8.62e-05
-17.7032 -8.66e-05
-17.6749 -8.57e-05
-17.6464 -8.64e-05
-17.6247 -8.75e-05
-17.6032 -8.7e-05
-17.5748 -8.64e-05
-17.5498 -8.7e-05
-17.5248 -8.64e-05
-17.4998 -8.64e-05
-17.4748 -8.7e-05
-17.4498 -8.62e-05
-17.4248 -8.64e-05
-17.3998 -8.68e-05
-17.3782 -8.68e-05
-17.3498 -8.62e-05
-17.3249 -8.6e-05
-17.2998 -8.68e-05
-17.2747 -8.72e-05
-17.2532 -8.7e-05
-17.2282 -8.64e-05
-17.1998 -8.66e-05
-17.1748 -8.66e-05
-17.1532 -8.7e-05
-17.1283 -8.53e-05
-17.1032 -8.62e-05
-17.0748 -8.62e-05
-17.0532 -8.68e-05
-17.0248 -8.66e-05
-17.0032 -8.64e-05
-16.9783 -8.6e-05
-16.9532 -8.62e-05
-16.9248 -8.64e-05
-16.9032 -8.64e-05
-16.8782 -8.66e-05
-16.8498 -8.62e-05
-16.8248 -8.62e-05
-16.8032 -8.7e-05
-16.7782 -8.64e-05
-16.7532 -8.68e-05
-16.7282 -8.62e-05
-16.6998 -8.68e-05
-16.6748 -8.66e-05
-16.6532 -8.68e-05
-16.6249 -8.58e-05
-16.5999 -8.6e-05
-16.5782 -8.68e-05
-16.5532 -8.7e-05
-16.5283 -8.6e-05
-16.5033 -8.55e-05
-16.4748 -8.64e-05
-16.4532 -8.66e-05
-16.4249 -8.6e-05
-16.3999 -8.57e-05
-16.3782 -8.7e-05
-16.3565 -8.66e-05
-16.3283 -8.53e-05
-16.3064 -8.72e-05
-16.2783 -8.58e-05
-16.2533 -8.6e-05
-16.2282 -8.62e-05
-16.2032 -8.66e-05
-16.1815 -8.64e-05
-16.1499 -8.57e-05
-16.1283 -8.58e-05
-16.1033 -8.6e-05
-16.0782 -8.62e-05
-16.0532 -8.62e-05
-16.0282 -8.64e-05
-16.0032 -8.64e-05
-15.9782 -8.62e-05
-15.9532 -8.66e-05
-15.9283 -8.55e-05
-15.9032 -8.64e-05
-15.8782 -8.68e-05
-15.8533 -8.58e-05
-15.8249 -8.53e-05
-15.7998 -8.62e-05
-15.7816 -8.6e-05
-15.7533 -8.58e-05
-15.7283 -8.53e-05
-15.7033 -8.6e-05
-15.6782 -8.66e-05
-15.6565 -8.62e-05
-15.6283 -8.6e-05
-15.5929 -8.72e-05
-15.5783 -8.58e-05
-15.5532 -8.66e-05
-15.5283 -8.58e-05
-15.4999 -8.6e-05
-15.4814 -8.72e-05
-15.4533 -8.55e-05
-15.4283 -8.53e-05
-15.4032 -8.62e-05
-15.3815 -8.7e-05
-15.3533 -8.53e-05
-15.3283 -8.53e-05
-15.3066 -8.6e-05
-15.2783 -8.55e-05
-15.2498 -8.64e-05
-15.2315 -8.64e-05
-15.2033 -8.58e-05
-15.1783 -8.6e-05
-15.1532 -8.64e-05
-15.1283 -8.55e-05
-15.1065 -8.62e-05
-15.0815 -8.62e-05
-15.0533 -8.55e-05
-15.0283 -8.57e-05
-15.0032 -8.62e-05
-14.9816 -8.6e-05
-14.9533 -8.55e-05
-14.9283 -8.58e-05
-14.9065 -8.62e-05
-14.8783 -8.53e-05
-14.8532 -8.66e-05
-14.8282 -8.62e-05
-14.8032 -8.64e-05
-14.7783 -8.53e-05
-14.7565 -8.62e-05
-14.7283 -8.57e-05
-14.7065 -8.64e-05
-14.6784 -8.51e-05
-14.6533 -8.6e-05
-14.6315 -8.62e-05
-14.6066 -8.53e-05
-14.5816 -8.57e-05
-14.5533 -8.6e-05
-14.5316 -8.58e-05
-14.5065 -8.66e-05
-14.4816 -8.6e-05
-14.4534 -8.45e-05
-14.4283 -8.55e-05
-14.4032 -8.66e-05
-14.3816 -8.57e-05
-14.3533 -8.6e-05
-14.3283 -8.58e-05
-14.3066 -8.6e-05
-14.2816 -8.57e-05
-14.2533 -8.58e-05
-14.2315 -8.62e-05
-14.2033 -8.58e-05
-14.1817 -8.49e-05
-14.1533 -8.58e-05
-14.1283 -8.58e-05
-14.1034 -8.51e-05
-14.0783 -8.58e-05
-14.0533 -8.58e-05
-14.0283 -8.58e-05
-13.9998 -8.62e-05
-13.9816 -8.58e-05
-13.9566 -8.57e-05
-13.9317 -8.51e-05
-13.9065 -8.64e-05
-13.8816 -8.53e-05
-13.8533 -8.6e-05
-13.8316 -8.57e-05
-13.8066 -8.53e-05
-13.7816 -8.53e-05
-13.7567 -8.49e-05
-13.7316 -8.53e-05
-13.7065 -8.64e-05
-13.6817 -8.51e-05
-13.6533 -8.6e-05
-13.6283 -8.57e-05
-13.6066 -8.6e-05
-13.5784 -8.49e-05
-13.5566 -8.6e-05
-13.5316 -8.57e-05
-13.5067 -8.51e-05
-13.4783 -8.6e-05
-13.4566 -8.58e-05
-13.4315 -8.62e-05
-13.4034 -8.49e-05
-13.3816 -8.55e-05
-13.3534 -8.51e-05
-13.3284 -8.45e-05
-13.3066 -8.57e-05
-13.2816 -8.57e-05
-13.2566 -8.53e-05
-13.2283 -8.57e-05
-13.2033 -8.57e-05
-13.1816 -8.53e-05
-13.1566 -8.55e-05
-13.1284 -8.51e-05
-13.1066 -8.57e-05
-13.0816 -8.57e-05
-13.0566 -8.57e-05
-13.0317 -8.47e-05
-13.0034 -8.51e-05
-12.9816 -8.57e-05
-12.9567 -8.51e-05
-12.9283 -8.55e-05
-12.9066 -8.53e-05
-12.8817 -8.51e-05
-12.8566 -8.6e-05
-12.8317 -8.49e-05
-12.8034 -8.51e-05
-12.7817 -8.51e-05
-12.7566 -8.53e-05
-12.7317 -8.45e-05
-12.7066 -8.53e-05
-12.6816 -8.55e-05
-12.6566 -8.55e-05
-12.6316 -8.55e-05
-12.6066 -8.57e-05
-12.5851 -8.47e-05
-12.5567 -8.45e-05
-12.5316 -8.53e-05
-12.5066 -8.53e-05
-12.4816 -8.58e-05
-12.4567 -8.51e-05
-12.4316 -8.57e-05
-12.3963 -8.75e-05
-12.3817 -8.51e-05
-12.3533 -8.55e-05
-12.3316 -8.57e-05
-12.3066 -8.53e-05
-12.2816 -8.55e-05
-12.2567 -8.51e-05
-12.2284 -8.49e-05
-12.2066 -8.6e-05
-12.1851 -8.49e-05
-12.1534 -8.49e-05
-12.1317 -8.49e-05
-12.11 -8.57e-05
-12.0817 -8.51e-05
-12.0567 -8.51e-05
-12.0316 -8.53e-05
-12.0066 -8.55e-05
-11.9817 -8.47e-05
-11.9567 -8.51e-05
-11.9318 -8.39e-05
-11.9066 -8.57e-05
-11.8816 -8.57e-05
-11.8567 -8.49e-05
-11.8316 -8.55e-05
-11.8067 -8.49e-05
-11.7817 -8.51e-05
-11.7567 -8.45e-05
-11.7317 -8.51e-05
-11.7101 -8.49e-05
-11.6817 -8.51e-05
-11.66 -8.58e-05
-11.6317 -8.49e-05
-11.6067 -8.47e-05
-11.5817 -8.51e-05
-11.56 -8.57e-05
-11.5351 -8.51e-05
-11.5067 -8.49e-05
-11.4816 -8.53e-05
-11.4566 -8.53e-05
-11.4317 -8.51e-05
-11.4067 -8.49e-05
-11.3851 -8.51e-05
-11.36 -8.55e-05
-11.3351 -8.49e-05
-11.3101 -8.47e-05
-11.2817 -8.49e-05
-11.2567 -8.51e-05
-11.2316 -8.53e-05
-11.2067 -8.47e-05
-11.1851 -8.47e-05
-11.1567 -8.49e-05
-11.1317 -8.51e-05
-11.1101 -8.47e-05
-11.0817 -8.45e-05
-11.0566 -8.55e-05
-11.035 -8.55e-05
-11.0067 -8.45e-05
-10.9851 -8.47e-05
-10.9566 -8.55e-05
-10.9317 -8.49e-05
-10.9067 -8.45e-05
-10.8816 -8.6e-05
-10.8567 -8.49e-05
-10.8317 -8.45e-05
-10.8034 -8.51e-05
-10.785 -8.57e-05
-10.7602 -8.41e-05
-10.7318 -8.41e-05
-10.71 -8.58e-05
-10.6851 -8.51e-05
-10.6601 -8.49e-05
-10.6318 -8.41e-05
-10.6067 -8.45e-05
-10.5817 -8.49e-05
-10.5566 -8.53e-05
-10.5317 -8.47e-05
-10.5101 -8.51e-05
-10.4851 -8.45e-05
-10.4567 -8.49e-05
-10.4317 -8.47e-05
-10.4067 -8.43e-05
-10.3851 -8.51e-05
-10.3601 -8.51e-05
-10.3352 -8.39e-05
-10.3067 -8.45e-05
-10.2851 -8.51e-05
-10.2601 -8.47e-05
-10.2317 -8.45e-05
-10.2067 -8.47e-05
-10.1851 -8.47e-05
-10.1601 -8.45e-05
-10.1351 -8.47e-05
-10.1068 -8.41e-05
-10.0851 -8.49e-05
-10.0601 -8.51e-05
-10.0351 -8.45e-05
-10.0067 -8.45e-05
-9.98507 -8.49e-05
-9.96007 -8.49e-05
-9.93514 -8.43e-05
-9.91005 -8.51e-05
-9.88507 -8.49e-05
-9.85678 -8.39e-05
-9.83167 -8.49e-05
-9.80999 -8.57e-05
-9.78509 -8.47e-05
-9.76011 -8.45e-05
-9.73516 -8.41e-05
-9.71016 -8.41e-05
-9.68507 -8.49e-05
-9.66007 -8.49e-05
-9.63514 -8.43e-05
-9.60676 -8.41e-05
-9.58503 -8.53e-05
-9.56018 -8.39e-05
-9.53174 -8.43e-05
-9.50674 -8.43e-05
-9.48503 -8.53e-05
-9.46011 -8.45e-05
-9.43514 -8.43e-05
-9.41009 -8.47e-05
-9.38511 -8.45e-05
-9.36014 -8.43e-05
-9.33516 -8.41e-05
-9.31016 -8.41e-05
-9.28516 -8.41e-05
-9.26005 -8.51e-05
-9.23511 -8.45e-05
-9.19981 -8.64e-05
-9.18178 -8.39e-05
-9.16005 -8.51e-05
-9.13509 -8.47e-05
-9.11007 -8.49e-05
-9.08511 -8.45e-05
-9.05672 -8.45e-05
-9.03174 -8.43e-05
-9.01007 -8.49e-05
-8.98514 -8.43e-05
-8.96007 -8.49e-05
-8.93509 -8.47e-05
-8.91014 -8.43e-05
-8.88511 -8.45e-05
-8.86014 -8.43e-05
-8.83511 -8.45e-05
-8.81009 -8.47e-05
-8.78514 -8.43e-05
-8.76007 -8.49e-05
-8.73521 -8.36e-05
-8.71007 -8.49e-05
-8.68516 -8.41e-05
-8.66011 -8.45e-05
-8.63518 -8.39e-05
-8.61014 -8.43e-05
-8.58511 -8.45e-05
-8.56007 -8.49e-05
-8.53521 -8.36e-05
-8.51005 -8.51e-05
-8.48518 -8.39e-05
-8.46016 -8.41e-05
-8.43172 -8.45e-05
-8.40665 -8.51e-05
-8.38516 -8.41e-05
-8.36016 -8.41e-05
-8.33518 -8.39e-05
-8.31005 -8.51e-05
-8.28514 -8.43e-05
-8.26016 -8.41e-05
-8.23516 -8.41e-05
-8.21011 -8.45e-05
-8.18856 -8.41e-05
-8.16014 -8.43e-05
-8.13518 -8.39e-05
-8.11009 -8.47e-05
-8.08856 -8.41e-05
-8.06016 -8.41e-05
-8.03507 -8.49e-05
-8.01007 -8.49e-05
-7.98179 -8.38e-05
-7.96345 -8.51e-05
-7.93514 -8.43e-05
-7.91018 -8.39e-05
-7.88505 -8.51e-05
-7.86019 -8.38e-05
-7.83519 -8.38e-05
-7.81014 -8.43e-05
-7.78514 -8.43e-05
-7.76014 -8.43e-05
-7.73521 -8.36e-05
-7.71343 -8.53e-05
-7.68859 -8.38e-05
-7.65673 -8.43e-05
-7.63509 -8.47e-05
-7.60667 -8.49e-05
-7.58521 -8.36e-05
-7.56014 -8.43e-05
-7.53521 -8.36e-05
-7.51009 -8.47e-05
-7.48519 -8.38e-05
-7.46019 -8.38e-05
-7.43519 -8.38e-05
-7.40676 -8.41e-05
-7.38512 -8.45e-05
-7.36354 -8.43e-05
-7.33854 -8.43e-05
-7.31021 -8.36e-05
-7.28516 -8.41e-05
-7.26018 -8.39e-05
-7.23512 -8.45e-05
-7.21011 -8.45e-05
-7.18525 -8.32e-05
-7.16351 -8.45e-05
-7.13525 -8.32e-05
-7.11358 -8.39e-05
-7.08509 -8.47e-05
-7.06358 -8.39e-05
-7.03519 -8.38e-05
-7.01014 -8.43e-05
-6.98849 -8.47e-05
-6.96361 -8.36e-05
-6.93519 -8.38e-05
-6.91356 -8.41e-05
-6.88525 -8.32e-05
-6.86018 -8.39e-05
-6.83509 -8.47e-05
-6.81007 -8.49e-05
-6.78523 -8.34e-05
-6.76016 -8.41e-05
-6.73858 -8.39e-05
-6.71025 -8.32e-05
-6.68851 -8.45e-05
-6.66365 -8.32e-05
-6.63523 -8.34e-05
-6.61351 -8.45e-05
-6.58861 -8.36e-05
-6.56019 -8.38e-05
-6.53519 -8.38e-05
-6.51356 -8.41e-05
-6.48859 -8.38e-05
-6.46359 -8.38e-05
-6.43863 -8.34e-05
-6.41021 -8.36e-05
-6.38856 -8.41e-05
-6.36359 -8.38e-05
-6.33518 -8.39e-05
-6.31021 -8.36e-05
-6.28859 -8.38e-05
-6.26009 -8.47e-05
-6.23858 -8.39e-05
-6.21029 -8.28e-05
-6.18847 -8.49e-05
-6.16363 -8.34e-05
-6.13521 -8.36e-05
-6.11351 -8.45e-05
-6.08861 -8.36e-05
-6.06011 -8.45e-05
-6.03854 -8.43e-05
-5.99982 -8.64e-05
-5.98525 -8.32e-05
-5.96351 -8.45e-05
-5.93858 -8.39e-05
-5.91358 -8.39e-05
-5.88859 -8.38e-05
-5.86019 -8.38e-05
-5.83861 -8.36e-05
-5.81019 -8.38e-05
-5.78863 -8.34e-05
-5.76356 -8.41e-05
-5.73519 -8.38e-05
-5.71361 -8.36e-05
-5.68521 -8.36e-05
-5.66018 -8.39e-05
-5.63518 -8.39e-05
-5.61354 -8.43e-05
-5.58859 -8.38e-05
-5.56019 -8.38e-05
-5.53534 -8.24e-05
-5.51354 -8.43e-05
-5.48861 -8.36e-05
-5.46023 -8.34e-05
-5.43861 -8.36e-05
-5.41023 -8.34e-05
-5.38854 -8.43e-05
-5.36365 -8.32e-05
-5.33867 -8.3e-05
-5.31361 -8.36e-05
-5.28861 -8.36e-05
-5.26363 -8.34e-05
-5.23529 -8.28e-05
-5.21023 -8.34e-05
-5.18856 -8.41e-05
-5.16025 -8.32e-05
-5.13858 -8.39e-05
-5.11361 -8.36e-05
-5.08863 -8.34e-05
-5.06359 -8.38e-05
-5.03859 -8.38e-05
-5.01363 -8.34e-05
-4.98863 -8.34e-05
-4.96361 -8.36e-05
-4.93861 -8.36e-05
-4.91354 -8.43e-05
-4.89201 -8.36e-05
-4.86029 -8.28e-05
-4.83851 -8.45e-05
-4.81359 -8.38e-05
-4.78859 -8.38e-05
-4.76359 -8.38e-05
-4.73869 -8.28e-05
-4.71363 -8.34e-05
-4.68861 -8.36e-05
-4.66019 -8.38e-05
-4.63865 -8.32e-05
-4.61021 -8.36e-05
-4.58851 -8.45e-05
-4.56369 -8.28e-05
-4.53871 -8.26e-05
-4.51359 -8.38e-05
-4.48861 -8.36e-05
-4.46361 -8.36e-05
-4.43859 -8.38e-05
-4.41019 -8.38e-05
-4.38861 -8.36e-05
-4.36365 -8.32e-05
-4.33863 -8.34e-05
-4.31361 -8.36e-05
-4.28863 -8.34e-05
-4.26029 -8.28e-05
-4.23865 -8.32e-05
-4.21359 -8.38e-05
-4.18861 -8.36e-05
-4.16361 -8.36e-05
-4.13531 -8.26e-05
-4.11359 -8.38e-05
-4.09199 -8.38e-05
-4.06367 -8.3e-05
-4.04207 -8.3e-05
-4.01365 -8.32e-05
-3.99205 -8.32e-05
-3.96361 -8.36e-05
-3.93867 -8.3e-05
-3.91365 -8.32e-05
-3.88861 -8.36e-05
-3.86359 -8.38e-05
-3.83865 -8.32e-05
-3.81031 -8.26e-05
-3.79201 -8.36e-05
-3.76369 -8.28e-05
-3.73859 -8.38e-05
-3.71369 -8.28e-05
-3.68863 -8.34e-05
-3.66363 -8.34e-05
-3.63861 -8.36e-05
-3.61359 -8.38e-05
-3.58865 -8.32e-05
-3.56707 -8.3e-05
-3.53869 -8.28e-05
-3.51369 -8.28e-05
-3.48863 -8.34e-05
-3.46361 -8.36e-05
-3.43867 -8.3e-05
-3.41361 -8.36e-05
-3.39203 -8.34e-05
-3.36369 -8.28e-05
-3.33865 -8.32e-05
-3.31365 -8.32e-05
-3.28867 -8.3e-05
-3.26369 -8.28e-05
-3.23869 -8.28e-05
-3.21369 -8.28e-05
-3.18861 -8.36e-05
-3.16705 -8.32e-05
-3.13876 -8.22e-05
-3.11365 -8.32e-05
-3.09199 -8.38e-05
-3.06367 -8.3e-05
-3.04205 -8.32e-05
-3.01367 -8.3e-05
-2.98867 -8.3e-05
-2.96699 -8.38e-05
-2.94209 -8.28e-05
-2.91373 -8.24e-05
-2.89196 -8.41e-05
-2.86369 -8.28e-05
-2.83871 -8.26e-05
-2.80667 -8.49e-05
-2.78869 -8.28e-05
-2.76363 -8.34e-05
-2.74207 -8.3e-05
-2.71707 -8.3e-05
-2.68871 -8.26e-05
-2.66705 -8.32e-05
-2.63869 -8.28e-05
-2.61363 -8.34e-05
-2.59207 -8.3e-05
-2.56367 -8.3e-05
-2.53869 -8.28e-05
-2.51707 -8.3e-05
-2.48865 -8.32e-05
-2.46703 -8.34e-05
-2.43869 -8.28e-05
-2.41373 -8.24e-05
-2.38865 -8.32e-05
-2.36707 -8.3e-05
-2.33871 -8.26e-05
-2.31707 -8.3e-05
-2.29205 -8.32e-05
-2.26705 -8.32e-05
-2.23873 -8.24e-05
-2.21363 -8.34e-05
-2.19211 -8.26e-05
-2.16373 -8.24e-05
-2.13876 -8.22e-05
-2.11703 -8.34e-05
-2.09209 -8.28e-05
-2.06709 -8.28e-05
-2.03876 -8.22e-05
-2.01369 -8.28e-05
-1.98873 -8.24e-05
-1.96703 -8.34e-05
-1.94209 -8.28e-05
-1.91707 -8.3e-05
-1.89203 -8.34e-05
-1.86716 -8.22e-05
-1.83871 -8.26e-05
-1.81701 -8.36e-05
-1.79211 -8.26e-05
-1.76709 -8.28e-05
-1.73876 -8.22e-05
-1.72047 -8.3e-05
-1.69218 -8.2e-05
-1.66707 -8.3e-05
-1.64211 -8.26e-05
-1.61718 -8.2e-05
-1.58867 -8.3e-05
-1.57041 -8.36e-05
-1.54221 -8.17e-05
-1.51707 -8.3e-05
-1.49209 -8.28e-05
-1.46713 -8.24e-05
-1.43876 -8.22e-05
-1.41707 -8.3e-05
-1.39209 -8.28e-05
-1.36709 -8.28e-05
-1.34211 -8.26e-05
-1.31707 -8.3e-05
-1.29213 -8.24e-05
-1.26365 -8.32e-05
-1.23867 -8.3e-05
-1.21363 -8.34e-05
-1.19207 -8.3e-05
-1.16713 -8.24e-05
-1.14216 -8.22e-05
-1.11703 -8.34e-05
-1.09213 -8.24e-05
-1.06716 -8.22e-05
-1.03863 -8.34e-05
-1.01707 -8.3e-05
-0.995556 -8.22e-05
-0.967051 -8.32e-05
-0.942156 -8.22e-05
-0.917072 -8.3e-05
-0.892114 -8.26e-05
-0.863756 -8.22e-05
-0.842135 -8.24e-05
-0.817072 -8.3e-05
-0.795472 -8.3e-05
-0.767156 -8.22e-05
-0.742051 -8.32e-05
-0.720535 -8.24e-05
-0.692135 -8.24e-05
-0.667051 -8.32e-05
-0.642156 -8.22e-05
-0.617135 -8.24e-05
-0.59203 -8.34e-05
-0.570535 -8.24e-05
-0.542156 -8.22e-05
-0.517114 -8.26e-05
-0.495493 -8.28e-05
-0.467135 -8.24e-05
-0.442093 -8.28e-05
-0.413714 -8.26e-05
-0.392156 -8.22e-05
-0.367114 -8.26e-05
-0.342177 -8.2e-05
-0.317093 -8.28e-05
-0.292135 -8.24e-05
-0.267093 -8.28e-05
-0.242177 -8.2e-05
-0.217114 -8.26e-05
-0.192114 -8.26e-05
-0.170535 -8.24e-05
-0.145556 -8.22e-05
-0.120472 -8.3e-05
-0.0955139 -8.26e-05
-0.0671348 -8.24e-05
-0.0420928 -8.28e-05
-0.0205139 -8.26e-05
0.00448613 -8.26e-05
0.0328128 -8.19e-05
0.0578233 -8.2e-05
0.0795281 -8.3e-05
0.107792 -8.17e-05
0.132844 -8.22e-05
0.154507 -8.28e-05
0.182823 -8.2e-05
0.207823 -8.2e-05
0.232865 -8.24e-05
0.254465 -8.24e-05
0.279444 -8.22e-05
0.304371 -8.15e-05
0.332865 -8.24e-05
0.357886 -8.26e-05
0.457686 -8.45e-05
0.421785 -8.64e-05
0.439864 -8.43e-05
0.46137 -8.34e-05
0.482928 -8.3e-05
0.507907 -8.28e-05
0.529486 -8.26e-05
0.554444 -8.22e-05
0.579423 -8.2e-05
0.601065 -8.24e-05
0.629392 -8.17e-05
0.654413 -8.19e-05
0.679423 -8.2e-05
0.704465 -8.24e-05
0.729444 -8.22e-05
0.757823 -8.2e-05
0.782886 -8.26e-05
0.801107 -8.28e-05
0.826013 -8.19e-05
0.854413 -8.19e-05
0.879423 -8.2e-05
0.904423 -8.2e-05
0.929444 -8.22e-05
0.954423 -8.2e-05
0.979413 -8.19e-05
1.00442 -8.2e-05
1.02942 -8.2e-05
1.05107 -8.24e-05
1.07933 -8.11e-05
1.10449 -8.26e-05
1.12607 -8.24e-05
1.15437 -8.15e-05
1.18281 -8.19e-05
1.20451 -8.28e-05
1.22609 -8.26e-05
1.25435 -8.13e-05
1.27947 -8.24e-05
1.30444 -8.22e-05
1.32599 -8.17e-05
1.35437 -8.15e-05
1.37941 -8.19e-05
1.40441 -8.19e-05
1.42941 -8.19e-05
1.45444 -8.22e-05
1.47607 -8.24e-05
1.50439 -8.17e-05
1.52941 -8.19e-05
1.55104 -8.22e-05
1.57607 -8.24e-05
1.60095 -8.13e-05
1.62933 -8.11e-05
1.65451 -8.28e-05
1.67601 -8.19e-05
1.70439 -8.17e-05
1.72944 -8.22e-05
1.75441 -8.19e-05
1.77935 -8.13e-05
1.80451 -8.28e-05
1.82607 -8.24e-05
1.85431 -8.09e-05
1.87942 -8.2e-05
1.90113 -8.3e-05
1.92601 -8.19e-05
1.95431 -8.09e-05
1.98619 -8.17e-05
2.00111 -8.28e-05
2.02267 -8.24e-05
2.05435 -8.13e-05
2.07941 -8.19e-05
2.10102 -8.2e-05
2.12599 -8.17e-05
2.15433 -8.11e-05
2.17939 -8.17e-05
2.20101 -8.19e-05
2.22595 -8.13e-05
2.25099 -8.17e-05
2.27937 -8.15e-05
2.30441 -8.19e-05
2.32602 -8.2e-05
2.35097 -8.15e-05
2.37933 -8.11e-05
2.40439 -8.17e-05
2.42601 -8.19e-05
2.45087 -8.05e-05
2.47929 -8.07e-05
2.50111 -8.28e-05
2.52262 -8.2e-05
2.55441 -8.19e-05
2.57942 -8.2e-05
2.60097 -8.15e-05
2.62595 -8.13e-05
2.65441 -8.19e-05
2.67607 -8.24e-05
2.70095 -8.13e-05
2.72931 -8.09e-05
2.75101 -8.19e-05
2.77939 -8.17e-05
2.80095 -8.13e-05
2.82599 -8.17e-05
2.85099 -8.17e-05
2.87595 -8.13e-05
2.90439 -8.17e-05
2.92601 -8.19e-05
2.95099 -8.17e-05
2.97595 -8.13e-05
3.00099 -8.17e-05
3.02601 -8.19e-05
3.05102 -8.2e-05
3.07604 -8.22e-05
3.10091 -8.09e-05
3.12935 -8.13e-05
3.15442 -8.2e-05
3.17601 -8.19e-05
3.20091 -8.09e-05
3.22595 -8.13e-05
3.25093 -8.11e-05
3.27593 -8.11e-05
3.30101 -8.19e-05
3.32601 -8.19e-05
3.35099 -8.17e-05
3.37595 -8.13e-05
3.40099 -8.17e-05
3.42599 -8.17e-05
3.45107 -8.24e-05
3.47593 -8.11e-05
3.50091 -8.09e-05
3.52601 -8.19e-05
3.55437 -8.15e-05
3.58624 -8.22e-05
3.60099 -8.17e-05
3.62599 -8.17e-05
3.65085 -8.03e-05
3.67599 -8.17e-05
3.69762 -8.2e-05
3.72251 -8.09e-05
3.75095 -8.13e-05
3.77591 -8.09e-05
3.80097 -8.15e-05
3.82259 -8.17e-05
3.85097 -8.15e-05
3.87597 -8.15e-05
3.89755 -8.13e-05
3.92593 -8.11e-05
3.95097 -8.15e-05
3.97593 -8.11e-05
4.00091 -8.09e-05
4.02595 -8.13e-05
4.05097 -8.15e-05
4.07597 -8.15e-05
4.10097 -8.15e-05
4.12597 -8.15e-05
4.15101 -8.19e-05
4.17253 -8.11e-05
4.20095 -8.13e-05
4.22597 -8.15e-05
4.25089 -8.07e-05
4.27591 -8.09e-05
4.30101 -8.19e-05
4.32257 -8.15e-05
4.35091 -8.09e-05
4.37933 -8.11e-05
4.40102 -8.2e-05
4.42259 -8.17e-05
4.45087 -8.05e-05
4.47601 -8.19e-05
4.49757 -8.15e-05
4.52593 -8.11e-05
4.55087 -8.05e-05
4.57597 -8.15e-05
4.59761 -8.19e-05
4.62251 -8.09e-05
4.64757 -8.15e-05
4.67251 -8.09e-05
4.69757 -8.15e-05
4.72251 -8.09e-05
4.75091 -8.09e-05
4.77589 -8.07e-05
4.80095 -8.13e-05
4.82261 -8.19e-05
4.85084 -8.03e-05
4.87593 -8.11e-05
4.89764 -8.22e-05
4.92255 -8.13e-05
4.95087 -8.05e-05
4.97929 -8.07e-05
4.99759 -8.17e-05
5.02251 -8.09e-05
5.05093 -8.11e-05
5.07593 -8.11e-05
5.09757 -8.15e-05
5.12253 -8.11e-05
5.15095 -8.13e-05
5.17593 -8.11e-05
5.20087 -8.05e-05
5.22257 -8.15e-05
5.24755 -8.13e-05
5.27591 -8.09e-05
5.30095 -8.13e-05
5.32255 -8.13e-05
5.35084 -8.03e-05
5.37591 -8.09e-05
5.39757 -8.15e-05
5.42244 -8.03e-05
5.44751 -8.09e-05
5.47587 -8.05e-05
5.49757 -8.15e-05
5.52249 -8.07e-05
5.54759 -8.17e-05
5.57595 -8.13e-05
5.59753 -8.11e-05
5.62253 -8.11e-05
5.65091 -8.09e-05
5.67257 -8.15e-05
5.69751 -8.09e-05
5.72584 -8.03e-05
5.74753 -8.11e-05
5.77257 -8.15e-05
5.80084 -8.03e-05
5.82255 -8.13e-05
5.85083 -8.02e-05
5.87595 -8.13e-05
5.89753 -8.11e-05
5.92239 -7.98e-05
5.94755 -8.13e-05
5.97589 -8.07e-05
6.00089 -8.07e-05
6.02257 -8.15e-05
6.04751 -8.09e-05
6.07251 -8.09e-05
6.09747 -8.05e-05
6.12245 -8.03e-05
6.15091 -8.09e-05
6.17255 -8.13e-05
6.19751 -8.09e-05
6.22249 -8.07e-05
6.24749 -8.07e-05
6.27255 -8.13e-05
6.29747 -8.05e-05
6.32243 -8.02e-05
6.34757 -8.15e-05
6.37249 -8.07e-05
6.39747 -8.05e-05
6.42249 -8.07e-05
6.44747 -8.05e-05
6.47243 -8.02e-05
6.49755 -8.13e-05
6.52253 -8.11e-05
6.54747 -8.05e-05
6.57247 -8.05e-05
6.59753 -8.11e-05
6.62249 -8.07e-05
6.64407 -8.05e-05
6.67244 -8.03e-05
6.69749 -8.07e-05
6.72249 -8.07e-05
6.74743 -8.02e-05
6.78291 -8.28e-05
6.79739 -7.98e-05
6.82241 -8e-05
6.84755 -8.13e-05
6.87245 -8.03e-05
6.89753 -8.11e-05
6.92251 -8.09e-05
6.94737 -7.96e-05
6.97245 -8.03e-05
6.99751 -8.09e-05
7.02243 -8.02e-05
7.04415 -8.13e-05
7.06897 -7.96e-05
7.10093 -8.11e-05
7.12253 -8.11e-05
7.14744 -8.03e-05
7.17243 -8.02e-05
7.19749 -8.07e-05
7.22249 -8.07e-05
7.24745 -8.03e-05
7.27243 -8.02e-05
7.29751 -8.09e-05
7.31913 -8.11e-05
7.34751 -8.09e-05
7.36901 -8e-05
7.39749 -8.07e-05
7.41904 -8.03e-05
7.44743 -8.02e-05
7.47245 -8.03e-05
7.49751 -8.09e-05
7.51907 -8.05e-05
7.54743 -8.02e-05
7.57591 -8.09e-05
7.59749 -8.07e-05
7.61909 -8.07e-05
7.64749 -8.07e-05
7.67249 -8.07e-05
7.69747 -8.05e-05
7.72243 -8.02e-05
7.74407 -8.05e-05
7.77241 -8e-05
7.79415 -8.13e-05
7.81901 -8e-05
7.84739 -7.98e-05
7.87249 -8.07e-05
7.89409 -8.07e-05
7.91901 -8e-05
7.94739 -7.98e-05
7.97239 -7.98e-05
7.99749 -8.07e-05
8.01913 -8.11e-05
8.04739 -7.98e-05
8.07244 -8.03e-05
8.09407 -8.05e-05
8.12247 -8.05e-05
8.14744 -8.03e-05
8.17243 -8.02e-05
8.19747 -8.05e-05
8.21909 -8.07e-05
8.24411 -8.09e-05
8.26903 -8.02e-05
8.29743 -8.02e-05
8.31905 -8.03e-05
8.34749 -8.07e-05
8.37584 -8.03e-05
8.39741 -8e-05
8.42247 -8.05e-05
8.44409 -8.07e-05
8.46897 -7.96e-05
8.49741 -8e-05
8.51909 -8.07e-05
8.54743 -8.02e-05
8.57244 -8.03e-05
8.59409 -8.07e-05
8.61903 -8.02e-05
8.64747 -8.05e-05
8.66907 -8.05e-05
8.69401 -8e-05
8.72237 -7.96e-05
8.74739 -7.98e-05
8.77239 -7.98e-05
8.79409 -8.07e-05
8.81907 -8.05e-05
8.84407 -8.05e-05
8.86909 -8.07e-05
8.89737 -7.96e-05
8.91899 -7.98e-05
8.94741 -8e-05
8.97237 -7.96e-05
8.99407 -8.05e-05
9.01903 -8.02e-05
9.04407 -8.05e-05
9.06901 -8e-05
9.09403 -8.02e-05
9.11905 -8.03e-05
9.14739 -7.98e-05
9.17251 -8.09e-05
9.19407 -8.05e-05
9.21897 -7.96e-05
9.24403 -8.02e-05
9.26904 -8.03e-05
9.29403 -8.02e-05
9.31895 -7.94e-05
9.34403 -8.02e-05
9.36903 -8.02e-05
9.39399 -7.98e-05
9.41901 -8e-05
9.44401 -8e-05
9.46901 -8e-05
9.49405 -8.03e-05
9.51561 -8e-05
9.54405 -8.03e-05
9.56901 -8e-05
9.59401 -8e-05
9.61903 -8.02e-05
9.64743 -8.02e-05
9.66907 -8.05e-05
9.69397 -7.96e-05
9.71903 -8.02e-05
9.74405 -8.03e-05
9.76903 -8.02e-05
9.79397 -7.96e-05
9.81899 -7.98e-05
9.84407 -8.05e-05
9.86899 -7.98e-05
9.89403 -8.02e-05
9.91905 -8.03e-05
9.94397 -7.96e-05
9.97599 -8.17e-05
9.99403 -8.02e-05
10.019 -7.96e-05
10.0441 -8.05e-05
10.0656 -8.02e-05
10.0939 -7.92e-05
10.119 -7.98e-05
10.144 -8e-05
10.169 -7.98e-05
10.194 -7.96e-05
10.219 -8e-05
10.244 -7.94e-05
10.269 -8e-05
10.2906 -8.03e-05
10.3156 -7.94e-05
10.344 -7.98e-05
10.369 -8.03e-05
10.3906 -8.02e-05
10.4156 -7.94e-05
10.4441 -8.05e-05
10.4656 -7.98e-05
10.4906 -8e-05
10.5156 -7.96e-05
10.544 -8.02e-05
10.569 -7.96e-05
10.5906 -8.03e-05
10.6156 -7.96e-05
10.644 -7.96e-05
10.669 -7.96e-05
10.6906 -8.03e-05
10.7156 -7.94e-05
10.744 -7.96e-05
10.769 -7.98e-05
10.7906 -8e-05
10.8156 -7.98e-05
10.8372 -8.03e-05
10.8655 -7.86e-05
10.894 -7.96e-05
10.9157 -8.05e-05
10.9405 -7.92e-05
10.9689 -7.9e-05
10.9906 -8e-05
11.0156 -7.94e-05
11.0405 -7.92e-05
11.069 -7.94e-05
11.094 -8e-05
11.1156 -7.96e-05
11.144 -7.94e-05
11.1656 -8e-05
11.1906 -7.96e-05
11.2155 -7.92e-05
11.2406 -8e-05
11.2656 -7.96e-05
11.2905 -7.86e-05
11.319 -7.96e-05
11.344 -7.98e-05
11.3656 -7.98e-05
11.3905 -7.9e-05
11.4155 -7.9e-05
11.4439 -7.92e-05
11.4656 -8.02e-05
11.4905 -7.88e-05
11.5154 -7.83e-05
11.5405 -7.92e-05
11.569 -8.02e-05
11.5906 -7.94e-05
11.6156 -7.98e-05
11.6405 -7.88e-05
11.6655 -7.9e-05
11.6906 -7.96e-05
11.7156 -7.94e-05
11.7406 -7.94e-05
11.7655 -7.92e-05
11.7905 -7.92e-05
11.8156 -7.96e-05
11.8439 -7.86e-05
11.8656 -7.98e-05
11.8905 -7.9e-05
11.9122 -7.94e-05
11.9406 -7.94e-05
11.9656 -7.94e-05
11.9905 -7.88e-05
12.0155 -7.9e-05
12.0372 -7.94e-05
12.0655 -7.92e-05
12.0905 -7.92e-05
12.1156 -7.94e-05
12.1405 -7.86e-05
12.1655 -7.9e-05
12.1871 -7.92e-05
12.2121 -7.88e-05
12.2405 -7.86e-05
12.2656 -7.96e-05
12.2905 -7.92e-05
12.3121 -7.88e-05
12.3372 -7.98e-05
12.3655 -7.88e-05
12.3905 -7.9e-05
12.4122 -7.96e-05
12.4406 -7.98e-05
12.4621 -7.92e-05
12.487 -7.84e-05
12.512 -7.84e-05
12.5405 -7.9e-05
12.5621 -7.92e-05
12.5871 -7.86e-05
12.6121 -7.9e-05
12.6371 -7.9e-05
12.6621 -7.86e-05
12.6871 -7.9e-05
12.7121 -7.86e-05
12.7371 -7.88e-05
12.7655 -7.86e-05
12.7871 -7.9e-05
12.8121 -7.9e-05
12.8371 -7.88e-05
12.8621 -7.86e-05
12.8871 -7.92e-05
12.9121 -7.88e-05
12.937 -7.84e-05
12.962 -7.83e-05
12.9871 -7.86e-05
13.0121 -7.88e-05
13.0404 -7.81e-05
13.0622 -7.94e-05
13.0836 -7.84e-05
13.112 -7.84e-05
13.1371 -7.86e-05
13.1759 -8.11e-05
13.1872 -7.94e-05
13.212 -7.83e-05
13.2371 -7.9e-05
13.262 -7.83e-05
13.2871 -7.88e-05
13.3121 -7.86e-05
13.337 -7.81e-05
13.362 -7.75e-05
13.3837 -7.92e-05
13.4086 -7.83e-05
13.4336 -7.77e-05
13.462 -7.83e-05
13.4837 -7.92e-05
13.5086 -7.79e-05
13.537 -7.81e-05
13.562 -7.79e-05
13.5871 -7.88e-05
13.6086 -7.83e-05
13.6336 -7.83e-05
13.662 -7.75e-05
13.6837 -7.86e-05
13.7087 -7.86e-05
13.737 -7.79e-05
13.762 -7.79e-05
13.7837 -7.86e-05
13.8086 -7.75e-05
13.8371 -7.86e-05
13.8587 -7.86e-05
13.8836 -7.83e-05
13.9086 -7.79e-05
13.937 -7.81e-05
13.9621 -7.86e-05
13.9836 -7.83e-05
14.0086 -7.81e-05
14.0371 -7.86e-05
14.0553 -7.88e-05
14.0835 -7.73e-05
14.112 -7.75e-05
14.1336 -7.81e-05
14.1586 -7.84e-05
14.1836 -7.81e-05
14.2086 -7.83e-05
14.2336 -7.81e-05
14.2586 -7.75e-05
14.2836 -7.84e-05
14.3053 -7.86e-05
14.3336 -7.79e-05
14.3586 -7.79e-05
14.3836 -7.75e-05
14.4086 -7.79e-05
14.4302 -7.81e-05
14.4585 -7.73e-05
14.4836 -7.75e-05
14.5086 -7.81e-05
14.5302 -7.75e-05
14.5585 -7.66e-05
14.5835 -7.71e-05
14.6087 -7.86e-05
14.6336 -7.75e-05
14.6552 -7.83e-05
14.6802 -7.79e-05
14.7051 -7.69e-05
14.7335 -7.71e-05
14.762 -7.81e-05
14.7802 -7.83e-05
14.8018 -7.79e-05
14.8336 -7.79e-05
14.8552 -7.83e-05
14.8801 -7.71e-05
14.9052 -7.77e-05
14.9301 -7.73e-05
14.9586 -7.77e-05
14.9802 -7.75e-05
15.0051 -7.73e-05
15.0336 -7.79e-05
15.0551 -7.69e-05
15.0801 -7.67e-05
15.1052 -7.75e-05
15.1335 -7.69e-05
15.1551 -7.66e-05
15.1802 -7.81e-05
15.2018 -7.81e-05
15.2267 -7.69e-05
15.2551 -7.66e-05
15.2801 -7.69e-05
15.3017 -7.67e-05
15.3301 -7.67e-05
15.3551 -7.67e-05
15.38 -7.64e-05
15.4017 -7.69e-05
15.4267 -7.66e-05
15.4516 -7.62e-05
15.4766 -7.6e-05
15.5016 -7.58e-05
15.53 -7.58e-05
15.5551 -7.66e-05
15.5732 -7.6e-05
15.5981 -7.5e-05
15.6265 -7.52e-05
15.6482 -7.6e-05
15.6731 -7.5e-05
15.698 -7.45e-05
15.723 -7.39e-05
15.748 -7.43e-05
15.7697 -7.45e-05
15.7947 -7.39e-05
15.8197 -7.43e-05
15.8446 -7.28e-05
15.8696 -7.35e-05
15.8912 -7.29e-05
15.9195 -7.24e-05
15.9444 -7.12e-05
15.9695 -7.18e-05
15.9877 -7.26e-05
16.0126 -7.09e-05
16.0375 -7.05e-05
16.0626 -7.11e-05
16.0841 -7.03e-05
16.1124 -6.9e-05
16.1374 -6.92e-05
16.1556 -6.93e-05
16.1771 -6.88e-05
16.2055 -6.8e-05
16.2269 -6.69e-05
16.2554 -6.76e-05
16.2736 -6.73e-05
16.3019 -6.63e-05
16.3338 -6.71e-05
16.345 -6.57e-05
16.3698 -6.4e-05
16.3915 -6.44e-05
16.4164 -6.38e-05
16.4448 -6.33e-05
16.4663 -6.31e-05
16.4912 -6.2e-05
16.5128 -6.16e-05
16.5344 -6.2e-05
16.5558 -6.01e-05
16.5842 -6.01e-05
16.6058 -6.01e-05
16.6308 -5.95e-05
16.6556 -5.83e-05
16.6772 -5.83e-05
16.6987 -5.74e-05
16.7237 -5.74e-05
16.7453 -5.63e-05
16.7704 -5.66e-05
16.7953 -5.57e-05
16.8169 -5.57e-05
16.8383 -5.44e-05
16.8665 -5.25e-05
16.8916 -5.32e-05
16.9099 -5.42e-05
16.9313 -5.19e-05
16.9562 -5.15e-05
16.9812 -5.1e-05
17.0061 -5.02e-05
17.0277 -5.06e-05
17.0526 -4.94e-05
17.0776 -4.96e-05
17.0957 -4.81e-05
17.1172 -4.77e-05
17.1422 -4.75e-05
17.1638 -4.7e-05
17.1887 -4.62e-05
17.2136 -4.51e-05
17.2386 -4.51e-05
17.2602 -4.51e-05
17.2817 -4.47e-05
17.3032 -4.32e-05
17.3315 -4.26e-05
17.3497 -4.28e-05
17.3746 -4.2e-05
17.3995 -4.05e-05
17.4211 -3.96e-05
17.446 -3.88e-05
17.4677 -3.98e-05
17.4892 -3.9e-05
17.5108 -3.86e-05
17.5356 -3.73e-05
17.5606 -3.71e-05
17.5821 -3.6e-05
17.6071 -3.56e-05
17.6286 -3.54e-05
17.6501 -3.43e-05
17.6751 -3.37e-05
17.6966 -3.29e-05
17.7182 -3.29e-05
17.7432 -3.28e-05
17.768 -3.14e-05
17.7896 -3.09e-05
17.8179 -3.03e-05
17.836 -2.93e-05
17.8576 -2.9e-05
17.8791 -2.8e-05
17.904 -2.76e-05
17.9256 -2.74e-05
17.9472 -2.63e-05
17.9721 -2.57e-05
17.9937 -2.52e-05
18.0151 -2.35e-05
18.0434 -2.31e-05
18.065 -2.27e-05
18.0866 -2.31e-05
18.1081 -2.19e-05
18.133 -2.04e-05
18.1545 -2.02e-05
18.1795 -1.97e-05
18.201 -1.85e-05
18.2226 -1.87e-05
18.2441 -1.8e-05
18.2656 -1.68e-05
18.2906 -1.66e-05
18.312 -1.51e-05
18.337 -1.49e-05
18.3585 -1.4e-05
18.38 -1.32e-05
18.4049 -1.25e-05
18.4265 -1.23e-05
18.4481 -1.11e-05
18.4731 -1.11e-05
18.4911 -9.8e-06
18.5161 -8.9e-06
18.5444 -8.3e-06
18.5626 -8.5e-06
18.5807 -7.7e-06
18.609 -6.4e-06
18.6305 -5.8e-06
18.6521 -5.6e-06
18.6735 -3.7e-06
18.6985 -3.6e-06
18.72 -2.8e-06
18.7416 -2.4e-06
18.763 -1.1e-06
18.788 -1.1e-06
18.8095 5e-07
18.8344 7e-07
18.8526 1.3e-06
18.8775 2e-06
18.9024 3e-06
18.9206 3.7e-06
18.9455 4.9e-06
18.9672 4.1e-06
18.9853 5.3e-06
19.01 7.9e-06
19.035 8.3e-06
19.0599 8.7e-06
19.0781 8.7e-06
19.0996 1.02e-05
19.1245 1.08e-05
19.146 1.13e-05
19.1675 1.26e-05
19.1924 1.34e-05
19.2106 1.38e-05
19.2355 1.44e-05
19.2708 1.34e-05
19.2786 1.59e-05
19.3034 1.74e-05
19.325 1.78e-05
19.3465 1.89e-05
19.3681 1.93e-05
19.3896 2.02e-05
19.4111 2.16e-05
19.4359 2.27e-05
19.4576 2.23e-05
19.479 2.38e-05
19.5006 2.44e-05
19.5254 2.55e-05
19.5436 2.59e-05
19.5651 2.69e-05
19.59 2.74e-05
19.6149 2.88e-05
19.6364 2.93e-05
19.6546 2.97e-05
19.6795 3.1e-05
19.701 3.2e-05
19.7226 3.26e-05
19.7441 3.33e-05
19.7657 3.39e-05
19.7871 3.54e-05
19.812 3.65e-05
19.8335 3.71e-05
19.8551 3.75e-05
19.8732 3.86e-05
19.8981 3.9e-05
19.9196 4.05e-05
19.9411 4.09e-05
19.966 4.17e-05
19.9842 4.26e-05
20.0056 4.37e-05
20.0271 4.53e-05
20.052 4.55e-05
20.0703 4.6e-05
20.0952 4.73e-05
20.1167 4.79e-05
20.1382 4.87e-05
20.1597 5e-05
20.1812 5.08e-05
20.2027 5.19e-05
20.2243 5.21e-05
20.2458 5.23e-05
20.2672 5.49e-05
20.2887 5.51e-05
20.3102 5.61e-05
20.3351 5.7e-05
20.3567 5.78e-05
20.3782 5.87e-05
20.3964 5.93e-05
20.4212 6.08e-05
20.4428 6.16e-05
20.4643 6.25e-05
20.4857 6.38e-05
20.5073 6.42e-05
20.5288 6.48e-05
20.5504 6.54e-05
20.5718 6.69e-05
20.5934 6.74e-05
20.6149 6.82e-05
20.6363 6.97e-05
20.6612 7.07e-05
20.6827 7.18e-05
20.701 7.16e-05
20.7225 7.31e-05
20.7439 7.45e-05
20.7655 7.46e-05
20.7869 7.64e-05
20.8119 7.67e-05
20.83 7.77e-05
20.8548 7.9e-05
20.873 7.94e-05
20.8978 8.11e-05
20.9161 8.07e-05
20.9375 8.26e-05
20.959 8.34e-05
20.9838 8.47e-05
21.0054 8.49e-05
21.0236 8.56e-05
21.0451 8.7e-05
21.0666 8.81e-05
21.0881 8.91e-05
21.1096 8.94e-05
21.1277 9.1e-05
21.1526 9.19e-05
21.174 9.38e-05
21.1956 9.34e-05
21.2137 9.46e-05
21.2352 9.53e-05
21.2567 9.66e-05
21.2816 9.7e-05
21.2998 9.83e-05
21.3213 9.95e-05
21.3462 0.0001002
21.3644 0.0001002
21.3824 0.000102
21.4073 0.0001029
21.4287 0.0001046
21.4469 0.000105
21.4718 0.0001065
21.4933 0.0001069
21.5114 0.0001078
21.5329 0.000109
21.5544 0.0001099
21.5761 0.0001103
21.5975 0.0001122
21.619 0.0001124
21.6405 0.0001139
21.662 0.0001145
21.6834 0.0001162
21.705 0.0001164
21.7231 0.0001173
21.7446 0.0001181
21.7661 0.0001198
21.791 0.0001205
21.8125 0.0001217
21.8306 0.0001222
21.8522 0.0001232
21.8737 0.0001245
21.8952 0.0001249
21.9166 0.0001266
21.9348 0.0001266
21.9563 0.0001283
21.9777 0.0001296
22.0026 0.0001306
22.0312 0.0001293
22.039 0.0001311
22.0603 0.000134
22.0852 0.0001344
22.1035 0.0001348
22.125 0.0001355
22.1464 0.0001374
22.1679 0.0001384
22.1894 0.0001395
22.2109 0.0001399
22.2291 0.0001404
22.2506 0.0001414
22.272 0.0001429
22.2935 0.0001439
22.3117 0.0001444
22.3331 0.0001461
22.358 0.0001469
22.3761 0.0001486
22.3977 0.0001492
22.4125 0.000149
22.4372 0.0001522
22.4587 0.0001524
22.4803 0.0001526
22.5017 0.0001543
22.5199 0.0001545
22.5379 0.0001564
22.5628 0.0001571
22.581 0.0001581
22.6025 0.000159
22.6241 0.0001596
22.6455 0.0001611
22.6636 0.0001621
22.6886 0.0001626
22.7032 0.0001638
22.7247 0.0001647
22.7462 0.0001664
22.7677 0.000167
22.7859 0.0001668
22.8073 0.0001691
22.8289 0.00017
22.8504 0.0001708
22.8686 0.0001713
22.8899 0.0001736
22.9114 0.0001748
22.933 0.0001744
22.9511 0.0001753
22.9725 0.0001774
22.994 0.0001785
23.0155 0.0001791
23.0336 0.0001806
23.0552 0.0001812
23.0767 0.000182
23.0949 0.0001823
23.1163 0.0001842
23.1378 0.0001854
23.1593 0.0001861
23.1774 0.0001869
23.1989 0.0001882
23.217 0.000189
23.2419 0.0001903
23.26 0.0001905
23.2782 0.0001918
23.2996 0.0001939
23.3211 0.0001949
23.346 0.0001954
23.3608 0.000196
23.3789 0.0001969
23.3969 0.0001988
23.4184 0.0001998
23.44 0.0001998
23.4581 0.0002015
23.4795 0.0002028
23.501 0.000204
23.5226 0.0002041
23.5373 0.0002055
23.5622 0.0002064
23.5769 0.0002072
23.6017 0.0002089
23.6164 0.0002095
23.6378 0.0002115
23.6628 0.0002123
23.6777 0.0002117
23.6957 0.0002136
23.7206 0.000215
23.7387 0.0002159
23.7602 0.0002167
23.7782 0.0002182
23.7997 0.0002193
23.8211 0.0002212
23.8394 0.0002206
23.8575 0.0002222
23.879 0.0002237
23.9005 0.0002242
23.9186 0.0002248
23.9401 0.0002265
23.9615 0.0002282
23.9831 0.0002278
23.9978 0.0002292
24.0158 0.0002311
24.0375 0.0002311
24.0555 0.0002326
24.077 0.0002341
24.0984 0.0002352
24.1199 0.0002364
24.1415 0.0002366
24.1596 0.0002373
24.1742 0.0002392
24.1991 0.0002402
24.2172 0.0002413
24.2355 0.0002417
24.2568 0.0002438
24.2784 0.0002445
24.2965 0.0002455
24.3146 0.0002466
24.336 0.0002478
24.3542 0.0002485
24.3722 0.0002498
24.3938 0.0002502
24.4119 0.0002515
24.43 0.0002527
24.4515 0.0002534
24.4696 0.0002546
24.4877 0.0002559
24.5091 0.0002572
24.5272 0.0002587
24.5488 0.0002586
24.5635 0.0002601
24.5884 0.0002614
24.6269 0.0002618
24.6247 0.0002622
24.6427 0.0002646
24.6609 0.0002646
24.6822 0.0002669
24.7004 0.0002671
24.7219 0.0002682
24.7433 0.0002701
24.7616 0.0002703
24.7796 0.000272
24.8011 0.0002724
24.8192 0.0002735
24.8373 0.0002751
24.8587 0.0002764
24.8769 0.0002771
24.8949 0.0002788
24.9166 0.000279
24.9313 0.0002798
24.9494 0.0002809
24.9708 0.0002824
24.9889 0.0002832
25.007 0.0002847
25.0284 0.0002866
25.0433 0.0002866
25.0613 0.0002883
25.0828 0.0002887
25.101 0.0002891
25.1191 0.0002904
25.1371 0.0002917
25.1552 0.0002929
25.1733 0.000294
25.1915 0.0002952
25.213 0.0002959
25.2311 0.000297
25.2492 0.0002974
25.2672 0.0002995
25.2853 0.0003003
25.3035 0.0003008
25.3216 0.0003014
25.3431 0.0003035
25.3611 0.000305
25.3826 0.0003061
25.4008 0.0003065
25.4188 0.0003082
25.437 0.0003082
25.4551 0.000309
25.4731 0.0003113
25.4913 0.000312
25.5127 0.0003137
25.5309 0.0003139
25.5491 0.0003141
25.5671 0.0003156
25.5851 0.0003177
25.6066 0.0003183
25.6248 0.0003185
25.6394 0.0003211
25.6575 0.0003225
25.6791 0.0003223
25.6939 0.0003223
25.7154 0.0003236
25.73 0.0003257
25.7515 0.0003264
25.7697 0.0003272
25.7844 0.0003283
25.8093 0.0003293
25.824 0.0003302
25.8387 0.0003312
25.8567 0.0003325
25.8782 0.0003342
25.8965 0.0003336
25.9112 0.000335
25.9326 0.0003363
25.9508 0.0003372
25.9688 0.0003389
25.9868 0.0003403
26.0084 0.0003405
26.0198 0.0003414
26.0412 0.0003435
26.0594 0.0003437
26.0809 0.0003446
26.0955 0.000346
26.1136 0.0003469
26.1317 0.0003479
26.1499 0.0003492
26.1681 0.0003494
26.1861 0.0003509
26.2008 0.0003517
26.2224 0.000352
26.2405 0.0003528
26.2518 0.0003545
26.2732 0.0003564
26.288 0.0003566
26.306 0.0003585
26.3276 0.000359
26.3423 0.0003594
26.3604 0.0003608
26.3786 0.0003613
26.3967 0.0003628
26.4114 0.0003634
26.4295 0.0003645
26.4475 0.0003666
26.4656 0.000367
26.4838 0.0003674
26.502 0.0003681
26.5166 0.0003697
26.5346 0.0003716
26.5528 0.0003717
26.571 0.0003723
26.5856 0.0003738
26.6038 0.000375
26.6253 0.0003757
26.64 0.0003763
26.6547 0.0003776
26.6761 0.0003797
26.6943 0.0003799
26.7125 0.0003799
26.7273 0.0003807
26.7419 0.0003827
26.7633 0.0003846
26.7781 0.0003843
26.7963 0.0003848
26.8109 0.0003863
26.8291 0.0003873
26.8473 0.0003877
26.8619 0.0003888
26.8799 0.0003907
26.8981 0.0003911
26.9128 0.0003917
26.9379 0.0003907
26.9458 0.0003932
26.9638 0.0003949
26.982 0.0003953
26.9966 0.0003966
27.0147 0.0003975
27.033 0.0003979
27.0477 0.0003991
27.0623 0.0004002
27.0838 0.0004013
27.0987 0.0004008
27.1167 0.0004028
27.1314 0.0004042
27.1496 0.000404
27.1642 0.0004061
27.1824 0.0004063
27.2005 0.0004072
27.2153 0.0004083
27.23 0.0004093
27.2447 0.0004097
27.2628 0.0004114
27.2809 0.0004119
27.2957 0.0004123
27.3104 0.0004136
27.3284 0.0004154
27.3466 0.0004154
27.3614 0.0004159
27.3795 0.0004171
27.3942 0.000418
27.4124 0.0004191
27.4271 0.0004197
27.4485 0.0004216
27.4635 0.0004201
27.4747 0.0004216
27.4927 0.0004243
27.5075 0.0004241
27.5257 0.0004246
27.5404 0.0004252
27.5551 0.0004265
27.5766 0.0004271
27.588 0.0004279
27.6028 0.0004286
27.6174 0.0004305
27.639 0.0004305
27.6503 0.0004311
27.6684 0.0004328
27.6865 0.0004339
27.7013 0.0004336
27.716 0.0004345
27.7274 0.0004353
27.7421 0.0004366
27.7636 0.0004377
27.7784 0.0004379
27.7931 0.0004389
27.8078 0.0004396
27.826 0.000441
27.8441 0.0004413
27.8554 0.0004421
27.8702 0.0004427
27.8882 0.0004442
27.9031 0.0004444
27.9178 0.0004455
27.9359 0.0004468
27.9507 0.0004468
27.9689 0.0004468
27.9768 0.0004483
27.9915 0.0004495
28.0096 0.0004497
28.0209 0.000451
28.039 0.0004518
28.0538 0.0004527
28.0686 0.0004531
28.0833 0.0004538
28.098 0.0004548
28.1128 0.0004552
28.1276 0.0004563
28.1423 0.0004573
28.1604 0.0004576
28.1751 0.0004584
28.1933 0.000459
28.2082 0.000459
28.2161 0.0004601
28.234 0.0004624
28.2489 0.0004618
28.267 0.0004626
28.2784 0.0004633
28.2932 0.0004639
28.3112 0.0004656
28.3258 0.0004669
28.3406 0.0004673
28.3556 0.000466
28.3668 0.0004681
28.3849 0.0004694
28.3963 0.0004692
28.4111 0.00047
28.4259 0.00047
28.444 0.0004713
28.4553 0.0004724
28.47 0.0004728
28.4849 0.0004728
28.4996 0.0004738
28.5143 0.0004751
28.529 0.0004755
28.5438 0.0004756
28.5586 0.0004764
28.5699 0.0004779
28.5846 0.0004783
28.5994 0.0004789
28.6108 0.0004794
28.6256 0.00048
28.6403 0.000481
28.6516 0.0004819
28.6664 0.0004827
28.6811 0.0004832
28.6926 0.0004825
28.7039 0.0004832
28.722 0.0004855
28.7368 0.0004853
28.7482 0.0004853
28.7629 0.0004863
28.7776 0.0004872
28.7924 0.0004884
28.8072 0.0004885
28.8186 0.0004887
28.8333 0.0004895
28.8481 0.0004904
28.8628 0.0004908
28.8742 0.0004916
28.8994 0.0004897
28.897 0.000492
28.9117 0.0004931
28.9265 0.0004933
28.9412 0.0004944
28.9526 0.0004948
28.9708 0.0004952
28.982 0.0004965
28.9967 0.0004976
29.0116 0.0004965
29.0231 0.0004971
29.0378 0.0004982
29.0525 0.0004992
29.0638 0.0004993
29.0787 0.0004995
29.09 0.0005003
29.1047 0.0005016
29.1195 0.0005018
29.1309 0.0005022
29.1422 0.0005031
29.1571 0.0005028
29.1684 0.0005035
29.1798 0.0005043
29.1946 0.0005048
29.2093 0.0005056
29.2207 0.0005052
29.2321 0.0005064
29.2502 0.0005073
29.2617 0.0005067
29.273 0.0005075
29.2844 0.0005083
29.2991 0.0005088
29.3173 0.0005092
29.3253 0.0005092
29.3367 0.0005103
29.3549 0.0005105
29.3628 0.0005109
29.3775 0.0005119
29.389 0.0005126
29.4036 0.0005138
29.4184 0.0005139
29.4299 0.000513
29.4379 0.0005136
29.4559 0.0005157
29.4674 0.0005149
29.4789 0.0005139
29.4902 0.0005157
29.5049 0.0005166
29.5196 0.0005174
29.531 0.0005181
29.5425 0.0005175
29.5573 0.0005179
29.5686 0.0005191
29.5833 0.0005198
29.5948 0.0005194
29.6095 0.0005204
29.6209 0.000521
29.6356 0.0005219
29.6471 0.0005221
29.6585 0.0005221
29.6766 0.0005229
29.688 0.000523
29.7029 0.000523
29.7142 0.0005234
29.729 0.0005238
29.7403 0.0005248
29.7518 0.0005249
29.7666 0.0005249
29.7745 0.0005257
29.7891 0.000527
29.804 0.0005276
29.8121 0.0005265
29.8234 0.0005272
29.8381 0.0005285
29.8496 0.0005284
29.8609 0.0005293
29.8757 0.0005295
29.8838 0.0005293
29.8951 0.0005304
29.9098 0.0005312
29.9211 0.0005323
29.9393 0.0005321
29.9475 0.0005308
29.9589 0.0005308
29.9669 0.0005314
29.985 0.0005335
29.9963 0.0005337
30.0077 0.0005344
30.019 0.0005354
30.0306 0.0005344
30.0386 0.0005344
30.0533 0.0005354
30.0648 0.0005348
30.0727 0.0005358
30.0841 0.0005363
30.0988 0.0005365
30.1137 0.0005367
30.1217 0.0005367
30.133 0.0005375
30.1445 0.0005378
30.1592 0.0005388
30.1706 0.0005384
30.182 0.000539
30.1934 0.0005395
30.2047 0.0005403
30.2195 0.0005407
30.231 0.0005401
30.2424 0.0005412
30.2503 0.0005416
30.2618 0.0005412
30.2731 0.0005424
30.2878 0.0005431
30.2991 0.0005441
30.3107 0.000543
30.3188 0.0005422
30.3302 0.000543
30.3414 0.0005447
30.3596 0.000545
30.3677 0.0005447
30.3756 0.0005454
