10001	190.746472	55.000000	-2.898180e-01	4.665140e-01	2.302097e+03
10001	191.482945	55.000000	-2.856560e-01	4.549410e-01	3.261361e+03
10001	192.225127	55.000000	-2.770870e-01	4.599270e-01	3.750625e+03
10001	192.973084	55.000000	-2.810320e-01	4.567470e-01	4.089303e+03
10001	193.726885	55.000000	-2.783820e-01	4.529340e-01	5.912293e+03
10001	194.486599	55.000000	-2.780650e-01	4.546030e-01	6.163431e+03
10001	195.252294	55.000000	-2.743240e-01	4.550630e-01	8.444054e+03
10001	196.024042	55.000000	-2.747530e-01	4.558170e-01	7.606364e+03
10001	196.801915	55.000000	-2.768400e-01	4.551500e-01	9.711183e+03
10001	197.585987	55.000000	-2.705510e-01	4.559050e-01	1.178716e+04
10001	198.376331	55.000000	-2.704180e-01	4.572380e-01	1.186785e+04
10001	199.173023	55.000000	-2.714430e-01	4.573050e-01	1.528584e+04
10001	199.976140	55.000000	-2.721390e-01	4.590160e-01	1.790424e+04
10001	200.785760	55.000000	-2.715770e-01	4.587730e-01	1.975263e+04
10001	201.601962	55.000000	-2.773460e-01	4.601340e-01	2.453451e+04
10001	202.424827	55.000000	-2.760380e-01	4.643130e-01	2.864085e+04
10001	203.254437	55.000000	-2.723060e-01	4.616420e-01	3.618413e+04
10001	204.090875	55.000000	-2.707100e-01	4.679280e-01	2.642451e+04
10001	204.934226	55.000000	-2.730800e-01	4.668710e-01	4.269375e+04
10001	205.784575	55.000000	-2.746730e-01	4.698880e-01	3.815256e+04
10001	206.642011	55.000000	-2.759210e-01	4.745850e-01	4.347056e+04
10001	207.506622	55.000000	-2.782600e-01	4.756750e-01	5.590664e+04
10001	208.378498	55.000000	-2.786470e-01	4.764850e-01	6.907515e+04
10001	209.257733	55.000000	-2.808220e-01	4.791900e-01	8.663456e+04
10001	210.144418	55.000000	-2.818570e-01	4.816280e-01	9.936339e+04
10001	211.038650	55.000000	-2.834010e-01	4.822400e-01	8.500412e+04
10001	211.940524	55.000000	-2.883250e-01	4.869670e-01	8.086098e+04
10001	212.850140	55.000000	-2.848280e-01	4.866990e-01	1.290133e+05
10001	213.767598	55.000000	-2.878510e-01	4.887150e-01	1.141496e+05
10001	214.692998	55.000000	-2.959930e-01	4.939080e-01	1.331707e+05
10001	215.626446	55.000000	-2.934980e-01	4.934510e-01	1.295868e+05
10001	216.568046	55.000000	-2.959830e-01	4.949450e-01	1.532476e+05
10001	217.517906	55.000000	-3.014750e-01	4.959960e-01	2.228462e+05
10001	218.476135	55.000000	-3.005060e-01	4.995620e-01	1.279209e+05
10001	219.442844	55.000000	-3.059520e-01	5.009320e-01	2.049631e+05
10001	220.418145	55.000000	-3.081120e-01	5.022350e-01	2.154966e+05
10001	221.402155	55.000000	-3.124210e-01	5.053390e-01	1.688953e+05
10001	222.394989	55.000000	-3.136050e-01	5.054180e-01	2.462612e+05
10001	223.396769	55.000000	-3.173880e-01	5.088030e-01	2.430523e+05
10001	224.407614	55.000000	-3.210200e-01	5.099070e-01	2.708922e+05
10001	225.427648	55.000000	-3.231720e-01	5.106600e-01	2.578047e+05
10001	226.456998	55.000000	-3.276710e-01	5.119890e-01	2.701248e+05
10001	227.495792	55.000000	-3.307790e-01	5.149790e-01	1.719670e+05
10001	228.544160	55.000000	-3.336740e-01	5.148380e-01	3.148392e+05
10001	229.602234	55.000000	-3.379090e-01	5.157080e-01	2.910210e+05
10001	230.670152	55.000000	-3.410360e-01	5.177320e-01	2.388020e+05
10001	231.748050	55.000000	-3.429300e-01	5.177100e-01	2.698067e+05
10001	232.836069	55.000000	-3.470010e-01	5.199410e-01	2.445454e+05
10001	233.934352	55.000000	-3.497520e-01	5.201200e-01	3.075529e+05
10001	235.043046	55.000000	-3.552850e-01	5.210970e-01	3.464461e+05
10001	236.162298	55.000000	-3.582980e-01	5.221780e-01	2.182891e+05
10001	237.292261	55.000000	-3.623200e-01	5.226630e-01	3.244541e+05
10001	238.433090	55.000000	-3.676620e-01	5.232670e-01	3.226517e+05
10001	239.584940	55.000000	-3.702110e-01	5.240440e-01	2.636588e+05
10001	240.747974	55.000000	-3.737650e-01	5.237090e-01	2.339968e+05
10001	241.922354	55.000000	-3.776890e-01	5.247500e-01	2.463475e+05
10001	243.108248	55.000000	-3.828550e-01	5.255150e-01	2.729369e+05
10001	244.305826	55.000000	-3.850350e-01	5.253850e-01	2.222924e+05
10001	245.515261	55.000000	-3.903020e-01	5.261490e-01	2.637052e+05
10001	246.736730	55.000000	-3.926280e-01	5.273500e-01	1.777919e+05
10001	247.970413	55.000000	-3.973580e-01	5.274850e-01	2.075114e+05
10001	249.216496	55.000000	-4.016730e-01	5.270880e-01	2.522192e+05
10001	250.475165	55.000000	-4.066360e-01	5.269890e-01	4.597595e+05
10001	251.746612	55.000000	-4.105530e-01	5.273200e-01	3.304009e+05
10001	253.031034	55.000000	-4.144730e-01	5.282990e-01	2.752257e+05
10001	254.328629	55.000000	-4.208990e-01	5.285910e-01	2.934987e+05
10001	255.639601	55.000000	-4.248770e-01	5.264090e-01	3.086666e+05
10001	256.964159	55.000000	-4.284200e-01	5.272580e-01	2.324833e+05
10001	258.302514	55.000000	-4.330370e-01	5.275510e-01	2.181059e+05
10001	259.654883	55.000000	-4.383770e-01	5.263340e-01	1.897432e+05
10001	261.021488	55.000000	-4.435250e-01	5.263520e-01	2.601434e+05
10001	262.402554	55.000000	-4.470760e-01	5.256810e-01	1.672532e+05
10001	263.798312	55.000000	-4.507020e-01	5.252550e-01	2.131341e+05
10001	265.208998	55.000000	-4.564470e-01	5.244480e-01	3.079559e+05
10001	266.634853	55.000000	-4.607790e-01	5.238150e-01	2.409558e+05
10001	268.076122	55.000000	-4.660680e-01	5.227630e-01	2.233764e+05
10001	269.533058	55.000000	-4.702390e-01	5.223740e-01	2.641108e+05
10001	271.005916	55.000000	-4.748260e-01	5.214110e-01	2.735783e+05
10001	272.494960	55.000000	-4.805150e-01	5.210780e-01	2.681929e+05
10001	274.000457	55.000000	-4.853750e-01	5.201540e-01	2.057795e+05
10001	275.522681	55.000000	-4.918920e-01	5.195160e-01	2.048523e+05
10001	277.061914	55.000000	-4.959640e-01	5.193400e-01	2.051144e+05
10001	278.618442	55.000000	-5.010540e-01	5.179600e-01	1.855711e+05
10001	280.192557	55.000000	-5.078940e-01	5.170020e-01	2.329115e+05
10001	281.784560	55.000000	-5.159430e-01	5.178930e-01	1.590262e+05
10001	283.394758	55.000000	-5.232550e-01	5.168620e-01	2.363091e+05
10001	285.023463	55.000000	-5.303590e-01	5.138290e-01	2.824627e+05
10001	286.670998	55.000000	-5.405210e-01	5.116780e-01	1.931220e+05
10001	288.337690	55.000000	-5.488080e-01	5.066950e-01	2.598082e+05
10001	290.023875	55.000000	-5.607880e-01	4.986000e-01	1.001721e+06
10001	291.729898	55.000000	-5.690960e-01	4.913040e-01	1.156679e+06
10001	293.456110	55.000000	-5.763940e-01	4.832570e-01	9.925282e+05
10001	295.202873	55.000000	-5.827110e-01	4.743620e-01	8.888431e+05
10001	296.970555	55.000000	-5.876840e-01	4.654750e-01	1.051718e+06
10001	298.759534	55.000000	-5.919470e-01	4.569110e-01	7.658580e+05
10001	300.570198	55.000000	-5.957230e-01	4.484670e-01	9.756012e+05
10001	302.402943	55.000000	-5.985260e-01	4.397690e-01	8.212925e+05
10001	304.258176	55.000000	-6.007760e-01	4.314250e-01	6.526052e+05
10001	306.136313	55.000000	-6.019390e-01	4.227660e-01	8.257297e+05
10001	308.037780	55.000000	-6.036380e-01	4.148180e-01	1.065887e+06
10001	309.963016	55.000000	-6.047170e-01	4.062910e-01	1.053028e+06
10001	311.912469	55.000000	-6.043340e-01	3.983960e-01	1.013736e+06
10001	313.886599	55.000000	-6.042540e-01	3.910410e-01	0.000000e+00
10001	315.885877	55.000000	-6.028590e-01	3.833880e-01	0.000000e+00
10001	317.910786	55.000000	-6.013770e-01	3.754690e-01	0.000000e+00
10001	319.961823	55.000000	-5.995870e-01	3.679990e-01	0.000000e+00
10001	322.039498	55.000000	-5.967580e-01	3.613210e-01	0.000000e+00
10001	324.144331	55.000000	-5.949540e-01	3.554110e-01	0.000000e+00
10001	326.276859	55.000000	-5.914340e-01	3.494860e-01	0.000000e+00
10001	328.437633	55.000000	-5.880370e-01	3.438670e-01	0.000000e+00
10001	330.627218	55.000000	-5.847070e-01	3.391140e-01	0.000000e+00
10001	332.846192	55.000000	-5.805020e-01	3.345300e-01	0.000000e+00
10001	335.095153	55.000000	-5.768560e-01	3.303080e-01	0.000000e+00
10001	337.374712	55.000000	-5.734790e-01	3.269010e-01	0.000000e+00
10001	339.685498	55.000000	-5.691400e-01	3.237750e-01	0.000000e+00
10001	342.028156	55.000000	-5.652920e-01	3.214350e-01	0.000000e+00
10001	344.403352	55.000000	-5.615290e-01	3.192600e-01	0.000000e+00
10001	346.811767	55.000000	-5.582150e-01	3.175190e-01	0.000000e+00
10001	349.254103	55.000000	-5.540560e-01	3.157990e-01	0.000000e+00
10001	351.731083	55.000000	-5.510580e-01	3.146810e-01	0.000000e+00
10001	354.243447	55.000000	-5.473870e-01	3.136130e-01	0.000000e+00
10001	356.791961	55.000000	-5.436340e-01	3.128340e-01	0.000000e+00
10001	359.377410	55.000000	-5.398370e-01	3.119490e-01	0.000000e+00
10001	362.000603	55.000000	-5.361030e-01	3.125340e-01	0.000000e+00
10001	364.662372	55.000000	-5.319200e-01	3.133970e-01	0.000000e+00
10001	367.363575	55.000000	-5.282910e-01	3.150140e-01	0.000000e+00
10001	370.105094	55.000000	-5.258970e-01	3.179720e-01	0.000000e+00
10001	372.887839	55.000000	-5.240780e-01	3.217370e-01	0.000000e+00
10001	375.712747	55.000000	-5.233960e-01	3.247800e-01	0.000000e+00
10001	378.580784	55.000000	-5.239340e-01	3.274760e-01	0.000000e+00
10001	381.492943	55.000000	-5.242990e-01	3.300520e-01	0.000000e+00
10001	384.450253	55.000000	-5.254360e-01	3.318900e-01	0.000000e+00
10001	387.453771	55.000000	-5.264360e-01	3.331400e-01	0.000000e+00
10001	390.504588	55.000000	-5.281010e-01	3.343330e-01	0.000000e+00
10001	393.603830	55.000000	-5.295250e-01	3.351170e-01	0.000000e+00
10001	396.752661	55.000000	-5.309170e-01	3.356380e-01	0.000000e+00
10001	399.952279	55.000000	-5.317010e-01	3.360780e-01	0.000000e+00
10001	403.203924	55.000000	-5.337630e-01	3.369960e-01	0.000000e+00
10001	406.508874	55.000000	-5.349390e-01	3.367470e-01	0.000000e+00
10001	409.868452	55.000000	-5.367140e-01	3.370860e-01	0.000000e+00
10001	413.284022	55.000000	-5.372820e-01	3.369880e-01	0.000000e+00
10001	416.756997	55.000000	-5.387900e-01	3.373300e-01	0.000000e+00
10001	420.288836	55.000000	-5.402920e-01	3.372790e-01	0.000000e+00
10001	423.881048	55.000000	-5.416070e-01	3.374870e-01	0.000000e+00
10001	427.535195	55.000000	-5.423610e-01	3.370120e-01	0.000000e+00
10001	431.252893	55.000000	-5.433770e-01	3.365380e-01	0.000000e+00
10001	435.035813	55.000000	-5.447110e-01	3.364070e-01	0.000000e+00
10001	438.885687	55.000000	-5.456890e-01	3.360700e-01	0.000000e+00
10001	442.804309	55.000000	-5.461860e-01	3.363170e-01	0.000000e+00
10001	446.793537	55.000000	-5.461930e-01	3.356660e-01	0.000000e+00
10001	450.855297	55.000000	-5.478430e-01	3.358760e-01	0.000000e+00
10001	454.991584	55.000000	-5.486920e-01	3.356930e-01	0.000000e+00
10001	459.204469	55.000000	-5.483600e-01	3.358920e-01	1.277079e+06
10001	463.496099	55.000000	-5.490460e-01	3.367750e-01	0.000000e+00
10001	467.868704	55.000000	-5.478950e-01	3.362940e-01	1.240903e+06
10001	472.324597	55.000000	-5.480410e-01	3.374060e-01	0.000000e+00
10001	476.866179	55.000000	-5.484040e-01	3.389430e-01	0.000000e+00
10001	481.495948	55.000000	-5.489320e-01	3.408770e-01	1.073496e+06
10001	486.216496	55.000000	-5.489030e-01	3.434220e-01	1.225951e+06
10001	491.030521	55.000000	-5.498310e-01	3.470270e-01	0.000000e+00
10001	495.940826	55.000000	-5.522020e-01	3.502740e-01	1.462904e+06
10001	500.950330	55.000000	-5.550100e-01	3.545450e-01	0.000000e+00
10001	506.062068	55.000000	-5.591840e-01	3.575050e-01	0.000000e+00
10001	511.279202	55.000000	-5.639950e-01	3.594420e-01	0.000000e+00
10001	516.605028	55.000000	-5.690870e-01	3.611120e-01	0.000000e+00
10001	522.042975	55.000000	-5.740770e-01	3.618600e-01	0.000000e+00
10001	527.596624	55.000000	-5.789180e-01	3.620190e-01	0.000000e+00
10001	533.269706	55.000000	-5.834300e-01	3.616280e-01	0.000000e+00
10001	539.066116	55.000000	-5.875990e-01	3.613810e-01	0.000000e+00
10001	544.989919	55.000000	-5.921920e-01	3.608530e-01	0.000000e+00
10001	551.045363	55.000000	-5.959970e-01	3.596980e-01	0.000000e+00
10001	557.236884	55.000000	-5.998730e-01	3.588460e-01	0.000000e+00
10001	563.569121	55.000000	-6.036350e-01	3.577790e-01	0.000000e+00
10001	570.046927	55.000000	-6.074520e-01	3.565810e-01	0.000000e+00
10001	576.675380	55.000000	-6.105490e-01	3.558840e-01	0.000000e+00
10001	583.459796	55.000000	-6.138810e-01	3.551340e-01	0.000000e+00
10001	590.405746	55.000000	-6.173730e-01	3.540220e-01	0.000000e+00
10001	597.519068	55.000000	-6.208030e-01	3.533430e-01	0.000000e+00
10001	604.805886	55.000000	-6.247320e-01	3.522600e-01	0.000000e+00
10001	612.272625	55.000000	-6.277110e-01	3.509380e-01	0.000000e+00
10001	619.926033	55.000000	-6.316300e-01	3.501210e-01	0.000000e+00
10001	627.773198	55.000000	-6.344800e-01	3.494270e-01	0.000000e+00
10001	635.821572	55.000000	-6.381830e-01	3.480750e-01	0.000000e+00
10001	644.078995	55.000000	-6.416520e-01	3.473880e-01	0.000000e+00
10001	652.553719	55.000000	-6.453630e-01	3.466790e-01	0.000000e+00
10001	661.254435	55.000000	-6.487810e-01	3.453120e-01	0.000000e+00
10001	670.190306	55.000000	-6.530820e-01	3.443340e-01	0.000000e+00
10001	679.370995	55.000000	-6.566200e-01	3.430390e-01	0.000000e+00
10001	688.806703	55.000000	-6.610420e-01	3.419740e-01	0.000000e+00
10001	698.508206	55.000000	-6.645850e-01	3.406460e-01	0.000000e+00
10001	708.486895	55.000000	-6.683000e-01	3.390720e-01	0.000000e+00
10001	718.754821	55.000000	-6.726540e-01	3.382390e-01	0.000000e+00
10001	729.324745	55.000000	-6.763720e-01	3.362420e-01	0.000000e+00
10001	740.210189	55.000000	-6.806610e-01	3.350490e-01	0.000000e+00
10001	751.425495	55.000000	-6.853830e-01	3.326560e-01	0.000000e+00
10001	762.985887	55.000000	-6.886100e-01	3.313340e-01	0.000000e+00
10001	774.907541	55.000000	-6.936520e-01	3.295700e-01	1.109773e+06
10001	787.207661	55.000000	-6.966790e-01	3.276490e-01	0.000000e+00
10001	799.904559	55.000000	-7.019800e-01	3.251700e-01	0.000000e+00
10001	813.017748	55.000000	-7.051490e-01	3.230550e-01	0.000000e+00
10001	826.568044	55.000000	-7.094020e-01	3.215050e-01	7.454120e+05
10001	840.577672	55.000000	-7.140380e-01	3.197010e-01	5.929338e+05
10001	855.070390	55.000000	-7.180780e-01	3.170430e-01	0.000000e+00
10001	870.071625	55.000000	-7.226070e-01	3.144080e-01	0.000000e+00
10001	885.608619	55.000000	-7.278760e-01	3.127510e-01	0.000000e+00
10001	901.710593	55.000000	-7.309840e-01	3.098780e-01	0.000000e+00
10001	918.408938	55.000000	-7.354840e-01	3.069660e-01	8.532998e+05
10001	935.737408	55.000000	-7.394650e-01	3.043910e-01	6.149967e+05
10001	953.732358	55.000000	-7.439920e-01	3.021150e-01	0.000000e+00
10001	972.432993	55.000000	-7.481200e-01	2.984520e-01	1.059101e+06
10001	991.881653	55.000000	-7.521170e-01	2.955320e-01	3.309231e+05
10001	1012.124136	55.000000	-7.582970e-01	2.926930e-01	0.000000e+00
10001	1033.210055	55.000000	-7.616430e-01	2.898490e-01	4.314002e+05
10001	1055.193248	55.000000	-7.665360e-01	2.863790e-01	6.205098e+05
10001	1078.132231	55.000000	-7.695260e-01	2.826000e-01	3.695989e+05
10001	1102.090725	55.000000	-7.745220e-01	2.792220e-01	4.464282e+05
10001	1127.138242	55.000000	-7.809130e-01	2.757480e-01	9.421643e+05
10001	1153.350759	55.000000	-7.830940e-01	2.713000e-01	5.975511e+05
10001	1180.811491	55.000000	-7.862590e-01	2.672890e-01	4.622480e+05
10001	1209.611772	55.000000	-7.900800e-01	2.639480e-01	4.246180e+05
10001	1239.852066	55.000000	-7.945250e-01	2.598700e-01	2.385545e+05
10001	1271.643145	55.000000	-7.989270e-01	2.565270e-01	2.616921e+05
10001	1305.107438	55.000000	-8.037380e-01	2.519560e-01	2.144530e+05
10001	1340.380612	55.000000	-8.084280e-01	2.477160e-01	2.172616e+05
10001	1377.613407	55.000000	-8.138720e-01	2.444350e-01	3.018959e+05
10001	1416.973790	55.000000	-8.157060e-01	2.390800e-01	3.566822e+05
10001	1458.649489	55.000000	-8.171280e-01	2.350630e-01	2.014864e+05
10001	1502.850989	55.000000	-8.232590e-01	2.308070e-01	3.774878e+05
10001	1549.815082	55.000000	-8.276500e-01	2.273630e-01	1.580196e+05
10001	1599.809117	55.000000	-8.314660e-01	2.227010e-01	4.612529e+05
10001	1653.136088	55.000000	-8.371650e-01	2.186530e-01	0.000000e+00
10001	1710.140781	55.000000	-8.433170e-01	2.151040e-01	1.635060e+05
10001	1771.217237	55.000000	-8.436260e-01	2.097050e-01	6.579661e+04
10001	1836.817876	55.000000	-8.438250e-01	2.046950e-01	2.173141e+04
10001	1907.464717	55.000000	-8.554730e-01	2.003260e-01	2.788660e+05
10001	1983.763306	55.000000	-8.552690e-01	1.956390e-01	5.382138e+04
10001	2066.420110	55.000000	-8.594780e-01	1.918430e-01	2.521705e+04
10001	190.746472	60.000000	-1.360590e-01	5.096690e-01	4.456757e+03
10001	191.482945	60.000000	-1.344500e-01	4.949030e-01	5.416760e+03
10001	192.225127	60.000000	-1.324590e-01	4.968300e-01	4.690787e+03
10001	192.973084	60.000000	-1.288820e-01	4.921720e-01	6.858758e+03
10001	193.726885	60.000000	-1.343000e-01	4.933820e-01	8.195509e+03
10001	194.486599	60.000000	-1.283420e-01	4.902990e-01	1.052210e+04
10001	195.252294	60.000000	-1.251190e-01	4.892410e-01	1.462176e+04
10001	196.024042	60.000000	-1.290710e-01	4.935240e-01	1.495900e+04
10001	196.801915	60.000000	-1.210620e-01	4.905450e-01	1.579793e+04
10001	197.585987	60.000000	-1.226150e-01	4.939300e-01	1.928631e+04
10001	198.376331	60.000000	-1.229130e-01	4.937380e-01	2.149835e+04
10001	199.173023	60.000000	-1.230220e-01	4.948970e-01	2.005524e+04
10001	199.976140	60.000000	-1.249710e-01	4.963380e-01	2.648609e+04
10001	200.785760	60.000000	-1.271370e-01	5.020750e-01	2.028903e+04
10001	201.601962	60.000000	-1.234480e-01	5.002370e-01	3.080847e+04
10001	202.424827	60.000000	-1.232770e-01	4.991150e-01	3.681102e+04
10001	203.254437	60.000000	-1.232510e-01	5.068380e-01	4.353397e+04
10001	204.090875	60.000000	-1.265480e-01	5.017240e-01	5.956124e+04
10001	204.934226	60.000000	-1.272540e-01	5.065730e-01	6.288166e+04
10001	205.784575	60.000000	-1.286300e-01	5.127080e-01	4.494425e+04
10001	206.642011	60.000000	-1.314110e-01	5.101870e-01	7.621658e+04
10001	207.506622	60.000000	-1.296660e-01	5.145310e-01	7.910768e+04
10001	208.378498	60.000000	-1.317560e-01	5.164870e-01	9.246467e+04
10001	209.257733	60.000000	-1.342270e-01	5.183810e-01	1.017673e+05
10001	210.144418	60.000000	-1.331990e-01	5.238940e-01	9.742318e+04
10001	211.038650	60.000000	-1.413990e-01	5.244540e-01	9.619376e+04
10001	211.940524	60.000000	-1.378720e-01	5.265490e-01	1.337447e+05
10001	212.850140	60.000000	-1.414160e-01	5.301070e-01	1.116948e+05
10001	213.767598	60.000000	-1.457940e-01	5.322660e-01	1.344009e+05
10001	214.692998	60.000000	-1.476240e-01	5.337990e-01	1.907536e+05
10001	215.626446	60.000000	-1.502430e-01	5.346090e-01	1.942331e+05
10001	216.568046	60.000000	-1.529350e-01	5.380970e-01	1.657917e+05
10001	217.517906	60.000000	-1.576480e-01	5.389080e-01	3.131494e+05
10001	218.476135	60.000000	-1.576100e-01	5.417740e-01	2.349182e+05
10001	219.442844	60.000000	-1.607500e-01	5.437290e-01	2.104116e+05
10001	220.418145	60.000000	-1.632890e-01	5.446920e-01	2.634323e+05
10001	221.402155	60.000000	-1.670280e-01	5.473310e-01	2.718966e+05
10001	222.394989	60.000000	-1.711170e-01	5.506300e-01	2.377655e+05
10001	223.396769	60.000000	-1.738690e-01	5.515890e-01	2.947967e+05
10001	224.407614	60.000000	-1.764280e-01	5.541080e-01	2.681929e+05
10001	225.427648	60.000000	-1.802750e-01	5.547720e-01	3.587592e+05
10001	226.456998	60.000000	-1.830900e-01	5.562520e-01	3.521770e+05
10001	227.495792	60.000000	-1.866640e-01	5.582490e-01	3.254110e+05
10001	228.544160	60.000000	-1.897970e-01	5.600650e-01	2.522818e+05
10001	229.602234	60.000000	-1.951800e-01	5.613550e-01	2.958090e+05
10001	230.670152	60.000000	-1.979410e-01	5.627090e-01	3.305250e+05
10001	231.748050	60.000000	-2.018620e-01	5.646680e-01	3.346325e+05
10001	232.836069	60.000000	-2.054420e-01	5.653240e-01	4.249933e+05
10001	233.934352	60.000000	-2.092090e-01	5.666960e-01	4.207435e+05
10001	235.043046	60.000000	-2.124890e-01	5.680150e-01	3.914524e+05
10001	236.162298	60.000000	-2.170390e-01	5.682950e-01	5.185988e+05
10001	237.292261	60.000000	-2.211470e-01	5.704930e-01	3.160506e+05
10001	238.433090	60.000000	-2.242730e-01	5.705400e-01	4.039418e+05
10001	239.584940	60.000000	-2.284600e-01	5.711650e-01	3.532787e+05
10001	240.747974	60.000000	-2.331260e-01	5.724010e-01	3.277222e+05
10001	241.922354	60.000000	-2.382480e-01	5.732020e-01	4.619206e+05
10001	243.108248	60.000000	-2.410200e-01	5.740530e-01	3.397574e+05
10001	244.305826	60.000000	-2.461830e-01	5.743230e-01	4.455216e+05
10001	245.515261	60.000000	-2.501210e-01	5.761230e-01	2.845007e+05
10001	246.736730	60.000000	-2.539440e-01	5.770530e-01	2.647676e+05
10001	247.970413	60.000000	-2.582790e-01	5.768660e-01	3.851211e+05
10001	249.216496	60.000000	-2.636900e-01	5.776630e-01	4.244583e+05
10001	250.475165	60.000000	-2.676020e-01	5.785150e-01	3.774888e+05
10001	251.746612	60.000000	-2.717960e-01	5.795520e-01	2.306824e+05
10001	253.031034	60.000000	-2.782260e-01	5.802810e-01	3.418504e+05
10001	254.328629	60.000000	-2.821470e-01	5.802140e-01	3.647179e+05
10001	255.639601	60.000000	-2.871830e-01	5.795030e-01	2.915736e+05
10001	256.964159	60.000000	-2.928560e-01	5.808070e-01	2.152146e+05
10001	258.302514	60.000000	-2.971190e-01	5.806830e-01	2.816061e+05
10001	259.654883	60.000000	-3.036220e-01	5.807660e-01	2.518285e+05
10001	261.021488	60.000000	-3.087070e-01	5.812080e-01	2.299390e+05
10001	262.402554	60.000000	-3.139610e-01	5.811060e-01	2.963549e+05
10001	263.798312	60.000000	-3.177930e-01	5.807500e-01	3.393630e+05
10001	265.208998	60.000000	-3.226640e-01	5.812210e-01	2.986686e+05
10001	266.634853	60.000000	-3.289980e-01	5.816250e-01	2.424736e+05
10001	268.076122	60.000000	-3.348000e-01	5.807120e-01	3.193360e+05
10001	269.533058	60.000000	-3.394080e-01	5.805470e-01	3.043024e+05
10001	271.005916	60.000000	-3.459470e-01	5.816390e-01	2.808217e+05
10001	272.494960	60.000000	-3.511510e-01	5.818710e-01	2.339345e+05
10001	274.000457	60.000000	-3.575500e-01	5.812110e-01	3.247933e+05
10001	275.522681	60.000000	-3.655120e-01	5.819850e-01	2.355557e+05
10001	277.061914	60.000000	-3.735040e-01	5.826560e-01	2.662746e+05
10001	278.618442	60.000000	-3.820790e-01	5.830200e-01	1.986503e+05
10001	280.192557	60.000000	-3.891050e-01	5.813340e-01	1.932480e+05
10001	281.784560	60.000000	-3.991620e-01	5.802730e-01	2.508413e+05
10001	283.394758	60.000000	-4.098480e-01	5.785010e-01	2.564437e+05
10001	285.023463	60.000000	-4.214510e-01	5.767000e-01	1.379503e+05
10001	286.670998	60.000000	-4.340390e-01	5.707020e-01	2.172560e+05
10001	288.337690	60.000000	-4.443450e-01	5.620930e-01	2.426030e+05
10001	290.023875	60.000000	-4.570260e-01	5.504770e-01	9.232008e+05
10001	291.729898	60.000000	-4.655330e-01	5.399190e-01	9.407249e+05
10001	293.456110	60.000000	-4.723060e-01	5.287720e-01	9.790052e+05
10001	295.202873	60.000000	-4.777080e-01	5.173290e-01	9.609176e+05
10001	296.970555	60.000000	-4.809320e-01	5.063840e-01	1.105974e+06
10001	298.759534	60.000000	-4.840780e-01	4.960880e-01	9.818399e+05
10001	300.570198	60.000000	-4.864560e-01	4.860700e-01	9.912325e+05
10001	302.402943	60.000000	-4.871660e-01	4.762390e-01	8.828767e+05
10001	304.258176	60.000000	-4.887990e-01	4.667200e-01	8.055804e+05
10001	306.136313	60.000000	-4.888000e-01	4.582730e-01	1.051245e+06
10001	308.037780	60.000000	-4.893310e-01	4.495930e-01	1.099846e+06
10001	309.963016	60.000000	-4.885570e-01	4.412210e-01	1.110903e+06
10001	311.912469	60.000000	-4.870780e-01	4.335560e-01	1.303424e+06
10001	313.886599	60.000000	-4.853850e-01	4.261590e-01	1.384794e+06
10001	315.885877	60.000000	-4.834760e-01	4.190220e-01	0.000000e+00
10001	317.910786	60.000000	-4.805780e-01	4.115750e-01	0.000000e+00
10001	319.961823	60.000000	-4.781860e-01	4.047020e-01	0.000000e+00
10001	322.039498	60.000000	-4.748260e-01	3.988500e-01	0.000000e+00
10001	324.144331	60.000000	-4.718350e-01	3.931470e-01	0.000000e+00
10001	326.276859	60.000000	-4.687270e-01	3.884100e-01	0.000000e+00
10001	328.437633	60.000000	-4.652060e-01	3.835840e-01	0.000000e+00
10001	330.627218	60.000000	-4.609950e-01	3.791500e-01	0.000000e+00
10001	332.846192	60.000000	-4.573750e-01	3.755480e-01	0.000000e+00
10001	335.095153	60.000000	-4.536280e-01	3.723920e-01	0.000000e+00
10001	337.374712	60.000000	-4.499050e-01	3.692690e-01	0.000000e+00
10001	339.685498	60.000000	-4.455500e-01	3.667960e-01	0.000000e+00
10001	342.028156	60.000000	-4.421040e-01	3.653150e-01	0.000000e+00
10001	344.403352	60.000000	-4.384580e-01	3.634620e-01	0.000000e+00
10001	346.811767	60.000000	-4.350850e-01	3.621520e-01	0.000000e+00
10001	349.254103	60.000000	-4.318600e-01	3.613430e-01	0.000000e+00
10001	351.731083	60.000000	-4.288380e-01	3.608800e-01	0.000000e+00
10001	354.243447	60.000000	-4.257980e-01	3.600750e-01	0.000000e+00
10001	356.791961	60.000000	-4.221150e-01	3.599400e-01	0.000000e+00
10001	359.377410	60.000000	-4.186510e-01	3.593060e-01	0.000000e+00
10001	362.000603	60.000000	-4.155190e-01	3.601870e-01	0.000000e+00
10001	364.662372	60.000000	-4.116280e-01	3.613590e-01	0.000000e+00
10001	367.363575	60.000000	-4.094720e-01	3.635720e-01	0.000000e+00
10001	370.105094	60.000000	-4.064720e-01	3.665390e-01	0.000000e+00
10001	372.887839	60.000000	-4.055680e-01	3.705260e-01	0.000000e+00
10001	375.712747	60.000000	-4.048780e-01	3.740480e-01	0.000000e+00
10001	378.580784	60.000000	-4.056270e-01	3.763250e-01	0.000000e+00
10001	381.492943	60.000000	-4.072160e-01	3.793570e-01	0.000000e+00
10001	384.450253	60.000000	-4.085370e-01	3.815130e-01	0.000000e+00
10001	387.453771	60.000000	-4.102290e-01	3.829130e-01	0.000000e+00
10001	390.504588	60.000000	-4.117580e-01	3.840520e-01	0.000000e+00
10001	393.603830	60.000000	-4.137540e-01	3.846790e-01	0.000000e+00
10001	396.752661	60.000000	-4.155200e-01	3.852780e-01	0.000000e+00
10001	399.952279	60.000000	-4.172270e-01	3.858430e-01	0.000000e+00
10001	403.203924	60.000000	-4.191010e-01	3.868770e-01	0.000000e+00
10001	406.508874	60.000000	-4.208800e-01	3.868400e-01	0.000000e+00
10001	409.868452	60.000000	-4.223000e-01	3.869940e-01	0.000000e+00
10001	413.284022	60.000000	-4.240920e-01	3.872300e-01	0.000000e+00
10001	416.756997	60.000000	-4.255880e-01	3.872090e-01	0.000000e+00
10001	420.288836	60.000000	-4.273530e-01	3.873340e-01	0.000000e+00
10001	423.881048	60.000000	-4.286170e-01	3.872900e-01	0.000000e+00
10001	427.535195	60.000000	-4.298880e-01	3.870810e-01	0.000000e+00
10001	431.252893	60.000000	-4.314170e-01	3.865990e-01	0.000000e+00
10001	435.035813	60.000000	-4.325180e-01	3.866110e-01	0.000000e+00
10001	438.885687	60.000000	-4.338850e-01	3.862540e-01	0.000000e+00
10001	442.804309	60.000000	-4.351020e-01	3.859520e-01	0.000000e+00
10001	446.793537	60.000000	-4.357690e-01	3.856260e-01	0.000000e+00
10001	450.855297	60.000000	-4.367330e-01	3.857050e-01	0.000000e+00
10001	454.991584	60.000000	-4.372560e-01	3.855930e-01	0.000000e+00
10001	459.204469	60.000000	-4.378080e-01	3.855390e-01	1.397640e+06
10001	463.496099	60.000000	-4.382480e-01	3.866700e-01	0.000000e+00
10001	467.868704	60.000000	-4.379420e-01	3.862170e-01	1.525541e+06
10001	472.324597	60.000000	-4.378620e-01	3.873390e-01	0.000000e+00
10001	476.866179	60.000000	-4.379970e-01	3.890560e-01	0.000000e+00
10001	481.495948	60.000000	-4.384670e-01	3.910430e-01	1.283335e+06
10001	486.216496	60.000000	-4.388290e-01	3.939210e-01	1.615809e+06
10001	491.030521	60.000000	-4.394130e-01	3.980220e-01	0.000000e+00
10001	495.940826	60.000000	-4.415940e-01	4.024870e-01	0.000000e+00
10001	500.950330	60.000000	-4.451010e-01	4.072020e-01	0.000000e+00
10001	506.062068	60.000000	-4.496820e-01	4.108830e-01	0.000000e+00
10001	511.279202	60.000000	-4.547860e-01	4.135290e-01	0.000000e+00
10001	516.605028	60.000000	-4.604030e-01	4.158100e-01	0.000000e+00
10001	522.042975	60.000000	-4.662420e-01	4.171890e-01	0.000000e+00
10001	527.596624	60.000000	-4.718600e-01	4.177050e-01	0.000000e+00
10001	533.269706	60.000000	-4.772360e-01	4.178970e-01	0.000000e+00
10001	539.066116	60.000000	-4.824180e-01	4.179990e-01	0.000000e+00
10001	544.989919	60.000000	-4.872640e-01	4.175440e-01	0.000000e+00
10001	551.045363	60.000000	-4.922110e-01	4.165990e-01	0.000000e+00
10001	557.236884	60.000000	-4.966610e-01	4.157190e-01	0.000000e+00
10001	563.569121	60.000000	-5.013290e-01	4.147310e-01	0.000000e+00
10001	570.046927	60.000000	-5.055490e-01	4.137620e-01	0.000000e+00
10001	576.675380	60.000000	-5.096500e-01	4.132130e-01	0.000000e+00
10001	583.459796	60.000000	-5.133390e-01	4.125670e-01	0.000000e+00
10001	590.405746	60.000000	-5.176850e-01	4.117460e-01	0.000000e+00
10001	597.519068	60.000000	-5.223780e-01	4.107490e-01	0.000000e+00
10001	604.805886	60.000000	-5.261020e-01	4.099440e-01	0.000000e+00
10001	612.272625	60.000000	-5.303710e-01	4.089520e-01	0.000000e+00
10001	619.926033	60.000000	-5.347040e-01	4.081600e-01	0.000000e+00
10001	627.773198	60.000000	-5.384660e-01	4.068850e-01	0.000000e+00
10001	635.821572	60.000000	-5.429500e-01	4.064620e-01	0.000000e+00
10001	644.078995	60.000000	-5.469320e-01	4.054780e-01	0.000000e+00
10001	652.553719	60.000000	-5.511660e-01	4.046600e-01	0.000000e+00
10001	661.254435	60.000000	-5.555320e-01	4.036690e-01	0.000000e+00
10001	670.190306	60.000000	-5.607050e-01	4.028590e-01	0.000000e+00
10001	679.370995	60.000000	-5.646480e-01	4.012060e-01	0.000000e+00
10001	688.806703	60.000000	-5.696110e-01	4.005490e-01	0.000000e+00
10001	698.508206	60.000000	-5.741770e-01	3.992190e-01	0.000000e+00
10001	708.486895	60.000000	-5.793100e-01	3.979490e-01	0.000000e+00
10001	718.754821	60.000000	-5.841130e-01	3.968010e-01	0.000000e+00
10001	729.324745	60.000000	-5.882310e-01	3.955850e-01	0.000000e+00
10001	740.210189	60.000000	-5.930660e-01	3.937930e-01	0.000000e+00
10001	751.425495	60.000000	-5.993470e-01	3.919210e-01	0.000000e+00
10001	762.985887	60.000000	-6.041440e-01	3.905100e-01	0.000000e+00
10001	774.907541	60.000000	-6.080510e-01	3.882510e-01	9.351764e+05
10001	787.207661	60.000000	-6.134050e-01	3.871460e-01	0.000000e+00
10001	799.904559	60.000000	-6.192890e-01	3.846970e-01	0.000000e+00
10001	813.017748	60.000000	-6.239910e-01	3.827880e-01	0.000000e+00
10001	826.568044	60.000000	-6.292870e-01	3.809760e-01	0.000000e+00
10001	855.070390	60.000000	-6.402950e-01	3.760750e-01	1.113456e+06
10001	870.071625	60.000000	-6.465470e-01	3.741570e-01	0.000000e+00
10001	885.608619	60.000000	-6.488260e-01	3.704050e-01	1.177399e+06
10001	901.710593	60.000000	-6.551550e-01	3.681170e-01	0.000000e+00
10001	918.408938	60.000000	-6.606670e-01	3.655030e-01	0.000000e+00
10001	935.737408	60.000000	-6.658360e-01	3.628680e-01	8.204778e+05
10001	953.732358	60.000000	-6.722640e-01	3.605280e-01	1.098968e+06
10001	972.432993	60.000000	-6.751460e-01	3.561650e-01	9.204738e+05
10001	991.881653	60.000000	-6.807400e-01	3.532590e-01	7.090866e+05
10001	1012.124136	60.000000	-6.870310e-01	3.506180e-01	7.404901e+05
10001	1033.210055	60.000000	-6.918680e-01	3.467450e-01	7.979668e+05
10001	1055.193248	60.000000	-6.974520e-01	3.425170e-01	1.120864e+06
10001	1078.132231	60.000000	-7.029030e-01	3.391010e-01	5.642666e+05
10001	1102.090725	60.000000	-7.085830e-01	3.349150e-01	0.000000e+00
10001	1127.138242	60.000000	-7.132390e-01	3.309460e-01	5.128455e+05
10001	1153.350759	60.000000	-7.208670e-01	3.268490e-01	7.731291e+05
10001	1180.811491	60.000000	-7.259710e-01	3.235830e-01	4.279983e+05
10001	1209.611772	60.000000	-7.290150e-01	3.184390e-01	4.192011e+05
10001	1239.852066	60.000000	-7.360030e-01	3.142310e-01	0.000000e+00
10001	1271.643145	60.000000	-7.389890e-01	3.102360e-01	3.301965e+05
10001	1305.107438	60.000000	-7.440330e-01	3.048200e-01	3.451997e+05
10001	1340.380612	60.000000	-7.500540e-01	3.002920e-01	4.733009e+05
10001	1377.613407	60.000000	-7.551680e-01	2.960620e-01	3.797508e+05
10001	1416.973790	60.000000	-7.609800e-01	2.910620e-01	9.617715e+05
10001	1458.649489	60.000000	-7.640610e-01	2.856170e-01	5.439510e+05
10001	1502.850989	60.000000	-7.718120e-01	2.823690e-01	2.513826e+05
10001	1549.815082	60.000000	-7.786840e-01	2.774220e-01	7.130420e+05
10001	1599.809117	60.000000	-7.785320e-01	2.723430e-01	4.861719e+04
10001	1653.136088	60.000000	-7.866230e-01	2.675660e-01	7.458419e+04
10001	1710.140781	60.000000	-7.924200e-01	2.628470e-01	1.301570e+05
10001	1771.217237	60.000000	-7.994310e-01	2.566050e-01	0.000000e+00
10001	1836.817876	60.000000	-8.019020e-01	2.506070e-01	9.144963e+04
10001	1907.464717	60.000000	-8.045380e-01	2.437390e-01	4.989574e+04
10001	1983.763306	60.000000	-8.120890e-01	2.403520e-01	1.075826e+05
10001	2066.420110	60.000000	-8.177700e-01	2.353720e-01	1.597954e+05
10001	190.746472	65.000000	8.467000e-03	5.279850e-01	6.022252e+03
10001	191.482945	65.000000	2.724900e-02	5.268500e-01	6.805632e+03
10001	192.225127	65.000000	2.598700e-02	5.195880e-01	8.392182e+03
10001	192.973084	65.000000	3.633200e-02	5.166130e-01	1.001787e+04
10001	193.726885	65.000000	3.441200e-02	5.136730e-01	1.073891e+04
10001	194.486599	65.000000	3.361300e-02	5.125370e-01	1.321047e+04
10001	195.252294	65.000000	3.399300e-02	5.137250e-01	1.646049e+04
10001	196.024042	65.000000	3.375200e-02	5.147190e-01	1.445655e+04
10001	196.801915	65.000000	3.331900e-02	5.132040e-01	2.040353e+04
10001	197.585987	65.000000	3.168100e-02	5.134390e-01	2.607383e+04
10001	198.376331	65.000000	3.922900e-02	5.151210e-01	3.297233e+04
10001	199.173023	65.000000	3.910300e-02	5.160030e-01	2.696265e+04
10001	199.976140	65.000000	4.066600e-02	5.191280e-01	3.496610e+04
10001	200.785760	65.000000	4.550600e-02	5.187420e-01	4.040452e+04
10001	201.601962	65.000000	4.014900e-02	5.231220e-01	3.606181e+04
10001	202.424827	65.000000	4.046900e-02	5.267000e-01	3.051154e+04
10001	203.254437	65.000000	3.914500e-02	5.254780e-01	4.966525e+04
10001	204.090875	65.000000	3.437000e-02	5.273110e-01	5.940751e+04
10001	204.934226	65.000000	3.549100e-02	5.261360e-01	9.694408e+04
10001	205.784575	65.000000	3.655900e-02	5.320770e-01	7.662069e+04
10001	206.642011	65.000000	3.306400e-02	5.311510e-01	1.145283e+05
10001	207.506622	65.000000	2.959000e-02	5.371950e-01	8.986204e+04
10001	208.378498	65.000000	3.244800e-02	5.406690e-01	9.763596e+04
10001	209.257733	65.000000	3.124600e-02	5.415290e-01	1.072526e+05
10001	210.144418	65.000000	3.085900e-02	5.418930e-01	1.519636e+05
10001	211.038650	65.000000	2.722400e-02	5.461240e-01	9.004452e+04
10001	211.940524	65.000000	2.271200e-02	5.494120e-01	1.729222e+05
10001	212.850140	65.000000	1.964800e-02	5.512950e-01	1.644899e+05
10001	213.767598	65.000000	1.851400e-02	5.529110e-01	3.502366e+05
10001	214.692998	65.000000	1.517900e-02	5.538600e-01	2.439070e+05
10001	215.626446	65.000000	1.385000e-02	5.581550e-01	2.252810e+05
10001	216.568046	65.000000	9.893000e-03	5.595650e-01	2.400734e+05
10001	217.517906	65.000000	7.621000e-03	5.622000e-01	2.426142e+05
10001	218.476135	65.000000	5.693000e-03	5.648010e-01	3.448645e+05
10001	219.442844	65.000000	2.826000e-03	5.669100e-01	2.705849e+05
10001	220.418145	65.000000	-1.829000e-03	5.694470e-01	2.101263e+05
10001	221.402155	65.000000	-2.733000e-03	5.720420e-01	2.244845e+05
10001	222.394989	65.000000	-7.277000e-03	5.752250e-01	2.243430e+05
10001	223.396769	65.000000	-1.065600e-02	5.759380e-01	2.484111e+05
10001	224.407614	65.000000	-1.229400e-02	5.783440e-01	3.697826e+05
10001	225.427648	65.000000	-1.730700e-02	5.798630e-01	3.167362e+05
10001	226.456998	65.000000	-2.149300e-02	5.817500e-01	3.701531e+05
10001	227.495792	65.000000	-2.489000e-02	5.846040e-01	3.614068e+05
10001	228.544160	65.000000	-2.607100e-02	5.859590e-01	3.130345e+05
10001	229.602234	65.000000	-3.084400e-02	5.870790e-01	3.422140e+05
10001	230.670152	65.000000	-3.473500e-02	5.887040e-01	5.011213e+05
10001	231.748050	65.000000	-3.884500e-02	5.913260e-01	4.601522e+05
10001	232.836069	65.000000	-4.359300e-02	5.939350e-01	4.287273e+05
10001	233.934352	65.000000	-4.588100e-02	5.962910e-01	3.138692e+05
10001	235.043046	65.000000	-5.086400e-02	5.965600e-01	4.510541e+05
10001	236.162298	65.000000	-5.456800e-02	5.990320e-01	2.834428e+05
10001	237.292261	65.000000	-5.768100e-02	5.990640e-01	4.080931e+05
10001	238.433090	65.000000	-6.320100e-02	6.012120e-01	4.178762e+05
10001	239.584940	65.000000	-6.774000e-02	6.022630e-01	3.634464e+05
10001	240.747974	65.000000	-7.078500e-02	6.037960e-01	3.650141e+05
10001	241.922354	65.000000	-7.605900e-02	6.042720e-01	4.217941e+05
10001	243.108248	65.000000	-7.905300e-02	6.047670e-01	4.594473e+05
10001	244.305826	65.000000	-8.405600e-02	6.058410e-01	4.620982e+05
10001	245.515261	65.000000	-8.845400e-02	6.093040e-01	3.616557e+05
10001	246.736730	65.000000	-9.274400e-02	6.099850e-01	3.931564e+05
10001	247.970413	65.000000	-9.647400e-02	6.116050e-01	3.616845e+05
10001	249.216496	65.000000	-1.009530e-01	6.123120e-01	3.242234e+05
10001	250.475165	65.000000	-1.061740e-01	6.129820e-01	3.535418e+05
10001	251.746612	65.000000	-1.116060e-01	6.149880e-01	2.938946e+05
10001	253.031034	65.000000	-1.161950e-01	6.159130e-01	3.541633e+05
10001	254.328629	65.000000	-1.220210e-01	6.166100e-01	4.266232e+05
10001	255.639601	65.000000	-1.263550e-01	6.165370e-01	3.031519e+05
10001	256.964159	65.000000	-1.323750e-01	6.185980e-01	2.862006e+05
10001	258.302514	65.000000	-1.381070e-01	6.191520e-01	3.734587e+05
10001	259.654883	65.000000	-1.434530e-01	6.202210e-01	2.734385e+05
10001	261.021488	65.000000	-1.484540e-01	6.206890e-01	2.653316e+05
10001	262.402554	65.000000	-1.539640e-01	6.212710e-01	2.987703e+05
10001	263.798312	65.000000	-1.593920e-01	6.221920e-01	3.683792e+05
10001	265.208998	65.000000	-1.648840e-01	6.230890e-01	4.099091e+05
10001	266.634853	65.000000	-1.709500e-01	6.251730e-01	2.432524e+05
10001	268.076122	65.000000	-1.768430e-01	6.253400e-01	2.649938e+05
10001	269.533058	65.000000	-1.821190e-01	6.262070e-01	2.933452e+05
10001	271.005916	65.000000	-1.908490e-01	6.284020e-01	3.490097e+05
10001	272.494960	65.000000	-1.976700e-01	6.301380e-01	2.667758e+05
10001	274.000457	65.000000	-2.064420e-01	6.304400e-01	3.382170e+05
10001	275.522681	65.000000	-2.159480e-01	6.321390e-01	2.662293e+05
10001	277.061914	65.000000	-2.249460e-01	6.324010e-01	2.731637e+05
10001	278.618442	65.000000	-2.371430e-01	6.330460e-01	2.040106e+05
10001	280.192557	65.000000	-2.483610e-01	6.307680e-01	2.945659e+05
10001	281.784560	65.000000	-2.606980e-01	6.303920e-01	1.733002e+05
10001	283.394758	65.000000	-2.743040e-01	6.279570e-01	1.913402e+05
10001	285.023463	65.000000	-2.862060e-01	6.202540e-01	2.178334e+05
10001	286.670998	65.000000	-3.006520e-01	6.123780e-01	2.525569e+05
10001	288.337690	65.000000	-3.116650e-01	6.018950e-01	2.732789e+05
10001	290.023875	65.000000	-3.243890e-01	5.864690e-01	9.325774e+05
10001	291.729898	65.000000	-3.310450e-01	5.730820e-01	1.044779e+06
10001	293.456110	65.000000	-3.369950e-01	5.598710e-01	1.134494e+06
10001	295.202873	65.000000	-3.407050e-01	5.475460e-01	1.113759e+06
10001	296.970555	65.000000	-3.429330e-01	5.357860e-01	1.188601e+06
10001	298.759534	65.000000	-3.445920e-01	5.248630e-01	1.107929e+06
10001	300.570198	65.000000	-3.450910e-01	5.147520e-01	9.216097e+05
10001	302.402943	65.000000	-3.455700e-01	5.057500e-01	1.008547e+06
10001	304.258176	65.000000	-3.454200e-01	4.958220e-01	1.243668e+06
10001	306.136313	65.000000	-3.443190e-01	4.874440e-01	1.265038e+06
10001	308.037780	65.000000	-3.441440e-01	4.791270e-01	1.160576e+06
10001	309.963016	65.000000	-3.427840e-01	4.715420e-01	1.521642e+06
10001	311.912469	65.000000	-3.405680e-01	4.640940e-01	1.494704e+06
10001	313.886599	65.000000	-3.384180e-01	4.569930e-01	1.594998e+06
10001	315.885877	65.000000	-3.360290e-01	4.509080e-01	0.000000e+00
10001	317.910786	65.000000	-3.329830e-01	4.440890e-01	0.000000e+00
10001	319.961823	65.000000	-3.302930e-01	4.382360e-01	0.000000e+00
10001	322.039498	65.000000	-3.274920e-01	4.331460e-01	0.000000e+00
10001	324.144331	65.000000	-3.240240e-01	4.281720e-01	0.000000e+00
10001	326.276859	65.000000	-3.206710e-01	4.238600e-01	0.000000e+00
10001	328.437633	65.000000	-3.172130e-01	4.197210e-01	0.000000e+00
10001	330.627218	65.000000	-3.138430e-01	4.162000e-01	0.000000e+00
10001	332.846192	65.000000	-3.099790e-01	4.131360e-01	0.000000e+00
10001	335.095153	65.000000	-3.066830e-01	4.102460e-01	0.000000e+00
10001	337.374712	65.000000	-3.026800e-01	4.079410e-01	0.000000e+00
10001	339.685498	65.000000	-2.990180e-01	4.061240e-01	0.000000e+00
10001	342.028156	65.000000	-2.955680e-01	4.046660e-01	0.000000e+00
10001	344.403352	65.000000	-2.920820e-01	4.034980e-01	0.000000e+00
10001	346.811767	65.000000	-2.895180e-01	4.027910e-01	0.000000e+00
10001	349.254103	65.000000	-2.869160e-01	4.020640e-01	0.000000e+00
10001	351.731083	65.000000	-2.840440e-01	4.019380e-01	0.000000e+00
10001	354.243447	65.000000	-2.812480e-01	4.016730e-01	0.000000e+00
10001	356.791961	65.000000	-2.789750e-01	4.019390e-01	0.000000e+00
10001	359.377410	65.000000	-2.759440e-01	4.019050e-01	0.000000e+00
10001	362.000603	65.000000	-2.724720e-01	4.023860e-01	0.000000e+00
10001	364.662372	65.000000	-2.694510e-01	4.040920e-01	0.000000e+00
10001	367.363575	65.000000	-2.669720e-01	4.065310e-01	0.000000e+00
10001	370.105094	65.000000	-2.655700e-01	4.096780e-01	0.000000e+00
10001	372.887839	65.000000	-2.643960e-01	4.133390e-01	0.000000e+00
10001	375.712747	65.000000	-2.647870e-01	4.171910e-01	0.000000e+00
10001	378.580784	65.000000	-2.658190e-01	4.199100e-01	0.000000e+00
10001	381.492943	65.000000	-2.677540e-01	4.228730e-01	0.000000e+00
10001	384.450253	65.000000	-2.688250e-01	4.250330e-01	0.000000e+00
10001	387.453771	65.000000	-2.712880e-01	4.263570e-01	0.000000e+00
10001	390.504588	65.000000	-2.727100e-01	4.275920e-01	0.000000e+00
10001	393.603830	65.000000	-2.748320e-01	4.283750e-01	0.000000e+00
10001	396.752661	65.000000	-2.771270e-01	4.292220e-01	0.000000e+00
10001	399.952279	65.000000	-2.795240e-01	4.297580e-01	0.000000e+00
10001	403.203924	65.000000	-2.817840e-01	4.307810e-01	0.000000e+00
10001	406.508874	65.000000	-2.833780e-01	4.315720e-01	0.000000e+00
10001	409.868452	65.000000	-2.853530e-01	4.311910e-01	0.000000e+00
10001	413.284022	65.000000	-2.877390e-01	4.317570e-01	0.000000e+00
10001	416.756997	65.000000	-2.889650e-01	4.321420e-01	0.000000e+00
10001	420.288836	65.000000	-2.911610e-01	4.320110e-01	0.000000e+00
10001	423.881048	65.000000	-2.929590e-01	4.321050e-01	0.000000e+00
10001	427.535195	65.000000	-2.948670e-01	4.319050e-01	0.000000e+00
10001	431.252893	65.000000	-2.961420e-01	4.321170e-01	0.000000e+00
10001	435.035813	65.000000	-2.978600e-01	4.316470e-01	0.000000e+00
10001	438.885687	65.000000	-2.996340e-01	4.313670e-01	0.000000e+00
10001	442.804309	65.000000	-3.010670e-01	4.308330e-01	0.000000e+00
10001	446.793537	65.000000	-3.021730e-01	4.304890e-01	0.000000e+00
10001	450.855297	65.000000	-3.031040e-01	4.305680e-01	0.000000e+00
10001	454.991584	65.000000	-3.038320e-01	4.307430e-01	0.000000e+00
10001	459.204469	65.000000	-3.037480e-01	4.309580e-01	0.000000e+00
10001	463.496099	65.000000	-3.044200e-01	4.318080e-01	0.000000e+00
10001	467.868704	65.000000	-3.055340e-01	4.317420e-01	0.000000e+00
10001	472.324597	65.000000	-3.047170e-01	4.320940e-01	0.000000e+00
10001	476.866179	65.000000	-3.052320e-01	4.343830e-01	0.000000e+00
10001	481.495948	65.000000	-3.052920e-01	4.368760e-01	0.000000e+00
10001	486.216496	65.000000	-3.054120e-01	4.400630e-01	0.000000e+00
10001	491.030521	65.000000	-3.063390e-01	4.436040e-01	0.000000e+00
10001	495.940826	65.000000	-3.079300e-01	4.490480e-01	0.000000e+00
10001	500.950330	65.000000	-3.109530e-01	4.550690e-01	0.000000e+00
10001	506.062068	65.000000	-3.155270e-01	4.594280e-01	0.000000e+00
10001	511.279202	65.000000	-3.213290e-01	4.629640e-01	0.000000e+00
10001	516.605028	65.000000	-3.274130e-01	4.658830e-01	0.000000e+00
10001	522.042975	65.000000	-3.337560e-01	4.679820e-01	0.000000e+00
10001	527.596624	65.000000	-3.396740e-01	4.691640e-01	0.000000e+00
10001	533.269706	65.000000	-3.460000e-01	4.700550e-01	0.000000e+00
10001	539.066116	65.000000	-3.520690e-01	4.706630e-01	0.000000e+00
10001	544.989919	65.000000	-3.577520e-01	4.708330e-01	0.000000e+00
10001	551.045363	65.000000	-3.630270e-01	4.703660e-01	0.000000e+00
10001	557.236884	65.000000	-3.682470e-01	4.699430e-01	0.000000e+00
10001	563.569121	65.000000	-3.736330e-01	4.693710e-01	0.000000e+00
10001	570.046927	65.000000	-3.789980e-01	4.686240e-01	0.000000e+00
10001	576.675380	65.000000	-3.835170e-01	4.682870e-01	0.000000e+00
10001	583.459796	65.000000	-3.881030e-01	4.677680e-01	0.000000e+00
10001	590.405746	65.000000	-3.930570e-01	4.672950e-01	0.000000e+00
10001	597.519068	65.000000	-3.977880e-01	4.669610e-01	0.000000e+00
10001	604.805886	65.000000	-4.027800e-01	4.664550e-01	0.000000e+00
10001	612.272625	65.000000	-4.075430e-01	4.652310e-01	0.000000e+00
10001	619.926033	65.000000	-4.126100e-01	4.649220e-01	0.000000e+00
10001	627.773198	65.000000	-4.172640e-01	4.641810e-01	0.000000e+00
10001	635.821572	65.000000	-4.223150e-01	4.637430e-01	0.000000e+00
10001	644.078995	65.000000	-4.271750e-01	4.633580e-01	0.000000e+00
10001	652.553719	65.000000	-4.322290e-01	4.629060e-01	0.000000e+00
10001	661.254435	65.000000	-4.371150e-01	4.617160e-01	0.000000e+00
10001	670.190306	65.000000	-4.422210e-01	4.617350e-01	0.000000e+00
10001	679.370995	65.000000	-4.476130e-01	4.605220e-01	0.000000e+00
10001	688.806703	65.000000	-4.532330e-01	4.599060e-01	0.000000e+00
10001	698.508206	65.000000	-4.592080e-01	4.588140e-01	0.000000e+00
10001	708.486895	65.000000	-4.645750e-01	4.579820e-01	0.000000e+00
10001	718.754821	65.000000	-4.695610e-01	4.564810e-01	0.000000e+00
10001	729.324745	65.000000	-4.756020e-01	4.553210e-01	0.000000e+00
10001	740.210189	65.000000	-4.817270e-01	4.545070e-01	0.000000e+00
10001	751.425495	65.000000	-4.871680e-01	4.522920e-01	0.000000e+00
10001	762.985887	65.000000	-4.924270e-01	4.506940e-01	0.000000e+00
10001	774.907541	65.000000	-4.992390e-01	4.496610e-01	0.000000e+00
10001	787.207661	65.000000	-5.048640e-01	4.486150e-01	0.000000e+00
10001	799.904559	65.000000	-5.112560e-01	4.462590e-01	0.000000e+00
10001	813.017748	65.000000	-5.163260e-01	4.443530e-01	0.000000e+00
10001	826.568044	65.000000	-5.239820e-01	4.434820e-01	1.330063e+06
10001	855.070390	65.000000	-5.357850e-01	4.383880e-01	1.233190e+06
10001	870.071625	65.000000	-5.430080e-01	4.358650e-01	0.000000e+00
10001	885.608619	65.000000	-5.486530e-01	4.333920e-01	0.000000e+00
10001	901.710593	65.000000	-5.545880e-01	4.314310e-01	0.000000e+00
10001	918.408938	65.000000	-5.608640e-01	4.284010e-01	0.000000e+00
10001	935.737408	65.000000	-5.671110e-01	4.258750e-01	0.000000e+00
10001	953.732358	65.000000	-5.737450e-01	4.231320e-01	0.000000e+00
10001	972.432993	65.000000	-5.798960e-01	4.197960e-01	0.000000e+00
10001	991.881653	65.000000	-5.874870e-01	4.169510e-01	9.497966e+05
10001	1012.124136	65.000000	-5.954440e-01	4.143110e-01	0.000000e+00
10001	1033.210055	65.000000	-5.991050e-01	4.097150e-01	1.014287e+06
10001	1055.193248	65.000000	-6.064240e-01	4.063720e-01	0.000000e+00
10001	1078.132231	65.000000	-6.139730e-01	4.025030e-01	7.587852e+05
10001	1102.090725	65.000000	-6.220520e-01	3.983140e-01	0.000000e+00
10001	1127.138242	65.000000	-6.279230e-01	3.946150e-01	9.292229e+05
10001	1153.350759	65.000000	-6.365850e-01	3.898800e-01	1.152152e+06
10001	1180.811491	65.000000	-6.396030e-01	3.850300e-01	3.257205e+05
10001	1209.611772	65.000000	-6.465180e-01	3.803490e-01	5.340132e+05
10001	1239.852066	65.000000	-6.551670e-01	3.764400e-01	0.000000e+00
10001	1271.643145	65.000000	-6.594380e-01	3.720380e-01	4.964060e+05
10001	1305.107438	65.000000	-6.689720e-01	3.664070e-01	9.959753e+05
10001	1340.380612	65.000000	-6.741130e-01	3.613970e-01	0.000000e+00
10001	1377.613407	65.000000	-6.794970e-01	3.570010e-01	2.235064e+05
10001	1416.973790	65.000000	-6.893050e-01	3.522110e-01	6.866915e+05
10001	1458.649489	65.000000	-6.939780e-01	3.461080e-01	4.984940e+05
10001	1502.850989	65.000000	-7.003280e-01	3.413960e-01	0.000000e+00
10001	1549.815082	65.000000	-7.080620e-01	3.348960e-01	0.000000e+00
10001	1599.809117	65.000000	-7.119040e-01	3.289180e-01	3.073759e+05
10001	1653.136088	65.000000	-7.171390e-01	3.248810e-01	4.707894e+04
10001	1710.140781	65.000000	-7.257220e-01	3.188090e-01	1.388440e+05
10001	1771.217237	65.000000	-7.342530e-01	3.122870e-01	3.433928e+05
10001	1836.817876	65.000000	-7.394120e-01	3.052000e-01	4.138742e+05
10001	1907.464717	65.000000	-7.468840e-01	3.002020e-01	1.215671e+05
10001	1983.763306	65.000000	-7.564790e-01	2.943930e-01	2.647260e+05
10001	2066.420110	65.000000	-7.570270e-01	2.863880e-01	1.742828e+05
10001	190.746472	70.000000	1.915390e-01	5.209780e-01	8.269364e+03
10001	191.482945	70.000000	1.915430e-01	5.170140e-01	1.011538e+04
10001	192.225127	70.000000	2.146700e-01	5.167350e-01	1.291232e+04
10001	192.973084	70.000000	2.062300e-01	5.133230e-01	1.280917e+04
10001	193.726885	70.000000	2.077710e-01	5.122590e-01	1.509389e+04
10001	194.486599	70.000000	2.114310e-01	5.093060e-01	1.624887e+04
10001	195.252294	70.000000	2.140350e-01	5.090130e-01	1.799728e+04
10001	196.024042	70.000000	2.133810e-01	5.109810e-01	1.837762e+04
10001	196.801915	70.000000	2.135420e-01	5.114830e-01	1.974977e+04
10001	197.585987	70.000000	2.158210e-01	5.108670e-01	3.025223e+04
10001	198.376331	70.000000	2.166490e-01	5.114290e-01	4.148384e+04
10001	199.173023	70.000000	2.156050e-01	5.100520e-01	3.598741e+04
10001	199.976140	70.000000	2.158190e-01	5.133360e-01	3.580716e+04
10001	200.785760	70.000000	2.114610e-01	5.109050e-01	3.920686e+04
10001	201.601962	70.000000	2.172960e-01	5.162630e-01	4.056043e+04
10001	202.424827	70.000000	2.157090e-01	5.197830e-01	4.014128e+04
10001	203.254437	70.000000	2.159200e-01	5.208800e-01	8.194281e+04
10001	204.090875	70.000000	2.161680e-01	5.219190e-01	6.481902e+04
10001	204.934226	70.000000	2.123190e-01	5.248790e-01	7.348827e+04
10001	205.784575	70.000000	2.165200e-01	5.214080e-01	1.064836e+05
10001	206.642011	70.000000	2.138020e-01	5.265630e-01	1.205067e+05
10001	207.506622	70.000000	2.099280e-01	5.293160e-01	1.067586e+05
10001	208.378498	70.000000	2.104480e-01	5.320380e-01	1.078162e+05
10001	209.257733	70.000000	2.118710e-01	5.337690e-01	1.896286e+05
10001	210.144418	70.000000	2.087030e-01	5.365670e-01	1.878998e+05
10001	211.038650	70.000000	2.055070e-01	5.400510e-01	1.154513e+05
10001	211.940524	70.000000	2.029430e-01	5.413020e-01	1.475137e+05
10001	212.850140	70.000000	2.016160e-01	5.444180e-01	2.278784e+05
10001	213.767598	70.000000	1.991140e-01	5.490250e-01	2.541870e+05
10001	214.692998	70.000000	1.956570e-01	5.497400e-01	2.093923e+05
10001	215.626446	70.000000	1.954240e-01	5.528640e-01	2.188182e+05
10001	216.568046	70.000000	1.905440e-01	5.544390e-01	1.979630e+05
10001	217.517906	70.000000	1.888330e-01	5.574990e-01	3.777935e+05
10001	218.476135	70.000000	1.884520e-01	5.606450e-01	2.637948e+05
10001	219.442844	70.000000	1.852040e-01	5.625350e-01	2.722514e+05
10001	220.418145	70.000000	1.815620e-01	5.646360e-01	2.882341e+05
10001	221.402155	70.000000	1.794430e-01	5.669160e-01	3.107535e+05
10001	222.394989	70.000000	1.762650e-01	5.700540e-01	2.951921e+05
10001	223.396769	70.000000	1.716070e-01	5.724700e-01	3.604716e+05
10001	224.407614	70.000000	1.708040e-01	5.754770e-01	3.239890e+05
10001	225.427648	70.000000	1.677560e-01	5.771430e-01	3.747158e+05
10001	226.456998	70.000000	1.641790e-01	5.797400e-01	3.314633e+05
10001	227.495792	70.000000	1.611690e-01	5.821670e-01	3.744432e+05
10001	228.544160	70.000000	1.588740e-01	5.844930e-01	3.747838e+05
10001	229.602234	70.000000	1.547040e-01	5.858820e-01	3.957849e+05
10001	230.670152	70.000000	1.520840e-01	5.888810e-01	3.146283e+05
10001	231.748050	70.000000	1.463820e-01	5.915920e-01	3.440645e+05
10001	232.836069	70.000000	1.425710e-01	5.934800e-01	4.319981e+05
10001	233.934352	70.000000	1.391130e-01	5.956480e-01	4.344545e+05
10001	235.043046	70.000000	1.357730e-01	5.976710e-01	3.716603e+05
10001	236.162298	70.000000	1.311270e-01	5.996010e-01	2.841360e+05
10001	237.292261	70.000000	1.271350e-01	6.002370e-01	4.832519e+05
10001	238.433090	70.000000	1.243530e-01	6.028420e-01	3.432801e+05
10001	239.584940	70.000000	1.203040e-01	6.045230e-01	2.895928e+05
10001	240.747974	70.000000	1.165700e-01	6.054570e-01	4.435729e+05
10001	241.922354	70.000000	1.127020e-01	6.078000e-01	3.893374e+05
10001	243.108248	70.000000	1.074810e-01	6.094630e-01	4.038497e+05
10001	244.305826	70.000000	1.032230e-01	6.123520e-01	3.167787e+05
10001	245.515261	70.000000	9.964500e-02	6.141600e-01	3.016997e+05
10001	246.736730	70.000000	9.484700e-02	6.155520e-01	3.984819e+05
10001	247.970413	70.000000	9.081300e-02	6.172320e-01	5.019909e+05
10001	249.216496	70.000000	8.645900e-02	6.190460e-01	4.057187e+05
10001	250.475165	70.000000	8.174600e-02	6.203630e-01	3.836443e+05
10001	251.746612	70.000000	7.791900e-02	6.229130e-01	3.459705e+05
10001	253.031034	70.000000	7.270600e-02	6.253570e-01	3.151011e+05
10001	254.328629	70.000000	6.863800e-02	6.264020e-01	3.527181e+05
10001	255.639601	70.000000	6.259100e-02	6.275610e-01	2.827705e+05
10001	256.964159	70.000000	5.672400e-02	6.296090e-01	3.022518e+05
10001	258.302514	70.000000	5.243600e-02	6.317270e-01	2.992323e+05
10001	259.654883	70.000000	4.702300e-02	6.325460e-01	3.524602e+05
10001	261.021488	70.000000	4.149800e-02	6.347040e-01	2.912894e+05
10001	262.402554	70.000000	3.522900e-02	6.372450e-01	2.468447e+05
10001	263.798312	70.000000	2.973500e-02	6.387740e-01	3.958060e+05
10001	265.208998	70.000000	2.416300e-02	6.413630e-01	2.882401e+05
10001	266.634853	70.000000	1.769300e-02	6.435480e-01	2.947150e+05
10001	268.076122	70.000000	1.201800e-02	6.464400e-01	2.330852e+05
10001	269.533058	70.000000	4.990000e-03	6.490540e-01	2.801394e+05
10001	271.005916	70.000000	-3.121000e-03	6.520980e-01	2.972793e+05
10001	272.494960	70.000000	-1.177400e-02	6.542430e-01	3.260370e+05
10001	274.000457	70.000000	-2.218900e-02	6.566620e-01	2.863570e+05
10001	275.522681	70.000000	-3.312700e-02	6.591130e-01	2.255239e+05
10001	277.061914	70.000000	-4.558000e-02	6.602040e-01	2.318773e+05
10001	278.618442	70.000000	-5.894100e-02	6.597480e-01	2.087907e+05
10001	280.192557	70.000000	-7.292700e-02	6.577400e-01	2.624024e+05
10001	281.784560	70.000000	-8.687100e-02	6.544080e-01	2.586304e+05
10001	283.394758	70.000000	-1.003670e-01	6.499620e-01	2.348873e+05
10001	285.023463	70.000000	-1.150290e-01	6.437350e-01	2.199883e+05
10001	286.670998	70.000000	-1.288270e-01	6.337910e-01	1.995869e+05
10001	288.337690	70.000000	-1.386570e-01	6.206450e-01	2.312748e+05
10001	290.023875	70.000000	-1.505320e-01	6.041900e-01	0.000000e+00
10001	291.729898	70.000000	-1.568200e-01	5.903930e-01	1.254634e+06
10001	293.456110	70.000000	-1.618280e-01	5.766050e-01	1.366718e+06
10001	295.202873	70.000000	-1.639720e-01	5.638830e-01	1.429337e+06
10001	296.970555	70.000000	-1.658490e-01	5.529780e-01	1.453486e+06
10001	298.759534	70.000000	-1.666900e-01	5.429500e-01	0.000000e+00
10001	300.570198	70.000000	-1.668910e-01	5.331110e-01	1.392273e+06
10001	302.402943	70.000000	-1.662110e-01	5.238880e-01	0.000000e+00
10001	304.258176	70.000000	-1.656870e-01	5.153170e-01	1.285942e+06
10001	306.136313	70.000000	-1.645920e-01	5.076640e-01	1.338794e+06
10001	308.037780	70.000000	-1.640110e-01	4.999050e-01	1.406824e+06
10001	309.963016	70.000000	-1.625920e-01	4.928040e-01	1.658493e+06
10001	311.912469	70.000000	-1.604260e-01	4.865870e-01	0.000000e+00
10001	313.886599	70.000000	-1.592010e-01	4.806460e-01	0.000000e+00
10001	315.885877	70.000000	-1.565490e-01	4.743580e-01	0.000000e+00
10001	317.910786	70.000000	-1.541250e-01	4.686230e-01	0.000000e+00
10001	319.961823	70.000000	-1.510180e-01	4.633010e-01	0.000000e+00
10001	322.039498	70.000000	-1.486240e-01	4.585420e-01	0.000000e+00
10001	324.144331	70.000000	-1.457300e-01	4.544810e-01	0.000000e+00
10001	326.276859	70.000000	-1.432500e-01	4.504760e-01	0.000000e+00
10001	328.437633	70.000000	-1.401460e-01	4.468940e-01	0.000000e+00
10001	330.627218	70.000000	-1.364610e-01	4.436780e-01	0.000000e+00
10001	332.846192	70.000000	-1.335410e-01	4.410640e-01	0.000000e+00
10001	335.095153	70.000000	-1.304210e-01	4.384450e-01	0.000000e+00
10001	337.374712	70.000000	-1.273880e-01	4.365810e-01	0.000000e+00
10001	339.685498	70.000000	-1.239760e-01	4.350460e-01	0.000000e+00
10001	342.028156	70.000000	-1.215040e-01	4.342150e-01	0.000000e+00
10001	344.403352	70.000000	-1.184860e-01	4.332420e-01	0.000000e+00
10001	346.811767	70.000000	-1.158520e-01	4.328210e-01	0.000000e+00
10001	349.254103	70.000000	-1.137950e-01	4.326060e-01	0.000000e+00
10001	351.731083	70.000000	-1.115560e-01	4.322770e-01	0.000000e+00
10001	354.243447	70.000000	-1.095220e-01	4.323150e-01	0.000000e+00
10001	356.791961	70.000000	-1.069730e-01	4.321380e-01	0.000000e+00
10001	359.377410	70.000000	-1.047750e-01	4.323310e-01	0.000000e+00
10001	362.000603	70.000000	-1.016790e-01	4.331470e-01	0.000000e+00
10001	364.662372	70.000000	-9.953900e-02	4.350180e-01	0.000000e+00
10001	367.363575	70.000000	-9.725700e-02	4.371920e-01	0.000000e+00
10001	370.105094	70.000000	-9.590400e-02	4.404220e-01	0.000000e+00
10001	372.887839	70.000000	-9.534300e-02	4.443090e-01	0.000000e+00
10001	375.712747	70.000000	-9.534400e-02	4.479700e-01	0.000000e+00
10001	378.580784	70.000000	-9.678800e-02	4.507040e-01	0.000000e+00
10001	381.492943	70.000000	-9.844100e-02	4.538950e-01	0.000000e+00
10001	384.450253	70.000000	-1.002970e-01	4.560840e-01	0.000000e+00
10001	387.453771	70.000000	-1.026170e-01	4.580720e-01	0.000000e+00
10001	390.504588	70.000000	-1.045590e-01	4.594930e-01	0.000000e+00
10001	393.603830	70.000000	-1.072580e-01	4.606930e-01	0.000000e+00
10001	396.752661	70.000000	-1.097210e-01	4.616440e-01	0.000000e+00
10001	399.952279	70.000000	-1.120330e-01	4.623620e-01	0.000000e+00
10001	403.203924	70.000000	-1.141290e-01	4.637490e-01	0.000000e+00
10001	406.508874	70.000000	-1.165140e-01	4.641550e-01	0.000000e+00
10001	409.868452	70.000000	-1.188740e-01	4.643600e-01	0.000000e+00
10001	413.284022	70.000000	-1.203810e-01	4.645200e-01	0.000000e+00
10001	416.756997	70.000000	-1.230510e-01	4.654890e-01	0.000000e+00
10001	420.288836	70.000000	-1.257700e-01	4.656050e-01	0.000000e+00
10001	423.881048	70.000000	-1.274620e-01	4.656010e-01	0.000000e+00
10001	427.535195	70.000000	-1.296240e-01	4.658640e-01	0.000000e+00
10001	431.252893	70.000000	-1.306900e-01	4.658470e-01	0.000000e+00
10001	435.035813	70.000000	-1.328830e-01	4.659150e-01	0.000000e+00
10001	438.885687	70.000000	-1.351550e-01	4.654140e-01	0.000000e+00
10001	442.804309	70.000000	-1.365160e-01	4.651690e-01	0.000000e+00
10001	446.793537	70.000000	-1.382540e-01	4.652880e-01	0.000000e+00
10001	450.855297	70.000000	-1.402600e-01	4.646420e-01	1.392719e+06
10001	454.991584	70.000000	-1.395800e-01	4.653870e-01	0.000000e+00
10001	459.204469	70.000000	-1.408560e-01	4.652790e-01	1.409274e+06
10001	463.496099	70.000000	-1.411260e-01	4.660550e-01	1.530538e+06
10001	467.868704	70.000000	-1.418660e-01	4.663640e-01	0.000000e+00
10001	472.324597	70.000000	-1.421600e-01	4.674740e-01	0.000000e+00
10001	476.866179	70.000000	-1.418050e-01	4.688780e-01	1.721799e+06
10001	481.495948	70.000000	-1.410610e-01	4.713720e-01	1.662607e+06
10001	486.216496	70.000000	-1.413640e-01	4.750460e-01	1.263159e+06
10001	491.030521	70.000000	-1.416400e-01	4.795170e-01	0.000000e+00
10001	495.940826	70.000000	-1.430690e-01	4.847540e-01	0.000000e+00
10001	500.950330	70.000000	-1.455230e-01	4.915070e-01	0.000000e+00
10001	506.062068	70.000000	-1.497940e-01	4.968860e-01	0.000000e+00
10001	511.279202	70.000000	-1.553240e-01	5.016670e-01	0.000000e+00
10001	516.605028	70.000000	-1.616570e-01	5.054170e-01	0.000000e+00
10001	522.042975	70.000000	-1.686690e-01	5.088840e-01	0.000000e+00
10001	527.596624	70.000000	-1.750380e-01	5.106580e-01	0.000000e+00
10001	533.269706	70.000000	-1.814460e-01	5.124460e-01	0.000000e+00
10001	539.066116	70.000000	-1.880040e-01	5.136510e-01	0.000000e+00
10001	544.989919	70.000000	-1.941950e-01	5.147390e-01	0.000000e+00
10001	551.045363	70.000000	-2.002280e-01	5.149640e-01	0.000000e+00
10001	557.236884	70.000000	-2.059110e-01	5.150790e-01	0.000000e+00
10001	563.569121	70.000000	-2.117290e-01	5.153140e-01	0.000000e+00
10001	570.046927	70.000000	-2.172670e-01	5.152740e-01	0.000000e+00
10001	576.675380	70.000000	-2.225530e-01	5.156520e-01	0.000000e+00
10001	583.459796	70.000000	-2.281460e-01	5.156240e-01	0.000000e+00
10001	590.405746	70.000000	-2.337280e-01	5.155200e-01	0.000000e+00
10001	597.519068	70.000000	-2.389520e-01	5.155890e-01	0.000000e+00
10001	604.805886	70.000000	-2.446280e-01	5.155950e-01	0.000000e+00
10001	612.272625	70.000000	-2.500020e-01	5.154700e-01	0.000000e+00
10001	619.926033	70.000000	-2.555040e-01	5.154120e-01	0.000000e+00
10001	627.773198	70.000000	-2.611450e-01	5.153380e-01	0.000000e+00
10001	635.821572	70.000000	-2.663890e-01	5.155800e-01	0.000000e+00
10001	644.078995	70.000000	-2.719910e-01	5.154090e-01	0.000000e+00
10001	652.553719	70.000000	-2.774600e-01	5.156190e-01	0.000000e+00
10001	661.254435	70.000000	-2.833660e-01	5.153380e-01	0.000000e+00
10001	670.190306	70.000000	-2.890300e-01	5.158060e-01	0.000000e+00
10001	679.370995	70.000000	-2.955020e-01	5.150440e-01	0.000000e+00
10001	688.806703	70.000000	-3.012700e-01	5.149870e-01	0.000000e+00
10001	698.508206	70.000000	-3.083850e-01	5.143050e-01	0.000000e+00
10001	708.486895	70.000000	-3.135490e-01	5.145100e-01	0.000000e+00
10001	718.754821	70.000000	-3.201460e-01	5.134460e-01	0.000000e+00
10001	729.324745	70.000000	-3.267680e-01	5.130400e-01	0.000000e+00
10001	740.210189	70.000000	-3.332430e-01	5.116960e-01	0.000000e+00
10001	751.425495	70.000000	-3.405690e-01	5.113780e-01	0.000000e+00
10001	762.985887	70.000000	-3.469720e-01	5.111660e-01	0.000000e+00
10001	774.907541	70.000000	-3.522080e-01	5.092860e-01	0.000000e+00
10001	787.207661	70.000000	-3.613340e-01	5.087710e-01	0.000000e+00
10001	799.904559	70.000000	-3.672670e-01	5.071560e-01	0.000000e+00
10001	813.017748	70.000000	-3.735300e-01	5.046370e-01	0.000000e+00
10001	826.568044	70.000000	-3.808520e-01	5.057970e-01	0.000000e+00
10001	855.070390	70.000000	-3.972630e-01	5.013150e-01	0.000000e+00
10001	870.071625	70.000000	-4.040940e-01	5.006380e-01	0.000000e+00
10001	885.608619	70.000000	-4.122950e-01	4.988090e-01	0.000000e+00
10001	901.710593	70.000000	-4.194060e-01	4.965340e-01	0.000000e+00
10001	918.408938	70.000000	-4.264410e-01	4.942710e-01	0.000000e+00
10001	935.737408	70.000000	-4.349700e-01	4.916680e-01	0.000000e+00
10001	953.732358	70.000000	-4.422360e-01	4.898630e-01	0.000000e+00
10001	972.432993	70.000000	-4.501670e-01	4.868500e-01	0.000000e+00
10001	991.881653	70.000000	-4.579550e-01	4.847980e-01	1.354701e+06
10001	1012.124136	70.000000	-4.658660e-01	4.817560e-01	0.000000e+00
10001	1033.210055	70.000000	-4.739000e-01	4.785680e-01	0.000000e+00
10001	1055.193248	70.000000	-4.826440e-01	4.750560e-01	0.000000e+00
10001	1078.132231	70.000000	-4.901630e-01	4.715160e-01	0.000000e+00
10001	1102.090725	70.000000	-5.014430e-01	4.686440e-01	0.000000e+00
10001	1127.138242	70.000000	-5.068380e-01	4.628310e-01	0.000000e+00
10001	1153.350759	70.000000	-5.161870e-01	4.586190e-01	0.000000e+00
10001	1180.811491	70.000000	-5.229940e-01	4.550710e-01	4.580036e+05
10001	1209.611772	70.000000	-5.326760e-01	4.499980e-01	0.000000e+00
10001	1239.852066	70.000000	-5.406210e-01	4.458210e-01	0.000000e+00
10001	1271.643145	70.000000	-5.496950e-01	4.420530e-01	7.700624e+05
10001	1305.107438	70.000000	-5.591890e-01	4.368520e-01	9.027642e+05
10001	1340.380612	70.000000	-5.650910e-01	4.306590e-01	3.165350e+05
10001	1377.613407	70.000000	-5.731990e-01	4.255690e-01	6.922691e+05
10001	1416.973790	70.000000	-5.827140e-01	4.201050e-01	7.976460e+05
10001	1458.649489	70.000000	-5.894000e-01	4.149140e-01	5.241384e+05
10001	1502.850989	70.000000	-5.947800e-01	4.090110e-01	1.687955e+05
10001	1549.815082	70.000000	-6.099520e-01	4.063380e-01	2.187455e+05
10001	1599.809117	70.000000	-6.134950e-01	3.988460e-01	9.332860e+04
10001	1653.136088	70.000000	-6.226860e-01	3.910140e-01	5.293817e+05
10001	1710.140781	70.000000	-6.346630e-01	3.879300e-01	0.000000e+00
10001	1771.217237	70.000000	-6.437760e-01	3.805590e-01	1.326555e+05
10001	1836.817876	70.000000	-6.523610e-01	3.730950e-01	2.600162e+05
10001	1907.464717	70.000000	-6.599170e-01	3.661070e-01	3.604599e+05
10001	1983.763306	70.000000	-6.728390e-01	3.613610e-01	1.990206e+05
10001	2066.420110	70.000000	-6.822840e-01	3.557580e-01	1.059465e+05
10001	190.746472	75.000000	3.877080e-01	4.882640e-01	5.918144e+03
10001	191.482945	75.000000	3.885650e-01	4.783370e-01	7.877945e+03
10001	192.225127	75.000000	3.899000e-01	4.767070e-01	7.995733e+03
10001	192.973084	75.000000	3.972350e-01	4.746840e-01	1.215155e+04
10001	193.726885	75.000000	4.006770e-01	4.735570e-01	1.112106e+04
10001	194.486599	75.000000	3.966110e-01	4.666260e-01	1.565503e+04
10001	195.252294	75.000000	4.032940e-01	4.698920e-01	1.792858e+04
10001	196.024042	75.000000	4.019570e-01	4.662200e-01	2.267328e+04
10001	196.801915	75.000000	3.991120e-01	4.663570e-01	2.405058e+04
10001	197.585987	75.000000	4.036110e-01	4.669960e-01	1.885552e+04
10001	198.376331	75.000000	4.028380e-01	4.703170e-01	2.269194e+04
10001	199.173023	75.000000	4.111160e-01	4.679960e-01	4.193041e+04
10001	199.976140	75.000000	4.060920e-01	4.699550e-01	4.259961e+04
10001	200.785760	75.000000	4.068200e-01	4.716830e-01	4.251586e+04
10001	201.601962	75.000000	4.062810e-01	4.720460e-01	4.662338e+04
10001	202.424827	75.000000	4.062320e-01	4.736030e-01	6.234835e+04
10001	203.254437	75.000000	4.117500e-01	4.748040e-01	8.880433e+04
10001	204.090875	75.000000	4.077890e-01	4.775660e-01	7.788314e+04
10001	204.934226	75.000000	4.052610e-01	4.811140e-01	6.410676e+04
10001	205.784575	75.000000	4.058420e-01	4.823050e-01	4.839281e+04
10001	206.642011	75.000000	4.044890e-01	4.809490e-01	1.238831e+05
10001	207.506622	75.000000	4.052560e-01	4.861960e-01	6.832456e+04
10001	208.378498	75.000000	4.052890e-01	4.876470e-01	9.551556e+04
10001	209.257733	75.000000	4.010610e-01	4.913490e-01	1.432587e+05
10001	210.144418	75.000000	3.984790e-01	4.908800e-01	1.598684e+05
10001	211.038650	75.000000	3.987000e-01	4.954860e-01	1.407832e+05
10001	211.940524	75.000000	3.986640e-01	4.978630e-01	1.639901e+05
10001	212.850140	75.000000	3.972090e-01	4.996170e-01	2.303192e+05
10001	213.767598	75.000000	3.962420e-01	5.029740e-01	2.115269e+05
10001	214.692998	75.000000	3.932510e-01	5.054670e-01	2.820485e+05
10001	215.626446	75.000000	3.944600e-01	5.093450e-01	1.976765e+05
10001	216.568046	75.000000	3.901500e-01	5.102260e-01	2.693860e+05
10001	217.517906	75.000000	3.897260e-01	5.127940e-01	2.696217e+05
10001	218.476135	75.000000	3.869100e-01	5.158150e-01	2.513742e+05
10001	219.442844	75.000000	3.853210e-01	5.175700e-01	3.129494e+05
10001	220.418145	75.000000	3.836460e-01	5.206450e-01	3.476362e+05
10001	221.402155	75.000000	3.804320e-01	5.245680e-01	2.218402e+05
10001	222.394989	75.000000	3.767460e-01	5.260630e-01	3.038246e+05
10001	223.396769	75.000000	3.770490e-01	5.298830e-01	4.228435e+05
10001	224.407614	75.000000	3.735090e-01	5.323070e-01	2.624059e+05
10001	225.427648	75.000000	3.699330e-01	5.338600e-01	2.971237e+05
10001	226.456998	75.000000	3.681840e-01	5.375890e-01	2.144306e+05
10001	227.495792	75.000000	3.655720e-01	5.398000e-01	3.109569e+05
10001	228.544160	75.000000	3.621370e-01	5.415350e-01	3.927623e+05
10001	229.602234	75.000000	3.610790e-01	5.448690e-01	2.591079e+05
10001	230.670152	75.000000	3.580320e-01	5.473740e-01	2.867468e+05
10001	231.748050	75.000000	3.531060e-01	5.496300e-01	3.430483e+05
10001	232.836069	75.000000	3.510050e-01	5.519690e-01	4.379288e+05
10001	233.934352	75.000000	3.467350e-01	5.546000e-01	3.870493e+05
10001	235.043046	75.000000	3.453030e-01	5.568750e-01	4.247495e+05
10001	236.162298	75.000000	3.414520e-01	5.595630e-01	4.632767e+05
10001	237.292261	75.000000	3.371780e-01	5.610510e-01	3.915983e+05
10001	238.433090	75.000000	3.352000e-01	5.635630e-01	3.524675e+05
10001	239.584940	75.000000	3.313560e-01	5.659940e-01	3.372961e+05
10001	240.747974	75.000000	3.287120e-01	5.685120e-01	3.176917e+05
10001	241.922354	75.000000	3.240380e-01	5.698000e-01	4.443273e+05
10001	243.108248	75.000000	3.206860e-01	5.717790e-01	5.356565e+05
10001	244.305826	75.000000	3.182010e-01	5.747180e-01	4.092909e+05
10001	245.515261	75.000000	3.136020e-01	5.771830e-01	3.481754e+05
10001	246.736730	75.000000	3.101200e-01	5.801270e-01	4.309320e+05
10001	247.970413	75.000000	3.062430e-01	5.821230e-01	5.335530e+05
10001	249.216496	75.000000	3.024140e-01	5.838650e-01	4.390752e+05
10001	250.475165	75.000000	2.982460e-01	5.864060e-01	3.876743e+05
10001	251.746612	75.000000	2.942890e-01	5.889270e-01	4.354178e+05
10001	253.031034	75.000000	2.899590e-01	5.919190e-01	4.487797e+05
10001	254.328629	75.000000	2.849330e-01	5.942070e-01	4.470854e+05
10001	255.639601	75.000000	2.818210e-01	5.959860e-01	3.750621e+05
10001	256.964159	75.000000	2.766880e-01	5.998470e-01	3.062933e+05
10001	258.302514	75.000000	2.709840e-01	6.015400e-01	4.212319e+05
10001	259.654883	75.000000	2.661370e-01	6.045690e-01	3.492180e+05
10001	261.021488	75.000000	2.623390e-01	6.076560e-01	3.304601e+05
10001	262.402554	75.000000	2.583420e-01	6.110710e-01	3.041982e+05
10001	263.798312	75.000000	2.515640e-01	6.148100e-01	4.628753e+05
10001	265.208998	75.000000	2.466030e-01	6.176730e-01	3.794680e+05
10001	266.634853	75.000000	2.414740e-01	6.201690e-01	4.789084e+05
10001	268.076122	75.000000	2.348830e-01	6.240650e-01	3.848353e+05
10001	269.533058	75.000000	2.276150e-01	6.282610e-01	4.490223e+05
10001	271.005916	75.000000	2.192620e-01	6.335480e-01	3.782248e+05
10001	272.494960	75.000000	2.097530e-01	6.378140e-01	3.508531e+05
10001	274.000457	75.000000	1.995790e-01	6.412100e-01	3.268760e+05
10001	275.522681	75.000000	1.884110e-01	6.436100e-01	3.382781e+05
10001	277.061914	75.000000	1.749580e-01	6.451720e-01	3.343990e+05
10001	278.618442	75.000000	1.617410e-01	6.460620e-01	2.317139e+05
10001	280.192557	75.000000	1.482540e-01	6.448340e-01	2.770457e+05
10001	281.784560	75.000000	1.328940e-01	6.412590e-01	3.045007e+05
10001	283.394758	75.000000	1.183190e-01	6.366120e-01	3.164485e+05
10001	285.023463	75.000000	1.053700e-01	6.299910e-01	3.304601e+05
10001	286.670998	75.000000	9.123700e-02	6.216700e-01	2.398267e+05
10001	288.337690	75.000000	8.238300e-02	6.089930e-01	2.759820e+05
10001	290.023875	75.000000	6.950000e-02	5.937680e-01	1.244670e+06
10001	291.729898	75.000000	6.357500e-02	5.816860e-01	0.000000e+00
10001	293.456110	75.000000	5.891600e-02	5.681980e-01	1.377439e+06
10001	295.202873	75.000000	5.627000e-02	5.570190e-01	0.000000e+00
10001	296.970555	75.000000	5.475100e-02	5.465410e-01	1.397222e+06
10001	298.759534	75.000000	5.408200e-02	5.373380e-01	0.000000e+00
10001	300.570198	75.000000	5.351600e-02	5.288530e-01	0.000000e+00
10001	302.402943	75.000000	5.367300e-02	5.204620e-01	0.000000e+00
10001	304.258176	75.000000	5.411600e-02	5.125270e-01	0.000000e+00
10001	306.136313	75.000000	5.430100e-02	5.060230e-01	0.000000e+00
10001	308.037780	75.000000	5.493300e-02	4.992610e-01	0.000000e+00
10001	309.963016	75.000000	5.604400e-02	4.931260e-01	0.000000e+00
10001	311.912469	75.000000	5.689200e-02	4.872750e-01	0.000000e+00
10001	313.886599	75.000000	5.831000e-02	4.816580e-01	0.000000e+00
10001	315.885877	75.000000	6.012700e-02	4.761490e-01	0.000000e+00
10001	317.910786	75.000000	6.146700e-02	4.712050e-01	0.000000e+00
10001	319.961823	75.000000	6.370200e-02	4.661610e-01	0.000000e+00
10001	322.039498	75.000000	6.577800e-02	4.617080e-01	0.000000e+00
10001	324.144331	75.000000	6.790900e-02	4.581890e-01	0.000000e+00
10001	326.276859	75.000000	7.028500e-02	4.547240e-01	0.000000e+00
10001	328.437633	75.000000	7.265100e-02	4.514240e-01	0.000000e+00
10001	330.627218	75.000000	7.516100e-02	4.484950e-01	0.000000e+00
10001	332.846192	75.000000	7.785200e-02	4.460370e-01	0.000000e+00
10001	335.095153	75.000000	8.040700e-02	4.442430e-01	0.000000e+00
10001	337.374712	75.000000	8.287500e-02	4.423330e-01	0.000000e+00
10001	339.685498	75.000000	8.530100e-02	4.408890e-01	0.000000e+00
10001	342.028156	75.000000	8.780500e-02	4.399640e-01	0.000000e+00
10001	344.403352	75.000000	9.036100e-02	4.393720e-01	0.000000e+00
10001	346.811767	75.000000	9.201300e-02	4.390480e-01	0.000000e+00
10001	349.254103	75.000000	9.386100e-02	4.386110e-01	0.000000e+00
10001	351.731083	75.000000	9.574600e-02	4.386790e-01	0.000000e+00
10001	354.243447	75.000000	9.769500e-02	4.388530e-01	0.000000e+00
10001	356.791961	75.000000	9.979200e-02	4.386070e-01	0.000000e+00
10001	359.377410	75.000000	1.015170e-01	4.389970e-01	0.000000e+00
10001	362.000603	75.000000	1.036360e-01	4.396290e-01	0.000000e+00
10001	364.662372	75.000000	1.061710e-01	4.410580e-01	0.000000e+00
10001	367.363575	75.000000	1.077680e-01	4.431120e-01	0.000000e+00
10001	370.105094	75.000000	1.097040e-01	4.460490e-01	0.000000e+00
10001	372.887839	75.000000	1.101270e-01	4.499230e-01	0.000000e+00
10001	375.712747	75.000000	1.097590e-01	4.534720e-01	0.000000e+00
10001	378.580784	75.000000	1.092790e-01	4.562470e-01	0.000000e+00
10001	381.492943	75.000000	1.075150e-01	4.595630e-01	0.000000e+00
10001	384.450253	75.000000	1.053120e-01	4.624470e-01	0.000000e+00
10001	387.453771	75.000000	1.035620e-01	4.642030e-01	0.000000e+00
10001	390.504588	75.000000	1.014680e-01	4.661090e-01	0.000000e+00
10001	393.603830	75.000000	9.916500e-02	4.674690e-01	0.000000e+00
10001	396.752661	75.000000	9.681300e-02	4.688030e-01	0.000000e+00
10001	399.952279	75.000000	9.464300e-02	4.698950e-01	0.000000e+00
10001	403.203924	75.000000	9.189000e-02	4.712540e-01	0.000000e+00
10001	406.508874	75.000000	8.980900e-02	4.723480e-01	0.000000e+00
10001	409.868452	75.000000	8.735700e-02	4.727510e-01	0.000000e+00
10001	413.284022	75.000000	8.508100e-02	4.736050e-01	0.000000e+00
10001	416.756997	75.000000	8.245300e-02	4.742580e-01	0.000000e+00
10001	420.288836	75.000000	8.061000e-02	4.749250e-01	0.000000e+00
10001	423.881048	75.000000	7.833200e-02	4.754320e-01	0.000000e+00
10001	427.535195	75.000000	7.588400e-02	4.755920e-01	0.000000e+00
10001	431.252893	75.000000	7.378600e-02	4.757050e-01	0.000000e+00
10001	435.035813	75.000000	7.186600e-02	4.761380e-01	0.000000e+00
10001	438.885687	75.000000	7.048700e-02	4.763220e-01	0.000000e+00
10001	442.804309	75.000000	6.861200e-02	4.758960e-01	1.597605e+06
10001	446.793537	75.000000	6.722300e-02	4.764170e-01	0.000000e+00
10001	450.855297	75.000000	6.575200e-02	4.763870e-01	0.000000e+00
10001	454.991584	75.000000	6.484800e-02	4.765160e-01	1.550075e+06
10001	459.204469	75.000000	6.371400e-02	4.769080e-01	1.145233e+06
10001	463.496099	75.000000	6.315700e-02	4.776520e-01	1.304495e+06
10001	467.868704	75.000000	6.352100e-02	4.777150e-01	1.738100e+06
10001	472.324597	75.000000	6.337900e-02	4.788880e-01	0.000000e+00
10001	476.866179	75.000000	6.352200e-02	4.802740e-01	1.722327e+06
10001	481.495948	75.000000	6.437200e-02	4.827890e-01	1.497073e+06
10001	486.216496	75.000000	6.468600e-02	4.862280e-01	1.621573e+06
10001	491.030521	75.000000	6.504600e-02	4.906140e-01	1.587198e+06
10001	495.940826	75.000000	6.410900e-02	4.965850e-01	0.000000e+00
10001	500.950330	75.000000	6.204100e-02	5.039400e-01	0.000000e+00
10001	506.062068	75.000000	5.863600e-02	5.099820e-01	0.000000e+00
10001	511.279202	75.000000	5.380300e-02	5.153500e-01	0.000000e+00
10001	516.605028	75.000000	4.799500e-02	5.206180e-01	0.000000e+00
10001	522.042975	75.000000	4.160500e-02	5.248480e-01	0.000000e+00
10001	527.596624	75.000000	3.543100e-02	5.281370e-01	0.000000e+00
10001	533.269706	75.000000	2.887700e-02	5.306940e-01	0.000000e+00
10001	539.066116	75.000000	2.218000e-02	5.334960e-01	0.000000e+00
10001	544.989919	75.000000	1.572400e-02	5.353870e-01	0.000000e+00
10001	551.045363	75.000000	9.990000e-03	5.366610e-01	0.000000e+00
10001	557.236884	75.000000	3.963000e-03	5.378990e-01	0.000000e+00
10001	563.569121	75.000000	-2.036000e-03	5.386500e-01	0.000000e+00
10001	570.046927	75.000000	-7.835000e-03	5.396960e-01	0.000000e+00
10001	576.675380	75.000000	-1.356900e-02	5.411250e-01	0.000000e+00
10001	583.459796	75.000000	-1.926100e-02	5.421290e-01	0.000000e+00
10001	590.405746	75.000000	-2.486700e-02	5.427350e-01	0.000000e+00
10001	597.519068	75.000000	-3.061800e-02	5.437640e-01	0.000000e+00
10001	604.805886	75.000000	-3.644300e-02	5.447030e-01	0.000000e+00
10001	612.272625	75.000000	-4.208500e-02	5.451420e-01	0.000000e+00
10001	619.926033	75.000000	-4.768600e-02	5.461690e-01	0.000000e+00
10001	627.773198	75.000000	-5.363200e-02	5.471180e-01	0.000000e+00
10001	635.821572	75.000000	-5.958900e-02	5.480630e-01	0.000000e+00
10001	644.078995	75.000000	-6.548200e-02	5.492260e-01	0.000000e+00
10001	652.553719	75.000000	-7.127900e-02	5.498820e-01	0.000000e+00
10001	661.254435	75.000000	-7.763100e-02	5.511200e-01	0.000000e+00
10001	670.190306	75.000000	-8.390200e-02	5.521810e-01	0.000000e+00
10001	679.370995	75.000000	-9.023300e-02	5.523280e-01	0.000000e+00
10001	688.806703	75.000000	-9.704200e-02	5.536170e-01	0.000000e+00
10001	698.508206	75.000000	-1.041700e-01	5.541800e-01	0.000000e+00
10001	708.486895	75.000000	-1.102850e-01	5.546130e-01	0.000000e+00
10001	718.754821	75.000000	-1.174380e-01	5.555650e-01	0.000000e+00
10001	729.324745	75.000000	-1.246520e-01	5.562690e-01	0.000000e+00
10001	740.210189	75.000000	-1.312120e-01	5.571400e-01	0.000000e+00
10001	751.425495	75.000000	-1.383300e-01	5.565440e-01	0.000000e+00
10001	762.985887	75.000000	-1.460270e-01	5.571660e-01	0.000000e+00
10001	774.907541	75.000000	-1.533600e-01	5.566100e-01	0.000000e+00
10001	787.207661	75.000000	-1.603420e-01	5.570590e-01	0.000000e+00
10001	799.904559	75.000000	-1.686440e-01	5.569510e-01	0.000000e+00
10001	813.017748	75.000000	-1.773310e-01	5.572520e-01	0.000000e+00
10001	826.568044	75.000000	-1.842880e-01	5.574950e-01	1.363845e+06
10001	855.070390	75.000000	-2.018020e-01	5.566350e-01	0.000000e+00
10001	870.071625	75.000000	-2.108830e-01	5.555130e-01	0.000000e+00
10001	885.608619	75.000000	-2.188620e-01	5.542930e-01	0.000000e+00
10001	901.710593	75.000000	-2.269560e-01	5.538490e-01	0.000000e+00
10001	918.408938	75.000000	-2.355810e-01	5.525680e-01	0.000000e+00
10001	935.737408	75.000000	-2.440790e-01	5.522770e-01	0.000000e+00
10001	953.732358	75.000000	-2.537430e-01	5.511510e-01	0.000000e+00
10001	972.432993	75.000000	-2.624540e-01	5.501980e-01	0.000000e+00
10001	991.881653	75.000000	-2.723570e-01	5.484750e-01	0.000000e+00
10001	1012.124136	75.000000	-2.825640e-01	5.458110e-01	0.000000e+00
10001	1033.210055	75.000000	-2.910960e-01	5.435770e-01	0.000000e+00
10001	1055.193248	75.000000	-3.016450e-01	5.425890e-01	0.000000e+00
10001	1078.132231	75.000000	-3.115200e-01	5.405160e-01	1.304734e+06
10001	1102.090725	75.000000	-3.212280e-01	5.378110e-01	0.000000e+00
10001	1127.138242	75.000000	-3.301370e-01	5.339130e-01	1.377173e+06
10001	1153.350759	75.000000	-3.420890e-01	5.309930e-01	0.000000e+00
10001	1180.811491	75.000000	-3.525020e-01	5.272420e-01	0.000000e+00
10001	1209.611772	75.000000	-3.626590e-01	5.227640e-01	1.254954e+06
10001	1239.852066	75.000000	-3.714680e-01	5.190320e-01	6.648401e+05
10001	1271.643145	75.000000	-3.796860e-01	5.147360e-01	6.445151e+05
10001	1305.107438	75.000000	-3.942520e-01	5.126480e-01	0.000000e+00
10001	1340.380612	75.000000	-4.052370e-01	5.072770e-01	0.000000e+00
10001	1377.613407	75.000000	-4.158450e-01	5.029190e-01	1.053238e+06
10001	1416.973790	75.000000	-4.270820e-01	4.987660e-01	3.999870e+05
10001	1458.649489	75.000000	-4.336020e-01	4.918170e-01	0.000000e+00
10001	1502.850989	75.000000	-4.448270e-01	4.869330e-01	7.706482e+05
10001	1549.815082	75.000000	-4.594280e-01	4.848950e-01	2.104469e+05
10001	1599.809117	75.000000	-4.702560e-01	4.795500e-01	3.413918e+05
10001	1653.136088	75.000000	-4.788460e-01	4.708630e-01	5.192839e+05
10001	1710.140781	75.000000	-4.908560e-01	4.668140e-01	8.908559e+05
10001	1771.217237	75.000000	-5.058970e-01	4.615470e-01	4.126037e+05
10001	1836.817876	75.000000	-5.103610e-01	4.512610e-01	1.929421e+05
10001	1907.464717	75.000000	-5.245270e-01	4.463370e-01	9.909498e+04
10001	1983.763306	75.000000	-5.406520e-01	4.415470e-01	2.441554e+05
10001	2066.420110	75.000000	-5.592220e-01	4.385620e-01	1.223859e+05
