90001	190.746472	55.000000	-1.752188e-01	-7.058425e-01	-3.486875e-01	3.701292e+03
90001	191.482945	55.000000	3.030000e-02	-6.388425e-01	-4.375825e-01	4.558499e+03
90001	192.225127	55.000000	2.396150e-01	-5.730200e-01	-4.717100e-01	9.714212e+03
90001	192.973084	55.000000	4.855525e-01	-4.718725e-01	-4.359475e-01	2.070655e+04
90001	193.726885	55.000000	6.599400e-01	-4.194150e-01	-3.384450e-01	1.423277e+04
90001	194.486599	55.000000	7.705825e-01	-3.597425e-01	-2.320925e-01	7.456065e+03
90001	195.252294	55.000000	8.563637e-01	-3.187275e-01	-1.031050e-01	1.200092e+04
90001	196.024042	55.000000	8.896513e-01	-3.192200e-01	8.325000e-04	2.351361e+04
90001	196.801915	55.000000	8.952625e-01	-3.236725e-01	8.717250e-02	2.435031e+04
90001	197.585987	55.000000	8.818762e-01	-3.533600e-01	1.501850e-01	1.478605e+04
90001	198.376331	55.000000	8.638762e-01	-3.876575e-01	2.110325e-01	2.568620e+04
90001	199.173023	55.000000	8.342763e-01	-4.382025e-01	2.475225e-01	2.648042e+04
90001	199.976140	55.000000	7.982700e-01	-4.864475e-01	2.703175e-01	2.180586e+04
90001	200.785760	55.000000	7.597862e-01	-5.316525e-01	2.889975e-01	2.056112e+04
90001	201.601962	55.000000	7.152950e-01	-5.903250e-01	3.088600e-01	3.193660e+04
90001	202.424827	55.000000	6.652800e-01	-6.424300e-01	3.100375e-01	3.339278e+04
90001	203.254437	55.000000	5.987038e-01	-7.056600e-01	3.222100e-01	5.132598e+04
90001	204.090875	55.000000	5.389600e-01	-7.542950e-01	3.247800e-01	2.827983e+04
90001	204.934226	55.000000	4.756037e-01	-7.889175e-01	3.232375e-01	2.310853e+04
90001	205.784575	55.000000	4.097000e-01	-8.318500e-01	3.204050e-01	3.022064e+04
90001	206.642011	55.000000	3.301175e-01	-8.632175e-01	3.212950e-01	3.680155e+04
90001	207.506622	55.000000	2.623857e-01	-8.912400e-01	3.177125e-01	3.984124e+04
90001	208.378498	55.000000	1.798475e-01	-9.129025e-01	3.123125e-01	3.563540e+04
90001	209.257733	55.000000	1.001462e-01	-9.291050e-01	3.090950e-01	4.233585e+04
90001	210.144418	55.000000	1.546250e-02	-9.335875e-01	2.944075e-01	4.441793e+04
90001	211.038650	55.000000	-6.052625e-02	-9.363250e-01	2.936300e-01	4.778062e+04
90001	211.940524	55.000000	-1.340400e-01	-9.311600e-01	2.879125e-01	7.088074e+04
90001	212.850140	55.000000	-2.050537e-01	-9.204525e-01	2.694225e-01	5.255196e+04
90001	213.767598	55.000000	-2.692000e-01	-9.105450e-01	2.576100e-01	5.917069e+04
90001	214.692998	55.000000	-3.291313e-01	-8.953475e-01	2.423325e-01	3.160340e+04
90001	215.626446	55.000000	-3.826800e-01	-8.735533e-01	2.142225e-01	2.374481e+04
90001	216.568046	55.000000	-4.247175e-01	-8.685075e-01	1.893350e-01	3.836982e+04
90001	217.517906	55.000000	-4.579112e-01	-8.572600e-01	1.595325e-01	6.374504e+04
90001	218.476135	55.000000	-4.745737e-01	-8.498775e-01	1.131375e-01	2.767014e+04
90001	219.442844	55.000000	-4.776187e-01	-8.480175e-01	6.386500e-02	3.165189e+04
90001	220.418145	55.000000	-4.514400e-01	-8.591675e-01	-1.132000e-02	5.271313e+04
90001	221.402155	55.000000	-3.996637e-01	-8.772700e-01	-8.204000e-02	4.540215e+04
90001	222.394989	55.000000	-3.055300e-01	-8.847600e-01	-1.639675e-01	2.881243e+04
90001	223.396769	55.000000	-1.675975e-01	-9.035850e-01	-2.434575e-01	7.517387e+04
90001	224.407614	55.000000	1.428875e-02	-8.839675e-01	-3.039200e-01	8.504490e+04
90001	225.427648	55.000000	2.125937e-01	-8.449550e-01	-3.290475e-01	3.581081e+04
90001	226.456998	55.000000	4.005650e-01	-7.783350e-01	-3.218575e-01	3.570344e+04
90001	227.495792	55.000000	5.664088e-01	-6.997325e-01	-2.769875e-01	4.643836e+04
90001	228.544160	55.000000	6.919600e-01	-6.268825e-01	-2.064525e-01	4.513380e+04
90001	229.602234	55.000000	7.822763e-01	-5.469900e-01	-1.228175e-01	3.673308e+04
90001	230.670152	55.000000	8.299200e-01	-5.040250e-01	-5.059500e-02	3.693284e+04
90001	231.748050	55.000000	8.538688e-01	-4.693650e-01	2.289500e-02	5.260413e+04
90001	232.836069	55.000000	8.630125e-01	-4.579425e-01	7.306250e-02	7.668044e+04
90001	233.934352	55.000000	8.577650e-01	-4.683125e-01	1.297750e-01	4.079803e+04
90001	235.043046	55.000000	8.421425e-01	-4.799875e-01	1.621750e-01	4.121315e+04
90001	236.162298	55.000000	8.220625e-01	-4.982525e-01	1.970325e-01	5.318992e+04
90001	237.292261	55.000000	7.957750e-01	-5.373575e-01	2.184475e-01	3.418863e+04
90001	238.433090	55.000000	7.629500e-01	-5.690325e-01	2.404225e-01	4.445657e+04
90001	239.584940	55.000000	7.254162e-01	-6.098400e-01	2.553925e-01	4.277714e+04
90001	240.747974	55.000000	6.831363e-01	-6.557500e-01	2.669850e-01	3.648307e+04
90001	241.922354	55.000000	6.361375e-01	-6.940100e-01	2.667950e-01	3.402972e+04
90001	243.108248	55.000000	5.847087e-01	-7.377300e-01	2.759850e-01	4.663856e+04
90001	244.305826	55.000000	5.285962e-01	-7.816975e-01	2.806625e-01	4.165565e+04
90001	245.515261	55.000000	4.696725e-01	-8.123575e-01	2.779375e-01	4.213872e+04
90001	246.736730	55.000000	4.090313e-01	-8.475800e-01	2.826825e-01	4.392028e+04
90001	247.970413	55.000000	3.439950e-01	-8.733550e-01	2.843950e-01	3.398035e+04
90001	249.216496	55.000000	2.793613e-01	-9.020750e-01	2.738375e-01	4.685925e+04
90001	250.475165	55.000000	2.116050e-01	-9.170325e-01	2.693625e-01	3.429669e+04
90001	251.746612	55.000000	1.384863e-01	-9.327650e-01	2.721550e-01	4.097332e+04
90001	253.031034	55.000000	6.494375e-02	-9.404800e-01	2.687975e-01	4.821013e+04
90001	254.328629	55.000000	-7.530000e-03	-9.418400e-01	2.562700e-01	3.202680e+04
90001	255.639601	55.000000	-8.379500e-02	-9.419950e-01	2.500550e-01	4.289893e+04
90001	256.964159	55.000000	-1.542425e-01	-9.374450e-01	2.444850e-01	4.532504e+04
90001	258.302514	55.000000	-2.199562e-01	-9.307600e-01	2.326475e-01	5.512708e+04
90001	259.654883	55.000000	-2.837200e-01	-9.088650e-01	2.210975e-01	3.731163e+04
90001	261.021488	55.000000	-3.417400e-01	-8.946100e-01	2.090950e-01	4.819574e+04
90001	262.402554	55.000000	-3.934263e-01	-8.761475e-01	1.958025e-01	3.679681e+04
90001	263.798312	55.000000	-4.365625e-01	-8.636925e-01	1.789325e-01	3.868647e+04
90001	265.208998	55.000000	-4.739287e-01	-8.464325e-01	1.563775e-01	4.810652e+04
90001	266.634853	55.000000	-5.019825e-01	-8.349375e-01	1.351225e-01	4.150331e+04
90001	268.076122	55.000000	-5.193087e-01	-8.264675e-01	1.000850e-01	3.522206e+04
90001	269.533058	55.000000	-5.236925e-01	-8.293375e-01	7.113250e-02	6.145987e+04
90001	271.005916	55.000000	-5.116225e-01	-8.342600e-01	2.928500e-02	3.419309e+04
90001	272.494960	55.000000	-4.761612e-01	-8.512750e-01	-1.965000e-02	3.708644e+04
90001	274.000457	55.000000	-4.156887e-01	-8.833950e-01	-7.647250e-02	3.498619e+04
90001	275.522681	55.000000	-3.161812e-01	-9.129875e-01	-1.329275e-01	4.925732e+04
90001	277.061914	55.000000	-1.882513e-01	-9.308400e-01	-1.882900e-01	3.843471e+04
90001	278.618442	55.000000	-2.178750e-02	-9.396000e-01	-2.266100e-01	5.551151e+04
90001	280.192557	55.000000	1.513637e-01	-9.238650e-01	-2.413975e-01	4.616250e+04
90001	281.784560	55.000000	3.296225e-01	-8.835275e-01	-2.356975e-01	4.561508e+04
90001	283.394758	55.000000	4.845050e-01	-8.206800e-01	-1.961200e-01	4.761571e+04
90001	285.023463	55.000000	6.055638e-01	-7.502775e-01	-1.517425e-01	4.593162e+04
90001	286.670998	55.000000	6.900350e-01	-6.901375e-01	-9.248250e-02	7.050071e+04
90001	288.337690	55.000000	7.434575e-01	-6.384075e-01	-3.882000e-02	4.650518e+04
90001	290.023875	55.000000	7.822738e-01	-6.087500e-01	2.885250e-02	7.337893e+04
90001	291.729898	55.000000	7.939675e-01	-5.917350e-01	7.661500e-02	6.037019e+04
90001	293.456110	55.000000	7.897825e-01	-5.905050e-01	1.210025e-01	5.427564e+04
90001	295.202873	55.000000	7.757325e-01	-6.012375e-01	1.559975e-01	5.348814e+04
90001	296.970555	55.000000	7.540763e-01	-6.177325e-01	1.887275e-01	5.162685e+04
90001	298.759534	55.000000	7.256613e-01	-6.438025e-01	2.150125e-01	6.076278e+04
90001	300.570198	55.000000	6.911538e-01	-6.733350e-01	2.357550e-01	5.509765e+04
90001	302.402943	55.000000	6.534450e-01	-7.033050e-01	2.547175e-01	6.191791e+04
90001	304.258176	55.000000	6.098025e-01	-7.356025e-01	2.705175e-01	5.796590e+04
90001	306.136313	55.000000	5.641437e-01	-7.666825e-01	2.826675e-01	5.587931e+04
90001	308.037780	55.000000	5.150838e-01	-7.961650e-01	2.932800e-01	5.550746e+04
90001	309.963016	55.000000	4.613550e-01	-8.258050e-01	3.033650e-01	6.188382e+04
90001	311.912469	55.000000	4.066987e-01	-8.511975e-01	3.106750e-01	6.560120e+04
90001	313.886599	55.000000	3.470938e-01	-8.737475e-01	3.175775e-01	6.232268e+04
90001	315.885877	55.000000	2.853425e-01	-8.947125e-01	3.227125e-01	6.869589e+04
90001	317.910786	55.000000	2.198350e-01	-9.106000e-01	3.266600e-01	7.206156e+04
90001	319.961823	55.000000	1.536212e-01	-9.236675e-01	3.306250e-01	7.389251e+04
90001	322.039498	55.000000	8.679250e-02	-9.306950e-01	3.319500e-01	6.663871e+04
90001	324.144331	55.000000	2.490875e-02	-9.349375e-01	3.329250e-01	6.853105e+04
90001	326.276859	55.000000	-3.837500e-02	-9.346600e-01	3.331125e-01	8.194562e+04
90001	328.437633	55.000000	-1.040725e-01	-9.306800e-01	3.316475e-01	7.389470e+04
90001	330.627218	55.000000	-1.648763e-01	-9.238050e-01	3.296425e-01	8.853780e+04
90001	332.846192	55.000000	-2.277638e-01	-9.106550e-01	3.256775e-01	7.696425e+04
90001	335.095153	55.000000	-2.854275e-01	-8.968150e-01	3.216550e-01	7.565948e+04
90001	337.374712	55.000000	-3.423450e-01	-8.787225e-01	3.144125e-01	7.536641e+04
90001	339.685498	55.000000	-3.968300e-01	-8.588825e-01	3.058200e-01	7.720838e+04
90001	342.028156	55.000000	-4.471962e-01	-8.383800e-01	2.947775e-01	7.866776e+04
90001	344.403352	55.000000	-4.920462e-01	-8.174625e-01	2.815375e-01	7.616270e+04
90001	346.811767	55.000000	-5.308075e-01	-7.982750e-01	2.652800e-01	7.189400e+04
90001	349.254103	55.000000	-5.652000e-01	-7.818175e-01	2.444050e-01	7.677503e+04
90001	351.731083	55.000000	-5.935162e-01	-7.676975e-01	2.199225e-01	7.795743e+04
90001	354.243447	55.000000	-6.164087e-01	-7.583250e-01	1.884650e-01	7.797525e+04
90001	356.791961	55.000000	-6.294562e-01	-7.560750e-01	1.503875e-01	8.174813e+04
90001	359.377410	55.000000	-6.316812e-01	-7.617950e-01	1.043050e-01	8.014328e+04
90001	362.000603	55.000000	-6.192237e-01	-7.750625e-01	5.078000e-02	7.494801e+04
90001	364.662372	55.000000	-5.883888e-01	-7.996750e-01	-9.665000e-03	7.116648e+04
90001	367.363575	55.000000	-5.328787e-01	-8.323475e-01	-7.438750e-02	6.555190e+04
90001	370.105094	55.000000	-4.430650e-01	-8.722800e-01	-1.463850e-01	6.962254e+04
90001	372.887839	55.000000	-3.052600e-01	-9.104950e-01	-2.203325e-01	5.371652e+04
90001	375.712747	55.000000	-1.334225e-01	-9.339025e-01	-2.772750e-01	5.371909e+04
90001	378.580784	55.000000	5.209875e-02	-9.341425e-01	-3.040450e-01	6.491694e+04
90001	381.492943	55.000000	2.467150e-01	-9.064950e-01	-2.979550e-01	7.611900e+04
90001	384.450253	55.000000	4.097062e-01	-8.595625e-01	-2.568975e-01	7.018370e+04
90001	387.453771	55.000000	5.362962e-01	-8.072200e-01	-1.965050e-01	7.357583e+04
90001	390.504588	55.000000	6.312675e-01	-7.541625e-01	-1.220500e-01	7.294447e+04
90001	393.603830	55.000000	6.960712e-01	-7.065050e-01	-4.220000e-02	8.866188e+04
90001	396.752661	55.000000	7.314500e-01	-6.714925e-01	3.293000e-02	9.203051e+04
90001	399.952279	55.000000	7.454950e-01	-6.495650e-01	9.912500e-02	9.200412e+04
90001	403.203924	55.000000	7.463875e-01	-6.364875e-01	1.594700e-01	8.875078e+04
90001	406.508874	55.000000	7.355163e-01	-6.353675e-01	2.085825e-01	8.638123e+04
90001	409.868452	55.000000	7.164938e-01	-6.408350e-01	2.506150e-01	9.183285e+04
90001	413.284022	55.000000	6.912175e-01	-6.533050e-01	2.870925e-01	7.128143e+04
90001	416.756997	55.000000	6.592062e-01	-6.715850e-01	3.199800e-01	9.439253e+04
90001	420.288836	55.000000	6.233200e-01	-6.906925e-01	3.471300e-01	9.565497e+04
90001	423.881048	55.000000	5.832813e-01	-7.123400e-01	3.705150e-01	8.999178e+04
90001	427.535195	55.000000	5.427762e-01	-7.329500e-01	3.893775e-01	8.480391e+04
90001	431.252893	55.000000	4.987800e-01	-7.546800e-01	4.062875e-01	9.889639e+04
90001	435.035813	55.000000	4.502500e-01	-7.764475e-01	4.212250e-01	1.171128e+05
90001	438.885687	55.000000	3.972738e-01	-7.973700e-01	4.345950e-01	1.080564e+05
90001	442.804309	55.000000	3.449625e-01	-8.153425e-01	4.454350e-01	9.661146e+04
90001	446.793537	55.000000	2.917212e-01	-8.285850e-01	4.557450e-01	9.005920e+04
90001	450.855297	55.000000	2.377962e-01	-8.425125e-01	4.635850e-01	9.829458e+04
90001	454.991584	55.000000	1.810413e-01	-8.509600e-01	4.707250e-01	9.083177e+04
90001	459.204469	55.000000	1.191875e-01	-8.584925e-01	4.775200e-01	1.223527e+05
90001	463.496099	55.000000	6.109000e-02	-8.611125e-01	4.827525e-01	8.417891e+04
90001	467.868704	55.000000	5.645000e-03	-8.627450e-01	4.871900e-01	1.194723e+05
90001	472.324597	55.000000	-5.008125e-02	-8.575850e-01	4.904850e-01	9.250556e+04
90001	476.866179	55.000000	-1.063425e-01	-8.526775e-01	4.921950e-01	1.106850e+05
90001	481.495948	55.000000	-1.638500e-01	-8.419875e-01	4.930825e-01	1.045836e+05
90001	486.216496	55.000000	-2.161100e-01	-8.318400e-01	4.938900e-01	1.131558e+05
90001	491.030521	55.000000	-2.692463e-01	-8.181075e-01	4.927700e-01	1.420197e+05
90001	495.940826	55.000000	-3.209275e-01	-7.995100e-01	4.899375e-01	1.241039e+05
90001	500.950330	55.000000	-3.745700e-01	-7.865075e-01	4.892750e-01	1.225684e+05
90001	506.062068	55.000000	-4.221775e-01	-7.663000e-01	4.835925e-01	1.398298e+05
90001	511.279202	55.000000	-4.678787e-01	-7.448600e-01	4.753200e-01	1.205485e+05
90001	516.605028	55.000000	-5.128587e-01	-7.220250e-01	4.643875e-01	1.328002e+05
90001	522.042975	55.000000	-5.556863e-01	-6.991125e-01	4.496475e-01	1.280685e+05
90001	527.596624	55.000000	-5.952050e-01	-6.773975e-01	4.320350e-01	1.418899e+05
90001	533.269706	55.000000	-6.327237e-01	-6.573400e-01	4.103750e-01	1.372292e+05
90001	539.066116	55.000000	-6.692588e-01	-6.377625e-01	3.806800e-01	1.264266e+05
90001	544.989919	55.000000	-7.030600e-01	-6.221000e-01	3.445725e-01	1.313216e+05
90001	551.045363	55.000000	-7.318450e-01	-6.113175e-01	3.022725e-01	1.375451e+05
90001	557.236884	55.000000	-7.571937e-01	-6.054450e-01	2.472275e-01	1.422749e+05
90001	563.569121	55.000000	-7.762388e-01	-6.043800e-01	1.786300e-01	1.375802e+05
90001	570.046927	55.000000	-7.848500e-01	-6.107150e-01	9.668500e-02	1.332151e+05
90001	576.675380	55.000000	-7.784288e-01	-6.264225e-01	-6.722500e-03	1.538127e+05
90001	583.459796	55.000000	-7.471737e-01	-6.475300e-01	-1.282550e-01	1.514733e+05
90001	590.405746	55.000000	-6.809637e-01	-6.758075e-01	-2.623325e-01	1.332015e+05
90001	597.519068	55.000000	-5.634475e-01	-7.085025e-01	-4.062350e-01	1.043472e+05
90001	604.805886	55.000000	-3.858562e-01	-7.377025e-01	-5.390850e-01	1.385013e+05
90001	612.272625	55.000000	-1.639200e-01	-7.546200e-01	-6.209850e-01	1.544567e+05
90001	619.926033	55.000000	9.400000e-02	-7.512000e-01	-6.397025e-01	1.422293e+05
90001	627.773198	55.000000	3.356512e-01	-7.280025e-01	-5.847200e-01	1.337813e+05
90001	635.821572	55.000000	5.337463e-01	-6.913500e-01	-4.710775e-01	2.070794e+05
90001	644.078995	55.000000	6.746700e-01	-6.511075e-01	-3.325225e-01	2.046146e+05
90001	652.553719	55.000000	7.602825e-01	-6.161350e-01	-1.883800e-01	2.276429e+05
90001	661.254435	55.000000	8.044712e-01	-5.853625e-01	-5.247500e-02	2.061792e+05
90001	670.190306	55.000000	8.178163e-01	-5.671075e-01	6.201500e-02	1.939791e+05
90001	679.370995	55.000000	8.114675e-01	-5.564175e-01	1.595100e-01	1.713004e+05
90001	688.806703	55.000000	7.935900e-01	-5.545975e-01	2.393825e-01	1.977751e+05
90001	698.508206	55.000000	7.672662e-01	-5.602375e-01	3.039100e-01	1.939122e+05
90001	708.486895	55.000000	7.368662e-01	-5.689900e-01	3.598925e-01	1.874850e+05
90001	718.754821	55.000000	7.026800e-01	-5.818925e-01	4.018725e-01	1.895656e+05
90001	729.324745	55.000000	6.681037e-01	-5.968300e-01	4.371550e-01	2.071847e+05
90001	740.210189	55.000000	6.283725e-01	-6.163825e-01	4.643150e-01	2.014380e+05
90001	751.425495	55.000000	5.881750e-01	-6.324400e-01	4.915875e-01	1.386545e+05
90001	762.985887	55.000000	5.462987e-01	-6.534600e-01	5.111275e-01	1.567056e+05
90001	774.907541	55.000000	5.052688e-01	-6.750525e-01	5.287250e-01	1.358194e+05
90001	787.207661	55.000000	4.598612e-01	-6.930075e-01	5.401375e-01	1.717910e+05
90001	799.904559	55.000000	4.141325e-01	-7.113250e-01	5.529100e-01	1.224245e+05
90001	813.017748	55.000000	3.689062e-01	-7.243750e-01	5.600225e-01	9.501761e+04
90001	826.568044	55.000000	3.202238e-01	-7.436500e-01	5.689800e-01	1.288986e+05
90001	840.577672	55.000000	2.715975e-01	-7.531650e-01	5.699575e-01	7.706447e+04
90001	855.070390	55.000000	2.132200e-01	-7.573300e-01	5.754725e-01	6.301823e+04
90001	870.071625	55.000000	1.631850e-01	-7.632550e-01	5.772025e-01	1.303152e+05
90001	885.608619	55.000000	1.199575e-01	-8.001475e-01	6.018675e-01	1.600872e+05
90001	901.710593	55.000000	6.275750e-02	-8.062050e-01	6.012350e-01	1.919209e+05
90001	918.408938	55.000000	1.517375e-02	-8.103450e-01	6.053775e-01	1.634663e+05
90001	935.737408	55.000000	-4.140625e-02	-8.053025e-01	6.041775e-01	1.114902e+05
90001	953.732358	55.000000	-9.034875e-02	-8.055000e-01	6.062275e-01	1.520166e+05
90001	972.432993	55.000000	-1.435437e-01	-7.958550e-01	6.056225e-01	1.741083e+05
90001	991.881653	55.000000	-1.927325e-01	-7.890975e-01	6.057125e-01	2.159525e+05
90001	1012.124136	55.000000	-2.437462e-01	-7.764275e-01	5.955275e-01	1.445237e+05
90001	1033.210055	55.000000	-2.888100e-01	-7.600150e-01	5.734775e-01	1.615447e+05
90001	1055.193248	55.000000	-3.262038e-01	-7.634725e-01	5.471725e-01	1.300824e+05
90001	1078.132231	55.000000	-3.581150e-01	-7.597675e-01	5.205600e-01	1.449804e+05
90001	1102.090725	55.000000	-3.875250e-01	-7.515875e-01	5.038625e-01	8.176546e+04
90001	1127.138242	55.000000	-4.134538e-01	-7.412300e-01	4.951450e-01	9.466542e+04
90001	1153.350759	55.000000	-4.381000e-01	-7.258175e-01	4.863850e-01	1.432219e+05
90001	1180.811491	55.000000	-4.609612e-01	-7.207225e-01	4.868750e-01	8.550723e+04
90001	1209.611772	55.000000	-4.808013e-01	-7.065775e-01	4.761825e-01	6.783048e+04
90001	1239.852066	55.000000	-4.955888e-01	-6.903125e-01	4.683800e-01	6.119266e+04
90001	1271.643145	55.000000	-5.064000e-01	-6.909900e-01	4.643950e-01	3.679626e+04
90001	1305.107438	55.000000	-5.088525e-01	-6.823800e-01	4.548950e-01	4.768389e+04
90001	1340.380612	55.000000	-5.040725e-01	-6.763550e-01	4.438425e-01	5.340567e+04
90001	1377.613407	55.000000	-4.923713e-01	-6.776700e-01	4.381200e-01	4.163448e+04
90001	1416.973790	55.000000	-4.700037e-01	-6.797050e-01	4.328425e-01	5.875791e+04
90001	1458.649489	55.000000	-4.394900e-01	-6.894300e-01	4.230775e-01	2.656200e+04
90001	1502.850989	55.000000	-3.973600e-01	-6.912325e-01	4.140250e-01	4.635886e+04
90001	1549.815082	55.000000	-3.451537e-01	-7.023275e-01	4.100475e-01	3.756570e+04
90001	1599.809117	55.000000	-2.837913e-01	-7.129675e-01	4.037200e-01	3.622464e+04
90001	1653.136088	55.000000	-2.144400e-01	-7.196725e-01	3.978250e-01	4.999733e+04
90001	1710.140781	55.000000	-1.380113e-01	-7.215175e-01	3.930425e-01	7.214739e+04
90001	1771.217237	55.000000	-5.726000e-02	-7.269400e-01	3.998175e-01	1.188046e+05
90001	1836.817876	55.000000	2.407375e-02	-7.109629e-01	3.877875e-01	5.300021e+04
90001	1907.464717	55.000000	1.057938e-01	-7.250175e-01	3.990400e-01	9.737605e+04
90001	1983.763306	55.000000	1.834675e-01	-6.972800e-01	3.851125e-01	3.997461e+04
90001	2066.420110	55.000000	2.549650e-01	-6.802125e-01	3.878975e-01	8.274412e+03
90001	190.746472	60.000000	6.989200e-01	-1.311225e-01	-3.643725e-01	4.596805e+03
90001	191.482945	60.000000	8.167225e-01	-8.063750e-02	-2.423375e-01	1.186720e+04
90001	192.225127	60.000000	8.842825e-01	-6.118500e-02	-1.124750e-01	1.930118e+04
90001	192.973084	60.000000	9.217200e-01	-5.714000e-02	-1.120000e-03	1.442126e+04
90001	193.726885	60.000000	9.324613e-01	-8.277500e-02	1.024425e-01	1.366517e+04
90001	194.486599	60.000000	9.290150e-01	-1.003175e-01	1.696325e-01	1.871375e+04
90001	195.252294	60.000000	9.202263e-01	-1.504425e-01	2.253800e-01	2.108602e+04
90001	196.024042	60.000000	8.989575e-01	-2.014425e-01	2.752875e-01	9.249489e+04
90001	196.801915	60.000000	8.772787e-01	-2.673250e-01	3.106875e-01	3.426912e+04
90001	197.585987	60.000000	8.452863e-01	-3.361175e-01	3.374075e-01	2.687920e+04
90001	198.376331	60.000000	8.064088e-01	-4.002775e-01	3.582575e-01	4.301528e+04
90001	199.173023	60.000000	7.584538e-01	-4.784000e-01	3.798900e-01	1.963012e+04
90001	199.976140	60.000000	7.054475e-01	-5.428975e-01	3.903950e-01	2.734170e+04
90001	200.785760	60.000000	6.413225e-01	-6.080925e-01	3.970025e-01	2.868401e+04
90001	201.601962	60.000000	5.731725e-01	-6.742650e-01	4.044400e-01	3.011802e+04
90001	202.424827	60.000000	4.971625e-01	-7.220775e-01	4.081700e-01	5.689141e+04
90001	203.254437	60.000000	3.986525e-01	-7.862000e-01	4.144575e-01	3.516507e+04
90001	204.090875	60.000000	3.054525e-01	-8.319400e-01	4.155775e-01	5.741240e+04
90001	204.934226	60.000000	2.140412e-01	-8.536625e-01	4.074275e-01	3.572551e+04
90001	205.784575	60.000000	1.255887e-01	-8.767475e-01	4.008725e-01	5.254103e+04
90001	206.642011	60.000000	1.545250e-02	-8.817975e-01	3.917725e-01	2.882280e+04
90001	207.506622	60.000000	-7.423875e-02	-8.886400e-01	3.856925e-01	4.547559e+04
90001	208.378498	60.000000	-1.751050e-01	-8.828575e-01	3.691650e-01	4.155307e+04
90001	209.257733	60.000000	-2.669712e-01	-8.651550e-01	3.521825e-01	8.356806e+04
90001	210.144418	60.000000	-3.567312e-01	-8.485125e-01	3.278225e-01	4.642514e+04
90001	211.038650	60.000000	-4.326575e-01	-8.250550e-01	3.060050e-01	5.131084e+04
90001	211.940524	60.000000	-4.978175e-01	-7.967175e-01	2.765000e-01	3.356003e+04
90001	212.850140	60.000000	-5.504625e-01	-7.698750e-01	2.445675e-01	4.073546e+04
90001	213.767598	60.000000	-5.953225e-01	-7.518150e-01	1.953700e-01	1.088360e+05
90001	214.692998	60.000000	-6.249586e-01	-7.386125e-01	1.242767e-01	3.001876e+04
90001	215.626446	60.000000	-6.294787e-01	-7.438825e-01	7.389500e-02	3.415779e+04
90001	216.568046	60.000000	-6.082688e-01	-7.536550e-01	-1.048500e-02	1.314462e+05
90001	217.517906	60.000000	-5.532588e-01	-7.759300e-01	-1.134150e-01	3.140086e+04
90001	218.476135	60.000000	-4.459200e-01	-7.983850e-01	-2.101975e-01	2.633294e+04
90001	219.442844	60.000000	-2.889437e-01	-8.147500e-01	-3.238950e-01	3.049272e+04
90001	220.418145	60.000000	-5.562125e-02	-8.047950e-01	-4.121775e-01	1.748258e+04
90001	221.402155	60.000000	2.043100e-01	-7.476250e-01	-4.464375e-01	2.263888e+04
90001	222.394989	60.000000	4.526975e-01	-6.536150e-01	-4.334075e-01	2.691244e+04
90001	223.396769	60.000000	6.519062e-01	-5.392425e-01	-3.639675e-01	2.516339e+04
90001	224.407614	60.000000	7.960038e-01	-4.342475e-01	-2.708800e-01	3.352134e+04
90001	225.427648	60.000000	8.819463e-01	-3.458375e-01	-1.685325e-01	2.448199e+04
90001	226.456998	60.000000	9.250550e-01	-2.851925e-01	-6.746750e-02	4.595270e+04
90001	227.495792	60.000000	9.448500e-01	-2.509950e-01	4.380000e-03	4.412021e+04
90001	228.544160	60.000000	9.495300e-01	-2.354775e-01	6.961750e-02	5.215211e+04
90001	229.602234	60.000000	9.432713e-01	-2.395275e-01	1.255950e-01	6.784986e+04
90001	230.670152	60.000000	9.329325e-01	-2.558200e-01	1.725625e-01	5.572181e+04
90001	231.748050	60.000000	9.154175e-01	-2.916075e-01	2.090625e-01	4.694977e+04
90001	232.836069	60.000000	8.928650e-01	-3.363175e-01	2.454150e-01	3.909401e+04
90001	233.934352	60.000000	8.659550e-01	-3.810475e-01	2.711450e-01	3.701701e+04
90001	235.043046	60.000000	8.333950e-01	-4.295975e-01	2.917450e-01	5.731567e+04
90001	236.162298	60.000000	7.928938e-01	-4.881975e-01	3.084325e-01	4.001123e+04
90001	237.292261	60.000000	7.499563e-01	-5.439175e-01	3.195550e-01	4.600001e+04
90001	238.433090	60.000000	6.973637e-01	-6.004475e-01	3.335800e-01	4.996172e+04
90001	239.584940	60.000000	6.379350e-01	-6.576925e-01	3.490975e-01	5.659977e+04
90001	240.747974	60.000000	5.723475e-01	-7.051425e-01	3.528325e-01	4.346229e+04
90001	241.922354	60.000000	5.001663e-01	-7.543450e-01	3.589350e-01	5.038366e+04
90001	243.108248	60.000000	4.220087e-01	-8.033025e-01	3.600650e-01	3.922278e+04
90001	244.305826	60.000000	3.403950e-01	-8.409075e-01	3.597250e-01	4.165267e+04
90001	245.515261	60.000000	2.552713e-01	-8.707325e-01	3.596625e-01	4.696135e+04
90001	246.736730	60.000000	1.687200e-01	-8.908850e-01	3.557525e-01	3.400774e+04
90001	247.970413	60.000000	8.042250e-02	-9.063375e-01	3.512950e-01	2.913012e+04
90001	249.216496	60.000000	-7.811250e-03	-9.119075e-01	3.458250e-01	4.640571e+04
90001	250.475165	60.000000	-9.204375e-02	-9.067000e-01	3.395050e-01	4.317549e+04
90001	251.746612	60.000000	-1.813325e-01	-9.022775e-01	3.290825e-01	4.722156e+04
90001	253.031034	60.000000	-2.666337e-01	-8.866975e-01	3.139000e-01	5.139758e+04
90001	254.328629	60.000000	-3.447650e-01	-8.650425e-01	2.991075e-01	4.201317e+04
90001	255.639601	60.000000	-4.217913e-01	-8.397700e-01	2.799475e-01	4.489426e+04
90001	256.964159	60.000000	-4.885350e-01	-8.078650e-01	2.587575e-01	3.673900e+04
90001	258.302514	60.000000	-5.443687e-01	-7.828975e-01	2.347225e-01	5.442078e+04
90001	259.654883	60.000000	-5.926900e-01	-7.570875e-01	2.051400e-01	4.101918e+04
90001	261.021488	60.000000	-6.292887e-01	-7.320025e-01	1.724800e-01	4.288281e+04
90001	262.402554	60.000000	-6.536912e-01	-7.187675e-01	1.375425e-01	5.074324e+04
90001	263.798312	60.000000	-6.643513e-01	-7.146150e-01	9.492750e-02	3.383113e+04
90001	265.208998	60.000000	-6.596463e-01	-7.247250e-01	4.625500e-02	4.662119e+04
90001	266.634853	60.000000	-6.323762e-01	-7.451450e-01	-1.323500e-02	4.021922e+04
90001	268.076122	60.000000	-5.788662e-01	-7.813700e-01	-8.078000e-02	5.003518e+04
90001	269.533058	60.000000	-4.922975e-01	-8.230125e-01	-1.502175e-01	3.011191e+04
90001	271.005916	60.000000	-3.499575e-01	-8.681125e-01	-2.274500e-01	3.069386e+04
90001	272.494960	60.000000	-1.626675e-01	-8.974075e-01	-2.892550e-01	3.050865e+04
90001	274.000457	60.000000	6.163875e-02	-8.893600e-01	-3.274025e-01	2.290424e+04
90001	275.522681	60.000000	3.022812e-01	-8.430500e-01	-3.269575e-01	2.577209e+04
90001	277.061914	60.000000	5.042100e-01	-7.630325e-01	-2.948575e-01	4.105726e+04
90001	278.618442	60.000000	6.697788e-01	-6.579700e-01	-2.346850e-01	4.568872e+04
90001	280.192557	60.000000	7.752425e-01	-5.666875e-01	-1.626450e-01	3.611650e+04
90001	281.784560	60.000000	8.472925e-01	-4.871375e-01	-9.528250e-02	5.221187e+04
90001	283.394758	60.000000	8.853637e-01	-4.285350e-01	-2.564750e-02	4.259562e+04
90001	285.023463	60.000000	9.033225e-01	-3.924925e-01	2.615500e-02	4.209714e+04
90001	286.670998	60.000000	9.082388e-01	-3.829400e-01	7.788500e-02	6.021857e+04
90001	288.337690	60.000000	9.018550e-01	-3.869400e-01	1.181950e-01	5.402404e+04
90001	290.023875	60.000000	8.885825e-01	-4.142750e-01	1.653575e-01	7.496250e+04
90001	291.729898	60.000000	8.668838e-01	-4.433225e-01	1.990650e-01	5.748880e+04
90001	293.456110	60.000000	8.371013e-01	-4.825925e-01	2.314850e-01	6.719654e+04
90001	295.202873	60.000000	8.006000e-01	-5.286275e-01	2.588575e-01	5.734640e+04
90001	296.970555	60.000000	7.578938e-01	-5.743000e-01	2.840250e-01	6.175756e+04
90001	298.759534	60.000000	7.100925e-01	-6.210425e-01	3.071325e-01	5.891085e+04
90001	300.570198	60.000000	6.549862e-01	-6.678575e-01	3.264250e-01	6.224417e+04
90001	302.402943	60.000000	5.984000e-01	-7.126825e-01	3.435275e-01	5.731253e+04
90001	304.258176	60.000000	5.317037e-01	-7.543950e-01	3.594875e-01	5.923904e+04
90001	306.136313	60.000000	4.663075e-01	-7.910625e-01	3.722475e-01	6.361752e+04
90001	308.037780	60.000000	3.936438e-01	-8.240025e-01	3.836650e-01	6.653620e+04
90001	309.963016	60.000000	3.190137e-01	-8.520275e-01	3.931375e-01	6.787655e+04
90001	311.912469	60.000000	2.416513e-01	-8.735275e-01	4.012050e-01	6.949739e+04
90001	313.886599	60.000000	1.594088e-01	-8.895800e-01	4.064600e-01	7.007907e+04
90001	315.885877	60.000000	7.673875e-02	-8.998825e-01	4.094200e-01	8.260597e+04
90001	317.910786	60.000000	-1.045875e-02	-9.005675e-01	4.126300e-01	7.219155e+04
90001	319.961823	60.000000	-9.503000e-02	-8.973775e-01	4.113925e-01	7.613736e+04
90001	322.039498	60.000000	-1.767575e-01	-8.862225e-01	4.103825e-01	7.328645e+04
90001	324.144331	60.000000	-2.502813e-01	-8.708775e-01	4.052075e-01	7.751730e+04
90001	326.276859	60.000000	-3.229413e-01	-8.507900e-01	3.992525e-01	7.520096e+04
90001	328.437633	60.000000	-3.954375e-01	-8.241500e-01	3.900200e-01	7.034452e+04
90001	330.627218	60.000000	-4.588388e-01	-7.976275e-01	3.801775e-01	7.927064e+04
90001	332.846192	60.000000	-5.222625e-01	-7.647125e-01	3.661750e-01	8.260798e+04
90001	335.095153	60.000000	-5.759688e-01	-7.328850e-01	3.503350e-01	7.436748e+04
90001	337.374712	60.000000	-6.258488e-01	-7.013225e-01	3.307975e-01	7.785165e+04
90001	339.685498	60.000000	-6.704675e-01	-6.708400e-01	3.072075e-01	8.519032e+04
90001	342.028156	60.000000	-7.083363e-01	-6.435875e-01	2.789450e-01	7.754047e+04
90001	344.403352	60.000000	-7.382787e-01	-6.223475e-01	2.453800e-01	8.034618e+04
90001	346.811767	60.000000	-7.601988e-01	-6.092075e-01	2.086650e-01	7.755071e+04
90001	349.254103	60.000000	-7.741675e-01	-6.055725e-01	1.624075e-01	7.985516e+04
90001	351.731083	60.000000	-7.777562e-01	-6.117550e-01	1.098125e-01	7.190158e+04
90001	354.243447	60.000000	-7.660800e-01	-6.325000e-01	4.320000e-02	6.999808e+04
90001	356.791961	60.000000	-7.350650e-01	-6.673025e-01	-3.007750e-02	6.977343e+04
90001	359.377410	60.000000	-6.746850e-01	-7.171725e-01	-1.141300e-01	6.640217e+04
90001	362.000603	60.000000	-5.763038e-01	-7.769450e-01	-2.019800e-01	5.862207e+04
90001	364.662372	60.000000	-4.319513e-01	-8.380625e-01	-2.861975e-01	6.125397e+04
90001	367.363575	60.000000	-2.411438e-01	-8.839100e-01	-3.544950e-01	5.442258e+04
90001	370.105094	60.000000	-5.440000e-03	-8.955275e-01	-3.940275e-01	5.362263e+04
90001	372.887839	60.000000	2.538613e-01	-8.624625e-01	-3.885950e-01	6.171291e+04
90001	375.712747	60.000000	4.731237e-01	-7.910050e-01	-3.379425e-01	5.517217e+04
90001	378.580784	60.000000	6.345063e-01	-7.061075e-01	-2.621100e-01	5.566876e+04
90001	381.492943	60.000000	7.503313e-01	-6.228475e-01	-1.686025e-01	7.572486e+04
90001	384.450253	60.000000	8.176100e-01	-5.565575e-01	-7.891750e-02	7.991746e+04
90001	387.453771	60.000000	8.538412e-01	-5.085500e-01	2.752500e-03	7.999972e+04
90001	390.504588	60.000000	8.701412e-01	-4.774700e-01	7.697000e-02	9.168487e+04
90001	393.603830	60.000000	8.715887e-01	-4.614025e-01	1.457725e-01	8.742760e+04
90001	396.752661	60.000000	8.612387e-01	-4.583950e-01	2.052500e-01	9.488120e+04
90001	399.952279	60.000000	8.426625e-01	-4.665400e-01	2.557025e-01	9.143656e+04
90001	403.203924	60.000000	8.180188e-01	-4.798400e-01	3.021975e-01	8.814346e+04
90001	406.508874	60.000000	7.891337e-01	-5.022175e-01	3.392100e-01	7.775187e+04
90001	409.868452	60.000000	7.547450e-01	-5.292150e-01	3.737300e-01	1.019956e+05
90001	413.284022	60.000000	7.157200e-01	-5.581675e-01	4.057075e-01	9.267225e+04
90001	416.756997	60.000000	6.700113e-01	-5.915250e-01	4.336200e-01	9.218643e+04
90001	420.288836	60.000000	6.207725e-01	-6.243300e-01	4.603225e-01	9.800719e+04
90001	423.881048	60.000000	5.662012e-01	-6.565725e-01	4.827725e-01	8.809982e+04
90001	427.535195	60.000000	5.113875e-01	-6.843850e-01	5.016025e-01	8.998603e+04
90001	431.252893	60.000000	4.523150e-01	-7.112875e-01	5.190775e-01	8.179128e+04
90001	435.035813	60.000000	3.881350e-01	-7.374800e-01	5.374375e-01	1.017083e+05
90001	438.885687	60.000000	3.178412e-01	-7.584925e-01	5.491275e-01	8.397394e+04
90001	442.804309	60.000000	2.493613e-01	-7.755000e-01	5.631950e-01	8.400843e+04
90001	446.793537	60.000000	1.800850e-01	-7.864150e-01	5.710100e-01	9.730841e+04
90001	450.855297	60.000000	1.097850e-01	-7.948025e-01	5.803900e-01	1.052989e+05
90001	454.991584	60.000000	3.873750e-02	-7.950325e-01	5.866250e-01	7.844351e+04
90001	459.204469	60.000000	-4.045375e-02	-7.925900e-01	5.896200e-01	8.576958e+04
90001	463.496099	60.000000	-1.122138e-01	-7.825300e-01	5.928875e-01	8.586505e+04
90001	467.868704	60.000000	-1.799488e-01	-7.711450e-01	5.943625e-01	1.163619e+05
90001	472.324597	60.000000	-2.452962e-01	-7.528225e-01	5.930475e-01	1.069910e+05
90001	476.866179	60.000000	-3.102175e-01	-7.317400e-01	5.874575e-01	8.705092e+04
90001	481.495948	60.000000	-3.745987e-01	-7.062275e-01	5.812825e-01	8.636438e+04
90001	486.216496	60.000000	-4.310825e-01	-6.814475e-01	5.756025e-01	9.402615e+04
90001	491.030521	60.000000	-4.877812e-01	-6.541825e-01	5.666250e-01	1.283501e+05
90001	495.940826	60.000000	-5.404888e-01	-6.213550e-01	5.531200e-01	1.214192e+05
90001	500.950330	60.000000	-5.954825e-01	-5.933900e-01	5.425250e-01	1.166157e+05
90001	506.062068	60.000000	-6.419575e-01	-5.618050e-01	5.240500e-01	1.219492e+05
90001	511.279202	60.000000	-6.853687e-01	-5.308650e-01	5.023975e-01	1.235771e+05
90001	516.605028	60.000000	-7.260750e-01	-4.997625e-01	4.750475e-01	1.284921e+05
90001	522.042975	60.000000	-7.650812e-01	-4.715000e-01	4.429250e-01	1.321541e+05
90001	527.596624	60.000000	-7.996163e-01	-4.475925e-01	4.053475e-01	1.342796e+05
90001	533.269706	60.000000	-8.320437e-01	-4.274525e-01	3.603800e-01	1.339822e+05
90001	539.066116	60.000000	-8.615975e-01	-4.124175e-01	3.021375e-01	1.386354e+05
90001	544.989919	60.000000	-8.867837e-01	-4.040425e-01	2.331425e-01	1.456639e+05
90001	551.045363	60.000000	-9.047463e-01	-4.038700e-01	1.524300e-01	1.585049e+05
90001	557.236884	60.000000	-9.110713e-01	-4.114800e-01	5.261750e-02	1.759778e+05
90001	563.569121	60.000000	-9.006050e-01	-4.287600e-01	-7.033500e-02	1.396071e+05
90001	570.046927	60.000000	-8.631200e-01	-4.558200e-01	-2.122775e-01	1.114279e+05
90001	576.675380	60.000000	-7.821337e-01	-4.896850e-01	-3.742500e-01	1.103991e+05
90001	583.459796	60.000000	-6.432412e-01	-5.279525e-01	-5.404175e-01	1.140919e+05
90001	590.405746	60.000000	-4.419650e-01	-5.591000e-01	-6.852050e-01	9.004754e+04
90001	597.519068	60.000000	-1.729025e-01	-5.768325e-01	-7.828875e-01	9.999212e+04
90001	604.805886	60.000000	1.276162e-01	-5.688175e-01	-7.993700e-01	1.026955e+05
90001	612.272625	60.000000	3.999412e-01	-5.412775e-01	-7.299625e-01	1.383742e+05
90001	619.926033	60.000000	6.274750e-01	-4.957400e-01	-5.902200e-01	1.641839e+05
90001	627.773198	60.000000	7.814262e-01	-4.463375e-01	-4.265850e-01	1.866173e+05
90001	635.821572	60.000000	8.744175e-01	-4.045250e-01	-2.592300e-01	2.018092e+05
90001	644.078995	60.000000	9.206375e-01	-3.731225e-01	-1.066175e-01	2.400826e+05
90001	652.553719	60.000000	9.353963e-01	-3.517350e-01	2.434000e-02	2.593996e+05
90001	661.254435	60.000000	9.291175e-01	-3.421250e-01	1.389200e-01	2.582830e+05
90001	670.190306	60.000000	9.109100e-01	-3.399850e-01	2.301425e-01	2.022417e+05
90001	679.370995	60.000000	8.852650e-01	-3.471200e-01	3.075425e-01	2.083750e+05
90001	688.806703	60.000000	8.553525e-01	-3.590150e-01	3.709550e-01	1.981498e+05
90001	698.508206	60.000000	8.207125e-01	-3.763525e-01	4.254450e-01	1.922803e+05
90001	708.486895	60.000000	7.853025e-01	-3.977675e-01	4.705625e-01	1.842793e+05
90001	718.754821	60.000000	7.464725e-01	-4.202625e-01	5.082900e-01	2.359424e+05
90001	729.324745	60.000000	7.074737e-01	-4.489800e-01	5.417050e-01	2.205481e+05
90001	740.210189	60.000000	6.632538e-01	-4.736800e-01	5.705425e-01	1.410029e+05
90001	751.425495	60.000000	6.189963e-01	-5.019675e-01	5.936725e-01	1.622038e+05
90001	762.985887	60.000000	5.700812e-01	-5.304850e-01	6.170550e-01	1.397736e+05
90001	774.907541	60.000000	5.227988e-01	-5.542000e-01	6.369125e-01	1.240106e+05
90001	787.207661	60.000000	4.694637e-01	-5.798400e-01	6.527750e-01	1.848844e+05
90001	799.904559	60.000000	4.145138e-01	-6.032375e-01	6.688150e-01	1.520334e+05
90001	813.017748	60.000000	3.601075e-01	-6.255875e-01	6.796400e-01	1.695094e+05
90001	826.568044	60.000000	3.011225e-01	-6.405750e-01	6.892325e-01	1.049842e+05
90001	840.577672	60.000000	2.485875e-01	-6.577200e-01	6.965300e-01	9.980200e+04
90001	855.070390	60.000000	1.702700e-01	-6.523600e-01	6.886550e-01	1.663515e+05
90001	870.071625	60.000000	1.094000e-01	-6.691775e-01	6.961825e-01	1.884363e+05
90001	885.608619	60.000000	5.481250e-02	-6.973875e-01	7.282175e-01	1.636273e+05
90001	901.710593	60.000000	-1.458750e-02	-6.971125e-01	7.309700e-01	2.661355e+05
90001	918.408938	60.000000	-7.269125e-02	-6.948175e-01	7.316450e-01	1.575661e+05
90001	935.737408	60.000000	-1.394125e-01	-6.846675e-01	7.277675e-01	1.718336e+05
90001	953.732358	60.000000	-1.983400e-01	-6.770500e-01	7.284875e-01	1.545360e+05
90001	972.432993	60.000000	-2.605425e-01	-6.598000e-01	7.208525e-01	1.578234e+05
90001	991.881653	60.000000	-3.167013e-01	-6.413300e-01	7.131550e-01	1.218265e+05
90001	1012.124136	60.000000	-3.749475e-01	-6.218125e-01	7.007525e-01	1.683666e+05
90001	1033.210055	60.000000	-4.251763e-01	-6.022250e-01	6.750525e-01	9.895510e+04
90001	1055.193248	60.000000	-4.660613e-01	-5.958400e-01	6.509200e-01	1.008362e+05
90001	1078.132231	60.000000	-4.991337e-01	-5.865225e-01	6.219050e-01	1.264815e+05
90001	1102.090725	60.000000	-5.277637e-01	-5.718875e-01	5.998075e-01	9.867101e+04
90001	1127.138242	60.000000	-5.530225e-01	-5.569625e-01	5.849550e-01	8.459883e+04
90001	1153.350759	60.000000	-5.765312e-01	-5.411625e-01	5.729350e-01	7.049685e+04
90001	1180.811491	60.000000	-5.949675e-01	-5.253825e-01	5.602750e-01	8.642674e+04
90001	1209.611772	60.000000	-6.121425e-01	-5.084125e-01	5.456850e-01	4.233903e+04
90001	1239.852066	60.000000	-6.227675e-01	-4.951775e-01	5.284225e-01	5.390481e+04
90001	1271.643145	60.000000	-6.258975e-01	-4.867375e-01	5.143500e-01	7.231776e+04
90001	1305.107438	60.000000	-6.220288e-01	-4.821525e-01	5.026950e-01	3.746776e+04
90001	1340.380612	60.000000	-6.098987e-01	-4.807000e-01	4.835225e-01	3.170598e+04
90001	1377.613407	60.000000	-5.855862e-01	-4.843075e-01	4.690075e-01	4.495440e+04
90001	1416.973790	60.000000	-5.509600e-01	-4.956375e-01	4.522800e-01	2.414882e+04
90001	1458.649489	60.000000	-5.032937e-01	-5.010225e-01	4.382725e-01	3.269712e+04
90001	1502.850989	60.000000	-4.449550e-01	-5.190800e-01	4.273575e-01	2.875631e+04
90001	1549.815082	60.000000	-3.723325e-01	-5.336475e-01	4.115575e-01	2.948423e+04
90001	1599.809117	60.000000	-2.895962e-01	-5.485350e-01	3.982825e-01	3.284033e+04
90001	1653.136088	60.000000	-1.980088e-01	-5.534775e-01	3.921175e-01	5.867738e+04
90001	1710.140781	60.000000	-9.942000e-02	-5.587592e-01	3.920500e-01	8.044007e+04
90001	1771.217237	60.000000	3.372500e-03	-5.559200e-01	3.927175e-01	7.789768e+04
90001	1836.817876	60.000000	1.025387e-01	-5.619750e-01	3.940350e-01	7.736314e+04
90001	1907.464717	60.000000	2.016375e-01	-5.495325e-01	3.853200e-01	2.260760e+04
90001	1983.763306	60.000000	2.922625e-01	-5.256400e-01	3.996875e-01	2.621664e+04
90001	2066.420110	60.000000	3.754150e-01	-5.200875e-01	4.041200e-01	7.191379e+03
90001	190.746472	65.000000	8.930113e-01	1.947550e-01	8.727750e-02	1.526119e+04
90001	191.482945	65.000000	9.016350e-01	1.639025e-01	1.702975e-01	2.319242e+04
90001	192.225127	65.000000	9.090575e-01	1.219825e-01	2.330850e-01	2.078987e+04
90001	192.973084	65.000000	9.097188e-01	6.946250e-02	2.847725e-01	2.891898e+04
90001	193.726885	65.000000	8.982612e-01	1.954750e-02	3.248650e-01	3.819824e+04
90001	194.486599	65.000000	8.894800e-01	-4.497750e-02	3.612075e-01	4.687597e+04
90001	195.252294	65.000000	8.670387e-01	-1.291625e-01	3.936750e-01	3.588884e+04
90001	196.024042	65.000000	8.381988e-01	-2.001150e-01	4.224050e-01	2.622662e+04
90001	196.801915	65.000000	7.968913e-01	-2.976800e-01	4.525875e-01	2.343818e+04
90001	197.585987	65.000000	7.442650e-01	-3.787550e-01	4.795225e-01	2.550557e+04
90001	198.376331	65.000000	6.783562e-01	-4.716075e-01	5.012900e-01	2.470373e+04
90001	199.173023	65.000000	6.002237e-01	-5.446050e-01	5.109000e-01	2.639905e+04
90001	199.976140	65.000000	5.090325e-01	-6.212425e-01	5.263725e-01	2.307967e+04
90001	200.785760	65.000000	4.085000e-01	-6.838675e-01	5.236950e-01	7.163028e+04
90001	201.601962	65.000000	2.967875e-01	-7.394875e-01	5.359900e-01	5.564326e+04
90001	202.424827	65.000000	1.786487e-01	-7.842400e-01	5.259325e-01	2.588216e+04
90001	203.254437	65.000000	3.706000e-02	-8.069450e-01	5.132800e-01	4.215611e+04
90001	204.090875	65.000000	-8.224125e-02	-8.093350e-01	5.050450e-01	5.661958e+04
90001	204.934226	65.000000	-2.001025e-01	-7.996575e-01	4.878650e-01	2.269896e+04
90001	205.784575	65.000000	-3.092013e-01	-7.800325e-01	4.688150e-01	3.212861e+04
90001	206.642011	65.000000	-4.225225e-01	-7.495725e-01	4.302500e-01	3.443460e+04
90001	207.506622	65.000000	-5.083257e-01	-7.170025e-01	3.995433e-01	5.130986e+04
90001	208.378498	65.000000	-5.974600e-01	-6.742100e-01	3.676825e-01	5.041623e+04
90001	209.257733	65.000000	-6.704200e-01	-6.290400e-01	3.212325e-01	5.099875e+04
90001	210.144418	65.000000	-7.320087e-01	-5.944225e-01	2.578875e-01	2.439412e+04
90001	211.038650	65.000000	-7.694063e-01	-5.600475e-01	1.919200e-01	5.917235e+04
90001	211.940524	65.000000	-7.898437e-01	-5.464300e-01	1.181575e-01	3.503212e+04
90001	212.850140	65.000000	-7.862787e-01	-5.554025e-01	2.346250e-02	7.481261e+04
90001	213.767598	65.000000	-7.521925e-01	-5.729550e-01	-1.001250e-01	5.862130e+04
90001	214.692998	65.000000	-6.623462e-01	-6.094150e-01	-2.294550e-01	2.463116e+04
90001	215.626446	65.000000	-4.926987e-01	-6.524300e-01	-3.747425e-01	2.361958e+04
90001	216.568046	65.000000	-2.518857e-01	-6.486975e-01	-5.168867e-01	1.729868e+04
90001	217.517906	65.000000	4.757250e-02	-6.145275e-01	-5.679275e-01	1.399573e+04
90001	218.476135	65.000000	3.649188e-01	-5.089050e-01	-5.765900e-01	2.269534e+04
90001	219.442844	65.000000	6.213700e-01	-3.841600e-01	-5.033525e-01	3.231011e+04
90001	220.418145	65.000000	8.078525e-01	-2.429025e-01	-3.695300e-01	3.156467e+04
90001	221.402155	65.000000	9.101214e-01	-1.284167e-01	-2.344225e-01	2.471853e+04
90001	222.394989	65.000000	9.563912e-01	-4.706750e-02	-1.246925e-01	1.069242e+05
90001	223.396769	65.000000	9.759862e-01	2.007500e-03	-3.100250e-02	1.223896e+05
90001	224.407614	65.000000	9.797550e-01	2.590000e-02	4.404750e-02	7.113310e+04
90001	225.427648	65.000000	9.779500e-01	2.504750e-02	1.118525e-01	7.225379e+04
90001	226.456998	65.000000	9.719838e-01	7.200000e-03	1.626625e-01	6.047421e+04
90001	227.495792	65.000000	9.640562e-01	-2.517500e-02	2.023125e-01	5.396700e+04
90001	228.544160	65.000000	9.532825e-01	-6.549500e-02	2.370975e-01	5.623611e+04
90001	229.602234	65.000000	9.363738e-01	-1.187050e-01	2.741550e-01	4.058038e+04
90001	230.670152	65.000000	9.181725e-01	-1.736600e-01	2.985675e-01	5.032003e+04
90001	231.748050	65.000000	8.910500e-01	-2.411025e-01	3.279000e-01	6.284768e+04
90001	232.836069	65.000000	8.566400e-01	-3.178300e-01	3.568925e-01	4.172640e+04
90001	233.934352	65.000000	8.130638e-01	-3.875750e-01	3.809450e-01	6.196747e+04
90001	235.043046	65.000000	7.604038e-01	-4.649800e-01	4.013325e-01	3.474019e+04
90001	236.162298	65.000000	6.973238e-01	-5.331575e-01	4.206650e-01	4.894269e+04
90001	237.292261	65.000000	6.259125e-01	-6.017025e-01	4.307800e-01	6.127397e+04
90001	238.433090	65.000000	5.382950e-01	-6.714500e-01	4.480350e-01	3.320615e+04
90001	239.584940	65.000000	4.474275e-01	-7.273275e-01	4.573425e-01	4.188338e+04
90001	240.747974	65.000000	3.447214e-01	-7.735200e-01	4.629850e-01	3.136043e+04
90001	241.922354	65.000000	2.333787e-01	-8.173050e-01	4.680825e-01	3.735135e+04
90001	243.108248	65.000000	1.189287e-01	-8.469350e-01	4.662958e-01	4.950374e+04
90001	244.305826	65.000000	3.976250e-03	-8.579500e-01	4.602175e-01	5.576250e+04
90001	245.515261	65.000000	-1.106750e-01	-8.528175e-01	4.507925e-01	5.286615e+04
90001	246.736730	65.000000	-2.167363e-01	-8.426700e-01	4.318825e-01	4.502882e+04
90001	247.970413	65.000000	-3.216538e-01	-8.160325e-01	4.157475e-01	5.241913e+04
90001	249.216496	65.000000	-4.156950e-01	-7.840275e-01	3.935125e-01	4.484189e+04
90001	250.475165	65.000000	-5.000975e-01	-7.476550e-01	3.741350e-01	5.795501e+04
90001	251.746612	65.000000	-5.788750e-01	-7.084175e-01	3.427200e-01	3.879911e+04
90001	253.031034	65.000000	-6.486363e-01	-6.593000e-01	3.095975e-01	4.703765e+04
90001	254.328629	65.000000	-7.052113e-01	-6.195050e-01	2.775225e-01	6.341346e+04
90001	255.639601	65.000000	-7.521638e-01	-5.803300e-01	2.355775e-01	4.634275e+04
90001	256.964159	65.000000	-7.888625e-01	-5.506450e-01	1.881575e-01	5.428542e+04
90001	258.302514	65.000000	-8.090762e-01	-5.364525e-01	1.367050e-01	5.327923e+04
90001	259.654883	65.000000	-8.149612e-01	-5.368600e-01	7.641250e-02	3.617451e+04
90001	261.021488	65.000000	-8.034587e-01	-5.558325e-01	4.055000e-03	5.079128e+04
90001	262.402554	65.000000	-7.645388e-01	-5.947050e-01	-7.591000e-02	5.320519e+04
90001	263.798312	65.000000	-6.955775e-01	-6.489050e-01	-1.572050e-01	3.365034e+04
90001	265.208998	65.000000	-5.700587e-01	-7.164350e-01	-2.597450e-01	3.570274e+04
90001	266.634853	65.000000	-3.873825e-01	-7.833825e-01	-3.547900e-01	3.020076e+04
90001	268.076122	65.000000	-1.434287e-01	-8.198075e-01	-4.319750e-01	3.050458e+04
90001	269.533058	65.000000	1.296075e-01	-7.960725e-01	-4.590775e-01	2.750751e+04
90001	271.005916	65.000000	4.198200e-01	-7.109475e-01	-4.395875e-01	2.589884e+04
90001	272.494960	65.000000	6.514512e-01	-5.839825e-01	-3.673525e-01	3.715184e+04
90001	274.000457	65.000000	8.081437e-01	-4.449450e-01	-2.771750e-01	5.359719e+04
90001	275.522681	65.000000	9.038350e-01	-3.221025e-01	-1.803325e-01	5.719868e+04
90001	277.061914	65.000000	9.509300e-01	-2.311575e-01	-1.012375e-01	6.166519e+04
90001	278.618442	65.000000	9.723063e-01	-1.645475e-01	-2.582750e-02	6.902176e+04
90001	280.192557	65.000000	9.809800e-01	-1.316750e-01	2.779500e-02	6.867873e+04
90001	281.784560	65.000000	9.789362e-01	-1.239100e-01	8.383000e-02	1.000641e+05
90001	283.394758	65.000000	9.740788e-01	-1.306550e-01	1.224775e-01	7.127971e+04
90001	285.023463	65.000000	9.649237e-01	-1.558700e-01	1.590175e-01	5.030036e+04
90001	286.670998	65.000000	9.503912e-01	-1.904050e-01	1.937250e-01	5.280539e+04
90001	288.337690	65.000000	9.319275e-01	-2.378650e-01	2.217400e-01	4.291174e+04
90001	290.023875	65.000000	9.036987e-01	-3.108525e-01	2.627300e-01	6.446756e+04
90001	291.729898	65.000000	8.688338e-01	-3.750375e-01	2.948600e-01	5.694655e+04
90001	293.456110	65.000000	8.231088e-01	-4.437475e-01	3.273675e-01	5.123096e+04
90001	295.202873	65.000000	7.672600e-01	-5.134425e-01	3.562925e-01	5.667063e+04
90001	296.970555	65.000000	7.021500e-01	-5.800825e-01	3.866625e-01	5.058785e+04
90001	298.759534	65.000000	6.288650e-01	-6.422025e-01	4.112750e-01	6.169553e+04
90001	300.570198	65.000000	5.463263e-01	-6.978625e-01	4.350875e-01	5.781487e+04
90001	302.402943	65.000000	4.599000e-01	-7.457875e-01	4.545750e-01	6.839224e+04
90001	304.258176	65.000000	3.609387e-01	-7.875250e-01	4.711350e-01	6.251479e+04
90001	306.136313	65.000000	2.639000e-01	-8.175275e-01	4.869050e-01	6.186864e+04
90001	308.037780	65.000000	1.627263e-01	-8.371825e-01	4.962925e-01	6.188057e+04
90001	309.963016	65.000000	5.829750e-02	-8.474625e-01	5.031975e-01	6.577006e+04
90001	311.912469	65.000000	-4.536875e-02	-8.466825e-01	5.064800e-01	6.546571e+04
90001	313.886599	65.000000	-1.499600e-01	-8.372300e-01	5.050175e-01	7.815484e+04
90001	315.885877	65.000000	-2.504175e-01	-8.167475e-01	5.014550e-01	6.453175e+04
90001	317.910786	65.000000	-3.494137e-01	-7.858550e-01	4.921400e-01	6.971864e+04
90001	319.961823	65.000000	-4.407088e-01	-7.480575e-01	4.801350e-01	6.545321e+04
90001	322.039498	65.000000	-5.225888e-01	-7.051775e-01	4.644575e-01	6.662244e+04
90001	324.144331	65.000000	-5.922213e-01	-6.620750e-01	4.466725e-01	6.699858e+04
90001	326.276859	65.000000	-6.555088e-01	-6.157825e-01	4.268100e-01	7.066294e+04
90001	328.437633	65.000000	-7.139337e-01	-5.666050e-01	4.023125e-01	6.526230e+04
90001	330.627218	65.000000	-7.611775e-01	-5.242725e-01	3.751750e-01	7.440472e+04
90001	332.846192	65.000000	-8.046925e-01	-4.798875e-01	3.431925e-01	6.920181e+04
90001	335.095153	65.000000	-8.385075e-01	-4.448475e-01	3.099750e-01	7.719428e+04
90001	337.374712	65.000000	-8.672500e-01	-4.157125e-01	2.702475e-01	8.048907e+04
90001	339.685498	65.000000	-8.893950e-01	-3.961675e-01	2.217150e-01	8.099629e+04
90001	342.028156	65.000000	-9.040850e-01	-3.882575e-01	1.678900e-01	9.171457e+04
90001	344.403352	65.000000	-9.099137e-01	-3.958325e-01	1.035275e-01	9.226394e+04
90001	346.811767	65.000000	-9.038425e-01	-4.178725e-01	3.093250e-02	1.005180e+05
90001	349.254103	65.000000	-8.801587e-01	-4.574825e-01	-5.610500e-02	8.257199e+04
90001	351.731083	65.000000	-8.314312e-01	-5.155975e-01	-1.560275e-01	8.267973e+04
90001	354.243447	65.000000	-7.375262e-01	-5.953450e-01	-2.720925e-01	6.601597e+04
90001	356.791961	65.000000	-5.932225e-01	-6.801750e-01	-3.841525e-01	6.425469e+04
90001	359.377410	65.000000	-3.771862e-01	-7.597325e-01	-4.839375e-01	5.683209e+04
90001	362.000603	65.000000	-1.046900e-01	-8.013300e-01	-5.419600e-01	5.833654e+04
90001	364.662372	65.000000	1.910950e-01	-7.852775e-01	-5.406950e-01	5.820404e+04
90001	367.363575	65.000000	4.581163e-01	-7.132700e-01	-4.834025e-01	6.441112e+04
90001	370.105094	65.000000	6.751025e-01	-5.999775e-01	-3.841725e-01	7.770809e+04
90001	372.887839	65.000000	8.262887e-01	-4.739375e-01	-2.608300e-01	7.917913e+04
90001	375.712747	65.000000	9.080012e-01	-3.714825e-01	-1.474400e-01	9.163805e+04
90001	378.580784	65.000000	9.476275e-01	-2.998975e-01	-4.896750e-02	9.789457e+04
90001	381.492943	65.000000	9.638188e-01	-2.515350e-01	3.906000e-02	1.282780e+05
90001	384.450253	65.000000	9.652150e-01	-2.271000e-01	1.112200e-01	9.832087e+04
90001	387.453771	65.000000	9.580575e-01	-2.200950e-01	1.761075e-01	1.130799e+05
90001	390.504588	65.000000	9.445200e-01	-2.265150e-01	2.322075e-01	9.367016e+04
90001	393.603830	65.000000	9.250313e-01	-2.444625e-01	2.861150e-01	9.779008e+04
90001	396.752661	65.000000	9.002238e-01	-2.712775e-01	3.340625e-01	9.307331e+04
90001	399.952279	65.000000	8.707788e-01	-3.042100e-01	3.786825e-01	1.004304e+05
90001	403.203924	65.000000	8.358587e-01	-3.427800e-01	4.195425e-01	8.553172e+04
90001	406.508874	65.000000	7.971287e-01	-3.829750e-01	4.571350e-01	9.039885e+04
90001	409.868452	65.000000	7.523437e-01	-4.254875e-01	4.906875e-01	8.886575e+04
90001	413.284022	65.000000	7.016513e-01	-4.698950e-01	5.236700e-01	8.499767e+04
90001	416.756997	65.000000	6.414738e-01	-5.136550e-01	5.560975e-01	9.703080e+04
90001	420.288836	65.000000	5.762238e-01	-5.553300e-01	5.870600e-01	8.798182e+04
90001	423.881048	65.000000	5.034838e-01	-5.949525e-01	6.128975e-01	9.537813e+04
90001	427.535195	65.000000	4.300700e-01	-6.262550e-01	6.351025e-01	8.981456e+04
90001	431.252893	65.000000	3.513900e-01	-6.533900e-01	6.557600e-01	8.953321e+04
90001	435.035813	65.000000	2.658350e-01	-6.741525e-01	6.728525e-01	9.663467e+04
90001	438.885687	65.000000	1.736475e-01	-6.899975e-01	6.864700e-01	9.228911e+04
90001	442.804309	65.000000	8.488375e-02	-6.952575e-01	6.981275e-01	1.012076e+05
90001	446.793537	65.000000	-3.270000e-03	-6.954775e-01	7.048025e-01	1.130281e+05
90001	450.855297	65.000000	-8.972875e-02	-6.862800e-01	7.082450e-01	1.004054e+05
90001	454.991584	65.000000	-1.751475e-01	-6.688450e-01	7.057100e-01	8.213109e+04
90001	459.204469	65.000000	-2.661763e-01	-6.424550e-01	7.018375e-01	9.552537e+04
90001	463.496099	65.000000	-3.459825e-01	-6.136325e-01	6.931125e-01	8.939088e+04
90001	467.868704	65.000000	-4.182125e-01	-5.805500e-01	6.831925e-01	9.675201e+04
90001	472.324597	65.000000	-4.852788e-01	-5.431250e-01	6.686775e-01	8.542290e+04
90001	476.866179	65.000000	-5.484525e-01	-5.034950e-01	6.527900e-01	1.172410e+05
90001	481.495948	65.000000	-6.086388e-01	-4.605200e-01	6.339050e-01	1.047622e+05
90001	486.216496	65.000000	-6.594537e-01	-4.200350e-01	6.122275e-01	9.540221e+04
90001	491.030521	65.000000	-7.078750e-01	-3.778900e-01	5.897375e-01	1.100375e+05
90001	495.940826	65.000000	-7.510275e-01	-3.367225e-01	5.600175e-01	1.095567e+05
90001	500.950330	65.000000	-7.963750e-01	-2.958350e-01	5.316850e-01	1.294362e+05
90001	506.062068	65.000000	-8.326088e-01	-2.592775e-01	4.962450e-01	1.331074e+05
90001	511.279202	65.000000	-8.654413e-01	-2.267975e-01	4.559100e-01	1.376732e+05
90001	516.605028	65.000000	-8.961625e-01	-1.963525e-01	4.079300e-01	1.395877e+05
90001	522.042975	65.000000	-9.240100e-01	-1.718025e-01	3.514575e-01	1.588474e+05
90001	527.596624	65.000000	-9.493400e-01	-1.546275e-01	2.885250e-01	1.668411e+05
90001	533.269706	65.000000	-9.702550e-01	-1.438500e-01	2.125200e-01	1.824655e+05
90001	539.066116	65.000000	-9.860012e-01	-1.418850e-01	1.158925e-01	2.083394e+05
90001	544.989919	65.000000	-9.914550e-01	-1.494675e-01	1.670000e-03	2.841283e+05
90001	551.045363	65.000000	-9.789275e-01	-1.660225e-01	-1.287975e-01	2.371796e+05
90001	557.236884	65.000000	-9.377487e-01	-1.931600e-01	-2.862750e-01	1.761119e+05
90001	563.569121	65.000000	-8.511750e-01	-2.287850e-01	-4.643600e-01	1.218793e+05
90001	570.046927	65.000000	-7.046525e-01	-2.666925e-01	-6.464000e-01	6.921401e+04
90001	576.675380	65.000000	-4.804725e-01	-2.992350e-01	-8.107375e-01	6.100552e+04
90001	583.459796	65.000000	-1.892912e-01	-3.151400e-01	-9.156575e-01	6.332848e+04
90001	590.405746	65.000000	1.253000e-01	-3.059125e-01	-9.287250e-01	7.228097e+04
90001	597.519068	65.000000	4.306800e-01	-2.735525e-01	-8.475450e-01	1.175300e+05
90001	604.805886	65.000000	6.750850e-01	-2.258650e-01	-6.957350e-01	1.461147e+05
90001	612.272625	65.000000	8.342650e-01	-1.779200e-01	-5.180500e-01	1.863914e+05
90001	619.926033	65.000000	9.330813e-01	-1.335650e-01	-3.335125e-01	2.226665e+05
90001	627.773198	65.000000	9.815400e-01	-1.011975e-01	-1.681950e-01	3.424446e+05
90001	635.821572	65.000000	9.977387e-01	-8.039750e-02	-2.482000e-02	5.320484e+05
90001	644.078995	65.000000	9.940675e-01	-7.075250e-02	9.593250e-02	3.623243e+05
90001	652.553719	65.000000	9.794075e-01	-7.041000e-02	1.957250e-01	2.913065e+05
90001	661.254435	65.000000	9.563812e-01	-7.711250e-02	2.834850e-01	2.157239e+05
90001	670.190306	65.000000	9.300612e-01	-9.155500e-02	3.549400e-01	2.051357e+05
90001	679.370995	65.000000	9.011562e-01	-1.115800e-01	4.185425e-01	1.982704e+05
90001	688.806703	65.000000	8.700725e-01	-1.356600e-01	4.722800e-01	2.098670e+05
90001	698.508206	65.000000	8.351200e-01	-1.645650e-01	5.205075e-01	1.622813e+05
90001	708.486895	65.000000	7.995950e-01	-1.950450e-01	5.627800e-01	1.455351e+05
90001	718.754821	65.000000	7.617750e-01	-2.283225e-01	6.042875e-01	1.821276e+05
90001	729.324745	65.000000	7.207475e-01	-2.608325e-01	6.370350e-01	1.657497e+05
90001	740.210189	65.000000	6.740025e-01	-2.967050e-01	6.681300e-01	1.502954e+05
90001	751.425495	65.000000	6.255500e-01	-3.307675e-01	6.984775e-01	1.135712e+05
90001	762.985887	65.000000	5.716650e-01	-3.680375e-01	7.278450e-01	2.555148e+05
90001	774.907541	65.000000	5.169350e-01	-3.982200e-01	7.491700e-01	1.267915e+05
90001	787.207661	65.000000	4.563663e-01	-4.281425e-01	7.681875e-01	1.110638e+05
90001	799.904559	65.000000	3.911538e-01	-4.557650e-01	7.877425e-01	1.072727e+05
90001	813.017748	65.000000	3.266925e-01	-4.769950e-01	8.050075e-01	1.251192e+05
90001	826.568044	65.000000	2.562713e-01	-4.958025e-01	8.152175e-01	1.054022e+05
90001	840.577672	65.000000	1.903650e-01	-5.066050e-01	8.303250e-01	1.172232e+05
90001	855.070390	65.000000	1.040075e-01	-5.143300e-01	8.227050e-01	1.014695e+05
90001	870.071625	65.000000	2.871625e-02	-5.168000e-01	8.239100e-01	1.212372e+05
90001	885.608619	65.000000	-3.743125e-02	-5.345675e-01	8.575350e-01	1.689078e+05
90001	901.710593	65.000000	-1.186087e-01	-5.243850e-01	8.514575e-01	2.215927e+05
90001	918.408938	65.000000	-1.859587e-01	-5.154650e-01	8.504750e-01	2.506257e+05
90001	935.737408	65.000000	-2.618075e-01	-4.952800e-01	8.383050e-01	1.830363e+05
90001	953.732358	65.000000	-3.272525e-01	-4.744875e-01	8.294825e-01	1.808279e+05
90001	972.432993	65.000000	-3.936475e-01	-4.467425e-01	8.160275e-01	1.282316e+05
90001	991.881653	65.000000	-4.529275e-01	-4.186625e-01	7.986075e-01	2.128614e+05
90001	1012.124136	65.000000	-5.137700e-01	-3.888125e-01	7.746475e-01	1.697470e+05
90001	1033.210055	65.000000	-5.636050e-01	-3.608150e-01	7.441100e-01	9.972272e+04
90001	1055.193248	65.000000	-6.028775e-01	-3.415450e-01	7.138850e-01	1.598001e+05
90001	1078.132231	65.000000	-6.337525e-01	-3.247800e-01	6.856475e-01	1.362983e+05
90001	1102.090725	65.000000	-6.590400e-01	-3.048900e-01	6.617650e-01	7.915112e+04
90001	1127.138242	65.000000	-6.808075e-01	-2.846550e-01	6.411825e-01	4.514384e+04
90001	1153.350759	65.000000	-6.983125e-01	-2.635050e-01	6.165625e-01	5.192133e+04
90001	1180.811491	65.000000	-7.119250e-01	-2.474800e-01	5.986275e-01	4.114007e+04
90001	1209.611772	65.000000	-7.220212e-01	-2.272525e-01	5.685325e-01	3.661435e+04
90001	1239.852066	65.000000	-7.266588e-01	-2.151525e-01	5.453125e-01	2.753175e+04
90001	1271.643145	65.000000	-7.225925e-01	-2.083400e-01	5.176650e-01	2.552199e+04
90001	1305.107438	65.000000	-7.101213e-01	-2.109875e-01	4.866925e-01	2.206929e+04
90001	1340.380612	65.000000	-6.872088e-01	-2.124275e-01	4.631275e-01	2.107102e+04
90001	1377.613407	65.000000	-6.521537e-01	-2.215825e-01	4.357825e-01	1.767530e+04
90001	1416.973790	65.000000	-6.047275e-01	-2.359875e-01	4.131650e-01	1.430567e+04
90001	1458.649489	65.000000	-5.413138e-01	-2.535475e-01	3.879325e-01	1.285748e+04
90001	1502.850989	65.000000	-4.650075e-01	-2.756150e-01	3.668725e-01	1.474646e+04
90001	1549.815082	65.000000	-3.720300e-01	-2.960575e-01	3.489875e-01	1.670794e+04
90001	1599.809117	65.000000	-2.688650e-01	-3.122400e-01	3.329850e-01	2.088334e+04
90001	1653.136088	65.000000	-1.540675e-01	-3.249500e-01	3.244675e-01	2.878827e+04
90001	1710.140781	65.000000	-3.519250e-02	-3.281950e-01	3.243975e-01	5.737930e+04
90001	1771.217237	65.000000	8.702500e-02	-3.306450e-01	3.195975e-01	3.700113e+04
90001	1836.817876	65.000000	2.052913e-01	-3.151600e-01	3.213475e-01	2.380586e+04
90001	1907.464717	65.000000	3.138025e-01	-2.995800e-01	3.328825e-01	1.043237e+04
90001	1983.763306	65.000000	4.064088e-01	-2.797650e-01	3.465425e-01	8.580628e+03
90001	2066.420110	65.000000	4.858387e-01	-2.552525e-01	3.663925e-01	6.382701e+04
90001	190.746472	70.000000	8.326163e-01	3.252300e-01	2.944625e-01	2.093771e+04
90001	191.482945	70.000000	8.388900e-01	2.710200e-01	3.447850e-01	2.716354e+04
90001	192.225127	70.000000	8.425225e-01	2.053400e-01	3.780950e-01	3.017866e+04
90001	192.973084	70.000000	8.424800e-01	1.255525e-01	4.287500e-01	5.736344e+04
90001	193.726885	70.000000	8.293612e-01	4.749500e-02	4.694100e-01	2.819370e+04
90001	194.486599	70.000000	8.071700e-01	-2.543250e-02	5.040375e-01	4.141389e+04
90001	195.252294	70.000000	7.765575e-01	-1.205450e-01	5.331875e-01	2.518768e+04
90001	196.024042	70.000000	7.189275e-01	-2.269225e-01	5.733150e-01	3.712712e+04
90001	196.801915	70.000000	6.441125e-01	-3.265400e-01	6.059475e-01	3.022093e+04
90001	197.585987	70.000000	5.531337e-01	-4.238675e-01	6.313350e-01	3.349365e+04
90001	198.376331	70.000000	4.359750e-01	-5.048025e-01	6.526200e-01	4.103806e+04
90001	199.173023	70.000000	3.014350e-01	-5.771975e-01	6.707175e-01	2.569442e+04
90001	199.976140	70.000000	1.583688e-01	-6.265950e-01	6.693175e-01	5.803201e+04
90001	200.785760	70.000000	5.165000e-03	-6.527900e-01	6.664800e-01	2.763781e+04
90001	201.601962	70.000000	-1.421213e-01	-6.687150e-01	6.452400e-01	8.542422e+04
90001	202.424827	70.000000	-2.914037e-01	-6.437625e-01	6.184275e-01	4.078412e+04
90001	203.254437	70.000000	-4.405637e-01	-5.984050e-01	5.756800e-01	5.584280e+04
90001	204.090875	70.000000	-5.593550e-01	-5.434300e-01	5.363050e-01	3.226289e+04
90001	204.934226	70.000000	-6.558775e-01	-4.897425e-01	4.773000e-01	5.513869e+04
90001	205.784575	70.000000	-7.352950e-01	-4.331075e-01	4.331200e-01	3.626696e+04
90001	206.642011	70.000000	-8.094700e-01	-3.622225e-01	3.649500e-01	7.639464e+04
90001	207.506622	70.000000	-8.545750e-01	-3.181175e-01	2.984925e-01	2.979392e+04
90001	208.378498	70.000000	-8.923888e-01	-2.812150e-01	2.064825e-01	7.076504e+04
90001	209.257733	70.000000	-9.124238e-01	-2.561500e-01	1.186275e-01	3.425124e+04
90001	210.144418	70.000000	-9.106100e-01	-2.538650e-01	2.520000e-03	7.500213e+04
90001	211.038650	70.000000	-8.716675e-01	-2.743900e-01	-1.433450e-01	3.490270e+04
90001	211.940524	70.000000	-7.779063e-01	-3.189125e-01	-3.009100e-01	1.544560e+04
90001	212.850140	70.000000	-5.996150e-01	-3.561600e-01	-4.707175e-01	1.422317e+04
90001	213.767598	70.000000	-3.282113e-01	-3.629425e-01	-6.235100e-01	2.341301e+04
90001	214.692998	70.000000	2.814857e-02	-3.130433e-01	-7.048450e-01	1.727525e+04
90001	215.626446	70.000000	3.920275e-01	-2.024000e-01	-6.721600e-01	1.088740e+04
90001	216.568046	70.000000	6.482138e-01	-5.876500e-02	-5.570225e-01	1.390280e+04
90001	217.517906	70.000000	8.104613e-01	7.248250e-02	-4.146825e-01	1.513357e+04
90001	218.476135	70.000000	8.905825e-01	1.793700e-01	-2.606075e-01	4.507008e+04
90001	219.442844	70.000000	9.215525e-01	2.506675e-01	-1.403125e-01	4.764819e+04
90001	220.418145	70.000000	9.304463e-01	2.912800e-01	-3.541500e-02	4.771598e+04
90001	221.402155	70.000000	9.304150e-01	3.095900e-01	4.215000e-02	3.741758e+04
90001	222.394989	70.000000	9.302413e-01	3.049750e-01	1.040900e-01	5.510644e+04
90001	223.396769	70.000000	9.296113e-01	2.829525e-01	1.531475e-01	5.167925e+04
90001	224.407614	70.000000	9.311337e-01	2.513875e-01	2.001050e-01	3.921548e+04
90001	225.427648	70.000000	9.322162e-01	2.038250e-01	2.408450e-01	4.024766e+04
90001	226.456998	70.000000	9.320200e-01	1.494225e-01	2.763675e-01	4.764220e+04
90001	227.495792	70.000000	9.283088e-01	8.679000e-02	3.084650e-01	6.008918e+04
90001	228.544160	70.000000	9.173150e-01	1.897500e-02	3.407175e-01	5.530842e+04
90001	229.602234	70.000000	8.972375e-01	-6.999500e-02	3.817325e-01	4.529599e+04
90001	230.670152	70.000000	8.713563e-01	-1.527950e-01	4.116850e-01	4.709562e+04
90001	231.748050	70.000000	8.274563e-01	-2.402125e-01	4.493825e-01	6.426953e+04
90001	232.836069	70.000000	7.685812e-01	-3.369500e-01	4.818425e-01	4.106654e+04
90001	233.934352	70.000000	6.947100e-01	-4.360725e-01	5.199300e-01	4.146431e+04
90001	235.043046	70.000000	6.057763e-01	-5.166250e-01	5.465500e-01	4.477853e+04
90001	236.162298	70.000000	4.982712e-01	-5.936425e-01	5.719050e-01	3.980501e+04
90001	237.292261	70.000000	3.791688e-01	-6.577100e-01	5.862350e-01	3.537888e+04
90001	238.433090	70.000000	2.399363e-01	-7.055800e-01	6.019675e-01	2.586351e+04
90001	239.584940	70.000000	1.014412e-01	-7.326475e-01	5.997750e-01	3.722418e+04
90001	240.747974	70.000000	-4.871125e-02	-7.493625e-01	5.932850e-01	2.685130e+04
90001	241.922354	70.000000	-1.914638e-01	-7.398975e-01	5.789475e-01	2.515453e+04
90001	243.108248	70.000000	-3.305100e-01	-7.174325e-01	5.490275e-01	3.225669e+04
90001	244.305826	70.000000	-4.510537e-01	-6.710800e-01	5.235075e-01	6.856079e+04
90001	245.515261	70.000000	-5.597725e-01	-6.119550e-01	4.877625e-01	5.016336e+04
90001	246.736730	70.000000	-6.529488e-01	-5.559625e-01	4.490025e-01	3.146201e+04
90001	247.970413	70.000000	-7.293375e-01	-4.932600e-01	4.118750e-01	5.547821e+04
90001	249.216496	70.000000	-7.907550e-01	-4.299200e-01	3.638250e-01	4.293029e+04
90001	250.475165	70.000000	-8.395525e-01	-3.750100e-01	3.230550e-01	4.740077e+04
90001	251.746612	70.000000	-8.796563e-01	-3.219400e-01	2.679700e-01	5.953327e+04
90001	253.031034	70.000000	-9.089687e-01	-2.861750e-01	2.151400e-01	6.453820e+04
90001	254.328629	70.000000	-9.271400e-01	-2.626600e-01	1.517175e-01	6.198251e+04
90001	255.639601	70.000000	-9.346063e-01	-2.576300e-01	7.758250e-02	6.142202e+04
90001	256.964159	70.000000	-9.290575e-01	-2.844150e-01	-6.400000e-03	5.453002e+04
90001	258.302514	70.000000	-9.008225e-01	-3.254425e-01	-1.031275e-01	4.853892e+04
90001	259.654883	70.000000	-8.329025e-01	-4.042200e-01	-2.205575e-01	6.546645e+04
90001	261.021488	70.000000	-7.023150e-01	-4.962125e-01	-3.553800e-01	3.019918e+04
90001	262.402554	70.000000	-4.897738e-01	-5.925200e-01	-4.878275e-01	3.946987e+04
90001	263.798312	70.000000	-2.112575e-01	-6.495475e-01	-5.811300e-01	3.519653e+04
90001	265.208998	70.000000	1.428450e-01	-6.232175e-01	-6.166925e-01	2.671311e+04
90001	266.634853	70.000000	4.724300e-01	-5.175825e-01	-5.802400e-01	3.164729e+04
90001	268.076122	70.000000	7.179575e-01	-3.580225e-01	-4.784200e-01	5.103319e+04
90001	269.533058	70.000000	8.629275e-01	-1.992100e-01	-3.553850e-01	4.429986e+04
90001	271.005916	70.000000	9.429425e-01	-5.145000e-02	-2.336725e-01	7.369471e+04
90001	272.494960	70.000000	9.711575e-01	5.142500e-02	-1.302775e-01	7.142153e+04
90001	274.000457	70.000000	9.782088e-01	1.168175e-01	-5.422000e-02	7.573562e+04
90001	275.522681	70.000000	9.764662e-01	1.592325e-01	1.111000e-02	7.633958e+04
90001	277.061914	70.000000	9.725062e-01	1.745725e-01	6.410250e-02	9.551403e+04
90001	278.618442	70.000000	9.704875e-01	1.674825e-01	1.076975e-01	1.157924e+05
90001	280.192557	70.000000	9.697512e-01	1.441225e-01	1.455025e-01	8.968607e+04
90001	281.784560	70.000000	9.685137e-01	1.100375e-01	1.803950e-01	9.540207e+04
90001	283.394758	70.000000	9.650525e-01	6.300500e-02	2.103900e-01	5.928118e+04
90001	285.023463	70.000000	9.584613e-01	2.222500e-03	2.455275e-01	5.905196e+04
90001	286.670998	70.000000	8.178825e-01	-3.697500e-02	2.767875e-01	1.407862e+03
90001	288.337690	70.000000	8.216075e-01	-6.434000e-02	3.081875e-01	1.042146e+03
90001	290.023875	70.000000	8.852988e-01	-2.484075e-01	3.585675e-01	8.158964e+04
90001	291.729898	70.000000	8.355900e-01	-3.385325e-01	3.986075e-01	7.312556e+04
90001	293.456110	70.000000	7.678275e-01	-4.297625e-01	4.395350e-01	5.669082e+04
90001	295.202873	70.000000	6.814688e-01	-5.182875e-01	4.811200e-01	6.733948e+04
90001	296.970555	70.000000	5.815362e-01	-5.955450e-01	5.192975e-01	7.790643e+04
90001	298.759534	70.000000	4.656425e-01	-6.625950e-01	5.520350e-01	5.426466e+04
90001	300.570198	70.000000	3.389112e-01	-7.126425e-01	5.808100e-01	7.492946e+04
90001	302.402943	70.000000	2.103038e-01	-7.458350e-01	6.004875e-01	7.487154e+04
90001	304.258176	70.000000	6.899000e-02	-7.602850e-01	6.143375e-01	5.940871e+04
90001	306.136313	70.000000	-6.222750e-02	-7.583350e-01	6.182700e-01	6.951888e+04
90001	308.037780	70.000000	-1.925125e-01	-7.390550e-01	6.170850e-01	6.129363e+04
90001	309.963016	70.000000	-3.152862e-01	-7.062175e-01	6.085525e-01	7.211168e+04
90001	311.912469	70.000000	-4.278213e-01	-6.610175e-01	5.937350e-01	6.491239e+04
90001	313.886599	70.000000	-5.328563e-01	-6.047475e-01	5.725650e-01	6.799127e+04
90001	315.885877	70.000000	-6.236962e-01	-5.422225e-01	5.466375e-01	6.810563e+04
90001	317.910786	70.000000	-7.035588e-01	-4.718375e-01	5.161825e-01	5.676468e+04
90001	319.961823	70.000000	-7.696262e-01	-4.025750e-01	4.825225e-01	6.181593e+04
90001	322.039498	70.000000	-8.227063e-01	-3.365100e-01	4.469525e-01	5.955074e+04
90001	324.144331	70.000000	-8.625363e-01	-2.795800e-01	4.119900e-01	6.450808e+04
90001	326.276859	70.000000	-8.962963e-01	-2.252550e-01	3.734325e-01	7.884212e+04
90001	328.437633	70.000000	-9.245600e-01	-1.762750e-01	3.312500e-01	7.774442e+04
90001	330.627218	70.000000	-9.452300e-01	-1.393125e-01	2.887325e-01	9.780902e+04
90001	332.846192	70.000000	-9.630875e-01	-1.106225e-01	2.373475e-01	1.076546e+05
90001	335.095153	70.000000	-9.761875e-01	-9.629500e-02	1.822275e-01	1.460551e+05
90001	337.374712	70.000000	-9.853375e-01	-9.581000e-02	1.170425e-01	1.367227e+05
90001	339.685498	70.000000	-9.879163e-01	-1.128925e-01	3.740500e-02	2.149492e+05
90001	342.028156	70.000000	-9.791950e-01	-1.519375e-01	-5.619250e-02	1.420510e+05
90001	344.403352	70.000000	-9.509713e-01	-2.128375e-01	-1.683900e-01	9.896469e+04
90001	346.811767	70.000000	-8.916300e-01	-2.927825e-01	-2.941475e-01	6.843398e+04
90001	349.254103	70.000000	-7.779650e-01	-3.924250e-01	-4.389575e-01	4.794053e+04
90001	351.731083	70.000000	-5.916200e-01	-4.944475e-01	-5.834400e-01	4.091735e+04
90001	354.243447	70.000000	-3.031925e-01	-5.776925e-01	-7.030350e-01	4.044070e+04
90001	356.791961	70.000000	3.236625e-02	-6.004100e-01	-7.455150e-01	4.867967e+04
90001	359.377410	70.000000	3.795737e-01	-5.464275e-01	-6.969950e-01	6.586002e+04
90001	362.000603	70.000000	6.526950e-01	-4.315925e-01	-5.770100e-01	7.900198e+04
90001	364.662372	70.000000	8.329000e-01	-2.940625e-01	-4.275275e-01	8.928408e+04
90001	367.363575	70.000000	9.308400e-01	-1.697400e-01	-2.870250e-01	1.282227e+05
90001	370.105094	70.000000	9.776625e-01	-6.542750e-02	-1.590300e-01	2.219301e+05
90001	372.887839	70.000000	9.946850e-01	1.006750e-02	-4.841750e-02	2.342203e+05
90001	375.712747	70.000000	9.951587e-01	5.177750e-02	3.969000e-02	1.959880e+05
90001	378.580784	70.000000	9.892525e-01	7.107000e-02	1.106950e-01	1.462011e+05
90001	381.492943	70.000000	9.800575e-01	7.063750e-02	1.770200e-01	1.344050e+05
90001	384.450253	70.000000	9.689663e-01	5.670000e-02	2.335750e-01	1.317932e+05
90001	387.453771	70.000000	9.561313e-01	3.328000e-02	2.854125e-01	1.080756e+05
90001	390.504588	70.000000	9.404562e-01	1.160000e-03	3.361025e-01	1.174660e+05
90001	393.603830	70.000000	9.192150e-01	-4.013250e-02	3.869125e-01	1.091481e+05
90001	396.752661	70.000000	8.931588e-01	-8.767500e-02	4.364175e-01	1.015748e+05
90001	399.952279	70.000000	8.600812e-01	-1.379825e-01	4.827825e-01	1.006453e+05
90001	403.203924	70.000000	8.197638e-01	-1.930200e-01	5.303550e-01	9.181784e+04
90001	406.508874	70.000000	7.730600e-01	-2.467600e-01	5.747075e-01	8.689978e+04
90001	409.868452	70.000000	7.177713e-01	-3.021775e-01	6.160075e-01	8.884589e+04
90001	413.284022	70.000000	6.519313e-01	-3.553900e-01	6.580150e-01	9.071778e+04
90001	416.756997	70.000000	5.725237e-01	-4.074775e-01	6.973600e-01	7.909565e+04
90001	420.288836	70.000000	4.853438e-01	-4.528200e-01	7.338375e-01	9.506795e+04
90001	423.881048	70.000000	3.885487e-01	-4.892325e-01	7.652925e-01	8.448435e+04
90001	427.535195	70.000000	2.908763e-01	-5.172650e-01	7.915975e-01	9.934371e+04
90001	431.252893	70.000000	1.876250e-01	-5.343725e-01	8.097675e-01	8.789708e+04
90001	435.035813	70.000000	7.736500e-02	-5.401800e-01	8.236800e-01	9.762634e+04
90001	438.885687	70.000000	-3.663625e-02	-5.346800e-01	8.304850e-01	1.002676e+05
90001	442.804309	70.000000	-1.426975e-01	-5.178250e-01	8.299975e-01	9.660564e+04
90001	446.793537	70.000000	-2.433300e-01	-4.915000e-01	8.219425e-01	9.416636e+04
90001	450.855297	70.000000	-3.376150e-01	-4.563950e-01	8.091950e-01	1.084410e+05
90001	454.991584	70.000000	-4.252212e-01	-4.133625e-01	7.907925e-01	9.677021e+04
90001	459.204469	70.000000	-5.122012e-01	-3.587900e-01	7.643875e-01	9.189743e+04
90001	463.496099	70.000000	-5.831725e-01	-3.070500e-01	7.382675e-01	9.311339e+04
90001	467.868704	70.000000	-6.427863e-01	-2.563900e-01	7.099750e-01	9.825856e+04
90001	472.324597	70.000000	-6.946025e-01	-2.035675e-01	6.781525e-01	1.167698e+05
90001	476.866179	70.000000	-7.402250e-01	-1.504550e-01	6.434475e-01	1.052559e+05
90001	481.495948	70.000000	-7.814713e-01	-9.795750e-02	6.057175e-01	1.131088e+05
90001	486.216496	70.000000	-8.139100e-01	-5.253500e-02	5.700450e-01	1.232873e+05
90001	491.030521	70.000000	-8.431238e-01	-7.035000e-03	5.303100e-01	1.287868e+05
90001	495.940826	70.000000	-8.687938e-01	3.348250e-02	4.851150e-01	1.212100e+05
90001	500.950330	70.000000	-8.979412e-01	7.141750e-02	4.390700e-01	1.600444e+05
90001	506.062068	70.000000	-9.188062e-01	1.017325e-01	3.879500e-01	1.608200e+05
90001	511.279202	70.000000	-9.384762e-01	1.273000e-01	3.308050e-01	2.009814e+05
90001	516.605028	70.000000	-9.560325e-01	1.465450e-01	2.625125e-01	2.323875e+05
90001	522.042975	70.000000	-9.715287e-01	1.588575e-01	1.838825e-01	2.449648e+05
90001	527.596624	70.000000	-9.835938e-01	1.636525e-01	9.449750e-02	3.541058e+05
90001	533.269706	70.000000	-9.875213e-01	1.606725e-01	-1.373250e-02	3.150166e+05
90001	539.066116	70.000000	-9.760625e-01	1.473775e-01	-1.501775e-01	1.890861e+05
90001	544.989919	70.000000	-9.397025e-01	1.256000e-01	-3.071700e-01	1.285813e+05
90001	551.045363	70.000000	-8.657113e-01	9.777250e-02	-4.777475e-01	1.071523e+05
90001	557.236884	70.000000	-7.310975e-01	6.394000e-02	-6.635900e-01	1.000160e+05
90001	563.569121	70.000000	-5.214063e-01	3.487000e-02	-8.354975e-01	8.003154e+04
90001	570.046927	70.000000	-2.478400e-01	1.954250e-02	-9.513600e-01	8.096906e+04
90001	576.675380	70.000000	7.221375e-02	2.461500e-02	-9.805900e-01	8.283594e+04
90001	583.459796	70.000000	3.756862e-01	5.184250e-02	-9.093700e-01	8.985018e+04
90001	590.405746	70.000000	6.164263e-01	9.229500e-02	-7.682025e-01	1.130582e+05
90001	597.519068	70.000000	7.904750e-01	1.363275e-01	-5.862100e-01	1.674450e+05
90001	604.805886	70.000000	8.968038e-01	1.757425e-01	-4.017750e-01	2.003745e+05
90001	612.272625	70.000000	9.496200e-01	2.044800e-01	-2.380450e-01	2.666759e+05
90001	619.926033	70.000000	9.709550e-01	2.235225e-01	-9.008750e-02	2.994914e+05
90001	627.773198	70.000000	9.729850e-01	2.329200e-01	3.259000e-02	3.887008e+05
90001	635.821572	70.000000	9.635325e-01	2.337450e-01	1.353475e-01	2.690014e+05
90001	644.078995	70.000000	9.487237e-01	2.272225e-01	2.252250e-01	2.291831e+05
90001	652.553719	70.000000	9.302887e-01	2.139675e-01	2.995875e-01	2.262804e+05
90001	661.254435	70.000000	9.090725e-01	1.952125e-01	3.681100e-01	2.624871e+05
90001	670.190306	70.000000	8.861488e-01	1.721575e-01	4.284375e-01	2.441652e+05
90001	679.370995	70.000000	8.630225e-01	1.456450e-01	4.828600e-01	2.718631e+05
90001	688.806703	70.000000	8.369338e-01	1.141975e-01	5.327275e-01	2.001187e+05
90001	698.508206	70.000000	8.075912e-01	7.959250e-02	5.814375e-01	1.797272e+05
90001	708.486895	70.000000	7.759900e-01	4.401000e-02	6.265950e-01	1.900243e+05
90001	718.754821	70.000000	7.398662e-01	6.145000e-03	6.667525e-01	1.574152e+05
90001	729.324745	70.000000	7.006875e-01	-3.299250e-02	7.083350e-01	1.814728e+05
90001	740.210189	70.000000	6.540963e-01	-7.422500e-02	7.462400e-01	1.859127e+05
90001	751.425495	70.000000	6.036463e-01	-1.106725e-01	7.840750e-01	1.919269e+05
90001	762.985887	70.000000	5.456087e-01	-1.487075e-01	8.152975e-01	1.332703e+05
90001	774.907541	70.000000	4.854300e-01	-1.821025e-01	8.459450e-01	1.416491e+05
90001	787.207661	70.000000	4.174637e-01	-2.135125e-01	8.718250e-01	8.877536e+04
90001	799.904559	70.000000	3.425388e-01	-2.411700e-01	8.959475e-01	1.401579e+05
90001	813.017748	70.000000	2.689462e-01	-2.633125e-01	9.143725e-01	1.480517e+05
90001	826.568044	70.000000	1.865025e-01	-2.803250e-01	9.301500e-01	1.108710e+05
90001	840.577672	70.000000	1.098960e-01	-2.817667e-01	9.443050e-01	2.329802e+05
90001	855.070390	70.000000	1.229875e-02	-2.904575e-01	9.329650e-01	1.586962e+05
90001	870.071625	70.000000	-7.318500e-02	-2.845125e-01	9.326850e-01	1.667388e+05
90001	885.608619	70.000000	-1.485750e-01	-2.843300e-01	9.607600e-01	2.571617e+05
90001	901.710593	70.000000	-2.359813e-01	-2.642425e-01	9.471125e-01	2.205665e+05
90001	918.408938	70.000000	-3.075137e-01	-2.438150e-01	9.323775e-01	2.861964e+05
90001	935.737408	70.000000	-3.847862e-01	-2.132150e-01	9.085250e-01	2.219498e+05
90001	953.732358	70.000000	-4.501025e-01	-1.836450e-01	8.876850e-01	2.160144e+05
90001	972.432993	70.000000	-5.139387e-01	-1.455225e-01	8.593700e-01	1.555207e+05
90001	991.881653	70.000000	-5.673875e-01	-1.086850e-01	8.303400e-01	1.254089e+05
90001	1012.124136	70.000000	-6.205125e-01	-7.101250e-02	7.922650e-01	2.165881e+05
90001	1033.210055	70.000000	-6.635038e-01	-3.268250e-02	7.533825e-01	1.471570e+05
90001	1055.193248	70.000000	-6.941100e-01	-3.735000e-03	7.219100e-01	1.691682e+05
90001	1078.132231	70.000000	-7.163200e-01	1.932500e-02	6.895000e-01	1.054853e+05
90001	1102.090725	70.000000	-7.327663e-01	4.491000e-02	6.541025e-01	8.713932e+04
90001	1127.138242	70.000000	-7.448437e-01	6.998000e-02	6.227325e-01	6.023085e+04
90001	1153.350759	70.000000	-7.535788e-01	8.986000e-02	5.873975e-01	4.677704e+04
90001	1180.811491	70.000000	-7.582475e-01	1.056775e-01	5.576650e-01	3.783482e+04
90001	1209.611772	70.000000	-7.619012e-01	1.195075e-01	5.199600e-01	2.479771e+04
90001	1239.852066	70.000000	-7.581763e-01	1.302975e-01	4.815625e-01	1.889807e+04
90001	1271.643145	70.000000	-7.470150e-01	1.322400e-01	4.470550e-01	1.387947e+04
90001	1305.107438	70.000000	-7.274463e-01	1.283650e-01	4.080875e-01	1.267423e+04
90001	1340.380612	70.000000	-6.983225e-01	1.173550e-01	3.736650e-01	9.917815e+03
90001	1377.613407	70.000000	-6.551450e-01	9.917750e-02	3.382150e-01	8.218276e+03
90001	1416.973790	70.000000	-5.983513e-01	7.706750e-02	3.102075e-01	7.527614e+03
90001	1458.649489	70.000000	-5.242888e-01	5.328000e-02	2.783900e-01	7.030879e+03
90001	1502.850989	70.000000	-4.350388e-01	2.848000e-02	2.505950e-01	7.010658e+03
90001	1549.815082	70.000000	-3.288425e-01	5.742500e-03	2.339025e-01	7.110312e+03
90001	1599.809117	70.000000	-2.101950e-01	-1.393250e-02	2.134275e-01	1.033656e+04
90001	1653.136088	70.000000	-8.389625e-02	-2.790000e-02	1.996650e-01	1.467467e+04
90001	1710.140781	70.000000	4.579000e-02	-2.444000e-02	2.039175e-01	3.249094e+04
90001	1771.217237	70.000000	1.744525e-01	-1.724750e-02	2.068825e-01	1.117470e+04
90001	1836.817876	70.000000	2.928875e-01	-4.820000e-03	2.176800e-01	1.209427e+04
90001	1907.464717	70.000000	3.987137e-01	2.877750e-02	2.421100e-01	5.115666e+03
90001	1983.763306	70.000000	4.914850e-01	4.433750e-02	2.720950e-01	1.057337e+04
90001	2066.420110	70.000000	5.672738e-01	6.783750e-02	2.885425e-01	5.681784e+03
90001	190.746472	75.000000	7.412663e-01	4.532350e-01	3.796450e-01	3.460428e+04
90001	191.482945	75.000000	7.518000e-01	3.838225e-01	4.306300e-01	2.795762e+04
90001	192.225127	75.000000	7.528275e-01	3.109300e-01	4.781550e-01	2.876541e+04
90001	192.973084	75.000000	7.459975e-01	2.266275e-01	5.344050e-01	5.411132e+04
90001	193.726885	75.000000	7.263925e-01	1.343150e-01	5.846150e-01	2.539188e+04
90001	194.486599	75.000000	6.803500e-01	4.405500e-02	6.447500e-01	4.057244e+04
90001	195.252294	75.000000	6.145238e-01	-6.143750e-02	6.974375e-01	3.472335e+04
90001	196.024042	75.000000	5.105575e-01	-1.682325e-01	7.502575e-01	6.815578e+04
90001	196.801915	75.000000	3.804600e-01	-2.659475e-01	7.858200e-01	3.024900e+04
90001	197.585987	75.000000	2.234837e-01	-3.330125e-01	8.166850e-01	4.581803e+04
90001	198.376331	75.000000	4.762750e-02	-3.813300e-01	8.202975e-01	5.825915e+04
90001	199.173023	75.000000	-1.336850e-01	-4.012950e-01	8.008500e-01	4.300744e+04
90001	199.976140	75.000000	-3.086687e-01	-3.804700e-01	7.747025e-01	1.068740e+05
90001	200.785760	75.000000	-4.648937e-01	-3.352550e-01	7.207150e-01	3.692137e+04
90001	201.601962	75.000000	-5.992200e-01	-2.671375e-01	6.535600e-01	2.669418e+04
90001	202.424827	75.000000	-7.049300e-01	-1.954300e-01	5.820800e-01	6.435728e+04
90001	203.254437	75.000000	-7.936375e-01	-1.012675e-01	5.026025e-01	5.078082e+04
90001	204.090875	75.000000	-8.510638e-01	-2.670500e-02	4.171250e-01	5.544094e+04
90001	204.934226	75.000000	-8.885913e-01	3.090500e-02	3.381000e-01	6.491722e+04
90001	205.784575	75.000000	-9.155437e-01	8.720500e-02	2.575550e-01	5.940898e+04
90001	206.642011	75.000000	-9.338188e-01	1.211900e-01	1.473100e-01	3.424122e+04
90001	207.506622	75.000000	-9.377337e-01	1.321350e-01	4.534750e-02	6.414752e+04
90001	208.378498	75.000000	-9.201650e-01	1.317900e-01	-8.560750e-02	2.968622e+04
90001	209.257733	75.000000	-8.640575e-01	1.094250e-01	-2.413225e-01	4.059647e+04
90001	210.144418	75.000000	-7.317743e-01	7.312667e-02	-4.274500e-01	5.702788e+04
90001	211.038650	75.000000	-5.095162e-01	4.548750e-02	-6.166800e-01	3.305123e+04
90001	211.940524	75.000000	-1.905837e-01	5.783500e-02	-7.360300e-01	2.233655e+04
90001	212.850140	75.000000	1.594175e-01	1.239200e-01	-7.410175e-01	2.456605e+04
90001	213.767598	75.000000	4.605088e-01	2.333325e-01	-6.409550e-01	5.052010e+04
90001	214.692998	75.000000	6.535000e-01	3.492550e-01	-4.895950e-01	5.401336e+04
90001	215.626446	75.000000	7.554550e-01	4.532475e-01	-3.124925e-01	8.173601e+04
90001	216.568046	75.000000	7.889750e-01	5.103300e-01	-1.817100e-01	5.719316e+04
90001	217.517906	75.000000	7.957775e-01	5.525200e-01	-8.423250e-02	4.736699e+04
90001	218.476135	75.000000	7.942287e-01	5.719550e-01	8.150000e-04	5.509596e+04
90001	219.442844	75.000000	7.954225e-01	5.774550e-01	6.096250e-02	6.327623e+04
90001	220.418145	75.000000	7.996538e-01	5.652150e-01	1.125100e-01	4.663334e+04
90001	221.402155	75.000000	8.076862e-01	5.425500e-01	1.590325e-01	4.846781e+04
90001	222.394989	75.000000	8.199475e-01	5.093300e-01	1.973200e-01	5.670115e+04
90001	223.396769	75.000000	8.342350e-01	4.698900e-01	2.318325e-01	3.699208e+04
90001	224.407614	75.000000	8.482725e-01	4.112500e-01	2.730200e-01	2.819512e+04
90001	225.427648	75.000000	8.616663e-01	3.535500e-01	3.125550e-01	4.752505e+04
90001	226.456998	75.000000	8.688038e-01	2.841300e-01	3.539475e-01	4.816452e+04
90001	227.495792	75.000000	8.696050e-01	2.023025e-01	3.950850e-01	3.961262e+04
90001	228.544160	75.000000	8.588012e-01	1.151825e-01	4.450750e-01	5.785651e+04
90001	229.602234	75.000000	8.298475e-01	2.760000e-03	5.031400e-01	3.985601e+04
90001	230.670152	75.000000	7.845714e-01	-9.393750e-02	5.460733e-01	8.561514e+04
90001	231.748050	75.000000	7.145100e-01	-2.045850e-01	6.046675e-01	5.916312e+04
90001	232.836069	75.000000	6.108757e-01	-3.251233e-01	6.577025e-01	5.116067e+04
90001	233.934352	75.000000	4.811400e-01	-4.110550e-01	7.034200e-01	2.943164e+04
90001	235.043046	75.000000	3.314250e-01	-4.850600e-01	7.378725e-01	5.126583e+04
90001	236.162298	75.000000	1.631125e-01	-5.356225e-01	7.568575e-01	4.906857e+04
90001	237.292261	75.000000	-1.723750e-02	-5.588775e-01	7.576100e-01	3.659748e+04
90001	238.433090	75.000000	-2.019400e-01	-5.499725e-01	7.391975e-01	4.891234e+04
90001	239.584940	75.000000	-3.659063e-01	-5.045525e-01	7.082950e-01	4.131850e+04
90001	240.747974	75.000000	-5.168525e-01	-4.350600e-01	6.652525e-01	3.039900e+04
90001	241.922354	75.000000	-6.413675e-01	-3.670225e-01	6.116725e-01	4.459058e+04
90001	243.108248	75.000000	-7.385813e-01	-2.754275e-01	5.530975e-01	3.495511e+04
90001	244.305826	75.000000	-8.110050e-01	-1.916050e-01	4.844000e-01	5.867146e+04
90001	245.515261	75.000000	-8.623225e-01	-1.188175e-01	4.197350e-01	3.804301e+04
90001	246.736730	75.000000	-8.991487e-01	-4.153000e-02	3.601300e-01	5.571524e+04
90001	247.970413	75.000000	-9.252537e-01	1.719500e-02	3.028500e-01	1.138358e+05
90001	249.216496	75.000000	-9.418163e-01	6.574250e-02	2.481525e-01	7.830844e+04
90001	250.475165	75.000000	-9.520300e-01	9.727250e-02	1.782875e-01	1.157766e+05
90001	251.746612	75.000000	-9.600975e-01	1.155975e-01	1.126675e-01	8.175549e+04
90001	253.031034	75.000000	-9.656200e-01	1.078250e-01	3.548250e-02	1.648403e+05
90001	254.328629	75.000000	-9.617700e-01	8.005500e-02	-6.026750e-02	1.033861e+05
90001	255.639601	75.000000	-9.386900e-01	1.514750e-02	-1.840050e-01	8.494731e+04
90001	256.964159	75.000000	-8.694975e-01	-8.189500e-02	-3.270275e-01	2.937388e+04
90001	258.302514	75.000000	-7.318575e-01	-1.977425e-01	-4.992375e-01	2.586148e+04
90001	259.654883	75.000000	-4.640438e-01	-3.019350e-01	-6.698975e-01	2.529306e+04
90001	261.021488	75.000000	-7.791250e-02	-3.345050e-01	-7.709175e-01	2.329064e+04
90001	262.402554	75.000000	3.258787e-01	-2.620925e-01	-7.477825e-01	2.088842e+04
90001	263.798312	75.000000	6.173350e-01	-1.188375e-01	-6.362225e-01	4.397616e+04
90001	265.208998	75.000000	8.013088e-01	6.435750e-02	-4.697125e-01	4.649650e+04
90001	266.634853	75.000000	8.764975e-01	2.139625e-01	-3.251325e-01	7.284675e+04
90001	268.076122	75.000000	8.956512e-01	3.247250e-01	-2.045800e-01	6.443691e+04
90001	269.533058	75.000000	8.897775e-01	3.981250e-01	-1.124625e-01	1.001980e+05
90001	271.005916	75.000000	8.767563e-01	4.468125e-01	-3.799500e-02	5.012769e+04
90001	272.494960	75.000000	8.681612e-01	4.715650e-01	1.823750e-02	5.686655e+04
90001	274.000457	75.000000	8.631887e-01	4.743800e-01	6.248000e-02	4.671962e+04
90001	275.522681	75.000000	8.658337e-01	4.666950e-01	1.015875e-01	5.170614e+04
90001	277.061914	75.000000	8.727038e-01	4.475750e-01	1.369450e-01	5.111615e+04
90001	278.618442	75.000000	8.833112e-01	4.095850e-01	1.684850e-01	4.510882e+04
90001	280.192557	75.000000	8.966175e-01	3.701025e-01	1.996375e-01	5.919531e+04
90001	281.784560	75.000000	9.090600e-01	3.148200e-01	2.338775e-01	5.299543e+04
90001	283.394758	75.000000	9.184025e-01	2.426800e-01	2.715825e-01	5.337483e+04
90001	285.023463	75.000000	9.222788e-01	1.642800e-01	3.128175e-01	6.047502e+04
90001	286.670998	75.000000	9.159125e-01	7.554500e-02	3.535700e-01	4.470700e+04
90001	288.337690	75.000000	8.963050e-01	-2.152750e-02	4.074950e-01	5.462802e+04
90001	290.023875	75.000000	8.430437e-01	-1.521575e-01	4.731775e-01	6.599956e+04
90001	291.729898	75.000000	7.717113e-01	-2.677725e-01	5.332000e-01	7.069076e+04
90001	293.456110	75.000000	6.654425e-01	-3.815000e-01	5.989525e-01	6.227957e+04
90001	295.202873	75.000000	5.284362e-01	-4.797950e-01	6.574725e-01	6.116996e+04
90001	296.970555	75.000000	3.709475e-01	-5.520850e-01	7.044975e-01	6.343815e+04
90001	298.759534	75.000000	1.930550e-01	-5.948000e-01	7.386775e-01	6.644278e+04
90001	300.570198	75.000000	1.409375e-02	-6.069100e-01	7.561350e-01	6.231253e+04
90001	302.402943	75.000000	-1.588612e-01	-5.879600e-01	7.575625e-01	5.404121e+04
90001	304.258176	75.000000	-3.275700e-01	-5.404900e-01	7.422825e-01	5.147938e+04
90001	306.136313	75.000000	-4.637350e-01	-4.766900e-01	7.166375e-01	5.146457e+04
90001	308.037780	75.000000	-5.842500e-01	-3.987600e-01	6.810325e-01	5.433526e+04
90001	309.963016	75.000000	-6.810637e-01	-3.134000e-01	6.391000e-01	6.247678e+04
90001	311.912469	75.000000	-7.566687e-01	-2.258625e-01	5.943725e-01	6.132135e+04
90001	313.886599	75.000000	-8.158913e-01	-1.388200e-01	5.452575e-01	6.604422e+04
90001	315.885877	75.000000	-8.586037e-01	-5.552500e-02	4.965450e-01	7.375978e+04
90001	317.910786	75.000000	-8.892075e-01	2.211500e-02	4.446200e-01	7.566640e+04
90001	319.961823	75.000000	-9.095075e-01	8.906500e-02	3.952950e-01	8.933139e+04
90001	322.039498	75.000000	-9.228587e-01	1.466400e-01	3.468475e-01	8.318166e+04
90001	324.144331	75.000000	-9.312375e-01	1.888625e-01	3.022350e-01	1.025500e+05
90001	326.276859	75.000000	-9.383062e-01	2.237500e-01	2.534450e-01	1.158538e+05
90001	328.437633	75.000000	-9.450937e-01	2.484475e-01	2.002675e-01	1.138789e+05
90001	330.627218	75.000000	-9.514325e-01	2.599375e-01	1.462775e-01	1.192980e+05
90001	332.846192	75.000000	-9.587663e-01	2.593450e-01	7.850250e-02	1.327818e+05
90001	335.095153	75.000000	-9.650200e-01	2.426775e-01	3.455000e-03	1.422418e+05
90001	337.374712	75.000000	-9.662463e-01	2.063900e-01	-9.291000e-02	1.407235e+05
90001	339.685498	75.000000	-9.532638e-01	1.441300e-01	-2.148150e-01	1.121900e+05
90001	342.028156	75.000000	-9.080413e-01	5.657500e-02	-3.657700e-01	6.681756e+04
90001	344.403352	75.000000	-8.018925e-01	-5.230500e-02	-5.419750e-01	4.280267e+04
90001	346.811767	75.000000	-6.132000e-01	-1.605925e-01	-7.170675e-01	3.889168e+04
90001	349.254103	75.000000	-3.101587e-01	-2.447875e-01	-8.594700e-01	3.758224e+04
90001	351.731083	75.000000	6.142875e-02	-2.569175e-01	-9.063475e-01	4.027683e+04
90001	354.243447	75.000000	4.403025e-01	-1.813825e-01	-8.261025e-01	5.525536e+04
90001	356.791961	75.000000	6.990175e-01	-5.431250e-02	-6.672350e-01	9.701743e+04
90001	359.377410	75.000000	8.503813e-01	8.258000e-02	-4.814250e-01	1.087082e+05
90001	362.000603	75.000000	9.157475e-01	1.973625e-01	-3.149850e-01	1.099542e+05
90001	364.662372	75.000000	9.338363e-01	2.848900e-01	-1.830375e-01	1.040877e+05
90001	367.363575	75.000000	9.309463e-01	3.416050e-01	-8.091000e-02	9.573188e+04
90001	370.105094	75.000000	9.212700e-01	3.787575e-01	1.787500e-03	1.030006e+05
90001	372.887839	75.000000	9.116800e-01	3.964625e-01	7.339250e-02	1.008499e+05
90001	375.712747	75.000000	9.053925e-01	3.974200e-01	1.342825e-01	1.034522e+05
90001	378.580784	75.000000	9.010038e-01	3.848525e-01	1.876050e-01	1.073078e+05
90001	381.492943	75.000000	8.979425e-01	3.618525e-01	2.415525e-01	9.896867e+04
90001	384.450253	75.000000	8.946487e-01	3.313450e-01	2.935225e-01	1.046722e+05
90001	387.453771	75.000000	8.896375e-01	2.946025e-01	3.432625e-01	1.034719e+05
90001	390.504588	75.000000	8.814063e-01	2.514700e-01	3.956075e-01	1.069321e+05
90001	393.603830	75.000000	8.672375e-01	1.981475e-01	4.522325e-01	1.012209e+05
90001	396.752661	75.000000	8.452937e-01	1.410650e-01	5.084400e-01	1.025263e+05
90001	399.952279	75.000000	8.139462e-01	8.123000e-02	5.669250e-01	9.682631e+04
90001	403.203924	75.000000	7.704875e-01	1.547000e-02	6.275000e-01	9.374052e+04
90001	406.508874	75.000000	7.171225e-01	-4.521250e-02	6.850500e-01	1.034472e+05
90001	409.868452	75.000000	6.490000e-01	-1.057375e-01	7.419125e-01	9.416002e+04
90001	413.284022	75.000000	5.656050e-01	-1.624075e-01	7.958975e-01	9.315607e+04
90001	416.756997	75.000000	4.638538e-01	-2.140950e-01	8.478525e-01	8.951569e+04
90001	420.288836	75.000000	3.498463e-01	-2.523925e-01	8.875125e-01	7.999999e+04
90001	423.881048	75.000000	2.246887e-01	-2.781525e-01	9.204650e-01	9.216084e+04
90001	427.535195	75.000000	1.021912e-01	-2.873950e-01	9.372225e-01	7.295973e+04
90001	431.252893	75.000000	-2.272250e-02	-2.804425e-01	9.453300e-01	8.273736e+04
90001	435.035813	75.000000	-1.497237e-01	-2.594200e-01	9.405900e-01	8.968975e+04
90001	438.885687	75.000000	-2.721175e-01	-2.224300e-01	9.230500e-01	9.047192e+04
90001	442.804309	75.000000	-3.774338e-01	-1.760150e-01	8.954475e-01	7.801265e+04
90001	446.793537	75.000000	-4.689237e-01	-1.226400e-01	8.632000e-01	9.370409e+04
90001	450.855297	75.000000	-5.467125e-01	-6.732250e-02	8.237325e-01	9.572195e+04
90001	454.991584	75.000000	-6.119825e-01	-6.540000e-03	7.781450e-01	8.510940e+04
90001	459.204469	75.000000	-6.699225e-01	5.954750e-02	7.287850e-01	1.166203e+05
90001	463.496099	75.000000	-7.123175e-01	1.194475e-01	6.783450e-01	1.066985e+05
90001	467.868704	75.000000	-7.444050e-01	1.732800e-01	6.348575e-01	1.360541e+05
90001	472.324597	75.000000	-7.687938e-01	2.242000e-01	5.882875e-01	1.183858e+05
90001	476.866179	75.000000	-7.876225e-01	2.700075e-01	5.399700e-01	1.255763e+05
90001	481.495948	75.000000	-8.043275e-01	3.153825e-01	4.916375e-01	1.589778e+05
90001	486.216496	75.000000	-8.164538e-01	3.516475e-01	4.484825e-01	1.516516e+05
90001	491.030521	75.000000	-8.266400e-01	3.843200e-01	3.991600e-01	1.599905e+05
90001	495.940826	75.000000	-8.358550e-01	4.133125e-01	3.486375e-01	1.786782e+05
90001	500.950330	75.000000	-8.500850e-01	4.390900e-01	2.953525e-01	2.045311e+05
90001	506.062068	75.000000	-8.594738e-01	4.567500e-01	2.371125e-01	2.107591e+05
90001	511.279202	75.000000	-8.683237e-01	4.700500e-01	1.720550e-01	2.365833e+05
90001	516.605028	75.000000	-8.748375e-01	4.777100e-01	9.381500e-02	2.231590e+05
90001	522.042975	75.000000	-8.783750e-01	4.791125e-01	9.900000e-04	2.368849e+05
90001	527.596624	75.000000	-8.740362e-01	4.745725e-01	-1.034900e-01	1.898294e+05
90001	533.269706	75.000000	-8.535225e-01	4.634400e-01	-2.307375e-01	1.947081e+05
90001	539.066116	75.000000	-8.024600e-01	4.457625e-01	-3.859825e-01	1.439961e+05
90001	544.989919	75.000000	-7.073075e-01	4.230425e-01	-5.525175e-01	1.399211e+05
90001	551.045363	75.000000	-5.581175e-01	4.023900e-01	-7.102825e-01	1.397211e+05
90001	557.236884	75.000000	-3.398638e-01	3.877000e-01	-8.406125e-01	1.013243e+05
90001	563.569121	75.000000	-7.067875e-02	3.850075e-01	-9.043975e-01	9.558086e+04
90001	570.046927	75.000000	2.026063e-01	3.990325e-01	-8.797425e-01	1.136989e+05
90001	576.675380	75.000000	4.454763e-01	4.238525e-01	-7.747225e-01	1.222085e+05
90001	583.459796	75.000000	6.237613e-01	4.535150e-01	-6.236200e-01	1.303463e+05
90001	590.405746	75.000000	7.362475e-01	4.818175e-01	-4.624825e-01	1.589270e+05
90001	597.519068	75.000000	8.026437e-01	5.056350e-01	-3.063025e-01	1.874021e+05
90001	604.805886	75.000000	8.351250e-01	5.216225e-01	-1.686050e-01	1.776211e+05
90001	612.272625	75.000000	8.455987e-01	5.304850e-01	-5.451500e-02	1.883264e+05
90001	619.926033	75.000000	8.448662e-01	5.328950e-01	4.499750e-02	2.286250e+05
90001	627.773198	75.000000	8.382388e-01	5.286675e-01	1.298575e-01	2.248938e+05
90001	635.821572	75.000000	8.281162e-01	5.211025e-01	2.037075e-01	1.935855e+05
90001	644.078995	75.000000	8.171150e-01	5.083125e-01	2.682925e-01	2.102286e+05
90001	652.553719	75.000000	8.060050e-01	4.920725e-01	3.270100e-01	2.098115e+05
90001	661.254435	75.000000	7.925463e-01	4.704150e-01	3.833475e-01	2.162464e+05
90001	670.190306	75.000000	7.789263e-01	4.481050e-01	4.337050e-01	2.325593e+05
90001	679.370995	75.000000	7.638850e-01	4.217125e-01	4.848000e-01	2.202001e+05
90001	688.806703	75.000000	7.464600e-01	3.924975e-01	5.335525e-01	2.271076e+05
90001	698.508206	75.000000	7.249887e-01	3.605650e-01	5.824525e-01	2.187615e+05
90001	708.486895	75.000000	7.003800e-01	3.260200e-01	6.286675e-01	2.241429e+05
90001	718.754821	75.000000	6.711150e-01	2.886950e-01	6.766125e-01	2.555079e+05
90001	729.324745	75.000000	6.366800e-01	2.527100e-01	7.233075e-01	2.049693e+05
90001	740.210189	75.000000	5.931450e-01	2.154875e-01	7.686475e-01	1.664768e+05
90001	751.425495	75.000000	5.448838e-01	1.780125e-01	8.116800e-01	1.539519e+05
90001	762.985887	75.000000	4.866550e-01	1.420450e-01	8.552100e-01	1.588377e+05
90001	774.907541	75.000000	4.248100e-01	1.128450e-01	8.874575e-01	1.302266e+05
90001	787.207661	75.000000	3.520313e-01	8.575250e-02	9.243225e-01	1.124843e+05
90001	799.904559	75.000000	2.721975e-01	5.624500e-02	9.519300e-01	1.454115e+05
90001	813.017748	75.000000	1.921712e-01	4.488000e-02	9.659075e-01	8.648036e+04
90001	826.568044	75.000000	1.042788e-01	3.151750e-02	9.825950e-01	1.407868e+05
90001	840.577672	75.000000	2.133333e-02	3.746000e-02	9.929050e-01	0.000000e+00
90001	855.070390	75.000000	-7.764750e-02	3.267750e-02	9.688750e-01	1.011064e+05
90001	870.071625	75.000000	-1.656325e-01	4.367250e-02	9.679250e-01	1.374227e+05
90001	885.608619	75.000000	-2.419975e-01	6.249250e-02	9.821100e-01	3.872601e+05
90001	901.710593	75.000000	-3.261713e-01	8.987250e-02	9.536775e-01	5.684610e+05
90001	918.408938	75.000000	-3.916613e-01	1.176750e-01	9.254350e-01	3.126923e+05
90001	935.737408	75.000000	-4.593987e-01	1.545225e-01	8.871275e-01	3.378812e+05
90001	953.732358	75.000000	-5.135525e-01	1.887225e-01	8.516475e-01	5.062590e+05
90001	972.432993	75.000000	-5.633613e-01	2.271850e-01	8.069050e-01	3.244897e+05
90001	991.881653	75.000000	-6.036350e-01	2.647450e-01	7.651050e-01	3.334137e+05
90001	1012.124136	75.000000	-6.414738e-01	3.020850e-01	7.183925e-01	2.692525e+05
90001	1033.210055	75.000000	-6.682350e-01	3.375300e-01	6.728900e-01	3.217648e+05
90001	1055.193248	75.000000	-6.851762e-01	3.689575e-01	6.296600e-01	2.684190e+05
90001	1078.132231	75.000000	-6.944650e-01	3.977850e-01	5.889150e-01	1.434926e+05
90001	1102.090725	75.000000	-7.008513e-01	4.213200e-01	5.459550e-01	1.875335e+05
90001	1127.138242	75.000000	-7.059500e-01	4.418750e-01	5.095700e-01	1.099566e+05
90001	1153.350759	75.000000	-7.090987e-01	4.583725e-01	4.668950e-01	2.151615e+05
90001	1180.811491	75.000000	-7.092563e-01	4.752025e-01	4.287075e-01	5.867884e+04
90001	1209.611772	75.000000	-7.083312e-01	4.811200e-01	3.782525e-01	3.332808e+04
90001	1239.852066	75.000000	-7.044912e-01	4.884600e-01	3.341900e-01	3.023504e+04
90001	1271.643145	75.000000	-6.932388e-01	4.903700e-01	2.939500e-01	1.937483e+04
90001	1305.107438	75.000000	-6.761512e-01	4.837275e-01	2.399350e-01	1.449306e+04
90001	1340.380612	75.000000	-6.504288e-01	4.755800e-01	1.939575e-01	9.734306e+03
90001	1377.613407	75.000000	-6.095613e-01	4.569075e-01	1.517325e-01	7.938266e+03
90001	1416.973790	75.000000	-5.528625e-01	4.356325e-01	1.044350e-01	5.535520e+03
90001	1458.649489	75.000000	-4.795463e-01	4.114400e-01	6.021750e-02	4.915947e+03
90001	1502.850989	75.000000	-3.870513e-01	3.877125e-01	2.801250e-02	4.579438e+03
90001	1549.815082	75.000000	-2.741450e-01	3.569250e-01	1.407500e-03	7.531033e+03
90001	1599.809117	75.000000	-1.488500e-01	3.462550e-01	-2.309250e-02	9.459035e+03
90001	1653.136088	75.000000	-1.532375e-02	3.343375e-01	-3.622250e-02	2.791297e+04
90001	1710.140781	75.000000	1.184562e-01	3.416300e-01	-2.571000e-02	9.765674e+03
90001	1771.217237	75.000000	2.450187e-01	3.592875e-01	-6.112500e-03	5.824973e+03
90001	1836.817876	75.000000	3.578513e-01	3.695975e-01	2.167250e-02	7.631863e+03
90001	1907.464717	75.000000	4.530675e-01	4.079275e-01	4.506500e-02	3.059306e+03
90001	1983.763306	75.000000	5.249375e-01	4.099825e-01	1.075350e-01	7.379037e+03
90001	2066.420110	75.000000	5.778837e-01	4.257250e-01	1.340600e-01	5.123767e+03
