20001	190.000000	6.000000	0.022213	0.000000	0.000000	2.132516e+01
20001	191.000000	6.000000	0.212056	0.000000	0.000000	3.112056e+02
20001	192.000000	6.000000	0.235384	0.000000	0.000000	2.697373e+02
20001	193.000000	6.000000	0.263499	0.000000	0.000000	3.639843e+02
20001	194.000000	6.000000	0.284490	0.000000	0.000000	4.575286e+02
20001	195.000000	6.000000	0.326687	0.000000	0.000000	6.334411e+02
20001	196.000000	6.000000	0.355160	0.000000	0.000000	4.969002e+02
20001	197.000000	6.000000	0.389699	0.000000	0.000000	9.195419e+02
20001	198.000000	6.000000	0.425674	0.000000	0.000000	6.828002e+02
20001	199.000000	6.000000	0.476334	0.000000	0.000000	7.620199e+02
20001	200.000000	6.000000	0.487442	0.000000	0.000000	1.954267e+03
20001	201.000000	6.000000	0.509987	0.000000	0.000000	2.445683e+03
20001	202.000000	6.000000	0.514736	0.000000	0.000000	3.838740e+03
20001	203.000000	6.000000	0.521476	0.000000	0.000000	1.349247e+04
20001	204.000000	6.000000	0.532525	0.000000	0.000000	3.244243e+03
20001	205.000000	6.000000	0.528189	0.000000	0.000000	2.046031e+03
20001	206.000000	6.000000	0.527878	0.000000	0.000000	4.309160e+03
20001	207.000000	6.000000	0.510086	0.000000	0.000000	2.351294e+03
20001	208.000000	6.000000	0.494704	0.000000	0.000000	4.869690e+03
20001	209.000000	6.000000	0.480675	0.000000	0.000000	5.872817e+03
20001	210.000000	6.000000	0.456270	0.000000	0.000000	7.000190e+03
20001	211.000000	6.000000	0.429645	0.000000	0.000000	7.099772e+03
20001	212.000000	6.000000	0.406051	0.000000	0.000000	6.351758e+03
20001	213.000000	6.000000	0.369657	0.000000	0.000000	1.154357e+04
20001	214.000000	6.000000	0.335754	0.000000	0.000000	7.003461e+03
20001	215.000000	6.000000	0.308874	0.000000	0.000000	8.036106e+03
20001	216.000000	6.000000	0.280905	0.000000	0.000000	1.807887e+04
20001	217.000000	6.000000	0.268031	0.000000	0.000000	2.222151e+04
20001	218.000000	6.000000	0.261907	0.000000	0.000000	1.828126e+04
20001	219.000000	6.000000	0.261350	0.000000	0.000000	2.224975e+04
20001	220.000000	6.000000	0.267378	0.000000	0.000000	2.665373e+04
20001	221.000000	6.000000	0.285058	0.000000	0.000000	3.179645e+04
20001	222.000000	6.000000	0.308925	0.000000	0.000000	3.107069e+04
20001	223.000000	6.000000	0.336510	0.000000	0.000000	3.567532e+04
20001	224.000000	6.000000	0.366366	0.000000	0.000000	2.533160e+04
20001	225.000000	6.000000	0.395939	0.000000	0.000000	1.639511e+04
20001	226.000000	6.000000	0.425049	0.000000	0.000000	1.420617e+04
20001	227.000000	6.000000	0.450743	0.000000	0.000000	1.019736e+04
20001	228.000000	6.000000	0.473998	0.000000	0.000000	9.196653e+03
20001	229.000000	6.000000	0.495124	0.000000	0.000000	8.545664e+03
20001	230.000000	6.000000	0.512982	0.000000	0.000000	7.896614e+03
20001	231.000000	6.000000	0.527715	0.000000	0.000000	7.513114e+03
20001	232.000000	6.000000	0.540370	0.000000	0.000000	6.426108e+03
20001	233.000000	6.000000	0.551307	0.000000	0.000000	5.394419e+03
20001	234.000000	6.000000	0.558660	0.000000	0.000000	5.412203e+03
20001	235.000000	6.000000	0.564870	0.000000	0.000000	5.942849e+03
20001	236.000000	6.000000	0.568916	0.000000	0.000000	5.799990e+03
20001	237.000000	6.000000	0.571331	0.000000	0.000000	4.773528e+03
20001	238.000000	6.000000	0.574324	0.000000	0.000000	4.737461e+03
20001	239.000000	6.000000	0.574943	0.000000	0.000000	4.886364e+03
20001	240.000000	6.000000	0.572919	0.000000	0.000000	4.438383e+03
20001	241.000000	6.000000	0.569245	0.000000	0.000000	4.433261e+03
20001	242.000000	6.000000	0.565134	0.000000	0.000000	4.520388e+03
20001	243.000000	6.000000	0.558383	0.000000	0.000000	4.958504e+03
20001	244.000000	6.000000	0.549533	0.000000	0.000000	4.612177e+03
20001	245.000000	6.000000	0.540399	0.000000	0.000000	4.546831e+03
20001	246.000000	6.000000	0.528881	0.000000	0.000000	5.132538e+03
20001	247.000000	6.000000	0.515223	0.000000	0.000000	5.159149e+03
20001	248.000000	6.000000	0.500925	0.000000	0.000000	5.368896e+03
20001	249.000000	6.000000	0.487560	0.000000	0.000000	5.543701e+03
20001	250.000000	6.000000	0.471805	0.000000	0.000000	6.909863e+03
20001	251.000000	6.000000	0.455049	0.000000	0.000000	6.595602e+03
20001	252.000000	6.000000	0.436859	0.000000	0.000000	6.738278e+03
20001	253.000000	6.000000	0.419812	0.000000	0.000000	6.719907e+03
20001	254.000000	6.000000	0.402446	0.000000	0.000000	6.652861e+03
20001	255.000000	6.000000	0.386327	0.000000	0.000000	7.450968e+03
20001	256.000000	6.000000	0.370382	0.000000	0.000000	8.833928e+03
20001	257.000000	6.000000	0.356898	0.000000	0.000000	9.618671e+03
20001	258.000000	6.000000	0.347024	0.000000	0.000000	1.109917e+04
20001	259.000000	6.000000	0.339178	0.000000	0.000000	1.225185e+04
20001	260.000000	6.000000	0.335215	0.000000	0.000000	1.531753e+04
20001	261.000000	6.000000	0.337441	0.000000	0.000000	1.588513e+04
20001	262.000000	6.000000	0.342298	0.000000	0.000000	2.017227e+04
20001	263.000000	6.000000	0.350775	0.000000	0.000000	1.720719e+04
20001	264.000000	6.000000	0.362262	0.000000	0.000000	1.786657e+04
20001	265.000000	6.000000	0.376978	0.000000	0.000000	1.848242e+04
20001	266.000000	6.000000	0.393231	0.000000	0.000000	1.592727e+04
20001	267.000000	6.000000	0.412147	0.000000	0.000000	1.693443e+04
20001	268.000000	6.000000	0.430816	0.000000	0.000000	1.416916e+04
20001	269.000000	6.000000	0.450831	0.000000	0.000000	1.364956e+04
20001	270.000000	6.000000	0.470949	0.000000	0.000000	1.304748e+04
20001	271.000000	6.000000	0.490576	0.000000	0.000000	1.194614e+04
20001	272.000000	6.000000	0.509295	0.000000	0.000000	1.037179e+04
20001	273.000000	6.000000	0.526446	0.000000	0.000000	9.801249e+03
20001	274.000000	6.000000	0.542891	0.000000	0.000000	8.621924e+03
20001	275.000000	6.000000	0.557199	0.000000	0.000000	7.517251e+03
20001	276.000000	6.000000	0.569864	0.000000	0.000000	7.568727e+03
20001	277.000000	6.000000	0.581263	0.000000	0.000000	6.749526e+03
20001	278.000000	6.000000	0.591811	0.000000	0.000000	6.502851e+03
20001	279.000000	6.000000	0.600228	0.000000	0.000000	6.357441e+03
20001	280.000000	6.000000	0.607451	0.000000	0.000000	5.534655e+03
20001	281.000000	6.000000	0.614803	0.000000	0.000000	5.352996e+03
20001	282.000000	6.000000	0.622419	0.000000	0.000000	5.243660e+03
20001	283.000000	6.000000	0.627322	0.000000	0.000000	5.208168e+03
20001	284.000000	6.000000	0.629927	0.000000	0.000000	5.614462e+03
20001	285.000000	6.000000	0.632076	0.000000	0.000000	5.642196e+03
20001	286.000000	6.000000	0.633027	0.000000	0.000000	6.767517e+03
20001	287.000000	6.000000	0.632842	0.000000	0.000000	6.495353e+03
20001	288.000000	6.000000	0.631044	0.000000	0.000000	4.705555e+03
20001	289.000000	6.000000	0.627162	0.000000	0.000000	5.186292e+03
20001	290.000000	6.000000	0.624441	0.000000	0.000000	5.435525e+03
20001	291.000000	6.000000	0.618934	0.000000	0.000000	4.949724e+03
20001	292.000000	6.000000	0.614068	0.000000	0.000000	5.441210e+03
20001	293.000000	6.000000	0.606461	0.000000	0.000000	4.617035e+03
20001	294.000000	6.000000	0.597351	0.000000	0.000000	6.375638e+03
20001	295.000000	6.000000	0.588322	0.000000	0.000000	5.557810e+03
20001	296.000000	6.000000	0.580812	0.000000	0.000000	7.527543e+03
20001	297.000000	6.000000	0.570622	0.000000	0.000000	5.922316e+03
20001	298.000000	6.000000	0.561318	0.000000	0.000000	6.159296e+03
20001	299.000000	6.000000	0.551186	0.000000	0.000000	5.622754e+03
20001	300.000000	6.000000	0.541116	0.000000	0.000000	5.800991e+03
20001	301.000000	6.000000	0.531349	0.000000	0.000000	6.073063e+03
20001	302.000000	6.000000	0.520805	0.000000	0.000000	6.968342e+03
20001	303.000000	6.000000	0.507885	0.000000	0.000000	6.542494e+03
20001	304.000000	6.000000	0.494374	0.000000	0.000000	6.067770e+03
20001	305.000000	6.000000	0.481507	0.000000	0.000000	8.578575e+03
20001	306.000000	6.000000	0.468619	0.000000	0.000000	8.774304e+03
20001	307.000000	6.000000	0.455832	0.000000	0.000000	9.817415e+03
20001	308.000000	6.000000	0.441964	0.000000	0.000000	1.029569e+04
20001	309.000000	6.000000	0.428801	0.000000	0.000000	9.061124e+03
20001	310.000000	6.000000	0.414500	0.000000	0.000000	8.532351e+03
20001	311.000000	6.000000	0.399786	0.000000	0.000000	9.897599e+03
20001	312.000000	6.000000	0.385518	0.000000	0.000000	1.247733e+04
20001	313.000000	6.000000	0.372178	0.000000	0.000000	1.376298e+04
20001	314.000000	6.000000	0.358449	0.000000	0.000000	1.585731e+04
20001	315.000000	6.000000	0.344063	0.000000	0.000000	1.872699e+04
20001	316.000000	6.000000	0.330326	0.000000	0.000000	1.641497e+04
20001	317.000000	6.000000	0.317430	0.000000	0.000000	1.635078e+04
20001	318.000000	6.000000	0.305261	0.000000	0.000000	1.955951e+04
20001	319.000000	6.000000	0.293321	0.000000	0.000000	2.139619e+04
20001	320.000000	6.000000	0.282830	0.000000	0.000000	2.274468e+04
20001	321.000000	6.000000	0.273298	0.000000	0.000000	2.402800e+04
20001	322.000000	6.000000	0.264793	0.000000	0.000000	2.376801e+04
20001	323.000000	6.000000	0.257978	0.000000	0.000000	2.553746e+04
20001	324.000000	6.000000	0.251478	0.000000	0.000000	3.000230e+04
20001	325.000000	6.000000	0.247037	0.000000	0.000000	3.207949e+04
20001	326.000000	6.000000	0.243162	0.000000	0.000000	3.477637e+04
20001	327.000000	6.000000	0.240741	0.000000	0.000000	4.337231e+04
20001	328.000000	6.000000	0.240218	0.000000	0.000000	3.752576e+04
20001	329.000000	6.000000	0.240889	0.000000	0.000000	4.402749e+04
20001	330.000000	6.000000	0.242314	0.000000	0.000000	6.272147e+04
20001	331.000000	6.000000	0.245978	0.000000	0.000000	4.048954e+04
20001	332.000000	6.000000	0.249628	0.000000	0.000000	3.655200e+04
20001	333.000000	6.000000	0.255447	0.000000	0.000000	3.110457e+04
20001	334.000000	6.000000	0.260505	0.000000	0.000000	2.295560e+04
20001	335.000000	6.000000	0.267230	0.000000	0.000000	3.777952e+04
20001	336.000000	6.000000	0.275940	0.000000	0.000000	5.616980e+04
20001	337.000000	6.000000	0.283042	0.000000	0.000000	4.304402e+04
20001	338.000000	6.000000	0.292866	0.000000	0.000000	3.807771e+04
20001	339.000000	6.000000	0.302438	0.000000	0.000000	3.749737e+04
20001	340.000000	6.000000	0.311768	0.000000	0.000000	3.758169e+04
20001	341.000000	6.000000	0.322762	0.000000	0.000000	2.498281e+04
20001	342.000000	6.000000	0.333230	0.000000	0.000000	2.645649e+04
20001	343.000000	6.000000	0.342986	0.000000	0.000000	2.533201e+04
20001	344.000000	6.000000	0.353349	0.000000	0.000000	3.487145e+04
20001	345.000000	6.000000	0.364321	0.000000	0.000000	2.858025e+04
20001	346.000000	6.000000	0.375068	0.000000	0.000000	2.720701e+04
20001	347.000000	6.000000	0.385703	0.000000	0.000000	2.784089e+04
20001	348.000000	6.000000	0.397513	0.000000	0.000000	3.256731e+04
20001	349.000000	6.000000	0.407187	0.000000	0.000000	2.509842e+04
20001	350.000000	6.000000	0.416492	0.000000	0.000000	2.339725e+04
20001	351.000000	6.000000	0.426322	0.000000	0.000000	1.977608e+04
20001	352.000000	6.000000	0.435817	0.000000	0.000000	1.975993e+04
20001	353.000000	6.000000	0.445493	0.000000	0.000000	1.762823e+04
20001	354.000000	6.000000	0.455438	0.000000	0.000000	1.465864e+04
20001	355.000000	6.000000	0.464795	0.000000	0.000000	1.562085e+04
20001	356.000000	6.000000	0.474011	0.000000	0.000000	1.831528e+04
20001	357.000000	6.000000	0.483438	0.000000	0.000000	1.795519e+04
20001	358.000000	6.000000	0.492126	0.000000	0.000000	1.553905e+04
20001	359.000000	6.000000	0.501079	0.000000	0.000000	1.173553e+04
20001	360.000000	6.000000	0.509451	0.000000	0.000000	1.038800e+04
20001	361.000000	6.000000	0.515741	0.000000	0.000000	1.124484e+04
20001	362.000000	6.000000	0.523401	0.000000	0.000000	1.415749e+04
20001	363.000000	6.000000	0.529588	0.000000	0.000000	1.465795e+04
20001	364.000000	6.000000	0.535745	0.000000	0.000000	1.257665e+04
20001	365.000000	6.000000	0.541502	0.000000	0.000000	1.229034e+04
20001	366.000000	6.000000	0.545076	0.000000	0.000000	1.112267e+04
20001	367.000000	6.000000	0.548665	0.000000	0.000000	1.061024e+04
20001	368.000000	6.000000	0.551201	0.000000	0.000000	1.142401e+04
20001	369.000000	6.000000	0.554255	0.000000	0.000000	1.304658e+04
20001	370.000000	6.000000	0.555462	0.000000	0.000000	1.176383e+04
20001	371.000000	6.000000	0.554486	0.000000	0.000000	9.789602e+03
20001	372.000000	6.000000	0.554885	0.000000	0.000000	1.003889e+04
20001	373.000000	6.000000	0.555770	0.000000	0.000000	8.239178e+03
20001	374.000000	6.000000	0.554708	0.000000	0.000000	9.142937e+03
20001	375.000000	6.000000	0.551659	0.000000	0.000000	1.049023e+04
20001	376.000000	6.000000	0.548925	0.000000	0.000000	1.231312e+04
20001	377.000000	6.000000	0.548798	0.000000	0.000000	9.278124e+03
20001	378.000000	6.000000	0.544994	0.000000	0.000000	1.019555e+04
20001	379.000000	6.000000	0.540053	0.000000	0.000000	1.015550e+04
20001	380.000000	6.000000	0.537517	0.000000	0.000000	9.312842e+03
20001	381.000000	6.000000	0.532484	0.000000	0.000000	9.678122e+03
20001	382.000000	6.000000	0.527117	0.000000	0.000000	1.038486e+04
20001	383.000000	6.000000	0.523600	0.000000	0.000000	1.130777e+04
20001	384.000000	6.000000	0.519127	0.000000	0.000000	9.766692e+03
20001	385.000000	6.000000	0.513744	0.000000	0.000000	1.045990e+04
20001	386.000000	6.000000	0.508146	0.000000	0.000000	1.225559e+04
20001	387.000000	6.000000	0.501781	0.000000	0.000000	1.129655e+04
20001	388.000000	6.000000	0.496087	0.000000	0.000000	1.093430e+04
20001	389.000000	6.000000	0.490799	0.000000	0.000000	1.080932e+04
20001	390.000000	6.000000	0.484958	0.000000	0.000000	1.181365e+04
20001	391.000000	6.000000	0.478705	0.000000	0.000000	1.241732e+04
20001	392.000000	6.000000	0.473251	0.000000	0.000000	1.099652e+04
20001	393.000000	6.000000	0.467339	0.000000	0.000000	1.127196e+04
20001	394.000000	6.000000	0.460830	0.000000	0.000000	1.248562e+04
20001	395.000000	6.000000	0.454035	0.000000	0.000000	1.418007e+04
20001	396.000000	6.000000	0.446665	0.000000	0.000000	1.447743e+04
20001	397.000000	6.000000	0.439868	0.000000	0.000000	1.279458e+04
20001	398.000000	6.000000	0.433090	0.000000	0.000000	1.188068e+04
20001	399.000000	6.000000	0.425761	0.000000	0.000000	1.330036e+04
20001	400.000000	6.000000	0.418428	0.000000	0.000000	1.400537e+04
20001	401.000000	6.000000	0.411047	0.000000	0.000000	1.515333e+04
20001	402.000000	6.000000	0.403767	0.000000	0.000000	1.576240e+04
20001	403.000000	6.000000	0.396273	0.000000	0.000000	1.567223e+04
20001	404.000000	6.000000	0.388711	0.000000	0.000000	1.561324e+04
20001	405.000000	6.000000	0.380627	0.000000	0.000000	1.785602e+04
20001	406.000000	6.000000	0.372508	0.000000	0.000000	1.747491e+04
20001	407.000000	6.000000	0.364367	0.000000	0.000000	1.647697e+04
20001	408.000000	6.000000	0.356430	0.000000	0.000000	1.694249e+04
20001	409.000000	6.000000	0.348045	0.000000	0.000000	1.744974e+04
20001	410.000000	6.000000	0.340276	0.000000	0.000000	1.915613e+04
20001	411.000000	6.000000	0.332158	0.000000	0.000000	2.004023e+04
20001	412.000000	6.000000	0.323900	0.000000	0.000000	1.942341e+04
20001	413.000000	6.000000	0.315426	0.000000	0.000000	2.032582e+04
20001	414.000000	6.000000	0.307301	0.000000	0.000000	2.183543e+04
20001	415.000000	6.000000	0.299224	0.000000	0.000000	2.236689e+04
20001	416.000000	6.000000	0.290933	0.000000	0.000000	2.072917e+04
20001	417.000000	6.000000	0.282869	0.000000	0.000000	2.401205e+04
20001	418.000000	6.000000	0.274770	0.000000	0.000000	2.647954e+04
20001	419.000000	6.000000	0.266941	0.000000	0.000000	2.777298e+04
20001	420.000000	6.000000	0.259179	0.000000	0.000000	2.878166e+04
20001	421.000000	6.000000	0.251723	0.000000	0.000000	2.916124e+04
20001	422.000000	6.000000	0.243870	0.000000	0.000000	3.042363e+04
20001	423.000000	6.000000	0.236159	0.000000	0.000000	3.661706e+04
20001	424.000000	6.000000	0.229128	0.000000	0.000000	3.426322e+04
20001	425.000000	6.000000	0.222001	0.000000	0.000000	3.826526e+04
20001	426.000000	6.000000	0.214898	0.000000	0.000000	4.077654e+04
20001	427.000000	6.000000	0.207691	0.000000	0.000000	4.300070e+04
20001	428.000000	6.000000	0.201399	0.000000	0.000000	4.441819e+04
20001	429.000000	6.000000	0.194957	0.000000	0.000000	4.762475e+04
20001	430.000000	6.000000	0.188749	0.000000	0.000000	5.163570e+04
20001	431.000000	6.000000	0.182910	0.000000	0.000000	5.446927e+04
20001	432.000000	6.000000	0.177529	0.000000	0.000000	5.770608e+04
20001	433.000000	6.000000	0.171824	0.000000	0.000000	6.553981e+04
20001	434.000000	6.000000	0.166665	0.000000	0.000000	7.243396e+04
20001	435.000000	6.000000	0.161680	0.000000	0.000000	7.474934e+04
20001	436.000000	6.000000	0.156983	0.000000	0.000000	7.688654e+04
20001	437.000000	6.000000	0.152654	0.000000	0.000000	8.464300e+04
20001	438.000000	6.000000	0.148703	0.000000	0.000000	9.808005e+04
20001	439.000000	6.000000	0.144913	0.000000	0.000000	1.062109e+05
20001	440.000000	6.000000	0.141572	0.000000	0.000000	1.102906e+05
20001	441.000000	6.000000	0.138657	0.000000	0.000000	1.181029e+05
20001	442.000000	6.000000	0.136097	0.000000	0.000000	1.310377e+05
20001	443.000000	6.000000	0.133722	0.000000	0.000000	1.444201e+05
20001	444.000000	6.000000	0.131576	0.000000	0.000000	1.544094e+05
20001	445.000000	6.000000	0.129761	0.000000	0.000000	1.578806e+05
20001	446.000000	6.000000	0.128335	0.000000	0.000000	1.565142e+05
20001	447.000000	6.000000	0.127168	0.000000	0.000000	1.539750e+05
20001	448.000000	6.000000	0.126414	0.000000	0.000000	1.753539e+05
20001	449.000000	6.000000	0.126102	0.000000	0.000000	1.883177e+05
20001	450.000000	6.000000	0.125797	0.000000	0.000000	1.936195e+05
20001	451.000000	6.000000	0.125719	0.000000	0.000000	2.045386e+05
20001	452.000000	6.000000	0.126043	0.000000	0.000000	2.081446e+05
20001	453.000000	6.000000	0.126680	0.000000	0.000000	2.198831e+05
20001	454.000000	6.000000	0.127401	0.000000	0.000000	2.176590e+05
20001	455.000000	6.000000	0.128432	0.000000	0.000000	2.202657e+05
20001	456.000000	6.000000	0.130015	0.000000	0.000000	2.010544e+05
20001	457.000000	6.000000	0.131603	0.000000	0.000000	2.226836e+05
20001	458.000000	6.000000	0.133311	0.000000	0.000000	2.394565e+05
20001	459.000000	6.000000	0.135311	0.000000	0.000000	2.036706e+05
20001	460.000000	6.000000	0.137466	0.000000	0.000000	2.336653e+05
20001	461.000000	6.000000	0.139946	0.000000	0.000000	2.333624e+05
20001	462.000000	6.000000	0.142529	0.000000	0.000000	2.078053e+05
20001	463.000000	6.000000	0.145281	0.000000	0.000000	1.832173e+05
20001	464.000000	6.000000	0.148270	0.000000	0.000000	1.746384e+05
20001	465.000000	6.000000	0.151256	0.000000	0.000000	1.832808e+05
20001	466.000000	6.000000	0.154532	0.000000	0.000000	1.588953e+05
20001	467.000000	6.000000	0.157890	0.000000	0.000000	1.688202e+05
20001	468.000000	6.000000	0.161389	0.000000	0.000000	1.932340e+05
20001	469.000000	6.000000	0.164807	0.000000	0.000000	1.479156e+05
20001	470.000000	6.000000	0.168539	0.000000	0.000000	1.655850e+05
20001	471.000000	6.000000	0.172164	0.000000	0.000000	1.586976e+05
20001	472.000000	6.000000	0.175915	0.000000	0.000000	1.566271e+05
20001	473.000000	6.000000	0.179751	0.000000	0.000000	1.236084e+05
20001	474.000000	6.000000	0.183615	0.000000	0.000000	1.190410e+05
20001	475.000000	6.000000	0.187536	0.000000	0.000000	1.205353e+05
20001	476.000000	6.000000	0.191490	0.000000	0.000000	1.156335e+05
20001	477.000000	6.000000	0.195566	0.000000	0.000000	1.137547e+05
20001	478.000000	6.000000	0.199530	0.000000	0.000000	1.138121e+05
20001	479.000000	6.000000	0.203523	0.000000	0.000000	1.133136e+05
20001	480.000000	6.000000	0.207568	0.000000	0.000000	1.067591e+05
20001	481.000000	6.000000	0.211695	0.000000	0.000000	9.161964e+04
20001	482.000000	6.000000	0.215691	0.000000	0.000000	8.489010e+04
20001	483.000000	6.000000	0.219698	0.000000	0.000000	8.537754e+04
20001	484.000000	6.000000	0.223781	0.000000	0.000000	8.221840e+04
20001	485.000000	6.000000	0.227769	0.000000	0.000000	7.680500e+04
20001	486.000000	6.000000	0.231704	0.000000	0.000000	7.609825e+04
20001	487.000000	6.000000	0.235703	0.000000	0.000000	7.389906e+04
20001	488.000000	6.000000	0.239625	0.000000	0.000000	7.003705e+04
20001	489.000000	6.000000	0.243519	0.000000	0.000000	6.657875e+04
20001	490.000000	6.000000	0.247251	0.000000	0.000000	6.328903e+04
20001	491.000000	6.000000	0.251073	0.000000	0.000000	5.883760e+04
20001	492.000000	6.000000	0.254813	0.000000	0.000000	5.779875e+04
20001	493.000000	6.000000	0.258477	0.000000	0.000000	5.386169e+04
20001	494.000000	6.000000	0.262120	0.000000	0.000000	4.994082e+04
20001	495.000000	6.000000	0.265683	0.000000	0.000000	4.803854e+04
20001	496.000000	6.000000	0.269211	0.000000	0.000000	4.910137e+04
20001	497.000000	6.000000	0.272727	0.000000	0.000000	4.485973e+04
20001	498.000000	6.000000	0.276168	0.000000	0.000000	4.520372e+04
20001	499.000000	6.000000	0.279523	0.000000	0.000000	4.275751e+04
20001	500.000000	6.000000	0.282839	0.000000	0.000000	3.803746e+04
20001	501.000000	6.000000	0.285921	0.000000	0.000000	4.205790e+04
20001	502.000000	6.000000	0.289231	0.000000	0.000000	4.176757e+04
20001	503.000000	6.000000	0.292203	0.000000	0.000000	4.190481e+04
20001	504.000000	6.000000	0.295412	0.000000	0.000000	3.892267e+04
20001	505.000000	6.000000	0.298423	0.000000	0.000000	3.755698e+04
20001	506.000000	6.000000	0.301105	0.000000	0.000000	3.749380e+04
20001	507.000000	6.000000	0.303987	0.000000	0.000000	3.628911e+04
20001	508.000000	6.000000	0.306846	0.000000	0.000000	3.515340e+04
20001	509.000000	6.000000	0.309429	0.000000	0.000000	3.612039e+04
20001	510.000000	6.000000	0.311831	0.000000	0.000000	3.482683e+04
20001	511.000000	6.000000	0.314552	0.000000	0.000000	3.380093e+04
20001	512.000000	6.000000	0.317194	0.000000	0.000000	3.228421e+04
20001	513.000000	6.000000	0.319362	0.000000	0.000000	3.305069e+04
20001	514.000000	6.000000	0.321709	0.000000	0.000000	3.228414e+04
20001	515.000000	6.000000	0.324028	0.000000	0.000000	3.168490e+04
20001	516.000000	6.000000	0.326282	0.000000	0.000000	3.223423e+04
20001	517.000000	6.000000	0.328261	0.000000	0.000000	2.965192e+04
20001	518.000000	6.000000	0.330375	0.000000	0.000000	2.688576e+04
20001	519.000000	6.000000	0.332254	0.000000	0.000000	2.721861e+04
20001	520.000000	6.000000	0.334173	0.000000	0.000000	2.729205e+04
20001	521.000000	6.000000	0.336093	0.000000	0.000000	2.604821e+04
20001	522.000000	6.000000	0.337851	0.000000	0.000000	2.488263e+04
20001	523.000000	6.000000	0.339580	0.000000	0.000000	2.480555e+04
20001	524.000000	6.000000	0.341302	0.000000	0.000000	2.301307e+04
20001	525.000000	6.000000	0.342757	0.000000	0.000000	2.296030e+04
20001	526.000000	6.000000	0.344257	0.000000	0.000000	2.369712e+04
20001	527.000000	6.000000	0.345557	0.000000	0.000000	2.290511e+04
20001	528.000000	6.000000	0.346922	0.000000	0.000000	2.172585e+04
20001	529.000000	6.000000	0.348350	0.000000	0.000000	2.228593e+04
20001	530.000000	6.000000	0.349530	0.000000	0.000000	2.182720e+04
20001	531.000000	6.000000	0.350799	0.000000	0.000000	2.049865e+04
20001	532.000000	6.000000	0.352171	0.000000	0.000000	1.990575e+04
20001	533.000000	6.000000	0.353158	0.000000	0.000000	2.051445e+04
20001	534.000000	6.000000	0.354034	0.000000	0.000000	1.992728e+04
20001	535.000000	6.000000	0.355053	0.000000	0.000000	1.902337e+04
20001	536.000000	6.000000	0.355856	0.000000	0.000000	1.923567e+04
20001	537.000000	6.000000	0.356519	0.000000	0.000000	1.882844e+04
20001	538.000000	6.000000	0.357184	0.000000	0.000000	1.799541e+04
20001	539.000000	6.000000	0.357957	0.000000	0.000000	1.843354e+04
20001	540.000000	6.000000	0.358664	0.000000	0.000000	1.867970e+04
20001	541.000000	6.000000	0.359275	0.000000	0.000000	1.748649e+04
20001	542.000000	6.000000	0.360030	0.000000	0.000000	1.753170e+04
20001	543.000000	6.000000	0.360493	0.000000	0.000000	1.895310e+04
20001	544.000000	6.000000	0.360358	0.000000	0.000000	1.847830e+04
20001	545.000000	6.000000	0.360688	0.000000	0.000000	1.817669e+04
20001	546.000000	6.000000	0.361071	0.000000	0.000000	1.857390e+04
20001	547.000000	6.000000	0.361449	0.000000	0.000000	1.901232e+04
20001	548.000000	6.000000	0.361509	0.000000	0.000000	1.906574e+04
20001	549.000000	6.000000	0.361356	0.000000	0.000000	1.828078e+04
20001	550.000000	6.000000	0.361834	0.000000	0.000000	1.936066e+04
20001	551.000000	6.000000	0.361822	0.000000	0.000000	2.036557e+04
20001	552.000000	6.000000	0.361857	0.000000	0.000000	1.902248e+04
20001	553.000000	6.000000	0.361514	0.000000	0.000000	1.974065e+04
20001	554.000000	6.000000	0.361338	0.000000	0.000000	1.947489e+04
20001	555.000000	6.000000	0.361028	0.000000	0.000000	1.837111e+04
20001	556.000000	6.000000	0.360748	0.000000	0.000000	1.711217e+04
20001	557.000000	6.000000	0.360463	0.000000	0.000000	1.672373e+04
20001	558.000000	6.000000	0.360214	0.000000	0.000000	1.659183e+04
20001	559.000000	6.000000	0.359810	0.000000	0.000000	1.612756e+04
20001	560.000000	6.000000	0.359289	0.000000	0.000000	1.549714e+04
20001	561.000000	6.000000	0.358930	0.000000	0.000000	1.589128e+04
20001	562.000000	6.000000	0.358355	0.000000	0.000000	1.555125e+04
20001	563.000000	6.000000	0.357584	0.000000	0.000000	1.532944e+04
20001	564.000000	6.000000	0.356814	0.000000	0.000000	1.508463e+04
20001	565.000000	6.000000	0.356275	0.000000	0.000000	1.509697e+04
20001	566.000000	6.000000	0.355649	0.000000	0.000000	1.558464e+04
20001	567.000000	6.000000	0.355028	0.000000	0.000000	1.526937e+04
20001	568.000000	6.000000	0.354315	0.000000	0.000000	1.480756e+04
20001	569.000000	6.000000	0.353376	0.000000	0.000000	1.470125e+04
20001	570.000000	6.000000	0.352349	0.000000	0.000000	1.497396e+04
20001	571.000000	6.000000	0.351338	0.000000	0.000000	1.557507e+04
20001	572.000000	6.000000	0.350289	0.000000	0.000000	1.603855e+04
20001	573.000000	6.000000	0.349454	0.000000	0.000000	1.641956e+04
20001	574.000000	6.000000	0.348691	0.000000	0.000000	1.641197e+04
20001	575.000000	6.000000	0.347716	0.000000	0.000000	1.635752e+04
20001	576.000000	6.000000	0.346443	0.000000	0.000000	1.674890e+04
20001	577.000000	6.000000	0.345231	0.000000	0.000000	1.648705e+04
20001	578.000000	6.000000	0.343990	0.000000	0.000000	1.570552e+04
20001	579.000000	6.000000	0.342714	0.000000	0.000000	1.653723e+04
20001	580.000000	6.000000	0.341420	0.000000	0.000000	1.707580e+04
20001	581.000000	6.000000	0.340103	0.000000	0.000000	1.745107e+04
20001	582.000000	6.000000	0.338712	0.000000	0.000000	1.744059e+04
20001	583.000000	6.000000	0.337451	0.000000	0.000000	1.730924e+04
20001	584.000000	6.000000	0.336102	0.000000	0.000000	1.670924e+04
20001	585.000000	6.000000	0.334544	0.000000	0.000000	1.735971e+04
20001	586.000000	6.000000	0.333113	0.000000	0.000000	1.724396e+04
20001	587.000000	6.000000	0.331504	0.000000	0.000000	1.708313e+04
20001	588.000000	6.000000	0.329837	0.000000	0.000000	1.779430e+04
20001	589.000000	6.000000	0.328325	0.000000	0.000000	1.779487e+04
20001	590.000000	6.000000	0.326703	0.000000	0.000000	1.880106e+04
20001	591.000000	6.000000	0.325234	0.000000	0.000000	1.925315e+04
20001	592.000000	6.000000	0.323422	0.000000	0.000000	1.927415e+04
20001	593.000000	6.000000	0.321680	0.000000	0.000000	1.811598e+04
20001	594.000000	6.000000	0.320132	0.000000	0.000000	1.766391e+04
20001	595.000000	6.000000	0.318304	0.000000	0.000000	1.798265e+04
20001	596.000000	6.000000	0.316427	0.000000	0.000000	1.797783e+04
20001	597.000000	6.000000	0.314643	0.000000	0.000000	1.871652e+04
20001	598.000000	6.000000	0.312897	0.000000	0.000000	1.917330e+04
20001	599.000000	6.000000	0.310972	0.000000	0.000000	2.000643e+04
20001	600.000000	6.000000	0.309270	0.000000	0.000000	1.997769e+04
20001	601.000000	6.000000	0.307456	0.000000	0.000000	1.987399e+04
20001	602.000000	6.000000	0.305589	0.000000	0.000000	2.045902e+04
20001	603.000000	6.000000	0.303725	0.000000	0.000000	2.087492e+04
20001	604.000000	6.000000	0.301753	0.000000	0.000000	2.141354e+04
20001	605.000000	6.000000	0.299483	0.000000	0.000000	2.114536e+04
20001	606.000000	6.000000	0.297536	0.000000	0.000000	2.136071e+04
20001	607.000000	6.000000	0.295475	0.000000	0.000000	2.100715e+04
20001	608.000000	6.000000	0.293312	0.000000	0.000000	2.009199e+04
20001	609.000000	6.000000	0.291314	0.000000	0.000000	2.024984e+04
20001	610.000000	6.000000	0.289396	0.000000	0.000000	2.170759e+04
20001	611.000000	6.000000	0.287272	0.000000	0.000000	2.326323e+04
20001	612.000000	6.000000	0.285023	0.000000	0.000000	2.306107e+04
20001	613.000000	6.000000	0.282688	0.000000	0.000000	2.300892e+04
20001	614.000000	6.000000	0.280435	0.000000	0.000000	2.367140e+04
20001	615.000000	6.000000	0.278124	0.000000	0.000000	2.348049e+04
20001	616.000000	6.000000	0.275639	0.000000	0.000000	2.280117e+04
20001	617.000000	6.000000	0.273541	0.000000	0.000000	2.314020e+04
20001	618.000000	6.000000	0.271211	0.000000	0.000000	2.393157e+04
20001	619.000000	6.000000	0.268865	0.000000	0.000000	2.349076e+04
20001	620.000000	6.000000	0.266491	0.000000	0.000000	2.318367e+04
20001	621.000000	6.000000	0.264325	0.000000	0.000000	2.422962e+04
20001	622.000000	6.000000	0.261953	0.000000	0.000000	2.579547e+04
20001	623.000000	6.000000	0.259602	0.000000	0.000000	2.559926e+04
20001	624.000000	6.000000	0.257121	0.000000	0.000000	2.739238e+04
20001	625.000000	6.000000	0.254612	0.000000	0.000000	2.780132e+04
20001	626.000000	6.000000	0.252594	0.000000	0.000000	2.740575e+04
20001	627.000000	6.000000	0.250214	0.000000	0.000000	2.687830e+04
20001	628.000000	6.000000	0.247733	0.000000	0.000000	2.841532e+04
20001	629.000000	6.000000	0.245189	0.000000	0.000000	2.970093e+04
20001	630.000000	6.000000	0.242915	0.000000	0.000000	2.706065e+04
20001	631.000000	6.000000	0.240505	0.000000	0.000000	2.858694e+04
20001	632.000000	6.000000	0.237808	0.000000	0.000000	2.993952e+04
20001	633.000000	6.000000	0.235362	0.000000	0.000000	3.092315e+04
20001	634.000000	6.000000	0.233153	0.000000	0.000000	3.015087e+04
20001	635.000000	6.000000	0.230934	0.000000	0.000000	3.026753e+04
20001	636.000000	6.000000	0.228548	0.000000	0.000000	3.327363e+04
20001	637.000000	6.000000	0.225970	0.000000	0.000000	3.443398e+04
20001	638.000000	6.000000	0.223440	0.000000	0.000000	3.279559e+04
20001	639.000000	6.000000	0.221034	0.000000	0.000000	3.086853e+04
20001	640.000000	6.000000	0.218712	0.000000	0.000000	3.499494e+04
20001	641.000000	6.000000	0.216189	0.000000	0.000000	3.427691e+04
20001	642.000000	6.000000	0.213550	0.000000	0.000000	3.469057e+04
20001	643.000000	6.000000	0.211033	0.000000	0.000000	3.604467e+04
20001	644.000000	6.000000	0.208654	0.000000	0.000000	3.461108e+04
20001	645.000000	6.000000	0.206345	0.000000	0.000000	3.544317e+04
20001	646.000000	6.000000	0.203808	0.000000	0.000000	3.785296e+04
20001	647.000000	6.000000	0.201249	0.000000	0.000000	3.758640e+04
20001	648.000000	6.000000	0.198885	0.000000	0.000000	4.104255e+04
20001	649.000000	6.000000	0.196417	0.000000	0.000000	4.261584e+04
20001	650.000000	6.000000	0.193847	0.000000	0.000000	4.049240e+04
20001	651.000000	6.000000	0.191443	0.000000	0.000000	3.931907e+04
20001	652.000000	6.000000	0.189255	0.000000	0.000000	4.200704e+04
20001	653.000000	6.000000	0.186859	0.000000	0.000000	4.660003e+04
20001	654.000000	6.000000	0.184505	0.000000	0.000000	4.830410e+04
20001	655.000000	6.000000	0.181960	0.000000	0.000000	4.715871e+04
20001	656.000000	6.000000	0.179416	0.000000	0.000000	5.317606e+04
20001	657.000000	6.000000	0.177307	0.000000	0.000000	5.281918e+04
20001	658.000000	6.000000	0.174898	0.000000	0.000000	5.322097e+04
20001	659.000000	6.000000	0.172612	0.000000	0.000000	5.670411e+04
20001	660.000000	6.000000	0.170372	0.000000	0.000000	5.678473e+04
20001	661.000000	6.000000	0.167912	0.000000	0.000000	5.108608e+04
20001	662.000000	6.000000	0.165590	0.000000	0.000000	5.163292e+04
20001	663.000000	6.000000	0.163365	0.000000	0.000000	5.161336e+04
20001	664.000000	6.000000	0.161050	0.000000	0.000000	5.211866e+04
20001	665.000000	6.000000	0.158606	0.000000	0.000000	6.241816e+04
20001	666.000000	6.000000	0.156317	0.000000	0.000000	6.318569e+04
20001	667.000000	6.000000	0.154156	0.000000	0.000000	6.283491e+04
20001	668.000000	6.000000	0.152080	0.000000	0.000000	6.469353e+04
20001	669.000000	6.000000	0.150061	0.000000	0.000000	6.700791e+04
20001	670.000000	6.000000	0.147992	0.000000	0.000000	6.093310e+04
20001	671.000000	6.000000	0.145762	0.000000	0.000000	6.901201e+04
20001	672.000000	6.000000	0.143546	0.000000	0.000000	6.861301e+04
20001	673.000000	6.000000	0.141436	0.000000	0.000000	7.088926e+04
20001	674.000000	6.000000	0.139362	0.000000	0.000000	7.264092e+04
20001	675.000000	6.000000	0.137129	0.000000	0.000000	7.419469e+04
20001	676.000000	6.000000	0.135064	0.000000	0.000000	8.127673e+04
20001	677.000000	6.000000	0.133028	0.000000	0.000000	8.463107e+04
20001	678.000000	6.000000	0.130969	0.000000	0.000000	8.581997e+04
20001	679.000000	6.000000	0.129132	0.000000	0.000000	9.100054e+04
20001	680.000000	6.000000	0.127022	0.000000	0.000000	8.598726e+04
20001	681.000000	6.000000	0.125242	0.000000	0.000000	8.471024e+04
20001	682.000000	6.000000	0.123372	0.000000	0.000000	9.265318e+04
20001	683.000000	6.000000	0.121560	0.000000	0.000000	9.856252e+04
20001	684.000000	6.000000	0.119719	0.000000	0.000000	1.061923e+05
20001	685.000000	6.000000	0.117736	0.000000	0.000000	1.053510e+05
20001	686.000000	6.000000	0.115884	0.000000	0.000000	1.111559e+05
20001	687.000000	6.000000	0.114150	0.000000	0.000000	1.037267e+05
20001	688.000000	6.000000	0.112503	0.000000	0.000000	1.066919e+05
20001	689.000000	6.000000	0.110906	0.000000	0.000000	1.121567e+05
20001	690.000000	6.000000	0.109148	0.000000	0.000000	1.248646e+05
20001	691.000000	6.000000	0.107601	0.000000	0.000000	1.258866e+05
20001	692.000000	6.000000	0.106018	0.000000	0.000000	1.267879e+05
20001	693.000000	6.000000	0.104128	0.000000	0.000000	1.309204e+05
20001	694.000000	6.000000	0.102580	0.000000	0.000000	1.323769e+05
20001	695.000000	6.000000	0.101072	0.000000	0.000000	1.436467e+05
20001	696.000000	6.000000	0.099579	0.000000	0.000000	1.449766e+05
20001	697.000000	6.000000	0.098237	0.000000	0.000000	1.411543e+05
20001	698.000000	6.000000	0.096856	0.000000	0.000000	1.396485e+05
20001	699.000000	6.000000	0.095513	0.000000	0.000000	1.418085e+05
20001	700.000000	6.000000	0.094104	0.000000	0.000000	1.460993e+05
20001	701.000000	6.000000	0.092706	0.000000	0.000000	1.544631e+05
20001	702.000000	6.000000	0.091296	0.000000	0.000000	1.735896e+05
20001	703.000000	6.000000	0.090045	0.000000	0.000000	1.826255e+05
20001	704.000000	6.000000	0.088749	0.000000	0.000000	1.671828e+05
20001	705.000000	6.000000	0.087739	0.000000	0.000000	1.768730e+05
20001	706.000000	6.000000	0.086626	0.000000	0.000000	1.769764e+05
20001	707.000000	6.000000	0.085520	0.000000	0.000000	1.739743e+05
20001	708.000000	6.000000	0.084194	0.000000	0.000000	2.001895e+05
20001	709.000000	6.000000	0.083322	0.000000	0.000000	2.203605e+05
20001	710.000000	6.000000	0.082076	0.000000	0.000000	2.083682e+05
20001	711.000000	6.000000	0.080917	0.000000	0.000000	2.006739e+05
20001	712.000000	6.000000	0.080144	0.000000	0.000000	2.372839e+05
20001	713.000000	6.000000	0.079339	0.000000	0.000000	2.140295e+05
20001	714.000000	6.000000	0.078508	0.000000	0.000000	2.090586e+05
20001	715.000000	6.000000	0.077632	0.000000	0.000000	2.218785e+05
20001	716.000000	6.000000	0.076916	0.000000	0.000000	2.483773e+05
20001	717.000000	6.000000	0.075848	0.000000	0.000000	2.387933e+05
20001	718.000000	6.000000	0.075131	0.000000	0.000000	2.335152e+05
20001	719.000000	6.000000	0.074365	0.000000	0.000000	2.747388e+05
20001	720.000000	6.000000	0.073569	0.000000	0.000000	2.611490e+05
20001	721.000000	6.000000	0.072958	0.000000	0.000000	2.330600e+05
20001	722.000000	6.000000	0.072331	0.000000	0.000000	2.341418e+05
20001	723.000000	6.000000	0.071927	0.000000	0.000000	2.833479e+05
20001	724.000000	6.000000	0.071441	0.000000	0.000000	2.777294e+05
20001	725.000000	6.000000	0.070927	0.000000	0.000000	3.048384e+05
20001	726.000000	6.000000	0.070535	0.000000	0.000000	2.794775e+05
20001	727.000000	6.000000	0.070037	0.000000	0.000000	2.866160e+05
20001	728.000000	6.000000	0.069351	0.000000	0.000000	3.216545e+05
20001	729.000000	6.000000	0.068835	0.000000	0.000000	3.215489e+05
20001	730.000000	6.000000	0.068543	0.000000	0.000000	3.299209e+05
20001	731.000000	6.000000	0.068415	0.000000	0.000000	3.075855e+05
20001	732.000000	6.000000	0.068293	0.000000	0.000000	3.051316e+05
20001	733.000000	6.000000	0.068039	0.000000	0.000000	3.219219e+05
20001	734.000000	6.000000	0.067743	0.000000	0.000000	3.713988e+05
20001	735.000000	6.000000	0.067398	0.000000	0.000000	4.110042e+05
20001	736.000000	6.000000	0.067179	0.000000	0.000000	3.627890e+05
20001	737.000000	6.000000	0.066983	0.000000	0.000000	3.257557e+05
20001	738.000000	6.000000	0.066942	0.000000	0.000000	3.144700e+05
20001	739.000000	6.000000	0.066926	0.000000	0.000000	3.058751e+05
20001	740.000000	6.000000	0.067069	0.000000	0.000000	3.647845e+05
20001	741.000000	6.000000	0.067158	0.000000	0.000000	3.976826e+05
20001	742.000000	6.000000	0.067175	0.000000	0.000000	3.633850e+05
20001	743.000000	6.000000	0.067184	0.000000	0.000000	3.853106e+05
20001	744.000000	6.000000	0.067208	0.000000	0.000000	4.034780e+05
20001	745.000000	6.000000	0.067197	0.000000	0.000000	3.562078e+05
20001	746.000000	6.000000	0.067308	0.000000	0.000000	3.608082e+05
20001	747.000000	6.000000	0.067460	0.000000	0.000000	3.463229e+05
20001	748.000000	6.000000	0.067616	0.000000	0.000000	3.856278e+05
20001	749.000000	6.000000	0.067957	0.000000	0.000000	3.926632e+05
20001	750.000000	6.000000	0.068399	0.000000	0.000000	4.107793e+05
20001	751.000000	6.000000	0.068618	0.000000	0.000000	4.780567e+05
20001	752.000000	6.000000	0.069081	0.000000	0.000000	3.918929e+05
20001	753.000000	6.000000	0.069254	0.000000	0.000000	5.292329e+05
20001	754.000000	6.000000	0.069419	0.000000	0.000000	6.064618e+05
20001	755.000000	6.000000	0.069807	0.000000	0.000000	4.551994e+05
20001	756.000000	6.000000	0.070220	0.000000	0.000000	3.542749e+05
20001	757.000000	6.000000	0.070802	0.000000	0.000000	4.024711e+05
20001	758.000000	6.000000	0.071504	0.000000	0.000000	5.343607e+05
20001	759.000000	6.000000	0.071929	0.000000	0.000000	4.275776e+05
20001	760.000000	6.000000	0.072175	0.000000	0.000000	3.912856e+05
20001	761.000000	6.000000	0.072733	0.000000	0.000000	3.970698e+05
20001	762.000000	6.000000	0.073104	0.000000	0.000000	4.377418e+05
20001	763.000000	6.000000	0.073655	0.000000	0.000000	3.300168e+05
20001	764.000000	6.000000	0.074231	0.000000	0.000000	3.272108e+05
20001	765.000000	6.000000	0.074852	0.000000	0.000000	4.300008e+05
20001	766.000000	6.000000	0.075703	0.000000	0.000000	3.804242e+05
20001	767.000000	6.000000	0.076375	0.000000	0.000000	4.307931e+05
20001	768.000000	6.000000	0.077294	0.000000	0.000000	4.605182e+05
20001	769.000000	6.000000	0.078132	0.000000	0.000000	4.000676e+05
20001	770.000000	6.000000	0.078706	0.000000	0.000000	4.433719e+05
20001	771.000000	6.000000	0.079134	0.000000	0.000000	3.684650e+05
20001	772.000000	6.000000	0.079616	0.000000	0.000000	3.401248e+05
20001	773.000000	6.000000	0.080572	0.000000	0.000000	3.127663e+05
20001	774.000000	6.000000	0.081585	0.000000	0.000000	2.869923e+05
20001	775.000000	6.000000	0.082555	0.000000	0.000000	2.856433e+05
20001	776.000000	6.000000	0.083589	0.000000	0.000000	3.075372e+05
20001	777.000000	6.000000	0.084396	0.000000	0.000000	3.262070e+05
20001	778.000000	6.000000	0.085199	0.000000	0.000000	4.324504e+05
20001	779.000000	6.000000	0.085983	0.000000	0.000000	3.748656e+05
20001	780.000000	6.000000	0.086667	0.000000	0.000000	3.336809e+05
20001	781.000000	6.000000	0.087385	0.000000	0.000000	3.474335e+05
20001	782.000000	6.000000	0.088162	0.000000	0.000000	2.844115e+05
20001	783.000000	6.000000	0.089298	0.000000	0.000000	2.867923e+05
20001	784.000000	6.000000	0.090458	0.000000	0.000000	2.681168e+05
20001	785.000000	6.000000	0.091503	0.000000	0.000000	2.615519e+05
20001	786.000000	6.000000	0.092315	0.000000	0.000000	2.795340e+05
20001	787.000000	6.000000	0.093356	0.000000	0.000000	2.274903e+05
20001	788.000000	6.000000	0.094385	0.000000	0.000000	2.170426e+05
20001	789.000000	6.000000	0.095209	0.000000	0.000000	2.979656e+05
20001	790.000000	6.000000	0.096049	0.000000	0.000000	2.424708e+05
20001	791.000000	6.000000	0.097148	0.000000	0.000000	2.172545e+05
20001	792.000000	6.000000	0.098264	0.000000	0.000000	2.172040e+05
20001	793.000000	6.000000	0.099704	0.000000	0.000000	2.542938e+05
20001	794.000000	6.000000	0.100758	0.000000	0.000000	2.449249e+05
20001	795.000000	6.000000	0.101837	0.000000	0.000000	2.728669e+05
20001	796.000000	6.000000	0.103041	0.000000	0.000000	2.472761e+05
20001	797.000000	6.000000	0.104066	0.000000	0.000000	1.938738e+05
20001	798.000000	6.000000	0.105115	0.000000	0.000000	2.168299e+05
20001	799.000000	6.000000	0.106174	0.000000	0.000000	1.769119e+05
20001	800.000000	6.000000	0.107356	0.000000	0.000000	1.548360e+05
20001	801.000000	6.000000	0.108188	0.000000	0.000000	1.476214e+05
20001	802.000000	6.000000	0.109437	0.000000	0.000000	1.435743e+05
20001	803.000000	6.000000	0.110935	0.000000	0.000000	1.938566e+05
20001	804.000000	6.000000	0.111810	0.000000	0.000000	2.489766e+05
20001	805.000000	6.000000	0.113195	0.000000	0.000000	1.617021e+05
20001	806.000000	6.000000	0.114324	0.000000	0.000000	1.640431e+05
20001	807.000000	6.000000	0.115518	0.000000	0.000000	1.401893e+05
20001	808.000000	6.000000	0.116676	0.000000	0.000000	1.373760e+05
20001	809.000000	6.000000	0.117592	0.000000	0.000000	1.415516e+05
20001	810.000000	6.000000	0.119021	0.000000	0.000000	1.277114e+05
20001	811.000000	6.000000	0.120431	0.000000	0.000000	1.686737e+05
20001	812.000000	6.000000	0.121638	0.000000	0.000000	1.429920e+05
20001	813.000000	6.000000	0.123165	0.000000	0.000000	1.174659e+05
20001	814.000000	6.000000	0.124126	0.000000	0.000000	9.497375e+04
20001	815.000000	6.000000	0.124839	0.000000	0.000000	1.085553e+05
20001	816.000000	6.000000	0.126032	0.000000	0.000000	1.083334e+05
20001	817.000000	6.000000	0.127668	0.000000	0.000000	9.545787e+04
20001	818.000000	6.000000	0.129069	0.000000	0.000000	8.787554e+04
20001	819.000000	6.000000	0.130354	0.000000	0.000000	7.247375e+04
20001	820.000000	6.000000	0.131387	0.000000	0.000000	8.695518e+04
20001	821.000000	6.000000	0.133115	0.000000	0.000000	1.034404e+05
20001	822.000000	6.000000	0.134699	0.000000	0.000000	7.170607e+04
20001	823.000000	6.000000	0.135513	0.000000	0.000000	7.318271e+04
20001	824.000000	6.000000	0.136352	0.000000	0.000000	6.946670e+04
20001	825.000000	6.000000	0.137612	0.000000	0.000000	7.034397e+04
20001	826.000000	6.000000	0.138935	0.000000	0.000000	7.378150e+04
20001	827.000000	6.000000	0.140265	0.000000	0.000000	8.302333e+04
20001	828.000000	6.000000	0.142011	0.000000	0.000000	8.786060e+04
20001	829.000000	6.000000	0.143093	0.000000	0.000000	7.761345e+04
20001	830.000000	6.000000	0.144506	0.000000	0.000000	8.342487e+04
20001	831.000000	6.000000	0.146027	0.000000	0.000000	9.338929e+04
20001	832.000000	6.000000	0.146802	0.000000	0.000000	8.094425e+04
20001	833.000000	6.000000	0.147838	0.000000	0.000000	6.339445e+04
20001	834.000000	6.000000	0.149098	0.000000	0.000000	6.495348e+04
20001	835.000000	6.000000	0.150442	0.000000	0.000000	7.730444e+04
20001	836.000000	6.000000	0.151717	0.000000	0.000000	7.972824e+04
20001	837.000000	6.000000	0.153109	0.000000	0.000000	7.489110e+04
20001	838.000000	6.000000	0.154336	0.000000	0.000000	6.920914e+04
20001	839.000000	6.000000	0.155670	0.000000	0.000000	7.951817e+04
20001	840.000000	6.000000	0.156574	0.000000	0.000000	6.065016e+04
20001	841.000000	6.000000	0.158420	0.000000	0.000000	5.555415e+04
20001	842.000000	6.000000	0.159731	0.000000	0.000000	5.722512e+04
20001	843.000000	6.000000	0.160664	0.000000	0.000000	7.150249e+04
20001	844.000000	6.000000	0.161744	0.000000	0.000000	5.983089e+04
20001	845.000000	6.000000	0.163271	0.000000	0.000000	6.344515e+04
20001	846.000000	6.000000	0.163951	0.000000	0.000000	5.979470e+04
20001	847.000000	6.000000	0.165584	0.000000	0.000000	8.280466e+04
20001	848.000000	6.000000	0.167070	0.000000	0.000000	6.657791e+04
20001	849.000000	6.000000	0.167783	0.000000	0.000000	4.463108e+04
20001	850.000000	6.000000	0.168734	0.000000	0.000000	4.175050e+04
20001	851.000000	6.000000	0.170617	0.000000	0.000000	5.113563e+04
20001	852.000000	6.000000	0.171675	0.000000	0.000000	5.808074e+04
20001	853.000000	6.000000	0.173283	0.000000	0.000000	6.641076e+04
20001	854.000000	6.000000	0.174261	0.000000	0.000000	6.153907e+04
20001	855.000000	6.000000	0.175260	0.000000	0.000000	5.652625e+04
20001	856.000000	6.000000	0.176696	0.000000	0.000000	5.438548e+04
20001	857.000000	6.000000	0.177508	0.000000	0.000000	5.145039e+04
20001	858.000000	6.000000	0.178806	0.000000	0.000000	5.511782e+04
20001	859.000000	6.000000	0.180480	0.000000	0.000000	6.358969e+04
20001	860.000000	6.000000	0.181472	0.000000	0.000000	7.213147e+04
20001	861.000000	6.000000	0.182824	0.000000	0.000000	8.369495e+04
20001	862.000000	6.000000	0.184034	0.000000	0.000000	8.771371e+04
20001	863.000000	6.000000	0.184610	0.000000	0.000000	9.689423e+04
20001	864.000000	6.000000	0.185421	0.000000	0.000000	7.073220e+04
20001	865.000000	6.000000	0.187177	0.000000	0.000000	5.027411e+04
20001	866.000000	6.000000	0.188351	0.000000	0.000000	5.085849e+04
20001	867.000000	6.000000	0.189667	0.000000	0.000000	4.909655e+04
20001	868.000000	6.000000	0.190751	0.000000	0.000000	5.700098e+04
20001	869.000000	6.000000	0.191636	0.000000	0.000000	5.624878e+04
20001	870.000000	6.000000	0.192797	0.000000	0.000000	4.416032e+04
20001	871.000000	6.000000	0.194606	0.000000	0.000000	3.928950e+04
20001	872.000000	6.000000	0.195815	0.000000	0.000000	4.040072e+04
20001	873.000000	6.000000	0.195942	0.000000	0.000000	4.245384e+04
20001	874.000000	6.000000	0.196709	0.000000	0.000000	3.716971e+04
20001	875.000000	6.000000	0.198630	0.000000	0.000000	4.098256e+04
20001	876.000000	6.000000	0.200397	0.000000	0.000000	5.482194e+04
20001	877.000000	6.000000	0.201831	0.000000	0.000000	5.247185e+04
20001	878.000000	6.000000	0.201833	0.000000	0.000000	3.965561e+04
20001	879.000000	6.000000	0.203024	0.000000	0.000000	4.302863e+04
20001	880.000000	6.000000	0.204251	0.000000	0.000000	4.720111e+04
20001	881.000000	6.000000	0.205753	0.000000	0.000000	3.359423e+04
20001	882.000000	6.000000	0.206351	0.000000	0.000000	3.113763e+04
20001	883.000000	6.000000	0.207483	0.000000	0.000000	5.343818e+04
20001	884.000000	6.000000	0.209127	0.000000	0.000000	5.759942e+04
20001	885.000000	6.000000	0.210145	0.000000	0.000000	5.973944e+04
20001	886.000000	6.000000	0.211154	0.000000	0.000000	5.904158e+04
20001	887.000000	6.000000	0.212310	0.000000	0.000000	6.208565e+04
20001	888.000000	6.000000	0.213814	0.000000	0.000000	5.945370e+04
20001	889.000000	6.000000	0.214742	0.000000	0.000000	4.507583e+04
20001	890.000000	6.000000	0.215812	0.000000	0.000000	4.263962e+04
20001	891.000000	6.000000	0.216708	0.000000	0.000000	4.062252e+04
20001	892.000000	6.000000	0.217546	0.000000	0.000000	4.120800e+04
20001	893.000000	6.000000	0.218722	0.000000	0.000000	3.076569e+04
20001	894.000000	6.000000	0.219795	0.000000	0.000000	3.310915e+04
20001	895.000000	6.000000	0.220818	0.000000	0.000000	3.648505e+04
20001	896.000000	6.000000	0.221650	0.000000	0.000000	3.812129e+04
20001	897.000000	6.000000	0.222510	0.000000	0.000000	3.294430e+04
20001	898.000000	6.000000	0.222990	0.000000	0.000000	3.092019e+04
20001	899.000000	6.000000	0.224230	0.000000	0.000000	2.646362e+04
20001	900.000000	6.000000	0.225702	0.000000	0.000000	2.691567e+04
20001	901.000000	6.000000	0.226954	0.000000	0.000000	2.798187e+04
20001	902.000000	6.000000	0.227630	0.000000	0.000000	2.692358e+04
20001	903.000000	6.000000	0.228500	0.000000	0.000000	2.608987e+04
20001	904.000000	6.000000	0.229771	0.000000	0.000000	2.500700e+04
20001	905.000000	6.000000	0.230848	0.000000	0.000000	2.999780e+04
20001	906.000000	6.000000	0.231193	0.000000	0.000000	3.447708e+04
20001	907.000000	6.000000	0.232363	0.000000	0.000000	3.569750e+04
20001	908.000000	6.000000	0.233757	0.000000	0.000000	2.695416e+04
20001	909.000000	6.000000	0.233925	0.000000	0.000000	2.603165e+04
20001	910.000000	6.000000	0.234494	0.000000	0.000000	3.886007e+04
20001	911.000000	6.000000	0.235805	0.000000	0.000000	3.580884e+04
20001	912.000000	6.000000	0.237163	0.000000	0.000000	3.066746e+04
20001	913.000000	6.000000	0.238251	0.000000	0.000000	2.886830e+04
20001	914.000000	6.000000	0.239194	0.000000	0.000000	2.726092e+04
20001	915.000000	6.000000	0.239918	0.000000	0.000000	2.726631e+04
20001	916.000000	6.000000	0.240609	0.000000	0.000000	2.798469e+04
20001	917.000000	6.000000	0.241543	0.000000	0.000000	2.881502e+04
20001	918.000000	6.000000	0.242487	0.000000	0.000000	2.892708e+04
20001	919.000000	6.000000	0.243467	0.000000	0.000000	2.778671e+04
20001	920.000000	6.000000	0.244320	0.000000	0.000000	2.802895e+04
20001	921.000000	6.000000	0.245226	0.000000	0.000000	2.788609e+04
20001	922.000000	6.000000	0.246116	0.000000	0.000000	2.874275e+04
20001	923.000000	6.000000	0.246956	0.000000	0.000000	2.816529e+04
20001	924.000000	6.000000	0.247743	0.000000	0.000000	2.606329e+04
20001	925.000000	6.000000	0.248367	0.000000	0.000000	2.429302e+04
20001	926.000000	6.000000	0.248968	0.000000	0.000000	2.528369e+04
20001	927.000000	6.000000	0.250226	0.000000	0.000000	2.357381e+04
20001	928.000000	6.000000	0.251088	0.000000	0.000000	2.287175e+04
20001	929.000000	6.000000	0.251921	0.000000	0.000000	2.399676e+04
20001	930.000000	6.000000	0.252708	0.000000	0.000000	2.401670e+04
20001	931.000000	6.000000	0.253823	0.000000	0.000000	2.221052e+04
20001	932.000000	6.000000	0.254241	0.000000	0.000000	2.518694e+04
20001	933.000000	6.000000	0.254769	0.000000	0.000000	2.778385e+04
20001	934.000000	6.000000	0.255395	0.000000	0.000000	2.451170e+04
20001	935.000000	6.000000	0.256445	0.000000	0.000000	2.521025e+04
20001	936.000000	6.000000	0.257286	0.000000	0.000000	2.622147e+04
20001	937.000000	6.000000	0.258082	0.000000	0.000000	2.444738e+04
20001	938.000000	6.000000	0.258923	0.000000	0.000000	2.356764e+04
20001	939.000000	6.000000	0.260003	0.000000	0.000000	2.463794e+04
20001	940.000000	6.000000	0.260895	0.000000	0.000000	2.614298e+04
20001	941.000000	6.000000	0.261074	0.000000	0.000000	2.826857e+04
20001	942.000000	6.000000	0.261689	0.000000	0.000000	2.469618e+04
20001	943.000000	6.000000	0.262234	0.000000	0.000000	2.355500e+04
20001	944.000000	6.000000	0.263131	0.000000	0.000000	2.085589e+04
20001	945.000000	6.000000	0.263480	0.000000	0.000000	2.008755e+04
20001	946.000000	6.000000	0.264174	0.000000	0.000000	2.113509e+04
20001	947.000000	6.000000	0.265582	0.000000	0.000000	2.109992e+04
20001	948.000000	6.000000	0.265996	0.000000	0.000000	2.113096e+04
20001	949.000000	6.000000	0.266256	0.000000	0.000000	2.481529e+04
20001	950.000000	6.000000	0.266826	0.000000	0.000000	2.450185e+04
20001	951.000000	6.000000	0.267665	0.000000	0.000000	2.457181e+04
20001	952.000000	6.000000	0.268130	0.000000	0.000000	2.453803e+04
20001	953.000000	6.000000	0.268777	0.000000	0.000000	2.283708e+04
20001	954.000000	6.000000	0.269857	0.000000	0.000000	2.180411e+04
20001	955.000000	6.000000	0.270746	0.000000	0.000000	2.075656e+04
20001	956.000000	6.000000	0.271573	0.000000	0.000000	2.023367e+04
20001	957.000000	6.000000	0.272055	0.000000	0.000000	2.087688e+04
20001	958.000000	6.000000	0.272143	0.000000	0.000000	2.460019e+04
20001	959.000000	6.000000	0.272549	0.000000	0.000000	2.587916e+04
20001	960.000000	6.000000	0.273113	0.000000	0.000000	2.170934e+04
20001	961.000000	6.000000	0.273737	0.000000	0.000000	1.917777e+04
20001	962.000000	6.000000	0.273822	0.000000	0.000000	2.116247e+04
20001	963.000000	6.000000	0.274464	0.000000	0.000000	2.298760e+04
20001	964.000000	6.000000	0.276467	0.000000	0.000000	2.115198e+04
20001	965.000000	6.000000	0.275862	0.000000	0.000000	2.008617e+04
20001	966.000000	6.000000	0.276056	0.000000	0.000000	2.056676e+04
20001	967.000000	6.000000	0.277519	0.000000	0.000000	2.198953e+04
20001	968.000000	6.000000	0.278293	0.000000	0.000000	2.190419e+04
20001	969.000000	6.000000	0.277976	0.000000	0.000000	2.270757e+04
20001	970.000000	6.000000	0.278321	0.000000	0.000000	2.265875e+04
20001	971.000000	6.000000	0.279471	0.000000	0.000000	1.923544e+04
20001	972.000000	6.000000	0.280645	0.000000	0.000000	2.037985e+04
20001	973.000000	6.000000	0.281212	0.000000	0.000000	2.513452e+04
20001	974.000000	6.000000	0.281588	0.000000	0.000000	2.291122e+04
20001	975.000000	6.000000	0.281673	0.000000	0.000000	2.235766e+04
20001	976.000000	6.000000	0.281473	0.000000	0.000000	2.217367e+04
20001	977.000000	6.000000	0.281690	0.000000	0.000000	2.258088e+04
20001	978.000000	6.000000	0.283016	0.000000	0.000000	2.068092e+04
20001	979.000000	6.000000	0.283711	0.000000	0.000000	1.857370e+04
20001	980.000000	6.000000	0.283990	0.000000	0.000000	1.981369e+04
20001	981.000000	6.000000	0.284992	0.000000	0.000000	2.148607e+04
20001	982.000000	6.000000	0.286276	0.000000	0.000000	1.945371e+04
20001	983.000000	6.000000	0.286252	0.000000	0.000000	1.802605e+04
20001	984.000000	6.000000	0.286586	0.000000	0.000000	2.427854e+04
20001	985.000000	6.000000	0.287453	0.000000	0.000000	2.323829e+04
20001	986.000000	6.000000	0.287453	0.000000	0.000000	1.806019e+04
20001	987.000000	6.000000	0.287472	0.000000	0.000000	1.573873e+04
20001	988.000000	6.000000	0.287621	0.000000	0.000000	2.342651e+04
20001	989.000000	6.000000	0.288417	0.000000	0.000000	2.333659e+04
20001	990.000000	6.000000	0.289319	0.000000	0.000000	1.992430e+04
20001	991.000000	6.000000	0.290572	0.000000	0.000000	2.000267e+04
20001	992.000000	6.000000	0.290399	0.000000	0.000000	1.869843e+04
20001	993.000000	6.000000	0.290614	0.000000	0.000000	1.726208e+04
20001	994.000000	6.000000	0.290952	0.000000	0.000000	1.659434e+04
20001	995.000000	6.000000	0.290633	0.000000	0.000000	1.665026e+04
20001	996.000000	6.000000	0.291576	0.000000	0.000000	1.792666e+04
20001	997.000000	6.000000	0.292254	0.000000	0.000000	1.838880e+04
20001	998.000000	6.000000	0.293222	0.000000	0.000000	1.849149e+04
20001	999.000000	6.000000	0.293970	0.000000	0.000000	2.037275e+04
20001	1000.000000	6.000000	0.293580	0.000000	0.000000	2.074745e+04
