90001	190.746472	55.000000	5.018175e-01	1.975000e-02	8.289250e-02	8.514033e+03
90001	191.482945	55.000000	6.720975e-01	-6.364000e-02	2.237400e-01	4.754017e+03
90001	192.225127	55.000000	7.315487e-01	-1.703625e-01	3.276975e-01	2.140035e+04
90001	192.973084	55.000000	7.266912e-01	-2.930525e-01	3.920150e-01	1.648894e+04
90001	193.726885	55.000000	6.971812e-01	-3.801075e-01	4.599250e-01	1.045647e+04
90001	194.486599	55.000000	6.377725e-01	-4.702400e-01	4.910350e-01	1.723619e+04
90001	195.252294	55.000000	5.522025e-01	-5.569800e-01	5.089750e-01	1.438940e+04
90001	196.024042	55.000000	4.577362e-01	-6.478100e-01	5.108150e-01	1.558830e+04
90001	196.801915	55.000000	3.566100e-01	-7.132275e-01	5.052887e-01	1.590563e+04
90001	197.585987	55.000000	2.434837e-01	-7.729250e-01	4.974025e-01	2.107685e+04
90001	198.376331	55.000000	1.268063e-01	-8.081425e-01	4.924550e-01	2.730269e+04
90001	199.173023	55.000000	5.430000e-03	-8.236100e-01	4.813425e-01	7.730244e+04
90001	199.976140	55.000000	-1.110525e-01	-8.338525e-01	4.569450e-01	2.635777e+04
90001	200.785760	55.000000	-2.317888e-01	-8.225850e-01	4.220150e-01	5.476797e+04
90001	201.601962	55.000000	-3.390225e-01	-7.984700e-01	3.771425e-01	2.873785e+04
90001	202.424827	55.000000	-4.295075e-01	-7.713200e-01	3.179325e-01	2.276695e+04
90001	203.254437	55.000000	-5.100537e-01	-7.220575e-01	1.808000e-01	2.123472e+04
90001	204.090875	55.000000	-5.159600e-01	-6.704200e-01	2.508000e-02	1.850080e+04
90001	204.934226	55.000000	-4.100575e-01	-5.899575e-01	-1.722600e-01	8.658976e+03
90001	205.784575	55.000000	-1.582025e-01	-4.907275e-01	-3.307525e-01	9.899916e+03
90001	206.642011	55.000000	2.783425e-01	-3.538025e-01	-3.581325e-01	2.033175e+04
90001	207.506622	55.000000	6.036250e-01	-2.773050e-01	-2.366675e-01	1.337671e+04
90001	208.378498	55.000000	7.986675e-01	-2.731100e-01	-5.170250e-02	1.467320e+04
90001	209.257733	55.000000	8.526225e-01	-3.104625e-01	1.110525e-01	3.081769e+04
90001	210.144418	55.000000	8.367762e-01	-3.775250e-01	2.207150e-01	1.971107e+04
90001	211.038650	55.000000	7.827863e-01	-4.508225e-01	2.968400e-01	1.853585e+04
90001	211.940524	55.000000	7.160975e-01	-5.422550e-01	3.439775e-01	2.059641e+04
90001	212.850140	55.000000	6.321387e-01	-6.281650e-01	3.609575e-01	3.885281e+04
90001	213.767598	55.000000	5.397238e-01	-7.027925e-01	3.713675e-01	3.792809e+04
90001	214.692998	55.000000	4.337950e-01	-7.731925e-01	3.707650e-01	2.705422e+04
90001	215.626446	55.000000	3.104425e-01	-8.369750e-01	3.668600e-01	2.629698e+04
90001	216.568046	55.000000	1.892513e-01	-8.715600e-01	3.608000e-01	2.312258e+04
90001	217.517906	55.000000	5.995500e-02	-8.982125e-01	3.482800e-01	8.121503e+04
90001	218.476135	55.000000	-6.007250e-02	-9.050975e-01	3.364825e-01	4.018464e+04
90001	219.442844	55.000000	-1.756075e-01	-9.041325e-01	3.168325e-01	2.779990e+04
90001	220.418145	55.000000	-2.902525e-01	-8.802500e-01	2.816050e-01	2.884777e+04
90001	221.402155	55.000000	-3.798650e-01	-8.610450e-01	2.401475e-01	3.310088e+04
90001	222.394989	55.000000	-4.478488e-01	-8.296625e-01	1.859925e-01	2.462233e+04
90001	223.396769	55.000000	-4.784212e-01	-8.229875e-01	9.347250e-02	2.108308e+04
90001	224.407614	55.000000	-4.521325e-01	-8.217200e-01	-2.465750e-02	2.210680e+04
90001	225.427648	55.000000	-3.343900e-01	-8.174900e-01	-1.546250e-01	1.679619e+04
90001	226.456998	55.000000	-1.164138e-01	-8.073950e-01	-2.835400e-01	1.691550e+04
90001	227.495792	55.000000	1.906313e-01	-7.487175e-01	-3.283125e-01	5.179105e+04
90001	228.544160	55.000000	4.779262e-01	-6.514200e-01	-2.880775e-01	2.130741e+04
90001	229.602234	55.000000	7.136912e-01	-5.402175e-01	-1.531250e-01	3.165653e+04
90001	230.670152	55.000000	8.082950e-01	-4.829100e-01	-2.438750e-02	2.012321e+04
90001	231.748050	55.000000	8.390875e-01	-4.631100e-01	8.744250e-02	3.939292e+04
90001	232.836069	55.000000	8.197288e-01	-4.786375e-01	1.866250e-01	3.766010e+04
90001	233.934352	55.000000	7.802725e-01	-5.276350e-01	2.306400e-01	2.377019e+04
90001	235.043046	55.000000	7.215800e-01	-5.850800e-01	2.706100e-01	2.974420e+04
90001	236.162298	55.000000	6.516637e-01	-6.589425e-01	2.877650e-01	2.374049e+04
90001	237.292261	55.000000	5.673425e-01	-7.262200e-01	3.113050e-01	3.266384e+04
90001	238.433090	55.000000	4.675275e-01	-7.944275e-01	3.121675e-01	5.572860e+04
90001	239.584940	55.000000	3.648413e-01	-8.424625e-01	3.173600e-01	2.201802e+04
90001	240.747974	55.000000	2.490237e-01	-8.843675e-01	3.076500e-01	2.413539e+04
90001	241.922354	55.000000	1.295075e-01	-9.149950e-01	3.099675e-01	5.069163e+04
90001	243.108248	55.000000	1.128000e-02	-9.231700e-01	2.977125e-01	2.255873e+04
90001	244.305826	55.000000	-1.018925e-01	-9.288625e-01	2.881775e-01	5.862739e+04
90001	245.515261	55.000000	-2.054171e-01	-9.174867e-01	2.716550e-01	2.937829e+04
90001	246.736730	55.000000	-3.052325e-01	-8.885000e-01	2.470950e-01	3.375911e+04
90001	247.970413	55.000000	-3.835650e-01	-8.709975e-01	2.144575e-01	4.571760e+04
90001	249.216496	55.000000	-4.471188e-01	-8.483950e-01	1.816525e-01	4.234757e+04
90001	250.475165	55.000000	-4.825388e-01	-8.362975e-01	1.297850e-01	8.432430e+04
90001	251.746612	55.000000	-4.793950e-01	-8.371325e-01	4.844500e-02	4.368997e+04
90001	253.031034	55.000000	-4.120600e-01	-8.603925e-01	-5.174000e-02	4.715780e+04
90001	254.328629	55.000000	-2.590063e-01	-8.808800e-01	-1.609825e-01	2.414638e+04
90001	255.639601	55.000000	9.635000e-03	-8.769850e-01	-2.454475e-01	1.690963e+04
90001	256.964159	55.000000	3.180637e-01	-8.253900e-01	-2.554500e-01	2.890163e+04
90001	258.302514	55.000000	5.694537e-01	-7.229500e-01	-1.912275e-01	4.151941e+04
90001	259.654883	55.000000	7.318000e-01	-6.167950e-01	-8.504500e-02	4.157213e+04
90001	261.021488	55.000000	8.039588e-01	-5.488450e-01	1.011500e-02	4.557538e+04
90001	262.402554	55.000000	8.202812e-01	-5.278225e-01	8.728000e-02	4.927583e+04
90001	263.798312	55.000000	8.045113e-01	-5.421725e-01	1.331625e-01	3.672899e+04
90001	265.208998	55.000000	7.663463e-01	-5.836850e-01	1.675050e-01	5.857866e+04
90001	266.634853	55.000000	7.123313e-01	-6.399675e-01	1.880675e-01	4.202831e+04
90001	268.076122	55.000000	6.414338e-01	-7.066550e-01	2.017025e-01	3.677692e+04
90001	269.533058	55.000000	5.584675e-01	-7.726575e-01	2.107250e-01	2.991810e+04
90001	271.005916	55.000000	4.571650e-01	-8.362375e-01	2.125400e-01	3.256066e+04
90001	272.494960	55.000000	3.450838e-01	-8.839375e-01	2.156000e-01	2.516421e+04
90001	274.000457	55.000000	2.238525e-01	-9.284000e-01	2.121850e-01	4.369922e+04
90001	275.522681	55.000000	9.634625e-02	-9.457075e-01	2.156375e-01	2.673957e+04
90001	277.061914	55.000000	-2.467500e-02	-9.542800e-01	2.133575e-01	4.115807e+04
90001	278.618442	55.000000	-1.464125e-01	-9.418925e-01	2.065625e-01	3.106917e+04
90001	280.192557	55.000000	-2.545438e-01	-9.191000e-01	2.008875e-01	2.535169e+04
90001	281.784560	55.000000	-3.571350e-01	-8.963725e-01	1.909600e-01	4.105040e+04
90001	283.394758	55.000000	-4.422025e-01	-8.547800e-01	1.779775e-01	3.337993e+04
90001	285.023463	55.000000	-5.084512e-01	-8.243475e-01	1.525075e-01	4.259055e+04
90001	286.670998	55.000000	-5.520612e-01	-7.987575e-01	1.237275e-01	3.131943e+04
90001	288.337690	55.000000	-5.646000e-01	-7.918000e-01	7.843500e-02	4.538762e+04
90001	290.023875	55.000000	-5.250100e-01	-8.203150e-01	1.270000e-03	5.742926e+04
90001	291.729898	55.000000	-4.206850e-01	-8.635925e-01	-8.520500e-02	3.836945e+04
90001	293.456110	55.000000	-2.141012e-01	-9.098800e-01	-1.756850e-01	2.092434e+04
90001	295.202873	55.000000	7.547625e-02	-9.148050e-01	-2.276225e-01	3.098501e+04
90001	296.970555	55.000000	3.700775e-01	-8.573225e-01	-2.075300e-01	3.187799e+04
90001	298.759534	55.000000	5.923200e-01	-7.590950e-01	-1.236300e-01	4.633264e+04
90001	300.570198	55.000000	7.150875e-01	-6.706750e-01	-2.442000e-02	8.736576e+04
90001	302.402943	55.000000	7.641763e-01	-6.191875e-01	6.416750e-02	8.570101e+04
90001	304.258176	55.000000	7.699700e-01	-6.034225e-01	1.402300e-01	6.437771e+04
90001	306.136313	55.000000	7.474538e-01	-6.160650e-01	1.923800e-01	4.761054e+04
90001	308.037780	55.000000	7.072688e-01	-6.501900e-01	2.288950e-01	4.545851e+04
90001	309.963016	55.000000	6.513638e-01	-6.954100e-01	2.589050e-01	4.384361e+04
90001	311.912469	55.000000	5.851050e-01	-7.447425e-01	2.800950e-01	4.349874e+04
90001	313.886599	55.000000	5.036825e-01	-7.971000e-01	2.956575e-01	4.884416e+04
90001	315.885877	55.000000	4.148188e-01	-8.430000e-01	3.064625e-01	4.789443e+04
90001	317.910786	55.000000	3.131425e-01	-8.832300e-01	3.139300e-01	5.182388e+04
90001	319.961823	55.000000	2.061763e-01	-9.133425e-01	3.187625e-01	5.261120e+04
90001	322.039498	55.000000	9.700125e-02	-9.311125e-01	3.205675e-01	5.594403e+04
90001	324.144331	55.000000	-4.808750e-03	-9.371225e-01	3.218825e-01	5.794739e+04
90001	326.276859	55.000000	-1.101225e-01	-9.326900e-01	3.196275e-01	5.716364e+04
90001	328.437633	55.000000	-2.155925e-01	-9.162800e-01	3.145475e-01	6.159043e+04
90001	330.627218	55.000000	-3.086175e-01	-8.935850e-01	3.063475e-01	5.236634e+04
90001	332.846192	55.000000	-4.001175e-01	-8.602975e-01	2.936900e-01	5.376261e+04
90001	335.095153	55.000000	-4.762975e-01	-8.263550e-01	2.770425e-01	5.312320e+04
90001	337.374712	55.000000	-5.421512e-01	-7.934675e-01	2.512100e-01	5.378248e+04
90001	339.685498	55.000000	-5.930988e-01	-7.650125e-01	2.132075e-01	5.876611e+04
90001	342.028156	55.000000	-6.220738e-01	-7.514325e-01	1.607775e-01	6.512709e+04
90001	344.403352	55.000000	-6.215025e-01	-7.590025e-01	8.857750e-02	7.870563e+04
90001	346.811767	55.000000	-5.799163e-01	-7.898825e-01	8.900000e-04	8.247752e+04
90001	349.254103	55.000000	-4.751337e-01	-8.420950e-01	-1.055150e-01	6.056644e+04
90001	351.731083	55.000000	-2.888650e-01	-8.994350e-01	-2.071425e-01	5.940149e+04
90001	354.243447	55.000000	-5.683750e-03	-9.274550e-01	-2.688050e-01	5.580238e+04
90001	356.791961	55.000000	2.849062e-01	-8.942175e-01	-2.506625e-01	5.681349e+04
90001	359.377410	55.000000	5.221900e-01	-8.132150e-01	-1.634150e-01	7.000480e+04
90001	362.000603	55.000000	6.627575e-01	-7.287950e-01	-5.497750e-02	1.080698e+05
90001	364.662372	55.000000	7.256163e-01	-6.723075e-01	4.292500e-02	1.058951e+05
90001	367.363575	55.000000	7.386675e-01	-6.510750e-01	1.199125e-01	8.828160e+04
90001	370.105094	55.000000	7.189537e-01	-6.578925e-01	1.807775e-01	7.515866e+04
90001	372.887839	55.000000	6.724075e-01	-6.888350e-01	2.290250e-01	6.747184e+04
90001	375.712747	55.000000	6.091262e-01	-7.330900e-01	2.662700e-01	6.034088e+04
90001	378.580784	55.000000	5.356462e-01	-7.779825e-01	2.944575e-01	6.084831e+04
90001	381.492943	55.000000	4.474275e-01	-8.235575e-01	3.196125e-01	6.096243e+04
90001	384.450253	55.000000	3.543025e-01	-8.601350e-01	3.392000e-01	5.870748e+04
90001	387.453771	55.000000	2.600187e-01	-8.881850e-01	3.535625e-01	6.498694e+04
90001	390.504588	55.000000	1.593637e-01	-9.074200e-01	3.685150e-01	7.517495e+04
90001	393.603830	55.000000	5.154750e-02	-9.158550e-01	3.785825e-01	7.539576e+04
90001	396.752661	55.000000	-5.366625e-02	-9.123750e-01	3.850825e-01	7.364860e+04
90001	399.952279	55.000000	-1.543300e-01	-8.985850e-01	3.898575e-01	8.348607e+04
90001	403.203924	55.000000	-2.547775e-01	-8.753675e-01	3.905000e-01	7.401057e+04
90001	406.508874	55.000000	-3.435525e-01	-8.457875e-01	3.888600e-01	6.251193e+04
90001	409.868452	55.000000	-4.273350e-01	-8.092300e-01	3.812925e-01	6.994156e+04
90001	413.284022	55.000000	-5.038712e-01	-7.703975e-01	3.706500e-01	7.025092e+04
90001	416.756997	55.000000	-5.741588e-01	-7.299175e-01	3.490075e-01	7.514850e+04
90001	420.288836	55.000000	-6.326337e-01	-6.940575e-01	3.172100e-01	7.053748e+04
90001	423.881048	55.000000	-6.795900e-01	-6.667700e-01	2.679150e-01	7.451006e+04
90001	427.535195	55.000000	-7.097237e-01	-6.564300e-01	2.023200e-01	8.504280e+04
90001	431.252893	55.000000	-7.181313e-01	-6.617625e-01	1.084150e-01	9.281733e+04
90001	435.035813	55.000000	-6.865825e-01	-6.966025e-01	-2.296250e-02	1.216387e+05
90001	438.885687	55.000000	-5.773550e-01	-7.542675e-01	-1.909225e-01	8.139095e+04
90001	442.804309	55.000000	-3.630925e-01	-8.155925e-01	-3.498525e-01	6.725082e+04
90001	446.793537	55.000000	-4.974875e-02	-8.471525e-01	-4.376075e-01	3.927821e+04
90001	450.855297	55.000000	2.845162e-01	-8.252950e-01	-4.045575e-01	4.370103e+04
90001	454.991584	55.000000	5.467275e-01	-7.587225e-01	-2.647300e-01	6.569831e+04
90001	459.204469	55.000000	7.015662e-01	-6.797500e-01	-7.595500e-02	9.897740e+04
90001	463.496099	55.000000	7.512387e-01	-6.336125e-01	7.915500e-02	1.227478e+05
90001	467.868704	55.000000	7.488337e-01	-6.145325e-01	1.954275e-01	8.259186e+04
90001	472.324597	55.000000	7.198437e-01	-6.162850e-01	2.821425e-01	9.349828e+04
90001	476.866179	55.000000	6.742037e-01	-6.346650e-01	3.463500e-01	8.329877e+04
90001	481.495948	55.000000	6.163400e-01	-6.643475e-01	3.963350e-01	7.380168e+04
90001	486.216496	55.000000	5.555050e-01	-6.976425e-01	4.306250e-01	7.976668e+04
90001	491.030521	55.000000	4.842212e-01	-7.331950e-01	4.578525e-01	9.407613e+04
90001	495.940826	55.000000	4.067650e-01	-7.668000e-01	4.770300e-01	8.461275e+04
90001	500.950330	55.000000	3.229275e-01	-8.024350e-01	4.963625e-01	9.499105e+04
90001	506.062068	55.000000	2.377050e-01	-8.260200e-01	5.070125e-01	9.469024e+04
90001	511.279202	55.000000	1.477825e-01	-8.431600e-01	5.155600e-01	9.417817e+04
90001	516.605028	55.000000	5.276625e-02	-8.501725e-01	5.206375e-01	1.011630e+05
90001	522.042975	55.000000	-4.259500e-02	-8.484775e-01	5.236225e-01	9.737357e+04
90001	527.596624	55.000000	-1.331875e-01	-8.385400e-01	5.235325e-01	1.060661e+05
90001	533.269706	55.000000	-2.232150e-01	-8.210050e-01	5.214125e-01	1.218340e+05
90001	539.066116	55.000000	-3.144000e-01	-7.948275e-01	5.152400e-01	1.028395e+05
90001	544.989919	55.000000	-3.982837e-01	-7.626900e-01	5.054800e-01	1.107783e+05
90001	551.045363	55.000000	-4.733363e-01	-7.282650e-01	4.911200e-01	1.071022e+05
90001	557.236884	55.000000	-5.451500e-01	-6.910625e-01	4.694125e-01	1.055694e+05
90001	563.569121	55.000000	-6.115962e-01	-6.557950e-01	4.374975e-01	1.111792e+05
90001	570.046927	55.000000	-6.711913e-01	-6.249300e-01	3.927800e-01	1.220236e+05
90001	576.675380	55.000000	-7.247775e-01	-6.005175e-01	3.266800e-01	1.139951e+05
90001	583.459796	55.000000	-7.665363e-01	-5.879225e-01	2.328650e-01	1.283715e+05
90001	590.405746	55.000000	-7.859687e-01	-5.928400e-01	1.042775e-01	1.464646e+05
90001	597.519068	55.000000	-7.586750e-01	-6.217850e-01	-8.173250e-02	1.429436e+05
90001	604.805886	55.000000	-6.372363e-01	-6.711975e-01	-3.141275e-01	9.135568e+04
90001	612.272625	55.000000	-3.759588e-01	-7.234700e-01	-5.257925e-01	1.008213e+05
90001	619.926033	55.000000	2.667000e-02	-7.438550e-01	-6.211350e-01	6.366813e+04
90001	627.773198	55.000000	4.206213e-01	-7.127625e-01	-5.193525e-01	6.062298e+04
90001	635.821572	55.000000	6.773500e-01	-6.520250e-01	-2.975800e-01	9.086316e+04
90001	644.078995	55.000000	7.879063e-01	-5.995725e-01	-6.750750e-02	1.871237e+05
90001	652.553719	55.000000	8.071513e-01	-5.712975e-01	1.156100e-01	1.525854e+05
90001	661.254435	55.000000	7.802400e-01	-5.662650e-01	2.530525e-01	1.422753e+05
90001	670.190306	55.000000	7.342925e-01	-5.765650e-01	3.464550e-01	1.445889e+05
90001	679.370995	55.000000	6.785838e-01	-5.987275e-01	4.164450e-01	1.290027e+05
90001	688.806703	55.000000	6.171713e-01	-6.292075e-01	4.640050e-01	1.404931e+05
90001	698.508206	55.000000	5.488713e-01	-6.646250e-01	5.007600e-01	1.478383e+05
90001	708.486895	55.000000	4.780938e-01	-6.979025e-01	5.268700e-01	1.492013e+05
90001	718.754821	55.000000	4.023988e-01	-7.300950e-01	5.437275e-01	1.777695e+05
90001	729.324745	55.000000	3.241450e-01	-7.575675e-01	5.590375e-01	1.424157e+05
90001	740.210189	55.000000	2.399900e-01	-7.801525e-01	5.672075e-01	1.293761e+05
90001	751.425495	55.000000	1.557187e-01	-7.965025e-01	5.755700e-01	1.750528e+05
90001	762.985887	55.000000	6.601625e-02	-8.042650e-01	5.796300e-01	1.181061e+05
90001	774.907541	55.000000	-1.845000e-02	-8.043650e-01	5.794675e-01	1.338531e+05
90001	787.207661	55.000000	-1.062675e-01	-7.971825e-01	5.805475e-01	1.190122e+05
90001	799.904559	55.000000	-1.930550e-01	-7.824050e-01	5.786075e-01	1.276540e+05
90001	813.017748	55.000000	-2.747688e-01	-7.610800e-01	5.716400e-01	1.013170e+05
90001	826.568044	55.000000	-3.553438e-01	-7.362525e-01	5.638400e-01	1.194451e+05
90001	840.577672	55.000000	-4.255113e-01	-6.958875e-01	5.417375e-01	6.276333e+04
90001	855.070390	55.000000	-5.013988e-01	-6.571625e-01	5.023425e-01	5.982030e+04
90001	870.071625	55.000000	-5.733687e-01	-6.203050e-01	4.942500e-01	1.105790e+05
90001	885.608619	55.000000	-6.335600e-01	-6.052650e-01	4.652325e-01	7.802124e+04
90001	901.710593	55.000000	-7.028050e-01	-5.700125e-01	4.021875e-01	8.845265e+04
90001	918.408938	55.000000	-7.569062e-01	-5.565200e-01	3.334675e-01	9.737123e+04
90001	935.737408	55.000000	-7.993075e-01	-5.349675e-01	2.037600e-01	1.366200e+05
90001	953.732358	55.000000	-8.151988e-01	-5.410125e-01	5.345500e-02	2.990741e+05
90001	972.432993	55.000000	-7.621138e-01	-5.678500e-01	-1.970425e-01	1.227842e+05
90001	991.881653	55.000000	-6.088113e-01	-6.222250e-01	-4.545275e-01	8.335672e+04
90001	1012.124136	55.000000	-2.609063e-01	-6.508050e-01	-6.698275e-01	8.095551e+04
90001	1033.210055	55.000000	1.898850e-01	-6.482875e-01	-6.845900e-01	2.615751e+04
90001	1055.193248	55.000000	5.662650e-01	-6.106175e-01	-4.961325e-01	3.702683e+04
90001	1078.132231	55.000000	7.715937e-01	-5.602600e-01	-2.155400e-01	1.110255e+05
90001	1102.090725	55.000000	8.246087e-01	-5.359525e-01	1.724500e-02	1.118430e+05
90001	1127.138242	55.000000	8.102937e-01	-5.326875e-01	1.925425e-01	1.005509e+05
90001	1153.350759	55.000000	7.676588e-01	-5.396225e-01	3.174975e-01	1.921020e+05
90001	1180.811491	55.000000	7.171400e-01	-5.669100e-01	4.111650e-01	9.085561e+04
90001	1209.611772	55.000000	6.537587e-01	-5.934900e-01	4.696675e-01	1.108088e+05
90001	1239.852066	55.000000	5.886163e-01	-6.211175e-01	5.181075e-01	1.314090e+05
90001	1271.643145	55.000000	5.218963e-01	-6.594675e-01	5.484800e-01	9.892961e+04
90001	1305.107438	55.000000	4.488975e-01	-6.996325e-01	5.755075e-01	4.659668e+04
90001	1340.380612	55.000000	3.738125e-01	-7.274775e-01	5.938550e-01	6.019094e+04
90001	1377.613407	55.000000	2.963663e-01	-7.487925e-01	6.021200e-01	1.212853e+05
90001	1416.973790	55.000000	2.127487e-01	-7.744925e-01	6.103800e-01	9.683432e+04
90001	1458.649489	55.000000	1.299562e-01	-7.909425e-01	6.207175e-01	6.829332e+04
90001	1502.850989	55.000000	4.544750e-02	-7.954025e-01	6.217150e-01	8.230924e+04
90001	1549.815082	55.000000	-4.014875e-02	-7.956700e-01	6.206450e-01	9.311710e+04
90001	1599.809117	55.000000	-1.251162e-01	-7.869800e-01	6.186100e-01	1.114242e+05
90001	1653.136088	55.000000	-2.085938e-01	-7.721000e-01	6.124075e-01	1.822810e+05
90001	1710.140781	55.000000	-2.902625e-01	-7.496475e-01	6.151300e-01	7.411121e+04
90001	1771.217237	55.000000	-3.687738e-01	-7.201800e-01	5.795200e-01	1.065801e+05
90001	1836.817876	55.000000	-4.421775e-01	-6.980050e-01	5.726825e-01	2.076473e+04
90001	1907.464717	55.000000	-5.154088e-01	-6.455625e-01	5.690750e-01	2.063869e+04
90001	1983.763306	55.000000	-5.870275e-01	-6.357775e-01	5.077550e-01	1.130625e+04
90001	2066.420110	55.000000	-6.464262e-01	-6.160100e-01	4.431225e-01	5.400313e+03
90001	190.746472	60.000000	7.126512e-01	-1.122625e-01	4.908225e-01	1.093540e+04
90001	191.482945	60.000000	6.798937e-01	-2.254825e-01	5.473075e-01	1.383191e+04
90001	192.225127	60.000000	6.155325e-01	-3.297725e-01	5.915850e-01	1.833811e+04
90001	192.973084	60.000000	5.308288e-01	-4.401225e-01	6.135650e-01	1.228290e+04
90001	193.726885	60.000000	4.349437e-01	-5.324875e-01	6.362850e-01	1.435769e+04
90001	194.486599	60.000000	3.288988e-01	-5.955950e-01	6.359825e-01	2.074480e+04
90001	195.252294	60.000000	1.930700e-01	-6.585725e-01	6.296625e-01	7.091529e+04
90001	196.024042	60.000000	5.369500e-02	-6.918675e-01	6.280150e-01	2.319390e+04
90001	196.801915	60.000000	-9.656125e-02	-6.962850e-01	6.063525e-01	2.230654e+04
90001	197.585987	60.000000	-2.404325e-01	-6.837875e-01	5.766075e-01	1.624782e+04
90001	198.376331	60.000000	-3.802600e-01	-6.596400e-01	5.216950e-01	2.592694e+04
90001	199.173023	60.000000	-5.088775e-01	-6.096975e-01	4.436875e-01	2.513604e+04
90001	199.976140	60.000000	-6.018400e-01	-5.405600e-01	3.310950e-01	2.255655e+04
90001	200.785760	60.000000	-6.544163e-01	-4.491175e-01	1.606975e-01	3.955061e+04
90001	201.601962	60.000000	-5.998513e-01	-3.288400e-01	-3.137500e-02	1.737898e+04
90001	202.424827	60.000000	-3.748087e-01	-1.976400e-01	-2.475575e-01	1.113301e+04
90001	203.254437	60.000000	8.175875e-02	-7.515000e-03	-3.726400e-01	2.868885e+04
90001	204.090875	60.000000	4.848925e-01	5.946750e-02	-2.797925e-01	3.356896e+04
90001	204.934226	60.000000	7.394400e-01	7.636250e-02	-1.104450e-01	1.270202e+04
90001	205.784575	60.000000	8.539775e-01	1.185500e-02	5.843000e-02	2.242445e+04
90001	206.642011	60.000000	8.859137e-01	-7.659250e-02	2.151675e-01	4.643800e+04
90001	207.506622	60.000000	8.686475e-01	-1.715000e-01	3.149500e-01	2.477218e+04
90001	208.378498	60.000000	8.203375e-01	-2.719675e-01	3.791975e-01	2.075114e+04
90001	209.257733	60.000000	7.520938e-01	-3.915950e-01	4.323475e-01	3.757005e+04
90001	210.144418	60.000000	6.603387e-01	-5.066750e-01	4.660250e-01	2.435840e+04
90001	211.038650	60.000000	5.546875e-01	-6.024825e-01	4.812375e-01	2.473291e+04
90001	211.940524	60.000000	4.302238e-01	-6.908225e-01	4.904175e-01	4.943027e+04
90001	212.850140	60.000000	2.908800e-01	-7.634100e-01	4.871625e-01	2.150529e+04
90001	213.767598	60.000000	1.327887e-01	-8.127650e-01	4.780650e-01	2.514260e+04
90001	214.692998	60.000000	-2.292250e-02	-8.317700e-01	4.535025e-01	2.553364e+04
90001	215.626446	60.000000	-1.886425e-01	-8.286225e-01	4.367725e-01	1.640799e+04
90001	216.568046	60.000000	-3.235338e-01	-8.044950e-01	3.920175e-01	1.420489e+04
90001	217.517906	60.000000	-4.461762e-01	-7.679550e-01	3.558400e-01	1.810836e+04
90001	218.476135	60.000000	-5.509563e-01	-7.343075e-01	2.787375e-01	1.431319e+04
90001	219.442844	60.000000	-6.161314e-01	-6.930250e-01	1.801767e-01	1.968663e+04
90001	220.418145	60.000000	-6.225437e-01	-6.791000e-01	4.417250e-02	2.111312e+04
90001	221.402155	60.000000	-5.247150e-01	-6.789400e-01	-1.404250e-01	1.367740e+04
90001	222.394989	60.000000	-2.955138e-01	-6.423975e-01	-3.193300e-01	6.171088e+03
90001	223.396769	60.000000	7.391375e-02	-5.749250e-01	-4.316425e-01	1.072560e+04
90001	224.407614	60.000000	4.660088e-01	-4.558750e-01	-3.976925e-01	2.000465e+04
90001	225.427648	60.000000	7.388375e-01	-3.340925e-01	-2.657800e-01	1.067552e+04
90001	226.456998	60.000000	8.748975e-01	-2.579225e-01	-9.833250e-02	3.060619e+04
90001	227.495792	60.000000	9.190238e-01	-2.248550e-01	4.649000e-02	4.886628e+04
90001	228.544160	60.000000	9.154262e-01	-2.480850e-01	1.491325e-01	5.033705e+04
90001	229.602234	60.000000	8.855250e-01	-3.071700e-01	2.392150e-01	1.002216e+05
90001	230.670152	60.000000	8.407725e-01	-3.795575e-01	2.848400e-01	3.777766e+04
90001	231.748050	60.000000	7.763300e-01	-4.583025e-01	3.285975e-01	4.286764e+04
90001	232.836069	60.000000	6.942300e-01	-5.657750e-01	3.615875e-01	2.318523e+04
90001	233.934352	60.000000	5.922687e-01	-6.535450e-01	3.781925e-01	3.148836e+04
90001	235.043046	60.000000	4.740762e-01	-7.342700e-01	3.956725e-01	2.065526e+04
90001	236.162298	60.000000	3.403737e-01	-8.074875e-01	4.041325e-01	2.308935e+04
90001	237.292261	60.000000	2.011538e-01	-8.500625e-01	4.005950e-01	2.807752e+04
90001	238.433090	60.000000	4.630429e-02	-8.683733e-01	3.890875e-01	2.933571e+04
90001	239.584940	60.000000	-9.855250e-02	-8.821750e-01	3.823600e-01	4.026548e+04
90001	240.747974	60.000000	-2.459800e-01	-8.580375e-01	3.596650e-01	3.308615e+04
90001	241.922354	60.000000	-3.740613e-01	-8.285200e-01	3.381550e-01	5.270036e+04
90001	243.108248	60.000000	-4.818600e-01	-7.861575e-01	2.924175e-01	3.537735e+04
90001	244.305826	60.000000	-5.660988e-01	-7.483500e-01	2.459500e-01	3.997675e+04
90001	245.515261	60.000000	-6.192913e-01	-7.212500e-01	1.700500e-01	3.580304e+04
90001	246.736730	60.000000	-6.318362e-01	-7.140075e-01	7.604500e-02	3.755824e+04
90001	247.970413	60.000000	-5.823888e-01	-7.267525e-01	-5.014500e-02	3.553802e+04
90001	249.216496	60.000000	-4.446000e-01	-7.644200e-01	-1.867450e-01	5.322452e+04
90001	250.475165	60.000000	-1.859888e-01	-7.794275e-01	-3.168600e-01	3.682527e+04
90001	251.746612	60.000000	1.839975e-01	-7.395725e-01	-3.851950e-01	4.822081e+04
90001	253.031034	60.000000	5.393012e-01	-6.078800e-01	-3.301550e-01	5.292505e+04
90001	254.328629	60.000000	7.714587e-01	-4.722100e-01	-1.985325e-01	1.241590e+05
90001	255.639601	60.000000	8.879925e-01	-3.577925e-01	-5.927750e-02	7.777571e+04
90001	256.964159	60.000000	9.204788e-01	-3.119450e-01	5.483500e-02	7.035872e+04
90001	258.302514	60.000000	9.158812e-01	-3.135125e-01	1.306225e-01	4.792394e+04
90001	259.654883	60.000000	8.883313e-01	-3.556250e-01	1.821350e-01	3.677247e+04
90001	261.021488	60.000000	8.462275e-01	-4.300500e-01	2.254100e-01	4.171471e+04
90001	262.402554	60.000000	7.860975e-01	-5.168950e-01	2.470350e-01	3.750621e+04
90001	263.798312	60.000000	7.134938e-01	-6.052875e-01	2.597125e-01	3.819488e+04
90001	265.208998	60.000000	6.158300e-01	-6.978075e-01	2.745350e-01	4.203072e+04
90001	266.634853	60.000000	4.976688e-01	-7.828950e-01	2.779225e-01	3.379634e+04
90001	268.076122	60.000000	3.653262e-01	-8.472950e-01	2.854000e-01	3.077726e+04
90001	269.533058	60.000000	2.246450e-01	-8.950575e-01	2.792925e-01	2.146820e+04
90001	271.005916	60.000000	6.261125e-02	-9.228050e-01	2.798150e-01	2.741570e+04
90001	272.494960	60.000000	-9.651500e-02	-9.209050e-01	2.687325e-01	2.676513e+04
90001	274.000457	60.000000	-2.466500e-01	-9.029375e-01	2.598675e-01	2.794567e+04
90001	275.522681	60.000000	-3.883062e-01	-8.567125e-01	2.447275e-01	3.581236e+04
90001	277.061914	60.000000	-4.997300e-01	-8.043775e-01	2.253400e-01	4.065846e+04
90001	278.618442	60.000000	-5.934238e-01	-7.470750e-01	1.963325e-01	3.131986e+04
90001	280.192557	60.000000	-6.569050e-01	-7.054125e-01	1.594000e-01	3.412058e+04
90001	281.784560	60.000000	-6.926925e-01	-6.804975e-01	1.130825e-01	4.827462e+04
90001	283.394758	60.000000	-6.869075e-01	-6.838425e-01	4.102750e-02	4.008525e+04
90001	285.023463	60.000000	-6.258712e-01	-7.238475e-01	-4.333750e-02	5.032865e+04
90001	286.670998	60.000000	-4.763050e-01	-7.936250e-01	-1.505100e-01	5.556770e+04
90001	288.337690	60.000000	-2.186238e-01	-8.539500e-01	-2.472875e-01	3.673766e+04
90001	290.023875	60.000000	2.037425e-01	-8.492100e-01	-2.971925e-01	4.683350e+04
90001	291.729898	60.000000	5.356812e-01	-7.368200e-01	-2.418750e-01	4.731890e+04
90001	293.456110	60.000000	7.564150e-01	-5.872125e-01	-1.270700e-01	8.976064e+04
90001	295.202873	60.000000	8.561288e-01	-4.758600e-01	-7.530000e-03	9.593493e+04
90001	296.970555	60.000000	8.844150e-01	-4.226275e-01	9.065500e-02	7.748029e+04
90001	298.759534	60.000000	8.767087e-01	-4.205925e-01	1.640400e-01	5.883820e+04
90001	300.570198	60.000000	8.471425e-01	-4.535025e-01	2.218950e-01	5.643604e+04
90001	302.402943	60.000000	8.019863e-01	-5.072700e-01	2.653850e-01	4.768406e+04
90001	304.258176	60.000000	7.374763e-01	-5.785025e-01	3.008150e-01	4.600553e+04
90001	306.136313	60.000000	6.623237e-01	-6.503250e-01	3.276625e-01	4.542102e+04
90001	308.037780	60.000000	5.701112e-01	-7.211425e-01	3.509825e-01	4.171048e+04
90001	309.963016	60.000000	4.629700e-01	-7.852850e-01	3.685225e-01	3.543899e+04
90001	311.912469	60.000000	3.468187e-01	-8.383425e-01	3.816050e-01	4.254060e+04
90001	313.886599	60.000000	2.145362e-01	-8.781600e-01	3.920325e-01	4.316444e+04
90001	315.885877	60.000000	7.798875e-02	-8.993000e-01	3.960450e-01	4.550919e+04
90001	317.910786	60.000000	-6.539750e-02	-9.011625e-01	3.970375e-01	4.937118e+04
90001	319.961823	60.000000	-2.026662e-01	-8.841025e-01	3.925975e-01	4.942004e+04
90001	322.039498	60.000000	-3.299862e-01	-8.494800e-01	3.823475e-01	4.411679e+04
90001	324.144331	60.000000	-4.373012e-01	-8.079750e-01	3.678775e-01	4.995243e+04
90001	326.276859	60.000000	-5.363688e-01	-7.563400e-01	3.478025e-01	5.217528e+04
90001	328.437633	60.000000	-6.226800e-01	-7.019850e-01	3.188775e-01	5.145073e+04
90001	330.627218	60.000000	-6.871575e-01	-6.560450e-01	2.837200e-01	6.348426e+04
90001	332.846192	60.000000	-7.378163e-01	-6.179475e-01	2.320050e-01	6.552151e+04
90001	335.095153	60.000000	-7.637300e-01	-6.030900e-01	1.659625e-01	9.044988e+04
90001	337.374712	60.000000	-7.598437e-01	-6.173050e-01	7.658750e-02	1.142742e+05
90001	339.685498	60.000000	-7.047000e-01	-6.698700e-01	-4.505250e-02	1.224674e+05
90001	342.028156	60.000000	-5.634900e-01	-7.538775e-01	-1.913875e-01	1.101162e+05
90001	344.403352	60.000000	-3.021313e-01	-8.365450e-01	-3.262450e-01	9.376997e+04
90001	346.811767	60.000000	4.057125e-02	-8.593525e-01	-3.916775e-01	8.277660e+04
90001	349.254103	60.000000	3.989138e-01	-7.926350e-01	-3.515700e-01	8.302922e+04
90001	351.731083	60.000000	6.583362e-01	-6.725250e-01	-2.316075e-01	1.265220e+05
90001	354.243447	60.000000	8.078125e-01	-5.524900e-01	-8.615750e-02	1.484551e+05
90001	356.791961	60.000000	8.641800e-01	-4.770400e-01	3.491500e-02	1.145826e+05
90001	359.377410	60.000000	8.736862e-01	-4.498700e-01	1.287800e-01	8.736906e+04
90001	362.000603	60.000000	8.556587e-01	-4.609525e-01	1.978075e-01	8.025534e+04
90001	364.662372	60.000000	8.186187e-01	-5.019500e-01	2.482725e-01	6.042014e+04
90001	367.363575	60.000000	7.650237e-01	-5.600350e-01	2.853825e-01	6.170660e+04
90001	370.105094	60.000000	6.900600e-01	-6.322525e-01	3.190325e-01	4.978634e+04
90001	372.887839	60.000000	5.900275e-01	-7.114525e-01	3.492450e-01	5.268185e+04
90001	375.712747	60.000000	4.742363e-01	-7.791400e-01	3.779075e-01	5.641040e+04
90001	378.580784	60.000000	3.509725e-01	-8.291800e-01	4.023700e-01	5.875197e+04
90001	381.492943	60.000000	2.132563e-01	-8.653350e-01	4.244350e-01	6.631866e+04
90001	384.450253	60.000000	7.701125e-02	-8.808700e-01	4.403075e-01	6.211991e+04
90001	387.453771	60.000000	-5.273000e-02	-8.779375e-01	4.508875e-01	6.286189e+04
90001	390.504588	60.000000	-1.819887e-01	-8.585275e-01	4.567600e-01	7.158303e+04
90001	393.603830	60.000000	-3.097538e-01	-8.211650e-01	4.569375e-01	7.312725e+04
90001	396.752661	60.000000	-4.241650e-01	-7.737000e-01	4.500275e-01	6.642321e+04
90001	399.952279	60.000000	-5.239625e-01	-7.162600e-01	4.393100e-01	6.406060e+04
90001	403.203924	60.000000	-6.145925e-01	-6.555800e-01	4.190325e-01	7.353396e+04
90001	406.508874	60.000000	-6.863212e-01	-5.997000e-01	3.922500e-01	7.373933e+04
90001	409.868452	60.000000	-7.463325e-01	-5.484325e-01	3.547200e-01	8.194644e+04
90001	413.284022	60.000000	-7.948738e-01	-5.086350e-01	3.022400e-01	1.014267e+05
90001	416.756997	60.000000	-8.313112e-01	-4.853075e-01	2.256475e-01	1.202985e+05
90001	420.288836	60.000000	-8.459512e-01	-4.887750e-01	1.192200e-01	1.301490e+05
90001	423.881048	60.000000	-8.231012e-01	-5.236300e-01	-2.669250e-02	1.449206e+05
90001	427.535195	60.000000	-7.366088e-01	-5.902675e-01	-2.033000e-01	1.235605e+05
90001	431.252893	60.000000	-5.409300e-01	-6.754175e-01	-3.981500e-01	8.680284e+04
90001	435.035813	60.000000	-1.927225e-01	-7.370150e-01	-5.519625e-01	7.442123e+04
90001	438.885687	60.000000	2.443563e-01	-7.255450e-01	-5.579475e-01	6.267233e+04
90001	442.804309	60.000000	5.877988e-01	-6.389900e-01	-4.105125e-01	6.356047e+04
90001	446.793537	60.000000	7.824813e-01	-5.425725e-01	-2.067725e-01	1.091286e+05
90001	450.855297	60.000000	8.646200e-01	-4.694275e-01	-1.841000e-02	1.121265e+05
90001	454.991584	60.000000	8.775800e-01	-4.311050e-01	1.364850e-01	1.107883e+05
90001	459.204469	60.000000	8.543412e-01	-4.245300e-01	2.641125e-01	1.110895e+05
90001	463.496099	60.000000	8.124588e-01	-4.442375e-01	3.522800e-01	9.692560e+04
90001	467.868704	60.000000	7.615613e-01	-4.766250e-01	4.169775e-01	8.980046e+04
90001	472.324597	60.000000	6.994900e-01	-5.220100e-01	4.677700e-01	9.041874e+04
90001	476.866179	60.000000	6.276650e-01	-5.700125e-01	5.084525e-01	8.047745e+04
90001	481.495948	60.000000	5.427900e-01	-6.221300e-01	5.439825e-01	9.967226e+04
90001	486.216496	60.000000	4.554300e-01	-6.670525e-01	5.698675e-01	8.517611e+04
90001	491.030521	60.000000	3.555862e-01	-7.069225e-01	5.921150e-01	8.145690e+04
90001	495.940826	60.000000	2.485300e-01	-7.391475e-01	6.098925e-01	9.000479e+04
90001	500.950330	60.000000	1.339925e-01	-7.639450e-01	6.263125e-01	9.664775e+04
90001	506.062068	60.000000	2.142875e-02	-7.705700e-01	6.328700e-01	1.014747e+05
90001	511.279202	60.000000	-9.279250e-02	-7.640550e-01	6.347525e-01	9.558342e+04
90001	516.605028	60.000000	-2.079388e-01	-7.436650e-01	6.314125e-01	1.141946e+05
90001	522.042975	60.000000	-3.182587e-01	-7.116400e-01	6.226850e-01	9.974955e+04
90001	527.596624	60.000000	-4.172325e-01	-6.712925e-01	6.090300e-01	1.139596e+05
90001	533.269706	60.000000	-5.094588e-01	-6.239625e-01	5.896025e-01	1.222485e+05
90001	539.066116	60.000000	-5.966137e-01	-5.701300e-01	5.608375e-01	1.107263e+05
90001	544.989919	60.000000	-6.739588e-01	-5.166350e-01	5.243725e-01	1.302162e+05
90001	551.045363	60.000000	-7.398938e-01	-4.686700e-01	4.789800e-01	1.291410e+05
90001	557.236884	60.000000	-7.994600e-01	-4.264775e-01	4.166625e-01	1.510459e+05
90001	563.569121	60.000000	-8.522750e-01	-3.953475e-01	3.325750e-01	1.535113e+05
90001	570.046927	60.000000	-8.913525e-01	-3.809575e-01	2.198025e-01	1.669738e+05
90001	576.675380	60.000000	-9.084462e-01	-3.876150e-01	5.757250e-02	2.371501e+05
90001	583.459796	60.000000	-8.722875e-01	-4.222775e-01	-1.571950e-01	2.151708e+05
90001	590.405746	60.000000	-7.322850e-01	-4.791675e-01	-4.198950e-01	1.603954e+05
90001	597.519068	60.000000	-4.155725e-01	-5.409975e-01	-6.745975e-01	1.301023e+05
90001	604.805886	60.000000	6.098375e-02	-5.613075e-01	-7.793750e-01	7.459324e+04
90001	612.272625	60.000000	5.044713e-01	-5.194550e-01	-6.503075e-01	6.864176e+04
90001	619.926033	60.000000	7.903650e-01	-4.466400e-01	-3.835500e-01	1.207064e+05
90001	627.773198	60.000000	9.050813e-01	-3.888725e-01	-1.210600e-01	2.184738e+05
90001	635.821572	60.000000	9.244775e-01	-3.582200e-01	9.125000e-02	1.613983e+05
90001	644.078995	60.000000	8.984037e-01	-3.533225e-01	2.482500e-01	1.816125e+05
90001	652.553719	60.000000	8.534287e-01	-3.689425e-01	3.607175e-01	1.495846e+05
90001	661.254435	60.000000	7.961150e-01	-4.006150e-01	4.474150e-01	1.387253e+05
90001	670.190306	60.000000	7.345388e-01	-4.399150e-01	5.107025e-01	1.420943e+05
90001	679.370995	60.000000	6.653175e-01	-4.859900e-01	5.597825e-01	1.535079e+05
90001	688.806703	60.000000	5.915788e-01	-5.330375e-01	5.991900e-01	1.408203e+05
90001	698.508206	60.000000	5.075187e-01	-5.788575e-01	6.283125e-01	1.418642e+05
90001	708.486895	60.000000	4.189738e-01	-6.212375e-01	6.546625e-01	1.559829e+05
90001	718.754821	60.000000	3.228475e-01	-6.551425e-01	6.736300e-01	1.571580e+05
90001	729.324745	60.000000	2.224100e-01	-6.823550e-01	6.855475e-01	1.221241e+05
90001	740.210189	60.000000	1.168263e-01	-6.985375e-01	6.962100e-01	1.365330e+05
90001	751.425495	60.000000	1.083750e-02	-7.024350e-01	7.009000e-01	1.105618e+05
90001	762.985887	60.000000	-9.826625e-02	-6.967625e-01	6.994875e-01	1.455096e+05
90001	774.907541	60.000000	-1.986113e-01	-6.775050e-01	6.932275e-01	1.096097e+05
90001	787.207661	60.000000	-3.002987e-01	-6.499325e-01	6.881600e-01	2.104383e+05
90001	799.904559	60.000000	-3.973687e-01	-6.145775e-01	6.691475e-01	1.281595e+05
90001	813.017748	60.000000	-4.821175e-01	-5.752025e-01	6.495700e-01	1.589287e+05
90001	826.568044	60.000000	-5.660812e-01	-5.273125e-01	6.212925e-01	1.347777e+05
90001	840.577672	60.000000	-6.332800e-01	-4.767567e-01	5.860650e-01	3.359425e+04
90001	855.070390	60.000000	-7.072513e-01	-4.237650e-01	5.249625e-01	6.785744e+04
90001	870.071625	60.000000	-7.746025e-01	-3.795325e-01	4.650650e-01	2.071440e+05
90001	885.608619	60.000000	-8.348150e-01	-3.579850e-01	4.118975e-01	1.055575e+05
90001	901.710593	60.000000	-8.940850e-01	-3.285750e-01	2.886925e-01	1.044912e+05
90001	918.408938	60.000000	-9.311463e-01	-3.194100e-01	1.500875e-01	1.471148e+05
90001	935.737408	60.000000	-9.204425e-01	-3.211025e-01	-8.124000e-02	3.694718e+05
90001	953.732358	60.000000	-8.440475e-01	-3.497725e-01	-3.271725e-01	3.400623e+05
90001	972.432993	60.000000	-5.647163e-01	-3.948575e-01	-6.602150e-01	8.110266e+04
90001	991.881653	60.000000	-1.502300e-01	-4.341275e-01	-8.632825e-01	9.588535e+04
90001	1012.124136	60.000000	3.586062e-01	-4.122725e-01	-7.918075e-01	5.441980e+04
90001	1033.210055	60.000000	7.224075e-01	-3.687525e-01	-5.390050e-01	6.483840e+04
90001	1055.193248	60.000000	8.952700e-01	-3.269650e-01	-2.337775e-01	1.206922e+05
90001	1078.132231	60.000000	9.410300e-01	-3.076500e-01	3.024750e-02	1.300071e+05
90001	1102.090725	60.000000	9.194450e-01	-3.066400e-01	2.139125e-01	1.403982e+05
90001	1127.138242	60.000000	8.744875e-01	-3.210900e-01	3.532200e-01	1.931472e+05
90001	1153.350759	60.000000	8.187550e-01	-3.523575e-01	4.530775e-01	9.046798e+04
90001	1180.811491	60.000000	7.572050e-01	-3.970125e-01	5.252150e-01	1.241573e+05
90001	1209.611772	60.000000	6.889712e-01	-4.346225e-01	5.832375e-01	6.749542e+04
90001	1239.852066	60.000000	6.164513e-01	-4.833900e-01	6.248950e-01	1.290542e+05
90001	1271.643145	60.000000	5.404963e-01	-5.297050e-01	6.616950e-01	1.126114e+05
90001	1305.107438	60.000000	4.553813e-01	-5.751975e-01	6.933575e-01	8.046247e+04
90001	1340.380612	60.000000	3.660550e-01	-6.132300e-01	7.177425e-01	6.821821e+04
90001	1377.613407	60.000000	2.715500e-01	-6.412450e-01	7.284900e-01	1.140475e+05
90001	1416.973790	60.000000	1.703500e-01	-6.611700e-01	7.409925e-01	1.593665e+05
90001	1458.649489	60.000000	6.906875e-02	-6.735850e-01	7.497525e-01	1.171418e+05
90001	1502.850989	60.000000	-3.479500e-02	-6.852425e-01	7.523575e-01	5.595619e+04
90001	1549.815082	60.000000	-1.360287e-01	-6.750825e-01	7.473025e-01	6.750943e+04
90001	1599.809117	60.000000	-2.370737e-01	-6.475850e-01	7.379175e-01	9.734730e+04
90001	1653.136088	60.000000	-3.350287e-01	-6.189675e-01	7.259800e-01	6.039055e+04
90001	1710.140781	60.000000	-4.254462e-01	-5.826425e-01	7.097000e-01	8.813081e+04
90001	1771.217237	60.000000	-5.074125e-01	-5.389000e-01	6.833725e-01	1.074170e+05
90001	1836.817876	60.000000	-5.910363e-01	-5.043850e-01	6.537850e-01	1.840149e+04
90001	1907.464717	60.000000	-6.584713e-01	-4.496350e-01	6.033800e-01	2.772683e+04
90001	1983.763306	60.000000	-7.353450e-01	-3.981625e-01	5.554325e-01	1.681087e+04
90001	2066.420110	60.000000	-7.806600e-01	-3.578500e-01	4.907275e-01	2.090668e+04
90001	190.746472	65.000000	5.031575e-01	-2.441150e-01	7.076675e-01	1.180785e+04
90001	191.482945	65.000000	3.979375e-01	-3.453675e-01	7.366375e-01	1.193813e+04
90001	192.225127	65.000000	2.731062e-01	-4.194625e-01	7.572875e-01	2.568366e+04
90001	192.973084	65.000000	1.122187e-01	-4.750250e-01	7.615279e-01	2.162933e+04
90001	193.726885	65.000000	-4.386875e-02	-4.881425e-01	7.570650e-01	4.346605e+04
90001	194.486599	65.000000	-1.886100e-01	-4.935750e-01	7.367575e-01	2.578375e+04
90001	195.252294	65.000000	-3.534138e-01	-4.581975e-01	6.910950e-01	3.030383e+04
90001	196.024042	65.000000	-5.072975e-01	-3.884925e-01	6.057325e-01	2.592478e+04
90001	196.801915	65.000000	-6.314650e-01	-3.043925e-01	5.000150e-01	2.747279e+04
90001	197.585987	65.000000	-7.070275e-01	-1.905200e-01	3.591025e-01	2.603339e+04
90001	198.376331	65.000000	-7.011238e-01	-5.464000e-02	1.567025e-01	1.779146e+04
90001	199.173023	65.000000	-5.613700e-01	1.019600e-01	-7.488750e-02	8.606607e+03
90001	199.976140	65.000000	-2.622425e-01	2.705125e-01	-2.391725e-01	1.636437e+04
90001	200.785760	65.000000	1.400025e-01	3.836125e-01	-2.700850e-01	1.182412e+04
90001	201.601962	65.000000	4.890063e-01	4.178175e-01	-1.734275e-01	1.507838e+04
90001	202.424827	65.000000	7.043225e-01	3.613400e-01	-2.184750e-02	1.557472e+04
90001	203.254437	65.000000	8.207963e-01	2.834475e-01	1.717075e-01	1.742833e+04
90001	204.090875	65.000000	8.527625e-01	1.751600e-01	2.884825e-01	3.998034e+04
90001	204.934226	65.000000	8.443075e-01	6.742500e-02	3.914625e-01	3.274135e+04
90001	205.784575	65.000000	8.194350e-01	-3.441750e-02	4.603300e-01	2.516932e+04
90001	206.642011	65.000000	7.593975e-01	-1.839275e-01	5.138475e-01	1.912736e+04
90001	207.506622	65.000000	6.870225e-01	-3.032000e-01	5.628725e-01	2.446992e+04
90001	208.378498	65.000000	5.731137e-01	-4.335800e-01	5.967300e-01	1.968069e+04
90001	209.257733	65.000000	4.261075e-01	-5.450975e-01	6.204050e-01	2.067985e+04
90001	210.144418	65.000000	2.480775e-01	-6.358275e-01	6.305075e-01	2.392110e+04
90001	211.038650	65.000000	6.347625e-02	-6.851950e-01	6.231450e-01	1.719661e+04
90001	211.940524	65.000000	-1.377350e-01	-6.965650e-01	5.985250e-01	1.684296e+04
90001	212.850140	65.000000	-3.150050e-01	-6.732175e-01	5.526575e-01	4.341975e+04
90001	213.767598	65.000000	-4.825986e-01	-6.239700e-01	4.892600e-01	2.268674e+04
90001	214.692998	65.000000	-6.205550e-01	-5.665250e-01	4.080350e-01	1.909305e+04
90001	215.626446	65.000000	-7.250800e-01	-4.999325e-01	2.950775e-01	2.789044e+04
90001	216.568046	65.000000	-7.759288e-01	-4.513750e-01	1.508150e-01	1.341489e+05
90001	217.517906	65.000000	-7.517012e-01	-4.222375e-01	-4.388250e-02	3.378133e+04
90001	218.476135	65.000000	-5.881800e-01	-3.935500e-01	-2.829225e-01	1.758040e+04
90001	219.442844	65.000000	-2.480762e-01	-3.388975e-01	-4.734050e-01	1.984146e+04
90001	220.418145	65.000000	2.282700e-01	-2.298900e-01	-5.391650e-01	1.459823e+04
90001	221.402155	65.000000	6.203888e-01	-9.419250e-02	-3.994925e-01	1.842062e+04
90001	222.394989	65.000000	8.389163e-01	-1.350000e-04	-2.011225e-01	5.195169e+04
90001	223.396769	65.000000	9.275975e-01	4.324000e-02	-2.419000e-02	7.130097e+04
90001	224.407614	65.000000	9.467900e-01	3.337250e-02	1.201375e-01	8.284209e+04
90001	225.427648	65.000000	9.374600e-01	-1.357000e-02	2.151100e-01	3.378568e+04
90001	226.456998	65.000000	9.149088e-01	-9.736250e-02	2.864775e-01	4.783571e+04
90001	227.495792	65.000000	8.766612e-01	-1.951875e-01	3.428550e-01	2.752783e+04
90001	228.544160	65.000000	8.226650e-01	-2.951175e-01	3.893900e-01	1.904059e+04
90001	229.602234	65.000000	7.321614e-01	-4.171600e-01	4.352175e-01	1.883081e+04
90001	230.670152	65.000000	6.269862e-01	-5.420725e-01	4.612625e-01	1.593419e+04
90001	231.748050	65.000000	4.849075e-01	-6.482950e-01	4.866875e-01	1.858925e+04
90001	232.836069	65.000000	3.147313e-01	-7.329825e-01	5.077050e-01	2.360739e+04
90001	233.934352	65.000000	1.317375e-01	-7.831125e-01	5.131100e-01	2.819926e+04
90001	235.043046	65.000000	-5.974000e-02	-8.039300e-01	5.067600e-01	3.868860e+04
90001	236.162298	65.000000	-2.427850e-01	-7.773800e-01	4.826125e-01	2.058118e+04
90001	237.292261	65.000000	-4.055325e-01	-7.328400e-01	4.487050e-01	1.459943e+04
90001	238.433090	65.000000	-5.542662e-01	-6.642050e-01	3.927600e-01	2.777382e+04
90001	239.584940	65.000000	-6.575925e-01	-6.096725e-01	3.403575e-01	3.091977e+04
90001	240.747974	65.000000	-7.421562e-01	-5.416025e-01	2.566450e-01	2.542548e+04
90001	241.922354	65.000000	-7.844337e-01	-5.088425e-01	1.543325e-01	9.039047e+04
90001	243.108248	65.000000	-7.753737e-01	-5.151025e-01	8.372500e-03	4.496958e+04
90001	244.305826	65.000000	-6.787662e-01	-5.538650e-01	-1.672675e-01	6.570990e+04
90001	245.515261	65.000000	-4.394688e-01	-5.924675e-01	-3.636950e-01	1.221291e+04
90001	246.736730	65.000000	-4.177500e-02	-5.838950e-01	-4.978850e-01	1.187600e+04
90001	247.970413	65.000000	3.933800e-01	-4.732900e-01	-4.986850e-01	9.816792e+03
90001	249.216496	65.000000	7.209725e-01	-3.019050e-01	-3.645775e-01	1.681084e+04
90001	250.475165	65.000000	8.872775e-01	-1.640525e-01	-2.002350e-01	5.637274e+04
90001	251.746612	65.000000	9.537212e-01	-6.167750e-02	-3.731500e-02	1.327172e+05
90001	253.031034	65.000000	9.676450e-01	-3.392750e-02	7.540500e-02	1.080295e+05
90001	254.328629	65.000000	9.599850e-01	-5.645250e-02	1.582800e-01	8.719032e+04
90001	255.639601	65.000000	9.403437e-01	-1.199275e-01	2.228525e-01	5.279623e+04
90001	256.964159	65.000000	9.090900e-01	-2.165300e-01	2.719675e-01	4.066010e+04
90001	258.302514	65.000000	8.618825e-01	-3.267700e-01	2.999300e-01	3.208832e+04
90001	259.654883	65.000000	7.874887e-01	-4.509800e-01	3.305225e-01	2.121662e+04
90001	261.021488	65.000000	6.822512e-01	-5.833000e-01	3.510800e-01	2.659238e+04
90001	262.402554	65.000000	5.446825e-01	-7.001250e-01	3.645925e-01	2.242639e+04
90001	263.798312	65.000000	3.930975e-01	-7.886550e-01	3.746675e-01	2.067539e+04
90001	265.208998	65.000000	2.071875e-01	-8.531900e-01	3.764825e-01	1.719796e+04
90001	266.634853	65.000000	1.241500e-02	-8.785100e-01	3.692475e-01	2.009507e+04
90001	268.076122	65.000000	-1.810275e-01	-8.712175e-01	3.572700e-01	1.770418e+04
90001	269.533058	65.000000	-3.540100e-01	-8.308550e-01	3.351900e-01	1.840091e+04
90001	271.005916	65.000000	-5.178162e-01	-7.575750e-01	3.040675e-01	2.193519e+04
90001	272.494960	65.000000	-6.460662e-01	-6.702750e-01	2.691275e-01	2.592288e+04
90001	274.000457	65.000000	-7.396925e-01	-5.847825e-01	2.257725e-01	2.816116e+04
90001	275.522681	65.000000	-8.045038e-01	-5.226050e-01	1.663275e-01	5.129148e+04
90001	277.061914	65.000000	-8.299787e-01	-4.977700e-01	1.050950e-01	6.041693e+04
90001	278.618442	65.000000	-8.137887e-01	-5.157725e-01	1.177750e-02	7.299284e+04
90001	280.192557	65.000000	-7.349475e-01	-5.897000e-01	-1.058725e-01	4.970257e+04
90001	281.784560	65.000000	-5.285112e-01	-7.025425e-01	-2.452000e-01	2.876625e+04
90001	283.394758	65.000000	-1.693925e-01	-7.793450e-01	-3.625825e-01	1.575734e+04
90001	285.023463	65.000000	2.785988e-01	-7.338950e-01	-3.892225e-01	1.924881e+04
90001	286.670998	65.000000	6.478550e-01	-5.648550e-01	-3.073325e-01	3.361950e+04
90001	288.337690	65.000000	8.519650e-01	-3.784150e-01	-1.716225e-01	5.896845e+04
90001	290.023875	65.000000	9.473525e-01	-2.322900e-01	-2.237250e-02	1.862346e+05
90001	291.729898	65.000000	9.625387e-01	-1.767350e-01	7.790250e-02	1.047696e+05
90001	293.456110	65.000000	9.539513e-01	-1.797750e-01	1.590100e-01	6.828889e+04
90001	295.202873	65.000000	9.296887e-01	-2.279200e-01	2.240550e-01	5.529729e+04
90001	296.970555	65.000000	8.909500e-01	-3.056450e-01	2.794625e-01	3.851547e+04
90001	298.759534	65.000000	8.334837e-01	-4.018250e-01	3.263750e-01	3.384744e+04
90001	300.570198	65.000000	7.541287e-01	-5.058275e-01	3.689275e-01	3.109606e+04
90001	302.402943	65.000000	6.544100e-01	-6.045250e-01	4.042325e-01	3.401028e+04
90001	304.258176	65.000000	5.232887e-01	-6.998725e-01	4.360775e-01	3.283859e+04
90001	306.136313	65.000000	3.805900e-01	-7.726975e-01	4.599225e-01	3.303337e+04
90001	308.037780	65.000000	2.199000e-01	-8.229650e-01	4.770800e-01	3.814292e+04
90001	309.963016	65.000000	4.680500e-02	-8.476175e-01	4.861875e-01	4.467802e+04
90001	311.912469	65.000000	-1.216675e-01	-8.416875e-01	4.856600e-01	4.476395e+04
90001	313.886599	65.000000	-2.913638e-01	-8.059750e-01	4.766650e-01	4.436417e+04
90001	315.885877	65.000000	-4.424525e-01	-7.483400e-01	4.589775e-01	3.966746e+04
90001	317.910786	65.000000	-5.785025e-01	-6.710200e-01	4.310850e-01	3.948571e+04
90001	319.961823	65.000000	-6.868000e-01	-5.884400e-01	3.958925e-01	3.936906e+04
90001	322.039498	65.000000	-7.707112e-01	-5.085500e-01	3.520725e-01	4.217288e+04
90001	324.144331	65.000000	-8.289237e-01	-4.466075e-01	3.032975e-01	5.249484e+04
90001	326.276859	65.000000	-8.712625e-01	-4.011625e-01	2.403800e-01	5.661458e+04
90001	328.437633	65.000000	-8.940325e-01	-3.853575e-01	1.549075e-01	8.579964e+04
90001	330.627218	65.000000	-8.893987e-01	-4.069225e-01	5.215500e-02	1.122731e+05
90001	332.846192	65.000000	-8.344450e-01	-4.806750e-01	-9.467500e-02	9.017025e+04
90001	335.095153	65.000000	-6.893588e-01	-5.914100e-01	-2.693975e-01	4.724128e+04
90001	337.374712	65.000000	-3.862350e-01	-7.097900e-01	-4.482825e-01	3.673924e+04
90001	339.685498	65.000000	7.584000e-02	-7.382650e-01	-5.372250e-01	4.641066e+04
90001	342.028156	65.000000	5.196975e-01	-6.247050e-01	-4.627050e-01	3.287982e+04
90001	344.403352	65.000000	7.977450e-01	-4.507375e-01	-2.908450e-01	5.922289e+04
90001	346.811767	65.000000	9.192413e-01	-3.117275e-01	-1.223125e-01	8.716739e+04
90001	349.254103	65.000000	9.609725e-01	-2.241300e-01	1.987500e-02	1.195030e+05
90001	351.731083	65.000000	9.640500e-01	-1.908225e-01	1.249075e-01	1.310399e+05
90001	354.243447	65.000000	9.485700e-01	-2.006525e-01	2.084625e-01	1.049459e+05
90001	356.791961	65.000000	9.226500e-01	-2.451600e-01	2.690325e-01	8.981950e+04
90001	359.377410	65.000000	8.834038e-01	-3.174325e-01	3.188000e-01	7.341957e+04
90001	362.000603	65.000000	8.275450e-01	-4.060575e-01	3.585575e-01	6.387097e+04
90001	364.662372	65.000000	7.509138e-01	-5.075325e-01	3.916075e-01	6.055073e+04
90001	367.363575	65.000000	6.495750e-01	-6.084300e-01	4.235375e-01	5.453167e+04
90001	370.105094	65.000000	5.148137e-01	-7.050125e-01	4.532975e-01	6.120462e+04
90001	372.887839	65.000000	3.413625e-01	-7.848475e-01	4.828725e-01	6.433833e+04
90001	375.712747	65.000000	1.551500e-01	-8.275400e-01	5.064575e-01	6.443754e+04
90001	378.580784	65.000000	-2.494125e-02	-8.326325e-01	5.226300e-01	6.620123e+04
90001	381.492943	65.000000	-2.066712e-01	-8.029700e-01	5.291650e-01	6.803318e+04
90001	384.450253	65.000000	-3.661650e-01	-7.496050e-01	5.256650e-01	8.142506e+04
90001	387.453771	65.000000	-4.990225e-01	-6.781100e-01	5.149425e-01	7.744042e+04
90001	390.504588	65.000000	-6.139838e-01	-5.972625e-01	4.953900e-01	8.336917e+04
90001	393.603830	65.000000	-7.131713e-01	-5.069400e-01	4.654225e-01	6.928081e+04
90001	396.752661	65.000000	-7.884625e-01	-4.235275e-01	4.274925e-01	8.125420e+04
90001	399.952279	65.000000	-8.456037e-01	-3.501825e-01	3.808050e-01	8.246015e+04
90001	403.203924	65.000000	-8.928200e-01	-2.913650e-01	3.190850e-01	9.180160e+04
90001	406.508874	65.000000	-9.244812e-01	-2.575825e-01	2.437375e-01	9.118874e+04
90001	409.868452	65.000000	-9.436725e-01	-2.511625e-01	1.405875e-01	1.239925e+05
90001	413.284022	65.000000	-9.401088e-01	-2.796500e-01	1.685000e-03	1.436356e+05
90001	416.756997	65.000000	-8.814413e-01	-3.510225e-01	-1.938275e-01	1.022364e+05
90001	420.288836	65.000000	-7.119250e-01	-4.568900e-01	-4.323700e-01	6.733471e+04
90001	423.881048	65.000000	-3.607650e-01	-5.583050e-01	-6.519950e-01	4.259682e+04
90001	427.535195	65.000000	1.005200e-01	-5.741575e-01	-7.240200e-01	3.538035e+04
90001	431.252893	65.000000	5.338450e-01	-4.953100e-01	-6.072975e-01	3.960777e+04
90001	435.035813	65.000000	8.166063e-01	-3.647850e-01	-3.701075e-01	5.152427e+04
90001	438.885687	65.000000	9.391050e-01	-2.556575e-01	-1.275975e-01	7.288763e+04
90001	442.804309	65.000000	9.663038e-01	-1.943450e-01	5.726500e-02	1.106490e+05
90001	446.793537	65.000000	9.547912e-01	-1.765475e-01	1.986350e-01	1.273675e+05
90001	450.855297	65.000000	9.256525e-01	-1.853400e-01	3.059100e-01	9.037190e+04
90001	454.991584	65.000000	8.832587e-01	-2.197850e-01	3.931950e-01	1.023131e+05
90001	459.204469	65.000000	8.268975e-01	-2.745300e-01	4.701900e-01	8.625785e+04
90001	463.496099	65.000000	7.641325e-01	-3.356675e-01	5.317950e-01	9.551297e+04
90001	467.868704	65.000000	6.911262e-01	-4.009825e-01	5.846950e-01	8.079132e+04
90001	472.324597	65.000000	6.031937e-01	-4.657650e-01	6.292325e-01	8.918937e+04
90001	476.866179	65.000000	4.997225e-01	-5.265475e-01	6.675775e-01	7.310838e+04
90001	481.495948	65.000000	3.780812e-01	-5.812275e-01	7.005800e-01	6.848659e+04
90001	486.216496	65.000000	2.548488e-01	-6.177275e-01	7.265925e-01	8.860162e+04
90001	491.030521	65.000000	1.184800e-01	-6.397350e-01	7.444100e-01	9.536127e+04
90001	495.940826	65.000000	-2.188250e-02	-6.430400e-01	7.508575e-01	9.968377e+04
90001	500.950330	65.000000	-1.655762e-01	-6.308825e-01	7.537200e-01	9.739233e+04
90001	506.062068	65.000000	-2.955325e-01	-5.966475e-01	7.425175e-01	1.023851e+05
90001	511.279202	65.000000	-4.171875e-01	-5.480125e-01	7.227175e-01	1.048216e+05
90001	516.605028	65.000000	-5.290825e-01	-4.854350e-01	6.938050e-01	1.023746e+05
90001	522.042975	65.000000	-6.273713e-01	-4.161600e-01	6.559675e-01	1.029646e+05
90001	527.596624	65.000000	-7.085938e-01	-3.480850e-01	6.125400e-01	1.112574e+05
90001	533.269706	65.000000	-7.783450e-01	-2.815400e-01	5.601675e-01	1.119840e+05
90001	539.066116	65.000000	-8.412788e-01	-2.174875e-01	4.937800e-01	1.093675e+05
90001	544.989919	65.000000	-8.937812e-01	-1.668850e-01	4.141025e-01	1.039302e+05
90001	551.045363	65.000000	-9.371375e-01	-1.322550e-01	3.171925e-01	1.186056e+05
90001	557.236884	65.000000	-9.707938e-01	-1.148850e-01	1.856975e-01	1.674395e+05
90001	563.569121	65.000000	-9.827800e-01	-1.214575e-01	6.867500e-03	2.428524e+05
90001	570.046927	65.000000	-9.430475e-01	-1.550625e-01	-2.280650e-01	1.144729e+05
90001	576.675380	65.000000	-7.863550e-01	-2.154350e-01	-5.235150e-01	7.144826e+04
90001	583.459796	65.000000	-4.414887e-01	-2.780200e-01	-8.003700e-01	6.216784e+04
90001	590.405746	65.000000	5.743875e-02	-2.960525e-01	-9.061875e-01	4.611402e+04
90001	597.519068	65.000000	5.496188e-01	-2.492000e-01	-7.566925e-01	3.648056e+04
90001	604.805886	65.000000	8.520537e-01	-1.733175e-01	-4.647900e-01	5.837972e+04
90001	612.272625	65.000000	9.697537e-01	-1.168125e-01	-1.827400e-01	1.658546e+05
90001	619.926033	65.000000	9.911687e-01	-8.568750e-02	4.983000e-02	2.787185e+05
90001	627.773198	65.000000	9.692412e-01	-8.526250e-02	2.204700e-01	2.149070e+05
90001	635.821572	65.000000	9.285387e-01	-1.039700e-01	3.494025e-01	1.393970e+05
90001	644.078995	65.000000	8.798938e-01	-1.404950e-01	4.491450e-01	1.358392e+05
90001	652.553719	65.000000	8.261000e-01	-1.879425e-01	5.264075e-01	1.286238e+05
90001	661.254435	65.000000	7.624750e-01	-2.432200e-01	5.941000e-01	1.464856e+05
90001	670.190306	65.000000	6.928025e-01	-3.025250e-01	6.489025e-01	1.187578e+05
90001	679.370995	65.000000	6.111575e-01	-3.621075e-01	6.966075e-01	1.244669e+05
90001	688.806703	65.000000	5.207250e-01	-4.181325e-01	7.368450e-01	1.334827e+05
90001	698.508206	65.000000	4.147737e-01	-4.691250e-01	7.713800e-01	1.304253e+05
90001	708.486895	65.000000	3.031875e-01	-5.097300e-01	7.959475e-01	1.096230e+05
90001	718.754821	65.000000	1.814925e-01	-5.370825e-01	8.142850e-01	1.187641e+05
90001	729.324745	65.000000	5.671000e-02	-5.501950e-01	8.239125e-01	1.261491e+05
90001	740.210189	65.000000	-7.161875e-02	-5.455200e-01	8.250700e-01	1.124467e+05
90001	751.425495	65.000000	-1.942725e-01	-5.291900e-01	8.181550e-01	1.328864e+05
90001	762.985887	65.000000	-3.161013e-01	-4.930625e-01	8.003925e-01	1.551277e+05
90001	774.907541	65.000000	-4.215500e-01	-4.490975e-01	7.755700e-01	1.182985e+05
90001	787.207661	65.000000	-5.211375e-01	-3.949775e-01	7.418400e-01	7.636265e+04
90001	799.904559	65.000000	-6.117850e-01	-3.350100e-01	7.055000e-01	1.217151e+05
90001	813.017748	65.000000	-6.858063e-01	-2.783800e-01	6.618950e-01	2.299037e+05
90001	826.568044	65.000000	-7.566000e-01	-2.152675e-01	6.072475e-01	1.780653e+05
90001	840.577672	65.000000	-8.092460e-01	-1.671333e-01	5.400850e-01	4.064682e+04
90001	855.070390	65.000000	-8.654213e-01	-1.151450e-01	4.530175e-01	3.613073e+04
90001	870.071625	65.000000	-9.166150e-01	-7.177000e-02	3.450900e-01	1.224557e+05
90001	885.608619	65.000000	-9.613137e-01	-4.757250e-02	2.396775e-01	1.354690e+05
90001	901.710593	65.000000	-9.851850e-01	-3.530250e-02	4.153500e-02	1.083262e+05
90001	918.408938	65.000000	-9.682100e-01	-4.473500e-02	-1.818225e-01	1.344663e+05
90001	935.737408	65.000000	-8.182763e-01	-7.354500e-02	-5.077800e-01	1.136210e+05
90001	953.732358	65.000000	-5.416163e-01	-1.029600e-01	-7.818450e-01	7.393403e+04
90001	972.432993	65.000000	1.193125e-02	-1.206100e-01	-9.460600e-01	5.668377e+04
90001	991.881653	65.000000	4.855675e-01	-1.047025e-01	-8.574075e-01	1.855720e+05
90001	1012.124136	65.000000	8.128975e-01	-6.285750e-02	-5.413875e-01	9.889291e+04
90001	1033.210055	65.000000	9.546275e-01	-3.310250e-02	-2.356625e-01	1.550384e+05
90001	1055.193248	65.000000	9.906900e-01	-1.974500e-02	1.868500e-02	2.445374e+05
90001	1078.132231	65.000000	9.720013e-01	-2.817000e-02	2.153875e-01	1.182813e+05
90001	1102.090725	65.000000	9.304175e-01	-5.143000e-02	3.552350e-01	9.830348e+04
90001	1127.138242	65.000000	8.812150e-01	-8.729250e-02	4.629750e-01	9.995412e+04
90001	1153.350759	65.000000	8.251275e-01	-1.340350e-01	5.472375e-01	1.372515e+05
90001	1180.811491	65.000000	7.662987e-01	-1.898275e-01	6.231400e-01	9.824644e+04
90001	1209.611772	65.000000	6.965075e-01	-2.495200e-01	6.796825e-01	9.643693e+04
90001	1239.852066	65.000000	6.199862e-01	-3.036175e-01	7.295025e-01	1.104017e+05
90001	1271.643145	65.000000	5.361687e-01	-3.607350e-01	7.710750e-01	9.829970e+04
90001	1305.107438	65.000000	4.393200e-01	-4.118125e-01	8.085025e-01	7.231649e+04
90001	1340.380612	65.000000	3.345862e-01	-4.572375e-01	8.389250e-01	7.446808e+04
90001	1377.613407	65.000000	2.228887e-01	-4.806500e-01	8.572575e-01	7.839146e+04
90001	1416.973790	65.000000	1.024088e-01	-5.039950e-01	8.745925e-01	8.332052e+04
90001	1458.649489	65.000000	-1.779125e-02	-5.067375e-01	8.784375e-01	1.375841e+05
90001	1502.850989	65.000000	-1.393075e-01	-4.984825e-01	8.753250e-01	6.298942e+04
90001	1549.815082	65.000000	-2.531287e-01	-4.748650e-01	8.556700e-01	8.969908e+04
90001	1599.809117	65.000000	-3.640650e-01	-4.353550e-01	8.370425e-01	6.457016e+04
90001	1653.136088	65.000000	-4.651875e-01	-3.863475e-01	8.015125e-01	7.085937e+04
90001	1710.140781	65.000000	-5.571538e-01	-3.409400e-01	7.697150e-01	6.349057e+04
90001	1771.217237	65.000000	-6.401237e-01	-2.833625e-01	7.223200e-01	8.627239e+04
90001	1836.817876	65.000000	-7.061750e-01	-2.225950e-01	6.661750e-01	3.650635e+04
90001	1907.464717	65.000000	-7.770037e-01	-1.677075e-01	6.069450e-01	2.596642e+04
90001	1983.763306	65.000000	-8.371838e-01	-1.147450e-01	5.246375e-01	2.425586e+04
90001	2066.420110	65.000000	-8.900525e-01	-9.940000e-02	4.344025e-01	6.955654e+03
90001	190.746472	70.000000	1.011912e-01	-1.795175e-01	8.511225e-01	2.372321e+04
90001	191.482945	70.000000	-6.918000e-02	-2.068250e-01	8.517775e-01	6.572424e+04
90001	192.225127	70.000000	-2.354537e-01	-1.890850e-01	8.223950e-01	4.068698e+04
90001	192.973084	70.000000	-4.121063e-01	-1.434275e-01	7.475175e-01	3.560755e+04
90001	193.726885	70.000000	-5.422537e-01	-5.999500e-02	6.768000e-01	3.831575e+04
90001	194.486599	70.000000	-6.362937e-01	2.860000e-02	5.701850e-01	3.695786e+04
90001	195.252294	70.000000	-6.980038e-01	1.470675e-01	3.992125e-01	7.259058e+04
90001	196.024042	70.000000	-6.796488e-01	2.986550e-01	2.055000e-01	6.528649e+04
90001	196.801915	70.000000	-5.439962e-01	4.429350e-01	1.543750e-02	3.853270e+04
90001	197.585987	70.000000	-2.872088e-01	5.729600e-01	-1.276675e-01	3.658341e+04
90001	198.376331	70.000000	4.902125e-02	6.595975e-01	-1.707575e-01	4.311508e+04
90001	199.173023	70.000000	3.476338e-01	6.732700e-01	-1.168525e-01	1.554981e+05
90001	199.976140	70.000000	5.558737e-01	6.312350e-01	1.180750e-02	3.838042e+04
90001	200.785760	70.000000	6.816500e-01	5.661325e-01	1.498100e-01	9.527948e+04
90001	201.601962	70.000000	7.429025e-01	4.726000e-01	2.719225e-01	3.545574e+04
90001	202.424827	70.000000	7.697075e-01	3.653675e-01	3.780900e-01	3.844783e+04
90001	203.254437	70.000000	7.697413e-01	2.410400e-01	4.804950e-01	5.754898e+04
90001	204.090875	70.000000	7.445000e-01	1.132200e-01	5.548175e-01	2.455795e+04
90001	204.934226	70.000000	6.869025e-01	-1.083000e-02	6.286075e-01	4.651180e+04
90001	205.784575	70.000000	6.040862e-01	-1.403600e-01	6.813075e-01	6.459605e+04
90001	206.642011	70.000000	4.565700e-01	-2.805100e-01	7.394975e-01	2.039316e+04
90001	207.506622	70.000000	2.921263e-01	-3.849550e-01	7.668725e-01	3.078946e+04
90001	208.378498	70.000000	7.540000e-02	-4.532625e-01	7.803600e-01	4.120052e+04
90001	209.257733	70.000000	-1.543887e-01	-4.715500e-01	7.507500e-01	3.383477e+04
90001	210.144418	70.000000	-3.765075e-01	-4.396175e-01	6.953100e-01	2.043654e+04
90001	211.038650	70.000000	-5.652486e-01	-3.728050e-01	6.125000e-01	1.075479e+04
90001	211.940524	70.000000	-7.118812e-01	-2.943850e-01	4.983550e-01	1.909693e+04
90001	212.850140	70.000000	-8.172712e-01	-2.004400e-01	3.658175e-01	1.504045e+04
90001	213.767598	70.000000	-8.682163e-01	-1.206400e-01	1.930225e-01	1.909646e+04
90001	214.692998	70.000000	-8.414412e-01	-6.880500e-02	-3.618250e-02	3.304539e+04
90001	215.626446	70.000000	-6.643487e-01	-9.042500e-03	-3.019350e-01	6.141576e+03
90001	216.568046	70.000000	-3.231388e-01	5.319000e-02	-5.030750e-01	1.211296e+04
90001	217.517906	70.000000	1.413850e-01	1.609875e-01	-5.592275e-01	9.440101e+03
90001	218.476135	70.000000	5.389713e-01	2.577600e-01	-4.363225e-01	9.273137e+03
90001	219.442844	70.000000	7.648487e-01	3.311725e-01	-2.428750e-01	7.402947e+03
90001	220.418145	70.000000	8.603838e-01	3.538125e-01	-4.620000e-02	2.462019e+04
90001	221.402155	70.000000	8.909100e-01	3.315250e-01	9.911000e-02	3.951588e+04
90001	222.394989	70.000000	8.971375e-01	2.760125e-01	2.081775e-01	4.774207e+04
90001	223.396769	70.000000	8.976400e-01	1.881950e-01	2.900975e-01	5.114482e+04
90001	224.407614	70.000000	8.831288e-01	8.168250e-02	3.603400e-01	4.923976e+04
90001	225.427648	70.000000	8.473738e-01	-5.121000e-02	4.232875e-01	3.141448e+04
90001	226.456998	70.000000	7.823700e-01	-1.926900e-01	4.840850e-01	2.588754e+04
90001	227.495792	70.000000	6.829125e-01	-3.339800e-01	5.385725e-01	9.064285e+04
90001	228.544160	70.000000	5.386637e-01	-4.742500e-01	5.886875e-01	3.168966e+04
90001	229.602234	70.000000	3.273250e-01	-5.896000e-01	6.191575e-01	5.070818e+04
90001	230.670152	70.000000	1.250975e-01	-6.561625e-01	6.348425e-01	3.713764e+04
90001	231.748050	70.000000	-1.176275e-01	-6.606150e-01	6.272950e-01	5.972417e+04
90001	232.836069	70.000000	-3.455463e-01	-6.186475e-01	5.897775e-01	6.537501e+04
90001	233.934352	70.000000	-5.380888e-01	-5.417625e-01	5.363350e-01	3.379362e+04
90001	235.043046	70.000000	-6.840213e-01	-4.359950e-01	4.740550e-01	4.187938e+04
90001	236.162298	70.000000	-7.931375e-01	-3.457775e-01	3.854325e-01	7.001591e+04
90001	237.292261	70.000000	-8.663600e-01	-2.601367e-01	2.885550e-01	3.186147e+04
90001	238.433090	70.000000	-9.031838e-01	-2.180275e-01	1.422150e-01	8.291295e+04
90001	239.584940	70.000000	-8.931887e-01	-2.138775e-01	-1.925250e-02	6.655238e+04
90001	240.747974	70.000000	-7.867112e-01	-2.525225e-01	-2.386750e-01	1.727170e+04
90001	241.922354	70.000000	-5.082937e-01	-3.012425e-01	-4.784650e-01	2.049591e+04
90001	243.108248	70.000000	-4.217500e-02	-2.731025e-01	-6.413175e-01	2.510676e+04
90001	244.305826	70.000000	4.483600e-01	-1.412950e-01	-5.814750e-01	2.496779e+04
90001	245.515261	70.000000	7.597288e-01	4.321250e-02	-3.921300e-01	6.033235e+04
90001	246.736730	70.000000	8.891500e-01	1.700300e-01	-1.958175e-01	7.196729e+04
90001	247.970413	70.000000	9.250950e-01	2.410625e-01	-3.463000e-02	6.229408e+04
90001	249.216496	70.000000	9.305525e-01	2.619275e-01	7.854750e-02	6.916307e+04
90001	250.475165	70.000000	9.307250e-01	2.360175e-01	1.602625e-01	7.296486e+04
90001	251.746612	70.000000	9.306250e-01	1.721975e-01	2.265825e-01	6.619494e+04
90001	253.031034	70.000000	9.268212e-01	7.614250e-02	2.828850e-01	7.297174e+04
90001	254.328629	70.000000	9.079287e-01	-4.054250e-02	3.323525e-01	5.073931e+04
90001	255.639601	70.000000	8.609975e-01	-1.991475e-01	3.861125e-01	5.066309e+04
90001	256.964159	70.000000	7.763550e-01	-3.558425e-01	4.264825e-01	4.363682e+04
90001	258.302514	70.000000	6.486725e-01	-5.125875e-01	4.659650e-01	3.508004e+04
90001	259.654883	70.000000	4.665813e-01	-6.534325e-01	4.960075e-01	5.123711e+04
90001	261.021488	70.000000	2.378562e-01	-7.536825e-01	5.036825e-01	3.517151e+04
90001	262.402554	70.000000	-6.273750e-03	-7.915825e-01	5.011775e-01	3.903698e+04
90001	263.798312	70.000000	-2.378275e-01	-7.737550e-01	4.815975e-01	4.131203e+04
90001	265.208998	70.000000	-4.602700e-01	-7.061850e-01	4.409825e-01	4.471974e+04
90001	266.634853	70.000000	-6.380925e-01	-5.980225e-01	3.927200e-01	3.524561e+04
90001	268.076122	70.000000	-7.685600e-01	-4.775675e-01	3.317325e-01	4.761655e+04
90001	269.533058	70.000000	-8.549213e-01	-3.691250e-01	2.726900e-01	5.147198e+04
90001	271.005916	70.000000	-9.122625e-01	-2.800325e-01	2.004100e-01	6.727593e+04
90001	272.494960	70.000000	-9.372238e-01	-2.321500e-01	1.160100e-01	6.311582e+04
90001	274.000457	70.000000	-9.346963e-01	-2.461125e-01	2.060750e-02	6.424803e+04
90001	275.522681	70.000000	-8.707275e-01	-3.346750e-01	-1.294250e-01	5.070792e+04
90001	277.061914	70.000000	-6.917650e-01	-4.801425e-01	-2.978250e-01	3.068988e+04
90001	278.618442	70.000000	-2.867100e-01	-6.146850e-01	-4.700600e-01	2.536228e+04
90001	280.192557	70.000000	2.457650e-01	-5.817225e-01	-5.171800e-01	4.214273e+04
90001	281.784560	70.000000	6.917513e-01	-3.631825e-01	-4.035875e-01	6.038402e+04
90001	283.394758	70.000000	9.037125e-01	-1.210725e-01	-2.256750e-01	7.643013e+04
90001	285.023463	70.000000	9.652425e-01	3.947500e-02	-8.180750e-02	1.271581e+05
90001	286.670998	70.000000	9.713900e-01	1.164450e-01	2.961250e-02	1.108108e+05
90001	288.337690	70.000000	9.668750e-01	1.229250e-01	1.055600e-01	5.585977e+04
90001	290.023875	70.000000	9.615763e-01	8.080000e-02	1.877975e-01	7.908796e+04
90001	291.729898	70.000000	9.492488e-01	5.067500e-03	2.476000e-01	8.128323e+04
90001	293.456110	70.000000	9.230637e-01	-1.048475e-01	3.087075e-01	6.526385e+04
90001	295.202873	70.000000	8.708688e-01	-2.384800e-01	3.698500e-01	6.629335e+04
90001	296.970555	70.000000	7.853275e-01	-3.795800e-01	4.299775e-01	3.900604e+04
90001	298.759534	70.000000	6.580825e-01	-5.185925e-01	4.870500e-01	4.934965e+04
90001	300.570198	70.000000	4.913887e-01	-6.370300e-01	5.366925e-01	4.838446e+04
90001	302.402943	70.000000	2.949938e-01	-7.201050e-01	5.713675e-01	5.465136e+04
90001	304.258176	70.000000	6.506000e-02	-7.588900e-01	5.925700e-01	5.967206e+04
90001	306.136313	70.000000	-1.496062e-01	-7.487050e-01	5.933000e-01	4.619178e+04
90001	308.037780	70.000000	-3.560100e-01	-6.943350e-01	5.773000e-01	4.754571e+04
90001	309.963016	70.000000	-5.328538e-01	-6.062500e-01	5.469075e-01	5.870834e+04
90001	311.912469	70.000000	-6.737388e-01	-5.003000e-01	5.048950e-01	5.690027e+04
90001	313.886599	70.000000	-7.838112e-01	-3.853300e-01	4.523375e-01	5.658472e+04
90001	315.885877	70.000000	-8.593513e-01	-2.781875e-01	3.955200e-01	5.956034e+04
90001	317.910786	70.000000	-9.130000e-01	-1.852300e-01	3.284300e-01	7.712251e+04
90001	319.961823	70.000000	-9.471787e-01	-1.204475e-01	2.533325e-01	8.201403e+04
90001	322.039498	70.000000	-9.683612e-01	-9.078500e-02	1.638850e-01	1.148849e+05
90001	324.144331	70.000000	-9.739975e-01	-1.039200e-01	5.908500e-02	2.091078e+05
90001	326.276859	70.000000	-9.522475e-01	-1.675725e-01	-8.476250e-02	1.111383e+05
90001	328.437633	70.000000	-8.529900e-01	-2.961400e-01	-2.899700e-01	6.214617e+04
90001	330.627218	70.000000	-6.093625e-01	-4.480175e-01	-5.144200e-01	5.840838e+04
90001	332.846192	70.000000	-1.204812e-01	-5.478275e-01	-6.887000e-01	4.275498e+04
90001	335.095153	70.000000	4.136225e-01	-4.650925e-01	-6.574150e-01	4.090886e+04
90001	337.374712	70.000000	7.887063e-01	-2.565500e-01	-4.539525e-01	5.670205e+04
90001	339.685498	70.000000	9.459650e-01	-6.079000e-02	-2.233500e-01	1.084581e+05
90001	342.028156	70.000000	9.840038e-01	5.891750e-02	-4.519750e-02	1.900989e+05
90001	344.403352	70.000000	9.818313e-01	1.088850e-01	8.186250e-02	1.577911e+05
90001	346.811767	70.000000	9.715875e-01	1.135550e-01	1.716900e-01	1.311305e+05
90001	349.254103	70.000000	9.593525e-01	8.212750e-02	2.450450e-01	1.119449e+05
90001	351.731083	70.000000	9.440062e-01	2.209250e-02	3.070675e-01	1.010971e+05
90001	354.243447	70.000000	9.196187e-01	-6.765750e-02	3.653525e-01	9.003397e+04
90001	356.791961	70.000000	8.803988e-01	-1.740100e-01	4.176450e-01	8.216138e+04
90001	359.377410	70.000000	8.157562e-01	-3.021400e-01	4.692150e-01	7.397452e+04
90001	362.000603	70.000000	7.166925e-01	-4.370700e-01	5.153825e-01	6.611731e+04
90001	364.662372	70.000000	5.748712e-01	-5.686575e-01	5.572875e-01	6.184108e+04
90001	367.363575	70.000000	3.921375e-01	-6.747275e-01	5.914125e-01	6.539895e+04
90001	370.105094	70.000000	1.656988e-01	-7.404325e-01	6.174550e-01	6.101607e+04
90001	372.887839	70.000000	-9.464250e-02	-7.446600e-01	6.272100e-01	5.030528e+04
90001	375.712747	70.000000	-3.296412e-01	-6.837550e-01	6.185975e-01	5.560897e+04
90001	378.580784	70.000000	-5.168900e-01	-5.855500e-01	5.961150e-01	5.927332e+04
90001	381.492943	70.000000	-6.679925e-01	-4.620900e-01	5.596550e-01	7.034442e+04
90001	384.450253	70.000000	-7.732187e-01	-3.383025e-01	5.159525e-01	9.066383e+04
90001	387.453771	70.000000	-8.437387e-01	-2.281225e-01	4.686700e-01	8.757497e+04
90001	390.504588	70.000000	-8.931100e-01	-1.295425e-01	4.149625e-01	1.174422e+05
90001	393.603830	70.000000	-9.294562e-01	-4.678000e-02	3.492875e-01	1.369584e+05
90001	396.752661	70.000000	-9.543938e-01	9.330000e-03	2.739100e-01	1.705732e+05
90001	399.952279	70.000000	-9.728463e-01	3.695000e-02	1.816150e-01	1.917058e+05
90001	403.203924	70.000000	-9.857888e-01	3.107250e-02	5.853750e-02	4.070737e+05
90001	406.508874	70.000000	-9.759812e-01	-1.458750e-02	-1.024775e-01	1.678739e+05
90001	409.868452	70.000000	-9.067100e-01	-1.051400e-01	-3.238250e-01	8.684615e+04
90001	413.284022	70.000000	-7.016438e-01	-2.318900e-01	-5.946875e-01	8.723799e+04
90001	416.756997	70.000000	-2.631912e-01	-3.336500e-01	-8.257850e-01	6.141119e+04
90001	420.288836	70.000000	2.910662e-01	-3.106125e-01	-8.331525e-01	3.956877e+04
90001	423.881048	70.000000	7.158012e-01	-1.740375e-01	-6.094700e-01	5.414752e+04
90001	427.535195	70.000000	9.115900e-01	-3.865500e-02	-3.448450e-01	1.042006e+05
90001	431.252893	70.000000	9.769638e-01	5.871000e-02	-1.171175e-01	1.749981e+05
90001	435.035813	70.000000	9.819062e-01	1.099775e-01	6.381750e-02	2.179117e+05
90001	438.885687	70.000000	9.635200e-01	1.199050e-01	2.050300e-01	1.490007e+05
90001	442.804309	70.000000	9.376863e-01	9.971500e-02	3.124925e-01	1.274543e+05
90001	446.793537	70.000000	9.070887e-01	5.895000e-02	3.998025e-01	1.091640e+05
90001	450.855297	70.000000	8.699487e-01	2.402500e-03	4.775600e-01	1.020227e+05
90001	454.991584	70.000000	8.202487e-01	-6.798000e-02	5.515275e-01	1.010281e+05
90001	459.204469	70.000000	7.496238e-01	-1.557075e-01	6.259025e-01	7.023713e+04
90001	463.496099	70.000000	6.632988e-01	-2.370350e-01	6.933900e-01	6.218555e+04
90001	467.868704	70.000000	5.596688e-01	-3.146400e-01	7.510350e-01	6.433214e+04
90001	472.324597	70.000000	4.332775e-01	-3.789150e-01	8.004000e-01	6.507130e+04
90001	476.866179	70.000000	2.857987e-01	-4.282225e-01	8.378775e-01	5.699331e+04
90001	481.495948	70.000000	1.189588e-01	-4.569725e-01	8.654325e-01	7.320433e+04
90001	486.216496	70.000000	-4.034125e-02	-4.596050e-01	8.742750e-01	8.896093e+04
90001	491.030521	70.000000	-2.034888e-01	-4.336500e-01	8.646325e-01	9.863345e+04
90001	495.940826	70.000000	-3.545913e-01	-3.846125e-01	8.395525e-01	9.979869e+04
90001	500.950330	70.000000	-4.937912e-01	-3.176900e-01	8.065275e-01	1.336218e+05
90001	506.062068	70.000000	-6.035100e-01	-2.402375e-01	7.587600e-01	1.574511e+05
90001	511.279202	70.000000	-6.935963e-01	-1.581475e-01	7.030675e-01	1.436913e+05
90001	516.605028	70.000000	-7.667037e-01	-7.374750e-02	6.375575e-01	1.747257e+05
90001	522.042975	70.000000	-8.236813e-01	4.452500e-03	5.669925e-01	1.728744e+05
90001	527.596624	70.000000	-8.674863e-01	6.988250e-02	4.925800e-01	1.769018e+05
90001	533.269706	70.000000	-9.049312e-01	1.246075e-01	4.069400e-01	2.040727e+05
90001	539.066116	70.000000	-9.378363e-01	1.666700e-01	2.987600e-01	2.408449e+05
90001	544.989919	70.000000	-9.651562e-01	1.886425e-01	1.671075e-01	2.646469e+05
90001	551.045363	70.000000	-9.764925e-01	1.896300e-01	1.945000e-03	2.823559e+05
90001	557.236884	70.000000	-9.480675e-01	1.664450e-01	-2.234050e-01	1.278372e+05
90001	563.569121	70.000000	-8.241225e-01	1.197450e-01	-5.134775e-01	5.439582e+04
90001	570.046927	70.000000	-5.322212e-01	6.469000e-02	-8.049600e-01	4.291092e+04
90001	576.675380	70.000000	-4.382625e-02	3.959500e-02	-9.600175e-01	5.725737e+04
90001	583.459796	70.000000	4.593437e-01	7.222250e-02	-8.485800e-01	2.914351e+04
90001	590.405746	70.000000	7.840888e-01	1.337625e-01	-5.739775e-01	4.053779e+04
90001	597.519068	70.000000	9.326975e-01	1.900000e-01	-2.738350e-01	8.640448e+04
90001	604.805886	70.000000	9.722512e-01	2.198925e-01	-3.167750e-02	1.806282e+05
90001	612.272625	70.000000	9.623738e-01	2.233350e-01	1.456350e-01	2.809415e+05
90001	619.926033	70.000000	9.344150e-01	2.068050e-01	2.870225e-01	2.536577e+05
90001	627.773198	70.000000	9.007175e-01	1.733600e-01	3.953925e-01	1.745265e+05
90001	635.821572	70.000000	8.618162e-01	1.285975e-01	4.868175e-01	1.862776e+05
90001	644.078995	70.000000	8.176062e-01	7.187750e-02	5.678025e-01	1.586902e+05
90001	652.553719	70.000000	7.651950e-01	9.947500e-03	6.398825e-01	1.549014e+05
90001	661.254435	70.000000	6.980400e-01	-5.808250e-02	7.089200e-01	1.588999e+05
90001	670.190306	70.000000	6.187075e-01	-1.267150e-01	7.693950e-01	1.292787e+05
90001	679.370995	70.000000	5.210875e-01	-1.922750e-01	8.245800e-01	1.175280e+05
90001	688.806703	70.000000	4.096675e-01	-2.486525e-01	8.709300e-01	1.215590e+05
90001	698.508206	70.000000	2.781100e-01	-2.932400e-01	9.064200e-01	1.220177e+05
90001	708.486895	70.000000	1.402988e-01	-3.192425e-01	9.292800e-01	1.291769e+05
90001	718.754821	70.000000	-4.803750e-03	-3.260925e-01	9.367500e-01	1.015787e+05
90001	729.324745	70.000000	-1.482162e-01	-3.119550e-01	9.313000e-01	1.420846e+05
90001	740.210189	70.000000	-2.862838e-01	-2.794500e-01	9.079575e-01	1.301216e+05
90001	751.425495	70.000000	-4.086987e-01	-2.321050e-01	8.740950e-01	1.598824e+05
90001	762.985887	70.000000	-5.208300e-01	-1.699450e-01	8.277875e-01	2.122852e+05
90001	774.907541	70.000000	-6.081825e-01	-1.020150e-01	7.745250e-01	1.786053e+05
90001	787.207661	70.000000	-6.848363e-01	-3.077750e-02	7.172875e-01	1.539766e+05
90001	799.904559	70.000000	-7.494087e-01	3.686750e-02	6.488850e-01	1.785049e+05
90001	813.017748	70.000000	-7.980362e-01	9.806250e-02	5.788800e-01	2.509086e+05
90001	826.568044	70.000000	-8.441275e-01	1.539850e-01	4.993850e-01	2.033551e+05
90001	855.070390	70.000000	-9.100225e-01	2.369925e-01	2.890525e-01	4.848777e+04
90001	870.071625	70.000000	-9.386525e-01	2.591475e-01	1.437725e-01	3.295157e+05
90001	885.608619	70.000000	-9.543888e-01	2.759475e-01	-9.852500e-03	7.739197e+04
90001	901.710593	70.000000	-9.106137e-01	2.718325e-01	-2.755525e-01	5.302794e+04
90001	918.408938	70.000000	-7.799625e-01	2.584275e-01	-5.519350e-01	5.596555e+04
90001	935.737408	70.000000	-4.243362e-01	2.339025e-01	-8.449075e-01	9.340573e+04
90001	953.732358	70.000000	8.771250e-03	2.295925e-01	-9.474650e-01	4.950178e+04
90001	972.432993	70.000000	5.127925e-01	2.484725e-01	-8.037200e-01	3.275518e+05
90001	991.881653	70.000000	7.933975e-01	2.757550e-01	-5.431450e-01	7.180293e+04
90001	1012.124136	70.000000	9.219950e-01	2.909675e-01	-2.411325e-01	8.756686e+04
90001	1033.210055	70.000000	9.518950e-01	2.914350e-01	-7.412500e-03	9.871976e+04
90001	1055.193248	70.000000	9.448688e-01	2.801775e-01	1.750100e-01	1.232682e+05
90001	1078.132231	70.000000	9.144437e-01	2.533950e-01	3.193600e-01	1.114271e+05
90001	1102.090725	70.000000	8.773112e-01	2.154325e-01	4.294425e-01	1.755639e+05
90001	1127.138242	70.000000	8.371887e-01	1.670200e-01	5.239475e-01	1.620432e+05
90001	1153.350759	70.000000	7.918888e-01	1.127950e-01	6.038425e-01	1.333750e+05
90001	1180.811491	70.000000	7.384562e-01	5.611250e-02	6.816675e-01	1.111386e+05
90001	1209.611772	70.000000	6.727162e-01	-8.877500e-03	7.508050e-01	7.689249e+04
90001	1239.852066	70.000000	5.954312e-01	-6.911500e-02	8.105275e-01	9.256403e+04
90001	1271.643145	70.000000	5.062288e-01	-1.313025e-01	8.638375e-01	6.180684e+04
90001	1305.107438	70.000000	3.977662e-01	-1.832275e-01	9.091350e-01	1.113917e+05
90001	1340.380612	70.000000	2.797075e-01	-2.287125e-01	9.515575e-01	4.305891e+04
90001	1377.613407	70.000000	1.514350e-01	-2.535900e-01	9.722075e-01	6.288515e+04
90001	1416.973790	70.000000	1.466125e-02	-2.614800e-01	9.839275e-01	5.898591e+04
90001	1458.649489	70.000000	-1.205662e-01	-2.547950e-01	9.787275e-01	7.437232e+04
90001	1502.850989	70.000000	-2.516113e-01	-2.299100e-01	9.615850e-01	8.523836e+04
90001	1549.815082	70.000000	-3.694537e-01	-1.911850e-01	9.174150e-01	1.210071e+05
90001	1599.809117	70.000000	-4.779562e-01	-1.341850e-01	8.763275e-01	1.126844e+05
90001	1653.136088	70.000000	-5.731563e-01	-7.610500e-02	8.293950e-01	5.398232e+04
90001	1710.140781	70.000000	-6.512075e-01	-1.104000e-02	7.725700e-01	7.034593e+04
90001	1771.217237	70.000000	-7.164412e-01	4.580000e-02	7.114075e-01	5.995901e+04
90001	1836.817876	70.000000	-7.705600e-01	1.064425e-01	6.327800e-01	1.039871e+05
90001	1907.464717	70.000000	-8.176063e-01	1.620975e-01	5.470925e-01	6.227810e+04
90001	1983.763306	70.000000	-8.566200e-01	2.093225e-01	4.584400e-01	6.327400e+04
90001	2066.420110	70.000000	-8.898650e-01	2.199050e-01	3.239100e-01	8.106333e+03
90001	190.746472	75.000000	-3.380162e-01	1.991475e-01	7.777800e-01	2.888934e+04
90001	191.482945	75.000000	-4.592012e-01	2.795100e-01	6.780000e-01	3.522348e+04
90001	192.225127	75.000000	-5.545313e-01	3.477975e-01	5.565325e-01	2.488115e+04
90001	192.973084	75.000000	-6.003475e-01	4.590550e-01	4.242450e-01	9.018166e+04
90001	193.726885	75.000000	-5.808075e-01	5.625475e-01	2.728850e-01	1.730093e+04
90001	194.486599	75.000000	-4.971862e-01	6.564400e-01	1.249225e-01	2.057166e+04
90001	195.252294	75.000000	-3.297600e-01	7.445575e-01	-1.448750e-02	1.253600e+05
90001	196.024042	75.000000	-1.022413e-01	8.172875e-01	-8.862750e-02	5.114198e+04
90001	196.801915	75.000000	1.386400e-01	8.384875e-01	-7.871000e-02	3.683495e+04
90001	197.585987	75.000000	3.345562e-01	8.256650e-01	-1.748750e-02	2.277909e+04
90001	198.376331	75.000000	4.727737e-01	7.843400e-01	8.258000e-02	2.838960e+04
90001	199.173023	75.000000	5.581325e-01	7.300175e-01	1.929750e-01	6.736956e+04
90001	199.976140	75.000000	6.157362e-01	6.600700e-01	2.890025e-01	4.301025e+04
90001	200.785760	75.000000	6.451188e-01	5.799775e-01	3.932350e-01	5.694743e+04
90001	201.601962	75.000000	6.555813e-01	4.852400e-01	4.838075e-01	3.879453e+04
90001	202.424827	75.000000	6.411225e-01	3.829400e-01	5.737700e-01	3.069775e+04
90001	203.254437	75.000000	5.841950e-01	2.359900e-01	6.776600e-01	4.392962e+04
90001	204.090875	75.000000	4.835538e-01	1.100575e-01	7.652650e-01	2.270910e+04
90001	204.934226	75.000000	3.365450e-01	3.430000e-03	8.343350e-01	4.022394e+04
90001	205.784575	75.000000	1.459662e-01	-7.664500e-02	8.753425e-01	3.667356e+04
90001	206.642011	75.000000	-1.097887e-01	-1.190850e-01	8.727100e-01	6.467018e+04
90001	207.506622	75.000000	-3.191600e-01	-9.994250e-02	8.352300e-01	1.128116e+04
90001	208.378498	75.000000	-5.266350e-01	-4.016000e-02	7.298450e-01	1.921352e+04
90001	209.257733	75.000000	-6.861375e-01	6.341500e-02	5.938400e-01	1.643253e+04
90001	210.144418	75.000000	-7.864737e-01	1.611100e-01	4.521200e-01	1.614925e+04
90001	211.038650	75.000000	-8.349138e-01	2.600825e-01	2.708150e-01	1.941180e+04
90001	211.940524	75.000000	-8.232963e-01	3.192325e-01	7.812000e-02	1.969584e+04
90001	212.850140	75.000000	-7.253725e-01	3.864900e-01	-1.467700e-01	8.906361e+03
90001	213.767598	75.000000	-4.925112e-01	4.346025e-01	-3.578400e-01	6.977544e+03
90001	214.692998	75.000000	-1.113663e-01	5.095200e-01	-4.936500e-01	2.234443e+04
90001	215.626446	75.000000	2.847275e-01	5.698275e-01	-4.470850e-01	1.839359e+04
90001	216.568046	75.000000	5.364788e-01	6.146075e-01	-2.997550e-01	1.603196e+04
90001	217.517906	75.000000	6.700575e-01	6.324925e-01	-1.279000e-01	1.402371e+04
90001	218.476135	75.000000	7.266588e-01	6.171400e-01	2.253250e-02	2.991415e+04
90001	219.442844	75.000000	7.576888e-01	5.854050e-01	1.321575e-01	3.446327e+04
90001	220.418145	75.000000	7.803838e-01	5.263000e-01	2.333600e-01	3.547810e+04
90001	221.402155	75.000000	8.005600e-01	4.361875e-01	3.113700e-01	3.198746e+04
90001	222.394989	75.000000	8.102888e-01	3.274425e-01	3.911200e-01	3.305533e+04
90001	223.396769	75.000000	7.944762e-01	1.844575e-01	4.786450e-01	2.076457e+04
90001	224.407614	75.000000	7.344487e-01	2.386000e-02	5.646775e-01	2.102236e+04
90001	225.427648	75.000000	6.197537e-01	-1.439150e-01	6.472775e-01	1.486626e+04
90001	226.456998	75.000000	4.379125e-01	-2.940475e-01	7.210725e-01	1.313570e+04
90001	227.495792	75.000000	2.008750e-01	-3.925425e-01	7.659200e-01	3.605598e+04
90001	228.544160	75.000000	-6.337625e-02	-4.319925e-01	7.759000e-01	3.370800e+04
90001	229.602234	75.000000	-3.597312e-01	-3.850525e-01	7.300925e-01	4.970962e+04
90001	230.670152	75.000000	-5.616613e-01	-2.848125e-01	6.638675e-01	2.845358e+04
90001	231.748050	75.000000	-7.300000e-01	-1.551100e-01	5.573175e-01	3.979970e+04
90001	232.836069	75.000000	-8.325025e-01	-2.057000e-02	4.431275e-01	5.919590e+04
90001	233.934352	75.000000	-8.899837e-01	8.242500e-02	3.269725e-01	3.249646e+04
90001	235.043046	75.000000	-9.167287e-01	1.546950e-01	1.920825e-01	8.762362e+04
90001	236.162298	75.000000	-9.142375e-01	1.721150e-01	4.260500e-02	3.976972e+04
90001	237.292261	75.000000	-8.600712e-01	1.579275e-01	-1.641500e-01	1.484264e+04
90001	238.433090	75.000000	-6.647537e-01	1.178775e-01	-4.216625e-01	1.305336e+04
90001	239.584940	75.000000	-2.824813e-01	1.093250e-01	-6.243725e-01	3.312731e+04
90001	240.747974	75.000000	2.330513e-01	2.013300e-01	-6.564850e-01	9.118497e+03
90001	241.922354	75.000000	5.987325e-01	3.508200e-01	-4.771900e-01	1.080925e+04
90001	243.108248	75.000000	7.532963e-01	4.658275e-01	-2.617725e-01	2.043397e+04
90001	244.305826	75.000000	7.937975e-01	5.258450e-01	-8.324250e-02	3.238305e+04
90001	245.515261	75.000000	8.000313e-01	5.440575e-01	3.823250e-02	3.356252e+04
90001	246.736730	75.000000	8.068962e-01	5.300950e-01	1.267575e-01	5.650354e+04
90001	247.970413	75.000000	8.214238e-01	4.910300e-01	1.875275e-01	5.166092e+04
90001	249.216496	75.000000	8.402300e-01	4.269475e-01	2.466675e-01	6.571311e+04
90001	250.475165	75.000000	8.584688e-01	3.379350e-01	3.078125e-01	5.740453e+04
90001	251.746612	75.000000	8.666550e-01	2.048800e-01	3.744475e-01	5.266825e+04
90001	253.031034	75.000000	8.469912e-01	5.186250e-02	4.405050e-01	5.181865e+04
90001	254.328629	75.000000	7.811325e-01	-1.349800e-01	5.207925e-01	4.350669e+04
90001	255.639601	75.000000	6.327575e-01	-3.405350e-01	5.946100e-01	4.773183e+04
90001	256.964159	75.000000	4.005862e-01	-5.062725e-01	6.500225e-01	2.978153e+04
90001	258.302514	75.000000	1.171187e-01	-6.024775e-01	6.745100e-01	2.464396e+04
90001	259.654883	75.000000	-2.055413e-01	-6.078875e-01	6.529950e-01	4.757306e+04
90001	261.021488	75.000000	-4.905175e-01	-5.149350e-01	5.935325e-01	3.235735e+04
90001	262.402554	75.000000	-7.012738e-01	-3.727975e-01	5.129800e-01	4.538544e+04
90001	263.798312	75.000000	-8.283237e-01	-2.220150e-01	4.250825e-01	5.214667e+04
90001	265.208998	75.000000	-9.056200e-01	-7.545750e-02	3.326150e-01	6.566566e+04
90001	266.634853	75.000000	-9.420962e-01	3.806250e-02	2.454100e-01	8.297989e+04
90001	268.076122	75.000000	-9.580063e-01	1.056325e-01	1.617775e-01	6.998039e+04
90001	269.533058	75.000000	-9.650287e-01	1.298425e-01	6.318250e-02	6.923914e+04
90001	271.005916	75.000000	-9.566550e-01	7.982500e-02	-6.445000e-02	5.770503e+04
90001	272.494960	75.000000	-8.857700e-01	-5.620750e-02	-2.466200e-01	2.355965e+04
90001	274.000457	75.000000	-6.282438e-01	-2.504775e-01	-4.801850e-01	1.305266e+04
90001	275.522681	75.000000	-5.528250e-02	-3.410950e-01	-6.500675e-01	2.002637e+04
90001	277.061914	75.000000	5.231312e-01	-1.773600e-01	-5.860025e-01	1.002733e+04
90001	278.618442	75.000000	8.312950e-01	1.050525e-01	-3.605400e-01	1.944428e+04
90001	280.192557	75.000000	8.972850e-01	3.020825e-01	-1.687025e-01	2.802213e+04
90001	281.784560	75.000000	8.888163e-01	4.120775e-01	-3.509500e-02	3.171310e+04
90001	283.394758	75.000000	8.761600e-01	4.440050e-01	5.307000e-02	4.682141e+04
90001	285.023463	75.000000	8.762338e-01	4.291775e-01	1.181250e-01	5.059401e+04
90001	286.670998	75.000000	8.875425e-01	3.876775e-01	1.732350e-01	5.069346e+04
90001	288.337690	75.000000	9.029375e-01	3.099225e-01	2.254850e-01	6.362321e+04
90001	290.023875	75.000000	9.121550e-01	1.840300e-01	3.065975e-01	6.893501e+04
90001	291.729898	75.000000	8.959687e-01	4.009250e-02	3.793950e-01	4.792949e+04
90001	293.456110	75.000000	8.366887e-01	-1.345850e-01	4.683900e-01	3.256714e+04
90001	295.202873	75.000000	7.088663e-01	-3.195950e-01	5.641625e-01	1.869700e+04
90001	296.970555	75.000000	5.102138e-01	-4.794725e-01	6.473400e-01	2.142165e+04
90001	298.759534	75.000000	2.370425e-01	-5.853325e-01	7.079650e-01	3.601148e+04
90001	300.570198	75.000000	-6.100000e-02	-6.070075e-01	7.297325e-01	3.498098e+04
90001	302.402943	75.000000	-3.345538e-01	-5.466850e-01	7.100750e-01	3.338875e+04
90001	304.258176	75.000000	-5.707525e-01	-4.198200e-01	6.552650e-01	3.906646e+04
90001	306.136313	75.000000	-7.255400e-01	-2.758350e-01	5.866750e-01	4.559867e+04
90001	308.037780	75.000000	-8.267550e-01	-1.266850e-01	5.100000e-01	6.336234e+04
90001	309.963016	75.000000	-8.845625e-01	6.365000e-03	4.328975e-01	7.105359e+04
90001	311.912469	75.000000	-9.131575e-01	1.137675e-01	3.588775e-01	9.120319e+04
90001	313.886599	75.000000	-9.279688e-01	1.974050e-01	2.828250e-01	8.677159e+04
90001	315.885877	75.000000	-9.366087e-01	2.475925e-01	2.030625e-01	9.109414e+04
90001	317.910786	75.000000	-9.465487e-01	2.620325e-01	1.047425e-01	8.836934e+04
90001	319.961823	75.000000	-9.533375e-01	2.288800e-01	-2.158500e-02	9.484292e+04
90001	322.039498	75.000000	-9.352137e-01	1.362275e-01	-1.981675e-01	5.112450e+04
90001	324.144331	75.000000	-8.281837e-01	-1.218500e-02	-4.325550e-01	2.099506e+04
90001	326.276859	75.000000	-5.016213e-01	-1.808775e-01	-7.078225e-01	1.322656e+04
90001	328.437633	75.000000	1.004900e-01	-2.173050e-01	-8.408675e-01	2.734940e+04
90001	330.627218	75.000000	6.067475e-01	-5.155750e-02	-6.898700e-01	1.350480e+04
90001	332.846192	75.000000	8.582737e-01	1.748075e-01	-4.065825e-01	2.607627e+04
90001	335.095153	75.000000	9.110850e-01	3.237425e-01	-1.841350e-01	5.002901e+04
90001	337.374712	75.000000	9.041325e-01	4.069700e-01	-2.641250e-02	6.137534e+04
90001	339.685498	75.000000	8.887487e-01	4.354450e-01	8.609500e-02	7.223408e+04
90001	342.028156	75.000000	8.817538e-01	4.267675e-01	1.695050e-01	7.683303e+04
90001	344.403352	75.000000	8.825075e-01	3.898925e-01	2.389900e-01	7.613345e+04
90001	346.811767	75.000000	8.865437e-01	3.314225e-01	3.010750e-01	8.707191e+04
90001	349.254103	75.000000	8.878850e-01	2.495550e-01	3.660100e-01	8.239496e+04
90001	351.731083	75.000000	8.790750e-01	1.439050e-01	4.338850e-01	7.318742e+04
90001	354.243447	75.000000	8.458500e-01	7.372500e-03	5.108875e-01	5.964352e+04
90001	356.791961	75.000000	7.773150e-01	-1.445600e-01	5.881500e-01	5.447311e+04
90001	359.377410	75.000000	6.504638e-01	-3.100625e-01	6.648975e-01	5.192789e+04
90001	362.000603	75.000000	4.563550e-01	-4.596425e-01	7.317950e-01	4.693407e+04
90001	364.662372	75.000000	1.968087e-01	-5.602450e-01	7.735175e-01	5.317037e+04
90001	367.363575	75.000000	-9.202000e-02	-5.794450e-01	7.772850e-01	6.433987e+04
90001	370.105094	75.000000	-3.792450e-01	-5.080975e-01	7.426475e-01	7.863394e+04
90001	372.887839	75.000000	-6.193800e-01	-3.557350e-01	6.721025e-01	1.149177e+05
90001	375.712747	75.000000	-7.683313e-01	-1.828450e-01	5.912975e-01	8.721936e+04
90001	378.580784	75.000000	-8.456162e-01	-2.516000e-02	5.157400e-01	8.874505e+04
90001	381.492943	75.000000	-8.841350e-01	1.137750e-01	4.386550e-01	1.074337e+05
90001	384.450253	75.000000	-8.980563e-01	2.151425e-01	3.691450e-01	1.237275e+05
90001	387.453771	75.000000	-9.029475e-01	2.895025e-01	3.031425e-01	1.310487e+05
90001	390.504588	75.000000	-9.073937e-01	3.383950e-01	2.294550e-01	1.327002e+05
90001	393.603830	75.000000	-9.153738e-01	3.616825e-01	1.392225e-01	1.313307e+05
90001	396.752661	75.000000	-9.258413e-01	3.524150e-01	2.271500e-02	1.520920e+05
90001	399.952279	75.000000	-9.253388e-01	3.066575e-01	-1.373425e-01	1.349943e+05
90001	403.203924	75.000000	-8.726988e-01	2.137500e-01	-3.740275e-01	1.117166e+05
90001	406.508874	75.000000	-6.822900e-01	8.984750e-02	-6.588800e-01	6.631238e+04
90001	409.868452	75.000000	-2.548125e-01	-3.705000e-03	-8.989350e-01	4.655630e+04
90001	413.284022	75.000000	3.033038e-01	3.028000e-02	-8.920050e-01	5.048423e+04
90001	416.756997	75.000000	7.099387e-01	1.718025e-01	-6.328350e-01	5.349784e+04
90001	420.288836	75.000000	8.680262e-01	3.063175e-01	-3.419725e-01	8.795799e+04
90001	423.881048	75.000000	9.007913e-01	3.910125e-01	-1.150750e-01	1.001885e+05
90001	427.535195	75.000000	8.935725e-01	4.265100e-01	4.038000e-02	1.116232e+05
90001	431.252893	75.000000	8.781163e-01	4.350000e-01	1.588625e-01	1.361032e+05
90001	435.035813	75.000000	8.623688e-01	4.173550e-01	2.589850e-01	1.537137e+05
90001	438.885687	75.000000	8.475200e-01	3.810850e-01	3.496250e-01	1.342511e+05
90001	442.804309	75.000000	8.303888e-01	3.287450e-01	4.330400e-01	1.461115e+05
90001	446.793537	75.000000	8.061400e-01	2.656275e-01	5.127200e-01	1.105140e+05
90001	450.855297	75.000000	7.684838e-01	1.896000e-01	5.966800e-01	1.515942e+05
90001	454.991584	75.000000	7.091425e-01	1.048925e-01	6.818300e-01	1.259706e+05
90001	459.204469	75.000000	6.134275e-01	8.705000e-03	7.747600e-01	1.236739e+05
90001	463.496099	75.000000	4.903775e-01	-7.197000e-02	8.533250e-01	1.081937e+05
90001	467.868704	75.000000	3.417087e-01	-1.342500e-01	9.156950e-01	1.073661e+05
90001	472.324597	75.000000	1.681475e-01	-1.714825e-01	9.557475e-01	1.023342e+05
90001	476.866179	75.000000	-2.044500e-02	-1.778075e-01	9.671800e-01	1.029576e+05
90001	481.495948	75.000000	-2.110988e-01	-1.481500e-01	9.520900e-01	1.039331e+05
90001	486.216496	75.000000	-3.681775e-01	-9.278250e-02	9.116700e-01	1.379756e+05
90001	491.030521	75.000000	-5.050637e-01	-1.535500e-02	8.523050e-01	1.454598e+05
90001	495.940826	75.000000	-6.101275e-01	6.977500e-02	7.789600e-01	1.650622e+05
90001	500.950330	75.000000	-6.924275e-01	1.618650e-01	7.031675e-01	1.877900e+05
90001	506.062068	75.000000	-7.438475e-01	2.434675e-01	6.243650e-01	2.123076e+05
90001	511.279202	75.000000	-7.794263e-01	3.153850e-01	5.446300e-01	2.024551e+05
90001	516.605028	75.000000	-8.034150e-01	3.793250e-01	4.621100e-01	2.195020e+05
90001	522.042975	75.000000	-8.219537e-01	4.301050e-01	3.758150e-01	2.378438e+05
90001	527.596624	75.000000	-8.381637e-01	4.665050e-01	2.855325e-01	2.960398e+05
90001	533.269706	75.000000	-8.526825e-01	4.908100e-01	1.777700e-01	3.260581e+05
90001	539.066116	75.000000	-8.628137e-01	5.008300e-01	3.378750e-02	3.681750e+05
90001	544.989919	75.000000	-8.518788e-01	4.920125e-01	-1.497125e-01	3.559868e+05
90001	551.045363	75.000000	-7.855138e-01	4.671200e-01	-3.809925e-01	3.275700e+05
90001	557.236884	75.000000	-5.939450e-01	4.288100e-01	-6.522625e-01	3.061250e+05
90001	563.569121	75.000000	-2.236575e-01	4.014350e-01	-8.597250e-01	1.436160e+05
90001	570.046927	75.000000	2.297125e-01	4.094325e-01	-8.579500e-01	1.005398e+05
90001	576.675380	75.000000	5.927662e-01	4.500900e-01	-6.484275e-01	1.769848e+05
90001	583.459796	75.000000	7.754213e-01	4.913175e-01	-3.781050e-01	3.975091e+05
90001	590.405746	75.000000	8.378212e-01	5.177625e-01	-1.483700e-01	3.570176e+05
90001	597.519068	75.000000	8.466813e-01	5.266175e-01	3.572500e-02	3.379912e+05
90001	604.805886	75.000000	8.360737e-01	5.184700e-01	1.750200e-01	3.179225e+05
90001	612.272625	75.000000	8.190863e-01	4.982150e-01	2.835400e-01	3.316287e+05
90001	619.926033	75.000000	7.991800e-01	4.658725e-01	3.785200e-01	2.448220e+05
90001	627.773198	75.000000	7.772438e-01	4.233425e-01	4.624700e-01	2.803223e+05
90001	635.821572	75.000000	7.493425e-01	3.724100e-01	5.440525e-01	2.569030e+05
90001	644.078995	75.000000	7.123563e-01	3.133700e-01	6.244700e-01	2.881244e+05
90001	652.553719	75.000000	6.618850e-01	2.495450e-01	7.029175e-01	2.557686e+05
90001	661.254435	75.000000	5.914175e-01	1.821275e-01	7.807900e-01	2.444393e+05
90001	670.190306	75.000000	5.013363e-01	1.187275e-01	8.505450e-01	2.162067e+05
90001	679.370995	75.000000	3.870612e-01	6.116250e-02	9.139450e-01	2.121920e+05
90001	688.806703	75.000000	2.542775e-01	1.810750e-02	9.616325e-01	2.413958e+05
90001	698.508206	75.000000	1.016075e-01	-4.390000e-03	9.873875e-01	1.867223e+05
90001	708.486895	75.000000	-5.200750e-02	-4.815000e-03	9.910400e-01	1.988262e+05
90001	718.754821	75.000000	-2.021637e-01	1.781250e-02	9.705575e-01	1.532380e+05
90001	729.324745	75.000000	-3.376413e-01	6.005250e-02	9.318000e-01	1.755734e+05
90001	740.210189	75.000000	-4.540538e-01	1.176025e-01	8.743025e-01	1.550051e+05
90001	751.425495	75.000000	-5.466850e-01	1.795725e-01	8.107650e-01	2.310184e+05
90001	762.985887	75.000000	-6.216313e-01	2.483400e-01	7.352150e-01	2.783873e+05
90001	774.907541	75.000000	-6.722625e-01	3.116675e-01	6.621875e-01	3.196681e+05
90001	787.207661	75.000000	-7.129575e-01	3.715950e-01	5.844575e-01	5.500226e+05
90001	799.904559	75.000000	-7.431475e-01	4.252025e-01	5.031675e-01	3.353201e+05
90001	813.017748	75.000000	-7.646900e-01	4.709200e-01	4.228325e-01	2.629951e+05
90001	826.568044	75.000000	-7.862862e-01	5.088875e-01	3.350250e-01	3.071017e+05
90001	855.070390	75.000000	-8.124438e-01	5.358300e-01	9.715500e-02	5.977072e+04
90001	870.071625	75.000000	-8.100350e-01	5.572325e-01	-6.532500e-02	1.005640e+05
90001	885.608619	75.000000	-7.781238e-01	5.704425e-01	-2.459725e-01	2.169794e+05
90001	901.710593	75.000000	-6.349275e-01	5.638000e-01	-5.156725e-01	9.055075e+04
90001	918.408938	75.000000	-3.868587e-01	5.586350e-01	-7.277650e-01	1.527755e+05
90001	935.737408	75.000000	4.358750e-02	5.547625e-01	-8.146200e-01	1.949378e+05
90001	953.732358	75.000000	3.941200e-01	5.658225e-01	-7.182875e-01	9.018812e+04
90001	972.432993	75.000000	6.628850e-01	5.816350e-01	-4.784925e-01	4.141597e+05
90001	991.881653	75.000000	7.751463e-01	5.904000e-01	-2.458250e-01	4.251313e+05
90001	1012.124136	75.000000	8.153687e-01	5.866625e-01	-3.891250e-02	6.135233e+05
90001	1033.210055	75.000000	8.140538e-01	5.719525e-01	1.201625e-01	1.446315e+05
90001	1055.193248	75.000000	8.018513e-01	5.521250e-01	2.458650e-01	2.291036e+05
90001	1078.132231	75.000000	7.819875e-01	5.237925e-01	3.525075e-01	2.000456e+05
90001	1102.090725	75.000000	7.595912e-01	4.865300e-01	4.395250e-01	2.203030e+05
90001	1127.138242	75.000000	7.339375e-01	4.430525e-01	5.257975e-01	1.112331e+05
90001	1153.350759	75.000000	7.007237e-01	3.896125e-01	6.029225e-01	1.675915e+05
90001	1180.811491	75.000000	6.582700e-01	3.400775e-01	6.859050e-01	1.566938e+05
90001	1209.611772	75.000000	6.013362e-01	2.791975e-01	7.630975e-01	8.736719e+04
90001	1239.852066	75.000000	5.292487e-01	2.198650e-01	8.351350e-01	7.927049e+04
90001	1271.643145	75.000000	4.384725e-01	1.655225e-01	8.928975e-01	1.238584e+05
90001	1305.107438	75.000000	3.263425e-01	1.197725e-01	9.530525e-01	8.167850e+04
90001	1340.380612	75.000000	1.993325e-01	8.577750e-02	9.922350e-01	9.881944e+04
90001	1377.613407	75.000000	6.331875e-02	6.986250e-02	1.007832e+00	2.695819e+05
90001	1416.973790	75.000000	-7.968750e-02	7.043750e-02	1.012030e+00	1.361212e+05
90001	1458.649489	75.000000	-2.150512e-01	9.401500e-02	9.895975e-01	1.172873e+05
90001	1502.850989	75.000000	-3.389350e-01	1.279575e-01	9.546975e-01	6.421298e+04
90001	1549.815082	75.000000	-4.431338e-01	1.793850e-01	8.918075e-01	1.181398e+05
90001	1599.809117	75.000000	-5.331650e-01	2.345575e-01	8.281825e-01	6.961782e+04
90001	1653.136088	75.000000	-6.018025e-01	2.897350e-01	7.510800e-01	3.204387e+05
90001	1710.140781	75.000000	-6.578763e-01	3.539525e-01	6.803375e-01	7.648185e+04
90001	1771.217237	75.000000	-6.958100e-01	4.074225e-01	6.045250e-01	9.652490e+04
90001	1836.817876	75.000000	-7.263213e-01	4.504450e-01	5.230375e-01	1.354523e+05
90001	1907.464717	75.000000	-7.543662e-01	4.961475e-01	4.438550e-01	6.902802e+04
90001	1983.763306	75.000000	-7.770937e-01	5.250050e-01	3.264675e-01	5.511837e+04
90001	2066.420110	75.000000	-8.008688e-01	5.398725e-01	2.176250e-01	6.229538e+03
