20001	190.000000	6.000000	0.159487	0.000000	0.000000	1.707262e+02
20001	191.000000	6.000000	0.189807	0.000000	0.000000	1.943883e+02
20001	192.000000	6.000000	0.198199	0.000000	0.000000	1.914414e+02
20001	193.000000	6.000000	0.165460	0.000000	0.000000	5.522252e+02
20001	194.000000	6.000000	0.162270	0.000000	0.000000	8.907511e+02
20001	195.000000	6.000000	0.128522	0.000000	0.000000	8.224886e+02
20001	196.000000	6.000000	0.104256	0.000000	0.000000	1.727948e+03
20001	197.000000	6.000000	0.112606	0.000000	0.000000	2.472060e+03
20001	198.000000	6.000000	0.108895	0.000000	0.000000	1.800360e+03
20001	199.000000	6.000000	0.114299	0.000000	0.000000	2.967856e+03
20001	200.000000	6.000000	0.130194	0.000000	0.000000	3.514057e+03
20001	201.000000	6.000000	0.136647	0.000000	0.000000	1.739441e+03
20001	202.000000	6.000000	0.131220	0.000000	0.000000	3.637447e+03
20001	203.000000	6.000000	0.127022	0.000000	0.000000	1.414667e+04
20001	204.000000	6.000000	0.111223	0.000000	0.000000	8.661019e+03
20001	205.000000	6.000000	0.106197	0.000000	0.000000	1.202514e+04
20001	206.000000	6.000000	0.106327	0.000000	0.000000	1.278098e+04
20001	207.000000	6.000000	0.109275	0.000000	0.000000	1.861041e+04
20001	208.000000	6.000000	0.114137	0.000000	0.000000	1.501316e+04
20001	209.000000	6.000000	0.119322	0.000000	0.000000	1.246175e+04
20001	210.000000	6.000000	0.115809	0.000000	0.000000	6.926123e+04
20001	211.000000	6.000000	0.112316	0.000000	0.000000	3.033967e+04
20001	212.000000	6.000000	0.113082	0.000000	0.000000	3.936256e+04
20001	213.000000	6.000000	0.111658	0.000000	0.000000	5.360572e+04
20001	214.000000	6.000000	0.109061	0.000000	0.000000	2.477063e+05
20001	215.000000	6.000000	0.109951	0.000000	0.000000	5.770924e+04
20001	216.000000	6.000000	0.109151	0.000000	0.000000	3.079020e+04
20001	217.000000	6.000000	0.109803	0.000000	0.000000	1.005242e+05
20001	218.000000	6.000000	0.112898	0.000000	0.000000	5.902819e+04
20001	219.000000	6.000000	0.112727	0.000000	0.000000	9.392639e+04
20001	220.000000	6.000000	0.112549	0.000000	0.000000	1.236562e+05
20001	221.000000	6.000000	0.111481	0.000000	0.000000	9.562246e+04
20001	222.000000	6.000000	0.110538	0.000000	0.000000	1.583669e+05
20001	223.000000	6.000000	0.107976	0.000000	0.000000	8.092060e+04
20001	224.000000	6.000000	0.106893	0.000000	0.000000	2.192132e+05
20001	225.000000	6.000000	0.108385	0.000000	0.000000	3.213911e+05
20001	226.000000	6.000000	0.109281	0.000000	0.000000	4.769829e+05
20001	227.000000	6.000000	0.110120	0.000000	0.000000	2.156638e+05
20001	228.000000	6.000000	0.108857	0.000000	0.000000	9.966284e+04
20001	229.000000	6.000000	0.109274	0.000000	0.000000	1.534922e+05
20001	230.000000	6.000000	0.108394	0.000000	0.000000	1.083162e+05
20001	231.000000	6.000000	0.107350	0.000000	0.000000	1.986994e+05
20001	232.000000	6.000000	0.107597	0.000000	0.000000	2.395852e+05
20001	233.000000	6.000000	0.107645	0.000000	0.000000	2.791021e+05
20001	234.000000	6.000000	0.108257	0.000000	0.000000	6.933335e+05
20001	235.000000	6.000000	0.108869	0.000000	0.000000	2.327460e+05
20001	236.000000	6.000000	0.109773	0.000000	0.000000	1.593745e+05
20001	237.000000	6.000000	0.109481	0.000000	0.000000	2.251334e+05
20001	238.000000	6.000000	0.108718	0.000000	0.000000	2.432549e+05
20001	239.000000	6.000000	0.108176	0.000000	0.000000	2.582453e+05
20001	240.000000	6.000000	0.107430	0.000000	0.000000	2.526970e+05
20001	241.000000	6.000000	0.107637	0.000000	0.000000	5.863673e+05
20001	242.000000	6.000000	0.107677	0.000000	0.000000	4.132778e+05
20001	243.000000	6.000000	0.107725	0.000000	0.000000	3.789299e+05
20001	244.000000	6.000000	0.108083	0.000000	0.000000	5.948454e+05
20001	245.000000	6.000000	0.108636	0.000000	0.000000	2.889304e+05
20001	246.000000	6.000000	0.108130	0.000000	0.000000	3.418776e+05
20001	247.000000	6.000000	0.108128	0.000000	0.000000	1.403377e+06
20001	248.000000	6.000000	0.106918	0.000000	0.000000	2.323791e+05
20001	249.000000	6.000000	0.107122	0.000000	0.000000	2.457901e+05
20001	250.000000	6.000000	0.106886	0.000000	0.000000	5.106342e+05
20001	251.000000	6.000000	0.107148	0.000000	0.000000	3.642261e+05
20001	252.000000	6.000000	0.108094	0.000000	0.000000	3.097082e+05
20001	253.000000	6.000000	0.108677	0.000000	0.000000	4.293223e+05
20001	254.000000	6.000000	0.109929	0.000000	0.000000	6.776722e+05
20001	255.000000	6.000000	0.108855	0.000000	0.000000	5.054381e+05
20001	256.000000	6.000000	0.109230	0.000000	0.000000	3.147755e+05
20001	257.000000	6.000000	0.108285	0.000000	0.000000	3.041208e+05
20001	258.000000	6.000000	0.108128	0.000000	0.000000	4.909289e+05
20001	259.000000	6.000000	0.107869	0.000000	0.000000	5.692860e+05
20001	260.000000	6.000000	0.108092	0.000000	0.000000	2.312380e+05
20001	261.000000	6.000000	0.110341	0.000000	0.000000	2.558359e+05
20001	262.000000	6.000000	0.110173	0.000000	0.000000	4.295209e+05
20001	263.000000	6.000000	0.110146	0.000000	0.000000	5.527152e+05
20001	264.000000	6.000000	0.109828	0.000000	0.000000	2.541047e+05
20001	265.000000	6.000000	0.109870	0.000000	0.000000	4.854471e+05
20001	266.000000	6.000000	0.109037	0.000000	0.000000	3.303141e+05
20001	267.000000	6.000000	0.108556	0.000000	0.000000	2.901459e+05
20001	268.000000	6.000000	0.108852	0.000000	0.000000	5.517746e+05
20001	269.000000	6.000000	0.109055	0.000000	0.000000	4.031592e+05
20001	270.000000	6.000000	0.110590	0.000000	0.000000	2.967138e+05
20001	271.000000	6.000000	0.110421	0.000000	0.000000	3.043252e+05
20001	272.000000	6.000000	0.110805	0.000000	0.000000	2.602006e+05
20001	273.000000	6.000000	0.110676	0.000000	0.000000	3.158765e+05
20001	274.000000	6.000000	0.109671	0.000000	0.000000	2.457402e+05
20001	275.000000	6.000000	0.108460	0.000000	0.000000	2.828696e+05
20001	276.000000	6.000000	0.108434	0.000000	0.000000	2.473412e+05
20001	277.000000	6.000000	0.108014	0.000000	0.000000	3.308834e+05
20001	278.000000	6.000000	0.108587	0.000000	0.000000	2.811950e+05
20001	279.000000	6.000000	0.109685	0.000000	0.000000	2.941918e+05
20001	280.000000	6.000000	0.109841	0.000000	0.000000	5.256667e+05
20001	281.000000	6.000000	0.109421	0.000000	0.000000	6.146348e+05
20001	282.000000	6.000000	0.108601	0.000000	0.000000	4.587149e+05
20001	283.000000	6.000000	0.107820	0.000000	0.000000	2.371035e+05
20001	284.000000	6.000000	0.106277	0.000000	0.000000	2.689487e+05
20001	285.000000	6.000000	0.105804	0.000000	0.000000	2.710660e+05
20001	286.000000	6.000000	0.105701	0.000000	0.000000	3.833335e+05
20001	287.000000	6.000000	0.107075	0.000000	0.000000	4.218736e+05
20001	288.000000	6.000000	0.107783	0.000000	0.000000	5.003536e+05
20001	289.000000	6.000000	0.107096	0.000000	0.000000	2.881816e+05
20001	290.000000	6.000000	0.106903	0.000000	0.000000	3.017192e+05
20001	291.000000	6.000000	0.106623	0.000000	0.000000	8.442363e+05
20001	292.000000	6.000000	0.104861	0.000000	0.000000	1.053320e+06
20001	293.000000	6.000000	0.104696	0.000000	0.000000	5.031541e+05
20001	294.000000	6.000000	0.104505	0.000000	0.000000	4.830379e+05
20001	295.000000	6.000000	0.105210	0.000000	0.000000	3.643199e+05
20001	296.000000	6.000000	0.106773	0.000000	0.000000	4.397388e+05
20001	297.000000	6.000000	0.106910	0.000000	0.000000	2.969279e+05
20001	298.000000	6.000000	0.107098	0.000000	0.000000	4.136140e+05
20001	299.000000	6.000000	0.106732	0.000000	0.000000	4.851182e+05
20001	300.000000	6.000000	0.105946	0.000000	0.000000	1.724430e+05
20001	301.000000	6.000000	0.105485	0.000000	0.000000	2.467720e+05
20001	302.000000	6.000000	0.106233	0.000000	0.000000	2.130217e+05
20001	303.000000	6.000000	0.106235	0.000000	0.000000	2.466685e+05
20001	304.000000	6.000000	0.108722	0.000000	0.000000	3.608674e+05
20001	305.000000	6.000000	0.109516	0.000000	0.000000	3.446597e+05
20001	306.000000	6.000000	0.110293	0.000000	0.000000	2.533926e+05
20001	307.000000	6.000000	0.109600	0.000000	0.000000	2.604604e+05
20001	308.000000	6.000000	0.110516	0.000000	0.000000	4.273518e+05
20001	309.000000	6.000000	0.109279	0.000000	0.000000	2.825502e+05
20001	310.000000	6.000000	0.110447	0.000000	0.000000	3.029468e+05
20001	311.000000	6.000000	0.111108	0.000000	0.000000	5.699420e+05
20001	312.000000	6.000000	0.110897	0.000000	0.000000	3.412003e+05
20001	313.000000	6.000000	0.112616	0.000000	0.000000	2.509324e+05
20001	314.000000	6.000000	0.114520	0.000000	0.000000	3.831242e+05
20001	315.000000	6.000000	0.115424	0.000000	0.000000	5.103522e+05
20001	316.000000	6.000000	0.115694	0.000000	0.000000	4.082592e+05
20001	317.000000	6.000000	0.115806	0.000000	0.000000	1.634069e+05
20001	318.000000	6.000000	0.115509	0.000000	0.000000	1.291573e+05
20001	319.000000	6.000000	0.115693	0.000000	0.000000	1.222204e+05
20001	320.000000	6.000000	0.116255	0.000000	0.000000	1.009496e+05
20001	321.000000	6.000000	0.116785	0.000000	0.000000	3.175100e+05
20001	322.000000	6.000000	0.117675	0.000000	0.000000	3.050172e+05
20001	323.000000	6.000000	0.118038	0.000000	0.000000	1.859741e+05
20001	324.000000	6.000000	0.118926	0.000000	0.000000	3.489053e+05
20001	325.000000	6.000000	0.119496	0.000000	0.000000	3.814785e+05
20001	326.000000	6.000000	0.119474	0.000000	0.000000	3.146658e+05
20001	327.000000	6.000000	0.121033	0.000000	0.000000	5.191955e+05
20001	328.000000	6.000000	0.124754	0.000000	0.000000	7.604510e+04
20001	329.000000	6.000000	0.121619	0.000000	0.000000	1.270398e+05
20001	330.000000	6.000000	0.119437	0.000000	0.000000	1.156323e+05
20001	331.000000	6.000000	0.118243	0.000000	0.000000	1.179577e+05
20001	332.000000	6.000000	0.118583	0.000000	0.000000	2.335176e+05
20001	333.000000	6.000000	0.119075	0.000000	0.000000	7.695926e+04
20001	334.000000	6.000000	0.120726	0.000000	0.000000	1.318760e+05
20001	335.000000	6.000000	0.121029	0.000000	0.000000	2.158904e+05
20001	336.000000	6.000000	0.119781	0.000000	0.000000	1.297302e+05
20001	337.000000	6.000000	0.119999	0.000000	0.000000	1.717386e+05
20001	338.000000	6.000000	0.118654	0.000000	0.000000	2.332814e+05
20001	339.000000	6.000000	0.116509	0.000000	0.000000	3.158746e+05
20001	340.000000	6.000000	0.113766	0.000000	0.000000	2.772179e+05
20001	341.000000	6.000000	0.114482	0.000000	0.000000	1.756075e+05
20001	342.000000	6.000000	0.114414	0.000000	0.000000	2.999708e+05
20001	343.000000	6.000000	0.115004	0.000000	0.000000	2.559903e+05
20001	344.000000	6.000000	0.113128	0.000000	0.000000	7.484035e+05
20001	345.000000	6.000000	0.112277	0.000000	0.000000	1.939746e+05
20001	346.000000	6.000000	0.110980	0.000000	0.000000	7.599944e+05
20001	347.000000	6.000000	0.107398	0.000000	0.000000	1.387853e+05
20001	348.000000	6.000000	0.106486	0.000000	0.000000	1.971225e+05
20001	349.000000	6.000000	0.106034	0.000000	0.000000	5.581247e+04
20001	350.000000	6.000000	0.104162	0.000000	0.000000	7.256159e+04
20001	351.000000	6.000000	0.104466	0.000000	0.000000	2.655390e+05
20001	352.000000	6.000000	0.104335	0.000000	0.000000	2.545119e+05
20001	353.000000	6.000000	0.101731	0.000000	0.000000	2.529456e+05
20001	354.000000	6.000000	0.101218	0.000000	0.000000	5.728233e+05
20001	355.000000	6.000000	0.099537	0.000000	0.000000	3.247654e+05
20001	356.000000	6.000000	0.097366	0.000000	0.000000	2.807012e+05
20001	357.000000	6.000000	0.095126	0.000000	0.000000	1.419927e+05
20001	358.000000	6.000000	0.094014	0.000000	0.000000	1.438583e+06
20001	359.000000	6.000000	0.092636	0.000000	0.000000	4.413568e+05
20001	360.000000	6.000000	0.092973	0.000000	0.000000	1.653899e+05
20001	361.000000	6.000000	0.092952	0.000000	0.000000	2.702810e+06
20001	362.000000	6.000000	0.092802	0.000000	0.000000	1.568704e+06
20001	363.000000	6.000000	0.092045	0.000000	0.000000	3.206571e+05
20001	364.000000	6.000000	0.090771	0.000000	0.000000	5.567420e+05
20001	365.000000	6.000000	0.088191	0.000000	0.000000	4.055784e+05
20001	366.000000	6.000000	0.087838	0.000000	0.000000	5.234660e+05
20001	367.000000	6.000000	0.087536	0.000000	0.000000	7.724320e+05
20001	368.000000	6.000000	0.088724	0.000000	0.000000	3.250236e+05
20001	369.000000	6.000000	0.090907	0.000000	0.000000	6.426878e+05
20001	370.000000	6.000000	0.091681	0.000000	0.000000	2.886476e+05
20001	371.000000	6.000000	0.092175	0.000000	0.000000	4.175549e+05
20001	372.000000	6.000000	0.093534	0.000000	0.000000	5.612231e+05
20001	373.000000	6.000000	0.093777	0.000000	0.000000	4.405303e+05
20001	374.000000	6.000000	0.094076	0.000000	0.000000	2.403662e+05
20001	375.000000	6.000000	0.095272	0.000000	0.000000	2.977081e+05
20001	376.000000	6.000000	0.097072	0.000000	0.000000	2.568624e+05
20001	377.000000	6.000000	0.098464	0.000000	0.000000	1.477325e+05
20001	378.000000	6.000000	0.101280	0.000000	0.000000	2.973008e+05
20001	379.000000	6.000000	0.104293	0.000000	0.000000	2.038638e+05
20001	380.000000	6.000000	0.106621	0.000000	0.000000	1.231654e+05
20001	381.000000	6.000000	0.108294	0.000000	0.000000	8.928543e+04
20001	382.000000	6.000000	0.112660	0.000000	0.000000	6.223714e+05
20001	383.000000	6.000000	0.114702	0.000000	0.000000	4.675675e+05
20001	384.000000	6.000000	0.116666	0.000000	0.000000	5.406178e+05
20001	385.000000	6.000000	0.119058	0.000000	0.000000	2.961305e+05
20001	386.000000	6.000000	0.122201	0.000000	0.000000	2.726486e+05
20001	387.000000	6.000000	0.125294	0.000000	0.000000	3.762556e+05
20001	388.000000	6.000000	0.128262	0.000000	0.000000	2.564828e+05
20001	389.000000	6.000000	0.130893	0.000000	0.000000	4.810376e+05
20001	390.000000	6.000000	0.133208	0.000000	0.000000	3.306867e+05
20001	391.000000	6.000000	0.134170	0.000000	0.000000	2.544202e+05
20001	392.000000	6.000000	0.135939	0.000000	0.000000	4.477803e+05
20001	393.000000	6.000000	0.139737	0.000000	0.000000	2.139713e+05
20001	394.000000	6.000000	0.141818	0.000000	0.000000	1.412402e+05
20001	395.000000	6.000000	0.144177	0.000000	0.000000	2.394247e+05
20001	396.000000	6.000000	0.146575	0.000000	0.000000	2.917793e+05
20001	397.000000	6.000000	0.148442	0.000000	0.000000	4.938632e+05
20001	398.000000	6.000000	0.150411	0.000000	0.000000	2.998650e+05
20001	399.000000	6.000000	0.151777	0.000000	0.000000	2.972967e+05
20001	400.000000	6.000000	0.154041	0.000000	0.000000	1.748441e+05
20001	401.000000	6.000000	0.153926	0.000000	0.000000	2.211738e+05
20001	402.000000	6.000000	0.154756	0.000000	0.000000	3.088272e+05
20001	403.000000	6.000000	0.156072	0.000000	0.000000	4.001702e+05
20001	404.000000	6.000000	0.157612	0.000000	0.000000	2.742606e+05
20001	405.000000	6.000000	0.159249	0.000000	0.000000	4.288296e+05
20001	406.000000	6.000000	0.159784	0.000000	0.000000	3.187631e+05
20001	407.000000	6.000000	0.160600	0.000000	0.000000	1.162313e+05
20001	408.000000	6.000000	0.161196	0.000000	0.000000	1.214255e+05
20001	409.000000	6.000000	0.160737	0.000000	0.000000	3.263759e+05
20001	410.000000	6.000000	0.160508	0.000000	0.000000	2.732475e+05
20001	411.000000	6.000000	0.160747	0.000000	0.000000	2.379388e+05
20001	412.000000	6.000000	0.160314	0.000000	0.000000	2.359832e+05
20001	413.000000	6.000000	0.159793	0.000000	0.000000	2.390108e+05
20001	414.000000	6.000000	0.159666	0.000000	0.000000	2.150472e+05
20001	415.000000	6.000000	0.158876	0.000000	0.000000	2.253257e+05
20001	416.000000	6.000000	0.157638	0.000000	0.000000	4.550253e+05
20001	417.000000	6.000000	0.156526	0.000000	0.000000	2.229218e+05
20001	418.000000	6.000000	0.154958	0.000000	0.000000	2.796147e+05
20001	419.000000	6.000000	0.153419	0.000000	0.000000	3.004980e+05
20001	420.000000	6.000000	0.151825	0.000000	0.000000	2.703799e+05
20001	421.000000	6.000000	0.150630	0.000000	0.000000	3.214364e+05
20001	422.000000	6.000000	0.149116	0.000000	0.000000	3.908591e+05
20001	423.000000	6.000000	0.146919	0.000000	0.000000	3.513412e+05
20001	424.000000	6.000000	0.144990	0.000000	0.000000	2.850433e+05
20001	425.000000	6.000000	0.142776	0.000000	0.000000	3.337370e+05
20001	426.000000	6.000000	0.139759	0.000000	0.000000	3.484335e+05
20001	427.000000	6.000000	0.136857	0.000000	0.000000	3.501831e+05
20001	428.000000	6.000000	0.134748	0.000000	0.000000	4.430318e+05
20001	429.000000	6.000000	0.131762	0.000000	0.000000	2.767362e+05
20001	430.000000	6.000000	0.129206	0.000000	0.000000	2.666990e+05
20001	431.000000	6.000000	0.126626	0.000000	0.000000	2.815658e+05
20001	432.000000	6.000000	0.123572	0.000000	0.000000	2.828615e+05
20001	433.000000	6.000000	0.120312	0.000000	0.000000	3.619795e+05
20001	434.000000	6.000000	0.117237	0.000000	0.000000	3.129181e+05
20001	435.000000	6.000000	0.113721	0.000000	0.000000	2.983372e+05
20001	436.000000	6.000000	0.110157	0.000000	0.000000	4.424419e+05
20001	437.000000	6.000000	0.106772	0.000000	0.000000	4.040037e+05
20001	438.000000	6.000000	0.103374	0.000000	0.000000	3.274857e+05
20001	439.000000	6.000000	0.100370	0.000000	0.000000	3.710978e+05
20001	440.000000	6.000000	0.097340	0.000000	0.000000	5.977230e+05
20001	441.000000	6.000000	0.093700	0.000000	0.000000	4.796925e+05
20001	442.000000	6.000000	0.090540	0.000000	0.000000	5.099659e+05
20001	443.000000	6.000000	0.086999	0.000000	0.000000	5.642951e+05
20001	444.000000	6.000000	0.083124	0.000000	0.000000	8.041827e+05
20001	445.000000	6.000000	0.079975	0.000000	0.000000	6.191203e+05
20001	446.000000	6.000000	0.076818	0.000000	0.000000	7.643469e+05
20001	447.000000	6.000000	0.073759	0.000000	0.000000	5.886977e+05
20001	448.000000	6.000000	0.071109	0.000000	0.000000	6.021461e+05
20001	449.000000	6.000000	0.068339	0.000000	0.000000	7.135610e+05
20001	450.000000	6.000000	0.065502	0.000000	0.000000	1.216839e+06
20001	451.000000	6.000000	0.062771	0.000000	0.000000	1.387869e+06
20001	452.000000	6.000000	0.060028	0.000000	0.000000	1.437105e+06
20001	453.000000	6.000000	0.057221	0.000000	0.000000	1.992725e+06
20001	454.000000	6.000000	0.054891	0.000000	0.000000	1.314257e+06
20001	455.000000	6.000000	0.052975	0.000000	0.000000	1.552486e+06
20001	456.000000	6.000000	0.051071	0.000000	0.000000	2.728085e+06
20001	457.000000	6.000000	0.049324	0.000000	0.000000	2.409652e+06
20001	458.000000	6.000000	0.048022	0.000000	0.000000	1.778396e+06
20001	459.000000	6.000000	0.046705	0.000000	0.000000	2.309684e+06
20001	460.000000	6.000000	0.045282	0.000000	0.000000	3.295621e+06
20001	461.000000	6.000000	0.044212	0.000000	0.000000	3.713656e+06
20001	462.000000	6.000000	0.043240	0.000000	0.000000	3.940479e+06
20001	463.000000	6.000000	0.042576	0.000000	0.000000	6.042675e+06
20001	464.000000	6.000000	0.042259	0.000000	0.000000	5.001221e+06
20001	465.000000	6.000000	0.042304	0.000000	0.000000	3.078015e+06
20001	466.000000	6.000000	0.042748	0.000000	0.000000	3.457212e+06
20001	467.000000	6.000000	0.043259	0.000000	0.000000	2.317053e+06
20001	468.000000	6.000000	0.043851	0.000000	0.000000	3.944622e+06
20001	469.000000	6.000000	0.044727	0.000000	0.000000	2.966457e+06
20001	470.000000	6.000000	0.045555	0.000000	0.000000	1.864057e+06
20001	471.000000	6.000000	0.046769	0.000000	0.000000	1.400764e+06
20001	472.000000	6.000000	0.048390	0.000000	0.000000	2.583955e+06
20001	473.000000	6.000000	0.050107	0.000000	0.000000	1.419979e+06
20001	474.000000	6.000000	0.052249	0.000000	0.000000	1.264740e+06
20001	475.000000	6.000000	0.054766	0.000000	0.000000	7.820944e+05
20001	476.000000	6.000000	0.057040	0.000000	0.000000	5.978354e+05
20001	477.000000	6.000000	0.059813	0.000000	0.000000	8.541730e+05
20001	478.000000	6.000000	0.062327	0.000000	0.000000	8.850562e+05
20001	479.000000	6.000000	0.064896	0.000000	0.000000	8.627694e+05
20001	480.000000	6.000000	0.068005	0.000000	0.000000	5.736712e+05
20001	481.000000	6.000000	0.071206	0.000000	0.000000	5.310274e+05
20001	482.000000	6.000000	0.074819	0.000000	0.000000	5.489505e+05
20001	483.000000	6.000000	0.078730	0.000000	0.000000	4.355400e+05
20001	484.000000	6.000000	0.082635	0.000000	0.000000	4.931562e+05
20001	485.000000	6.000000	0.086374	0.000000	0.000000	4.688281e+05
20001	486.000000	6.000000	0.090250	0.000000	0.000000	4.011719e+05
20001	487.000000	6.000000	0.094267	0.000000	0.000000	4.007925e+05
20001	488.000000	6.000000	0.098131	0.000000	0.000000	4.705486e+05
20001	489.000000	6.000000	0.102316	0.000000	0.000000	3.170088e+05
20001	490.000000	6.000000	0.106696	0.000000	0.000000	3.206868e+05
20001	491.000000	6.000000	0.111065	0.000000	0.000000	3.173909e+05
20001	492.000000	6.000000	0.115657	0.000000	0.000000	2.880882e+05
20001	493.000000	6.000000	0.120151	0.000000	0.000000	3.103145e+05
20001	494.000000	6.000000	0.124681	0.000000	0.000000	2.892351e+05
20001	495.000000	6.000000	0.129197	0.000000	0.000000	2.894674e+05
20001	496.000000	6.000000	0.133491	0.000000	0.000000	2.641215e+05
20001	497.000000	6.000000	0.137801	0.000000	0.000000	2.679176e+05
20001	498.000000	6.000000	0.142349	0.000000	0.000000	2.561199e+05
20001	499.000000	6.000000	0.146932	0.000000	0.000000	2.542065e+05
20001	500.000000	6.000000	0.151455	0.000000	0.000000	2.539824e+05
20001	501.000000	6.000000	0.155771	0.000000	0.000000	2.488463e+05
20001	502.000000	6.000000	0.160135	0.000000	0.000000	2.295780e+05
20001	503.000000	6.000000	0.164328	0.000000	0.000000	2.414493e+05
20001	504.000000	6.000000	0.168564	0.000000	0.000000	1.992180e+05
20001	505.000000	6.000000	0.172484	0.000000	0.000000	1.866463e+05
20001	506.000000	6.000000	0.176368	0.000000	0.000000	2.078466e+05
20001	507.000000	6.000000	0.180314	0.000000	0.000000	1.966792e+05
20001	508.000000	6.000000	0.184196	0.000000	0.000000	1.932350e+05
20001	509.000000	6.000000	0.188096	0.000000	0.000000	1.683446e+05
20001	510.000000	6.000000	0.192063	0.000000	0.000000	1.755894e+05
20001	511.000000	6.000000	0.195699	0.000000	0.000000	1.725244e+05
20001	512.000000	6.000000	0.199149	0.000000	0.000000	1.489639e+05
20001	513.000000	6.000000	0.202588	0.000000	0.000000	1.254915e+05
20001	514.000000	6.000000	0.205923	0.000000	0.000000	1.320373e+05
20001	515.000000	6.000000	0.209029	0.000000	0.000000	1.221037e+05
20001	516.000000	6.000000	0.211893	0.000000	0.000000	1.265840e+05
20001	517.000000	6.000000	0.215001	0.000000	0.000000	1.252768e+05
20001	518.000000	6.000000	0.217948	0.000000	0.000000	1.272148e+05
20001	519.000000	6.000000	0.220621	0.000000	0.000000	1.230014e+05
20001	520.000000	6.000000	0.223391	0.000000	0.000000	1.258643e+05
20001	521.000000	6.000000	0.225872	0.000000	0.000000	1.261871e+05
20001	522.000000	6.000000	0.228132	0.000000	0.000000	1.151607e+05
20001	523.000000	6.000000	0.230250	0.000000	0.000000	1.143946e+05
20001	524.000000	6.000000	0.232669	0.000000	0.000000	1.173842e+05
20001	525.000000	6.000000	0.234207	0.000000	0.000000	1.122202e+05
20001	526.000000	6.000000	0.236367	0.000000	0.000000	1.085065e+05
20001	527.000000	6.000000	0.238309	0.000000	0.000000	1.031255e+05
20001	528.000000	6.000000	0.239958	0.000000	0.000000	9.947489e+04
20001	529.000000	6.000000	0.241411	0.000000	0.000000	1.010905e+05
20001	530.000000	6.000000	0.242596	0.000000	0.000000	1.077010e+05
20001	531.000000	6.000000	0.243899	0.000000	0.000000	1.058720e+05
20001	532.000000	6.000000	0.244958	0.000000	0.000000	1.019804e+05
20001	533.000000	6.000000	0.245742	0.000000	0.000000	9.609326e+04
20001	534.000000	6.000000	0.246565	0.000000	0.000000	9.696714e+04
20001	535.000000	6.000000	0.247319	0.000000	0.000000	1.016866e+05
20001	536.000000	6.000000	0.248021	0.000000	0.000000	9.571862e+04
20001	537.000000	6.000000	0.248493	0.000000	0.000000	1.032555e+05
20001	538.000000	6.000000	0.248787	0.000000	0.000000	1.187197e+05
20001	539.000000	6.000000	0.248988	0.000000	0.000000	1.040903e+05
20001	540.000000	6.000000	0.248978	0.000000	0.000000	9.882886e+04
20001	541.000000	6.000000	0.248950	0.000000	0.000000	1.168174e+05
20001	542.000000	6.000000	0.248822	0.000000	0.000000	1.120476e+05
20001	543.000000	6.000000	0.248481	0.000000	0.000000	1.149257e+05
20001	544.000000	6.000000	0.248111	0.000000	0.000000	1.189752e+05
20001	545.000000	6.000000	0.247574	0.000000	0.000000	1.079650e+05
20001	546.000000	6.000000	0.246782	0.000000	0.000000	1.033989e+05
20001	547.000000	6.000000	0.246007	0.000000	0.000000	9.763455e+04
20001	548.000000	6.000000	0.245086	0.000000	0.000000	8.748790e+04
20001	549.000000	6.000000	0.243916	0.000000	0.000000	8.188488e+04
20001	550.000000	6.000000	0.242657	0.000000	0.000000	7.877126e+04
20001	551.000000	6.000000	0.241467	0.000000	0.000000	8.178056e+04
20001	552.000000	6.000000	0.240232	0.000000	0.000000	8.715091e+04
20001	553.000000	6.000000	0.238758	0.000000	0.000000	9.015398e+04
20001	554.000000	6.000000	0.237085	0.000000	0.000000	9.823030e+04
20001	555.000000	6.000000	0.235649	0.000000	0.000000	1.103867e+05
20001	556.000000	6.000000	0.233987	0.000000	0.000000	1.201362e+05
20001	557.000000	6.000000	0.231992	0.000000	0.000000	1.356227e+05
20001	558.000000	6.000000	0.230031	0.000000	0.000000	1.567843e+05
20001	559.000000	6.000000	0.228001	0.000000	0.000000	1.667413e+05
20001	560.000000	6.000000	0.225720	0.000000	0.000000	1.950881e+05
20001	561.000000	6.000000	0.223460	0.000000	0.000000	2.023423e+05
20001	562.000000	6.000000	0.221197	0.000000	0.000000	1.990702e+05
20001	563.000000	6.000000	0.218813	0.000000	0.000000	2.106607e+05
20001	564.000000	6.000000	0.216288	0.000000	0.000000	2.286542e+05
20001	565.000000	6.000000	0.213685	0.000000	0.000000	2.145879e+05
20001	566.000000	6.000000	0.210827	0.000000	0.000000	2.173282e+05
20001	567.000000	6.000000	0.207829	0.000000	0.000000	1.905741e+05
20001	568.000000	6.000000	0.205150	0.000000	0.000000	2.225787e+05
20001	569.000000	6.000000	0.202105	0.000000	0.000000	1.973052e+05
20001	570.000000	6.000000	0.199116	0.000000	0.000000	2.040018e+05
20001	571.000000	6.000000	0.196163	0.000000	0.000000	2.033454e+05
20001	572.000000	6.000000	0.192784	0.000000	0.000000	2.031166e+05
20001	573.000000	6.000000	0.189546	0.000000	0.000000	2.055877e+05
20001	574.000000	6.000000	0.186168	0.000000	0.000000	2.047041e+05
20001	575.000000	6.000000	0.182712	0.000000	0.000000	2.001198e+05
20001	576.000000	6.000000	0.179038	0.000000	0.000000	2.297516e+05
20001	577.000000	6.000000	0.175546	0.000000	0.000000	2.171676e+05
20001	578.000000	6.000000	0.172019	0.000000	0.000000	2.096359e+05
20001	579.000000	6.000000	0.168463	0.000000	0.000000	2.370331e+05
20001	580.000000	6.000000	0.164902	0.000000	0.000000	2.450126e+05
20001	581.000000	6.000000	0.161125	0.000000	0.000000	2.391289e+05
20001	582.000000	6.000000	0.157329	0.000000	0.000000	2.193671e+05
20001	583.000000	6.000000	0.153424	0.000000	0.000000	2.354435e+05
20001	584.000000	6.000000	0.149314	0.000000	0.000000	2.288573e+05
20001	585.000000	6.000000	0.145409	0.000000	0.000000	2.364395e+05
20001	586.000000	6.000000	0.141471	0.000000	0.000000	2.452258e+05
20001	587.000000	6.000000	0.137495	0.000000	0.000000	2.524757e+05
20001	588.000000	6.000000	0.133601	0.000000	0.000000	2.709949e+05
20001	589.000000	6.000000	0.129500	0.000000	0.000000	2.720745e+05
20001	590.000000	6.000000	0.125519	0.000000	0.000000	2.743356e+05
20001	591.000000	6.000000	0.121557	0.000000	0.000000	2.810332e+05
20001	592.000000	6.000000	0.117363	0.000000	0.000000	2.820934e+05
20001	593.000000	6.000000	0.113380	0.000000	0.000000	3.133382e+05
20001	594.000000	6.000000	0.109379	0.000000	0.000000	3.298594e+05
20001	595.000000	6.000000	0.105379	0.000000	0.000000	3.101356e+05
20001	596.000000	6.000000	0.101369	0.000000	0.000000	3.239795e+05
20001	597.000000	6.000000	0.097447	0.000000	0.000000	3.425533e+05
20001	598.000000	6.000000	0.093647	0.000000	0.000000	3.620921e+05
20001	599.000000	6.000000	0.089734	0.000000	0.000000	3.984319e+05
20001	600.000000	6.000000	0.085821	0.000000	0.000000	3.993638e+05
20001	601.000000	6.000000	0.081963	0.000000	0.000000	4.380577e+05
20001	602.000000	6.000000	0.078061	0.000000	0.000000	4.472513e+05
20001	603.000000	6.000000	0.074211	0.000000	0.000000	4.643527e+05
20001	604.000000	6.000000	0.070493	0.000000	0.000000	4.769146e+05
20001	605.000000	6.000000	0.066964	0.000000	0.000000	4.774035e+05
20001	606.000000	6.000000	0.063514	0.000000	0.000000	6.266550e+05
20001	607.000000	6.000000	0.060012	0.000000	0.000000	5.903286e+05
20001	608.000000	6.000000	0.056563	0.000000	0.000000	5.833954e+05
20001	609.000000	6.000000	0.053202	0.000000	0.000000	7.047122e+05
20001	610.000000	6.000000	0.049774	0.000000	0.000000	8.985848e+05
20001	611.000000	6.000000	0.046555	0.000000	0.000000	8.645610e+05
20001	612.000000	6.000000	0.043341	0.000000	0.000000	9.389794e+05
20001	613.000000	6.000000	0.040369	0.000000	0.000000	8.964029e+05
20001	614.000000	6.000000	0.037469	0.000000	0.000000	9.652535e+05
20001	615.000000	6.000000	0.034702	0.000000	0.000000	9.821663e+05
20001	616.000000	6.000000	0.032051	0.000000	0.000000	1.047601e+06
20001	617.000000	6.000000	0.029455	0.000000	0.000000	1.025851e+06
20001	618.000000	6.000000	0.026827	0.000000	0.000000	1.264255e+06
20001	619.000000	6.000000	0.024194	0.000000	0.000000	1.808025e+06
20001	620.000000	6.000000	0.021878	0.000000	0.000000	1.628765e+06
20001	621.000000	6.000000	0.019784	0.000000	0.000000	3.954585e+06
20001	622.000000	6.000000	0.017863	0.000000	0.000000	3.096017e+06
20001	623.000000	6.000000	0.016102	0.000000	0.000000	3.582734e+06
20001	624.000000	6.000000	0.014550	0.000000	0.000000	4.671922e+06
20001	625.000000	6.000000	0.012953	0.000000	0.000000	4.566033e+06
20001	626.000000	6.000000	0.011418	0.000000	0.000000	5.423909e+06
20001	627.000000	6.000000	0.009872	0.000000	0.000000	8.327870e+06
20001	628.000000	6.000000	0.008586	0.000000	0.000000	4.983672e+06
20001	629.000000	6.000000	0.007524	0.000000	0.000000	1.000000e+07
20001	630.000000	6.000000	0.006622	0.000000	0.000000	1.000000e+07
20001	631.000000	6.000000	0.005991	0.000000	0.000000	1.000000e+07
20001	632.000000	6.000000	0.005591	0.000000	0.000000	1.000000e+07
20001	633.000000	6.000000	0.005189	0.000000	0.000000	1.000000e+07
20001	634.000000	6.000000	0.004935	0.000000	0.000000	1.000000e+07
20001	635.000000	6.000000	0.004762	0.000000	0.000000	1.000000e+07
20001	636.000000	6.000000	0.004519	0.000000	0.000000	1.000000e+07
20001	637.000000	6.000000	0.004401	0.000000	0.000000	1.000000e+07
20001	638.000000	6.000000	0.004590	0.000000	0.000000	1.000000e+07
20001	639.000000	6.000000	0.005260	0.000000	0.000000	9.740340e+06
20001	640.000000	6.000000	0.006086	0.000000	0.000000	9.516857e+06
20001	641.000000	6.000000	0.006817	0.000000	0.000000	7.689874e+06
20001	642.000000	6.000000	0.007596	0.000000	0.000000	4.305762e+06
20001	643.000000	6.000000	0.008567	0.000000	0.000000	4.547105e+06
20001	644.000000	6.000000	0.009581	0.000000	0.000000	2.567019e+06
20001	645.000000	6.000000	0.010647	0.000000	0.000000	2.618274e+06
20001	646.000000	6.000000	0.011860	0.000000	0.000000	3.768125e+06
20001	647.000000	6.000000	0.013370	0.000000	0.000000	3.655251e+06
20001	648.000000	6.000000	0.015153	0.000000	0.000000	1.410487e+06
20001	649.000000	6.000000	0.017046	0.000000	0.000000	1.207514e+06
20001	650.000000	6.000000	0.018967	0.000000	0.000000	1.321111e+06
20001	651.000000	6.000000	0.021056	0.000000	0.000000	1.533289e+06
20001	652.000000	6.000000	0.022966	0.000000	0.000000	1.257509e+06
20001	653.000000	6.000000	0.024725	0.000000	0.000000	7.360719e+05
20001	654.000000	6.000000	0.027046	0.000000	0.000000	1.029401e+06
20001	655.000000	6.000000	0.029310	0.000000	0.000000	1.213371e+06
20001	656.000000	6.000000	0.031656	0.000000	0.000000	1.495965e+06
20001	657.000000	6.000000	0.034521	0.000000	0.000000	8.761009e+05
20001	658.000000	6.000000	0.037475	0.000000	0.000000	5.507817e+05
20001	659.000000	6.000000	0.040187	0.000000	0.000000	4.967918e+05
20001	660.000000	6.000000	0.042909	0.000000	0.000000	5.156630e+05
20001	661.000000	6.000000	0.046006	0.000000	0.000000	5.027803e+05
20001	662.000000	6.000000	0.048554	0.000000	0.000000	5.720837e+05
20001	663.000000	6.000000	0.051365	0.000000	0.000000	6.531248e+05
20001	664.000000	6.000000	0.054640	0.000000	0.000000	6.672992e+05
20001	665.000000	6.000000	0.057765	0.000000	0.000000	5.646453e+05
20001	666.000000	6.000000	0.060991	0.000000	0.000000	5.278246e+05
20001	667.000000	6.000000	0.064749	0.000000	0.000000	4.845481e+05
20001	668.000000	6.000000	0.067913	0.000000	0.000000	3.810545e+05
20001	669.000000	6.000000	0.071205	0.000000	0.000000	3.345814e+05
20001	670.000000	6.000000	0.074381	0.000000	0.000000	3.514412e+05
20001	671.000000	6.000000	0.077839	0.000000	0.000000	5.081019e+05
20001	672.000000	6.000000	0.081601	0.000000	0.000000	4.251419e+05
20001	673.000000	6.000000	0.084999	0.000000	0.000000	3.997417e+05
20001	674.000000	6.000000	0.088481	0.000000	0.000000	4.025789e+05
20001	675.000000	6.000000	0.091987	0.000000	0.000000	3.571788e+05
20001	676.000000	6.000000	0.095563	0.000000	0.000000	3.726530e+05
20001	677.000000	6.000000	0.099137	0.000000	0.000000	3.094950e+05
20001	678.000000	6.000000	0.102834	0.000000	0.000000	2.808769e+05
20001	679.000000	6.000000	0.106672	0.000000	0.000000	3.065182e+05
20001	680.000000	6.000000	0.110312	0.000000	0.000000	2.913512e+05
20001	681.000000	6.000000	0.113907	0.000000	0.000000	3.069717e+05
20001	682.000000	6.000000	0.117618	0.000000	0.000000	3.269760e+05
20001	683.000000	6.000000	0.121115	0.000000	0.000000	2.871327e+05
20001	684.000000	6.000000	0.124442	0.000000	0.000000	3.177468e+05
20001	685.000000	6.000000	0.128295	0.000000	0.000000	3.098537e+05
20001	686.000000	6.000000	0.131879	0.000000	0.000000	2.996071e+05
20001	687.000000	6.000000	0.135572	0.000000	0.000000	2.746308e+05
20001	688.000000	6.000000	0.139294	0.000000	0.000000	2.640941e+05
20001	689.000000	6.000000	0.142701	0.000000	0.000000	3.203653e+05
20001	690.000000	6.000000	0.146277	0.000000	0.000000	3.096289e+05
20001	691.000000	6.000000	0.149812	0.000000	0.000000	2.732644e+05
20001	692.000000	6.000000	0.153397	0.000000	0.000000	2.971017e+05
20001	693.000000	6.000000	0.156805	0.000000	0.000000	3.045470e+05
20001	694.000000	6.000000	0.160230	0.000000	0.000000	2.644206e+05
20001	695.000000	6.000000	0.163532	0.000000	0.000000	3.130874e+05
20001	696.000000	6.000000	0.167366	0.000000	0.000000	2.677249e+05
20001	697.000000	6.000000	0.170866	0.000000	0.000000	2.569035e+05
20001	698.000000	6.000000	0.174201	0.000000	0.000000	2.276770e+05
20001	699.000000	6.000000	0.177600	0.000000	0.000000	2.171940e+05
20001	700.000000	6.000000	0.181067	0.000000	0.000000	2.558742e+05
20001	701.000000	6.000000	0.183934	0.000000	0.000000	2.352974e+05
20001	702.000000	6.000000	0.187348	0.000000	0.000000	2.223775e+05
20001	703.000000	6.000000	0.190653	0.000000	0.000000	1.940216e+05
20001	704.000000	6.000000	0.194240	0.000000	0.000000	1.727384e+05
20001	705.000000	6.000000	0.197080	0.000000	0.000000	1.945799e+05
20001	706.000000	6.000000	0.200248	0.000000	0.000000	1.715399e+05
20001	707.000000	6.000000	0.203587	0.000000	0.000000	1.932975e+05
20001	708.000000	6.000000	0.206580	0.000000	0.000000	1.976154e+05
20001	709.000000	6.000000	0.209435	0.000000	0.000000	2.118459e+05
20001	710.000000	6.000000	0.212290	0.000000	0.000000	2.004806e+05
20001	711.000000	6.000000	0.215400	0.000000	0.000000	1.800472e+05
20001	712.000000	6.000000	0.218367	0.000000	0.000000	1.844220e+05
20001	713.000000	6.000000	0.221180	0.000000	0.000000	1.823743e+05
20001	714.000000	6.000000	0.223933	0.000000	0.000000	1.776974e+05
20001	715.000000	6.000000	0.226665	0.000000	0.000000	1.698695e+05
20001	716.000000	6.000000	0.229481	0.000000	0.000000	1.809531e+05
20001	717.000000	6.000000	0.232124	0.000000	0.000000	1.837968e+05
20001	718.000000	6.000000	0.234637	0.000000	0.000000	1.707927e+05
20001	719.000000	6.000000	0.237164	0.000000	0.000000	1.663379e+05
20001	720.000000	6.000000	0.239780	0.000000	0.000000	1.654708e+05
20001	721.000000	6.000000	0.242422	0.000000	0.000000	1.459782e+05
20001	722.000000	6.000000	0.244807	0.000000	0.000000	1.182903e+05
20001	723.000000	6.000000	0.247209	0.000000	0.000000	1.208751e+05
20001	724.000000	6.000000	0.249677	0.000000	0.000000	1.506126e+05
20001	725.000000	6.000000	0.252074	0.000000	0.000000	1.363686e+05
20001	726.000000	6.000000	0.254283	0.000000	0.000000	1.270254e+05
20001	727.000000	6.000000	0.256500	0.000000	0.000000	1.363193e+05
20001	728.000000	6.000000	0.258728	0.000000	0.000000	1.414295e+05
20001	729.000000	6.000000	0.261021	0.000000	0.000000	1.306139e+05
20001	730.000000	6.000000	0.263152	0.000000	0.000000	1.404474e+05
20001	731.000000	6.000000	0.265185	0.000000	0.000000	1.300236e+05
20001	732.000000	6.000000	0.267151	0.000000	0.000000	1.315840e+05
20001	733.000000	6.000000	0.269341	0.000000	0.000000	1.325121e+05
20001	734.000000	6.000000	0.271359	0.000000	0.000000	1.468528e+05
20001	735.000000	6.000000	0.273254	0.000000	0.000000	1.347665e+05
20001	736.000000	6.000000	0.274926	0.000000	0.000000	1.134689e+05
20001	737.000000	6.000000	0.277068	0.000000	0.000000	1.487659e+05
20001	738.000000	6.000000	0.278808	0.000000	0.000000	1.735858e+05
20001	739.000000	6.000000	0.280379	0.000000	0.000000	1.254548e+05
20001	740.000000	6.000000	0.282073	0.000000	0.000000	1.377341e+05
20001	741.000000	6.000000	0.283850	0.000000	0.000000	1.492433e+05
20001	742.000000	6.000000	0.285531	0.000000	0.000000	1.393066e+05
20001	743.000000	6.000000	0.287283	0.000000	0.000000	1.318042e+05
20001	744.000000	6.000000	0.288692	0.000000	0.000000	1.782772e+05
20001	745.000000	6.000000	0.289909	0.000000	0.000000	1.268532e+05
20001	746.000000	6.000000	0.291559	0.000000	0.000000	1.458056e+05
20001	747.000000	6.000000	0.292804	0.000000	0.000000	1.518712e+05
20001	748.000000	6.000000	0.293849	0.000000	0.000000	1.591609e+05
20001	749.000000	6.000000	0.295579	0.000000	0.000000	1.166998e+05
20001	750.000000	6.000000	0.296583	0.000000	0.000000	1.011603e+05
20001	751.000000	6.000000	0.297778	0.000000	0.000000	1.135591e+05
20001	752.000000	6.000000	0.299007	0.000000	0.000000	1.360929e+05
20001	753.000000	6.000000	0.300470	0.000000	0.000000	1.323106e+05
20001	754.000000	6.000000	0.301428	0.000000	0.000000	1.537109e+05
20001	755.000000	6.000000	0.302809	0.000000	0.000000	1.456855e+05
20001	756.000000	6.000000	0.303533	0.000000	0.000000	1.471895e+05
20001	757.000000	6.000000	0.304616	0.000000	0.000000	1.215458e+05
20001	758.000000	6.000000	0.305394	0.000000	0.000000	1.166248e+05
20001	759.000000	6.000000	0.306459	0.000000	0.000000	1.066752e+05
20001	760.000000	6.000000	0.307332	0.000000	0.000000	1.080826e+05
20001	761.000000	6.000000	0.308043	0.000000	0.000000	1.261485e+05
20001	762.000000	6.000000	0.308828	0.000000	0.000000	1.371993e+05
20001	763.000000	6.000000	0.309732	0.000000	0.000000	1.406942e+05
20001	764.000000	6.000000	0.310207	0.000000	0.000000	1.011073e+05
20001	765.000000	6.000000	0.311054	0.000000	0.000000	1.105436e+05
20001	766.000000	6.000000	0.311894	0.000000	0.000000	1.281993e+05
20001	767.000000	6.000000	0.312548	0.000000	0.000000	1.290973e+05
20001	768.000000	6.000000	0.313210	0.000000	0.000000	1.264176e+05
20001	769.000000	6.000000	0.314071	0.000000	0.000000	1.219391e+05
20001	770.000000	6.000000	0.314527	0.000000	0.000000	1.131041e+05
20001	771.000000	6.000000	0.314878	0.000000	0.000000	1.020694e+05
20001	772.000000	6.000000	0.315703	0.000000	0.000000	1.343075e+05
20001	773.000000	6.000000	0.315857	0.000000	0.000000	1.436201e+05
20001	774.000000	6.000000	0.316001	0.000000	0.000000	1.542528e+05
20001	775.000000	6.000000	0.316494	0.000000	0.000000	1.096819e+05
20001	776.000000	6.000000	0.316837	0.000000	0.000000	1.334761e+05
20001	777.000000	6.000000	0.317102	0.000000	0.000000	1.050035e+05
20001	778.000000	6.000000	0.317187	0.000000	0.000000	8.372804e+04
20001	779.000000	6.000000	0.317169	0.000000	0.000000	8.857645e+04
20001	780.000000	6.000000	0.317574	0.000000	0.000000	8.190200e+04
20001	781.000000	6.000000	0.317857	0.000000	0.000000	5.944231e+04
20001	782.000000	6.000000	0.317732	0.000000	0.000000	7.305026e+04
20001	783.000000	6.000000	0.317654	0.000000	0.000000	1.103922e+05
20001	784.000000	6.000000	0.318073	0.000000	0.000000	1.031759e+05
20001	785.000000	6.000000	0.317355	0.000000	0.000000	8.574366e+04
20001	786.000000	6.000000	0.317594	0.000000	0.000000	7.393857e+04
20001	787.000000	6.000000	0.317471	0.000000	0.000000	5.672468e+04
20001	788.000000	6.000000	0.317306	0.000000	0.000000	7.682318e+04
20001	789.000000	6.000000	0.317305	0.000000	0.000000	6.478003e+04
20001	790.000000	6.000000	0.317561	0.000000	0.000000	7.259961e+04
20001	791.000000	6.000000	0.317431	0.000000	0.000000	6.665435e+04
20001	792.000000	6.000000	0.316370	0.000000	0.000000	5.738053e+04
20001	793.000000	6.000000	0.317152	0.000000	0.000000	6.634200e+04
20001	794.000000	6.000000	0.316213	0.000000	0.000000	7.703784e+04
20001	795.000000	6.000000	0.315607	0.000000	0.000000	6.004894e+04
20001	796.000000	6.000000	0.315531	0.000000	0.000000	5.909160e+04
20001	797.000000	6.000000	0.315826	0.000000	0.000000	7.118890e+04
20001	798.000000	6.000000	0.315125	0.000000	0.000000	7.054047e+04
20001	799.000000	6.000000	0.314601	0.000000	0.000000	7.266954e+04
20001	800.000000	6.000000	0.313992	0.000000	0.000000	8.352173e+04
20001	801.000000	6.000000	0.313250	0.000000	0.000000	8.322997e+04
20001	802.000000	6.000000	0.313179	0.000000	0.000000	8.233362e+04
20001	803.000000	6.000000	0.313000	0.000000	0.000000	8.893225e+04
20001	804.000000	6.000000	0.312816	0.000000	0.000000	1.160257e+05
20001	805.000000	6.000000	0.312546	0.000000	0.000000	9.921810e+04
20001	806.000000	6.000000	0.311666	0.000000	0.000000	9.298001e+04
20001	807.000000	6.000000	0.310523	0.000000	0.000000	1.056024e+05
20001	808.000000	6.000000	0.309712	0.000000	0.000000	1.127851e+05
20001	809.000000	6.000000	0.308993	0.000000	0.000000	9.185677e+04
20001	810.000000	6.000000	0.308494	0.000000	0.000000	9.540654e+04
20001	811.000000	6.000000	0.308325	0.000000	0.000000	8.156522e+04
20001	812.000000	6.000000	0.307896	0.000000	0.000000	7.674322e+04
20001	813.000000	6.000000	0.306996	0.000000	0.000000	9.298421e+04
20001	814.000000	6.000000	0.305818	0.000000	0.000000	1.192643e+05
20001	815.000000	6.000000	0.304971	0.000000	0.000000	2.018438e+05
20001	816.000000	6.000000	0.305010	0.000000	0.000000	1.860121e+05
20001	817.000000	6.000000	0.303937	0.000000	0.000000	1.821651e+05
20001	818.000000	6.000000	0.302348	0.000000	0.000000	1.603484e+05
20001	819.000000	6.000000	0.301998	0.000000	0.000000	1.791250e+05
20001	820.000000	6.000000	0.300708	0.000000	0.000000	1.952279e+05
20001	821.000000	6.000000	0.300003	0.000000	0.000000	1.790124e+05
20001	822.000000	6.000000	0.298925	0.000000	0.000000	2.012532e+05
20001	823.000000	6.000000	0.297823	0.000000	0.000000	2.619788e+05
20001	824.000000	6.000000	0.296709	0.000000	0.000000	1.989002e+05
20001	825.000000	6.000000	0.296373	0.000000	0.000000	1.324348e+05
20001	826.000000	6.000000	0.295130	0.000000	0.000000	2.122606e+05
20001	827.000000	6.000000	0.293514	0.000000	0.000000	1.791973e+05
20001	828.000000	6.000000	0.292656	0.000000	0.000000	8.729570e+04
20001	829.000000	6.000000	0.292041	0.000000	0.000000	1.160534e+05
20001	830.000000	6.000000	0.290885	0.000000	0.000000	1.744444e+05
20001	831.000000	6.000000	0.289714	0.000000	0.000000	1.694989e+05
20001	832.000000	6.000000	0.287453	0.000000	0.000000	2.159057e+05
20001	833.000000	6.000000	0.286229	0.000000	0.000000	2.668482e+05
20001	834.000000	6.000000	0.285418	0.000000	0.000000	3.196391e+05
20001	835.000000	6.000000	0.283881	0.000000	0.000000	1.689586e+05
20001	836.000000	6.000000	0.283451	0.000000	0.000000	1.159605e+05
20001	837.000000	6.000000	0.282144	0.000000	0.000000	1.749812e+05
20001	838.000000	6.000000	0.280725	0.000000	0.000000	1.444244e+05
20001	839.000000	6.000000	0.279742	0.000000	0.000000	1.279170e+05
20001	840.000000	6.000000	0.277835	0.000000	0.000000	1.896246e+05
20001	841.000000	6.000000	0.276358	0.000000	0.000000	1.705000e+05
20001	842.000000	6.000000	0.275367	0.000000	0.000000	1.385377e+05
20001	843.000000	6.000000	0.274253	0.000000	0.000000	1.526361e+05
20001	844.000000	6.000000	0.272584	0.000000	0.000000	1.387981e+05
20001	845.000000	6.000000	0.270857	0.000000	0.000000	1.149722e+05
20001	846.000000	6.000000	0.269928	0.000000	0.000000	1.466433e+05
20001	847.000000	6.000000	0.268227	0.000000	0.000000	1.840626e+05
20001	848.000000	6.000000	0.266611	0.000000	0.000000	2.592266e+05
20001	849.000000	6.000000	0.265176	0.000000	0.000000	2.269753e+05
20001	850.000000	6.000000	0.263396	0.000000	0.000000	2.277094e+05
20001	851.000000	6.000000	0.261817	0.000000	0.000000	3.126630e+05
20001	852.000000	6.000000	0.260125	0.000000	0.000000	2.436778e+05
20001	853.000000	6.000000	0.258951	0.000000	0.000000	1.298937e+05
20001	854.000000	6.000000	0.257387	0.000000	0.000000	1.035146e+05
20001	855.000000	6.000000	0.255427	0.000000	0.000000	1.284371e+05
20001	856.000000	6.000000	0.254300	0.000000	0.000000	2.157687e+05
20001	857.000000	6.000000	0.252858	0.000000	0.000000	1.665965e+05
20001	858.000000	6.000000	0.250243	0.000000	0.000000	1.841669e+05
20001	859.000000	6.000000	0.248628	0.000000	0.000000	1.240279e+05
20001	860.000000	6.000000	0.247237	0.000000	0.000000	1.274680e+05
20001	861.000000	6.000000	0.245523	0.000000	0.000000	1.516902e+05
20001	862.000000	6.000000	0.243923	0.000000	0.000000	1.438275e+05
20001	863.000000	6.000000	0.242639	0.000000	0.000000	1.020681e+05
20001	864.000000	6.000000	0.240526	0.000000	0.000000	9.239986e+04
20001	865.000000	6.000000	0.238419	0.000000	0.000000	1.237115e+05
20001	866.000000	6.000000	0.237296	0.000000	0.000000	2.196972e+05
20001	867.000000	6.000000	0.234992	0.000000	0.000000	1.684075e+05
20001	868.000000	6.000000	0.233041	0.000000	0.000000	1.599316e+05
20001	869.000000	6.000000	0.231663	0.000000	0.000000	1.586984e+05
20001	870.000000	6.000000	0.230381	0.000000	0.000000	1.493976e+05
20001	871.000000	6.000000	0.228996	0.000000	0.000000	2.730048e+05
20001	872.000000	6.000000	0.226047	0.000000	0.000000	9.468905e+04
20001	873.000000	6.000000	0.224913	0.000000	0.000000	1.891953e+05
20001	874.000000	6.000000	0.223069	0.000000	0.000000	1.605325e+05
20001	875.000000	6.000000	0.220368	0.000000	0.000000	2.168617e+05
20001	876.000000	6.000000	0.218008	0.000000	0.000000	1.620928e+05
20001	877.000000	6.000000	0.217427	0.000000	0.000000	1.633829e+05
20001	878.000000	6.000000	0.215337	0.000000	0.000000	3.199772e+05
20001	879.000000	6.000000	0.212987	0.000000	0.000000	2.607497e+05
20001	880.000000	6.000000	0.211468	0.000000	0.000000	2.019337e+05
20001	881.000000	6.000000	0.209846	0.000000	0.000000	1.630611e+05
20001	882.000000	6.000000	0.207444	0.000000	0.000000	2.542705e+05
20001	883.000000	6.000000	0.205414	0.000000	0.000000	1.782544e+05
20001	884.000000	6.000000	0.202858	0.000000	0.000000	7.626369e+04
20001	885.000000	6.000000	0.201024	0.000000	0.000000	1.345872e+05
20001	886.000000	6.000000	0.199336	0.000000	0.000000	1.057040e+05
20001	887.000000	6.000000	0.197335	0.000000	0.000000	1.159755e+05
20001	888.000000	6.000000	0.195160	0.000000	0.000000	1.415701e+05
20001	889.000000	6.000000	0.193652	0.000000	0.000000	1.569933e+05
20001	890.000000	6.000000	0.191731	0.000000	0.000000	2.166473e+05
20001	891.000000	6.000000	0.189606	0.000000	0.000000	2.196407e+05
20001	892.000000	6.000000	0.187695	0.000000	0.000000	2.411444e+05
20001	893.000000	6.000000	0.185807	0.000000	0.000000	3.572945e+05
20001	894.000000	6.000000	0.183934	0.000000	0.000000	4.299282e+05
20001	895.000000	6.000000	0.182089	0.000000	0.000000	3.385223e+05
20001	896.000000	6.000000	0.180169	0.000000	0.000000	3.256047e+05
20001	897.000000	6.000000	0.178304	0.000000	0.000000	5.601569e+05
20001	898.000000	6.000000	0.176540	0.000000	0.000000	5.820404e+05
20001	899.000000	6.000000	0.174460	0.000000	0.000000	3.645958e+05
20001	900.000000	6.000000	0.172610	0.000000	0.000000	2.964891e+05
20001	901.000000	6.000000	0.170351	0.000000	0.000000	2.774568e+05
20001	902.000000	6.000000	0.167940	0.000000	0.000000	2.812683e+05
20001	903.000000	6.000000	0.166278	0.000000	0.000000	6.433185e+05
20001	904.000000	6.000000	0.164484	0.000000	0.000000	2.912783e+05
20001	905.000000	6.000000	0.161958	0.000000	0.000000	2.923042e+05
20001	906.000000	6.000000	0.160174	0.000000	0.000000	3.526888e+05
20001	907.000000	6.000000	0.157848	0.000000	0.000000	4.491138e+05
20001	908.000000	6.000000	0.156192	0.000000	0.000000	4.890030e+05
20001	909.000000	6.000000	0.154354	0.000000	0.000000	3.367449e+05
20001	910.000000	6.000000	0.152815	0.000000	0.000000	5.569646e+05
20001	911.000000	6.000000	0.151205	0.000000	0.000000	3.808910e+05
20001	912.000000	6.000000	0.148088	0.000000	0.000000	4.692073e+05
20001	913.000000	6.000000	0.145866	0.000000	0.000000	4.050991e+05
20001	914.000000	6.000000	0.143656	0.000000	0.000000	3.873855e+05
20001	915.000000	6.000000	0.141793	0.000000	0.000000	4.725683e+05
20001	916.000000	6.000000	0.140062	0.000000	0.000000	3.657077e+05
20001	917.000000	6.000000	0.137925	0.000000	0.000000	4.427380e+05
20001	918.000000	6.000000	0.136018	0.000000	0.000000	5.013607e+05
20001	919.000000	6.000000	0.133941	0.000000	0.000000	4.770978e+05
20001	920.000000	6.000000	0.131843	0.000000	0.000000	6.075851e+05
20001	921.000000	6.000000	0.129792	0.000000	0.000000	6.014525e+05
20001	922.000000	6.000000	0.127760	0.000000	0.000000	4.868139e+05
20001	923.000000	6.000000	0.125777	0.000000	0.000000	4.768688e+05
20001	924.000000	6.000000	0.124198	0.000000	0.000000	5.836709e+05
20001	925.000000	6.000000	0.122506	0.000000	0.000000	6.707904e+05
20001	926.000000	6.000000	0.120452	0.000000	0.000000	6.305301e+05
20001	927.000000	6.000000	0.118474	0.000000	0.000000	5.473770e+05
20001	928.000000	6.000000	0.116700	0.000000	0.000000	5.437363e+05
20001	929.000000	6.000000	0.114631	0.000000	0.000000	5.450135e+05
20001	930.000000	6.000000	0.112645	0.000000	0.000000	6.329367e+05
20001	931.000000	6.000000	0.110918	0.000000	0.000000	5.908605e+05
20001	932.000000	6.000000	0.109091	0.000000	0.000000	5.450077e+05
20001	933.000000	6.000000	0.107114	0.000000	0.000000	5.324670e+05
20001	934.000000	6.000000	0.105267	0.000000	0.000000	5.146254e+05
20001	935.000000	6.000000	0.103259	0.000000	0.000000	5.011753e+05
20001	936.000000	6.000000	0.101689	0.000000	0.000000	5.206330e+05
20001	937.000000	6.000000	0.099640	0.000000	0.000000	6.018466e+05
20001	938.000000	6.000000	0.097716	0.000000	0.000000	6.280822e+05
20001	939.000000	6.000000	0.095846	0.000000	0.000000	6.752888e+05
20001	940.000000	6.000000	0.093690	0.000000	0.000000	7.695466e+05
20001	941.000000	6.000000	0.092175	0.000000	0.000000	5.256899e+05
20001	942.000000	6.000000	0.090566	0.000000	0.000000	5.697828e+05
20001	943.000000	6.000000	0.088612	0.000000	0.000000	6.792669e+05
20001	944.000000	6.000000	0.087122	0.000000	0.000000	7.183613e+05
20001	945.000000	6.000000	0.085337	0.000000	0.000000	7.335792e+05
20001	946.000000	6.000000	0.083316	0.000000	0.000000	6.749841e+05
20001	947.000000	6.000000	0.081433	0.000000	0.000000	6.289661e+05
20001	948.000000	6.000000	0.079807	0.000000	0.000000	4.827845e+05
20001	949.000000	6.000000	0.077990	0.000000	0.000000	6.301478e+05
20001	950.000000	6.000000	0.076460	0.000000	0.000000	7.106338e+05
20001	951.000000	6.000000	0.074925	0.000000	0.000000	6.208678e+05
20001	952.000000	6.000000	0.073444	0.000000	0.000000	5.717805e+05
20001	953.000000	6.000000	0.071798	0.000000	0.000000	8.732037e+05
20001	954.000000	6.000000	0.070225	0.000000	0.000000	1.202025e+06
20001	955.000000	6.000000	0.068196	0.000000	0.000000	9.414165e+05
20001	956.000000	6.000000	0.066377	0.000000	0.000000	7.451039e+05
20001	957.000000	6.000000	0.064929	0.000000	0.000000	1.565930e+06
20001	958.000000	6.000000	0.063762	0.000000	0.000000	1.308819e+06
20001	959.000000	6.000000	0.062292	0.000000	0.000000	8.163685e+05
20001	960.000000	6.000000	0.060619	0.000000	0.000000	6.088746e+05
20001	961.000000	6.000000	0.059845	0.000000	0.000000	9.954756e+05
20001	962.000000	6.000000	0.058100	0.000000	0.000000	1.432052e+06
20001	963.000000	6.000000	0.055921	0.000000	0.000000	1.266513e+06
20001	964.000000	6.000000	0.054502	0.000000	0.000000	1.825275e+06
20001	965.000000	6.000000	0.052879	0.000000	0.000000	6.379492e+06
20001	966.000000	6.000000	0.051328	0.000000	0.000000	1.627006e+06
20001	967.000000	6.000000	0.050156	0.000000	0.000000	9.433514e+05
20001	968.000000	6.000000	0.049583	0.000000	0.000000	8.059761e+05
20001	969.000000	6.000000	0.048303	0.000000	0.000000	1.955996e+06
20001	970.000000	6.000000	0.046767	0.000000	0.000000	2.385687e+06
20001	971.000000	6.000000	0.045423	0.000000	0.000000	1.980643e+06
20001	972.000000	6.000000	0.043896	0.000000	0.000000	1.557645e+06
20001	973.000000	6.000000	0.042139	0.000000	0.000000	3.203214e+06
20001	974.000000	6.000000	0.040749	0.000000	0.000000	6.195900e+06
20001	975.000000	6.000000	0.039580	0.000000	0.000000	3.006714e+06
20001	976.000000	6.000000	0.038425	0.000000	0.000000	1.767380e+06
20001	977.000000	6.000000	0.037935	0.000000	0.000000	1.393569e+06
20001	978.000000	6.000000	0.036899	0.000000	0.000000	1.069479e+06
20001	979.000000	6.000000	0.035676	0.000000	0.000000	4.082220e+06
20001	980.000000	6.000000	0.034171	0.000000	0.000000	4.286874e+06
20001	981.000000	6.000000	0.032689	0.000000	0.000000	5.069609e+06
20001	982.000000	6.000000	0.031587	0.000000	0.000000	3.691560e+06
20001	983.000000	6.000000	0.030476	0.000000	0.000000	3.004044e+06
20001	984.000000	6.000000	0.029312	0.000000	0.000000	1.744439e+06
20001	985.000000	6.000000	0.028648	0.000000	0.000000	3.151272e+06
20001	986.000000	6.000000	0.028337	0.000000	0.000000	1.263350e+06
20001	987.000000	6.000000	0.027361	0.000000	0.000000	1.518943e+06
20001	988.000000	6.000000	0.026295	0.000000	0.000000	3.108363e+06
20001	989.000000	6.000000	0.025396	0.000000	0.000000	2.983507e+06
20001	990.000000	6.000000	0.024016	0.000000	0.000000	1.659151e+06
20001	991.000000	6.000000	0.022526	0.000000	0.000000	1.905659e+06
20001	992.000000	6.000000	0.021664	0.000000	0.000000	3.730984e+06
20001	993.000000	6.000000	0.021253	0.000000	0.000000	1.786870e+06
20001	994.000000	6.000000	0.020319	0.000000	0.000000	1.437341e+06
20001	995.000000	6.000000	0.019772	0.000000	0.000000	9.386172e+06
20001	996.000000	6.000000	0.019108	0.000000	0.000000	2.481782e+06
20001	997.000000	6.000000	0.018498	0.000000	0.000000	1.569175e+06
20001	998.000000	6.000000	0.017753	0.000000	0.000000	2.438271e+06
20001	999.000000	6.000000	0.017595	0.000000	0.000000	1.900921e+06
20001	1000.000000	6.000000	0.017108	0.000000	0.000000	9.457326e+05
