190.746475 1.826594 0.393016 3.181985 1.435761
191.482941 1.839446 0.397739 3.225367 1.463238
192.225128 1.836452 0.397805 3.214308 1.461099
192.973083 1.833945 0.393871 3.208221 1.444674
193.726883 1.842137 0.396976 3.235878 1.462569
194.486603 1.839270 0.391733 3.229459 1.441005
195.252289 1.846813 0.391969 3.257078 1.447786
196.024048 1.831193 0.390914 3.200453 1.431679
196.801910 1.838872 0.391699 3.228024 1.440568
197.585983 1.836149 0.391838 3.217905 1.438944
198.376328 1.842309 0.392586 3.239977 1.446530
199.173019 1.838413 0.385562 3.231105 1.417643
199.976135 1.841977 0.388698 3.241794 1.431945
200.785767 1.846735 0.388681 3.259356 1.435583
201.601959 1.847628 0.389131 3.262305 1.437937
202.424820 1.844803 0.386907 3.253600 1.427534
203.254440 1.848232 0.385833 3.267093 1.426216
204.090881 1.847502 0.385605 3.264574 1.424811
204.934219 1.847006 0.380651 3.266536 1.406129
205.784576 1.849053 0.381413 3.273521 1.410507
206.642014 1.852577 0.381296 3.286655 1.412762
207.506622 1.852578 0.380476 3.287282 1.409725
208.378494 1.854333 0.379169 3.294782 1.406213
209.257736 1.856468 0.379499 3.302456 1.409056
210.144424 1.855148 0.375709 3.300416 1.393990
211.038651 1.858632 0.376808 3.312530 1.400695
211.940521 1.857079 0.373382 3.309330 1.386801
212.850143 1.854757 0.372089 3.301672 1.380268
213.767593 1.858516 0.372011 3.315688 1.382778
214.692993 1.862885 0.369808 3.333583 1.377821
215.626450 1.861395 0.368897 3.328705 1.373326
216.568039 1.863676 0.367692 3.338089 1.370518
217.517899 1.861236 0.365263 3.330782 1.359680
218.476135 1.861647 0.363984 3.333247 1.355218
219.442841 1.864297 0.362402 3.344267 1.351250
220.418152 1.864466 0.360392 3.346350 1.343878
221.402161 1.864412 0.359148 3.347044 1.339199
222.394989 1.866156 0.358209 3.354224 1.336946
223.396774 1.868833 0.357017 3.365075 1.334409
224.407608 1.866200 0.354901 3.356746 1.324633
225.427643 1.869053 0.354866 3.367427 1.326528
226.457001 1.870687 0.352954 3.374892 1.320532
227.495789 1.869491 0.350467 3.372168 1.310388
228.544159 1.871602 0.349697 3.380607 1.308986
229.602234 1.873188 0.348442 3.387421 1.305393
230.670151 1.873560 0.347827 3.389244 1.303349
231.748047 1.873506 0.345784 3.390459 1.295656
232.836075 1.876256 0.344709 3.401512 1.293523
233.934357 1.876457 0.344316 3.402536 1.292188
235.043045 1.875142 0.341755 3.399361 1.281678
236.162292 1.875625 0.341315 3.401472 1.280357
237.292267 1.878257 0.338222 3.413456 1.270535
238.433090 1.877909 0.336893 3.413044 1.265307
239.584946 1.878050 0.335174 3.414732 1.258949
240.747971 1.879152 0.332399 3.420722 1.249255
241.922348 1.880905 0.332044 3.427549 1.249087
243.108246 1.881850 0.330582 3.432076 1.244211
244.305832 1.877943 0.328882 3.418507 1.235242
245.515259 1.880119 0.326813 3.428039 1.228896
246.736725 1.881426 0.326225 3.433341 1.227538
247.970413 1.882140 0.324718 3.437010 1.222328
249.216492 1.883754 0.322419 3.444576 1.214717
250.475159 1.882505 0.322398 3.439884 1.213831
251.746613 1.886134 0.320078 3.455053 1.207419
253.031036 1.886655 0.319303 3.457514 1.204831
254.328629 1.886476 0.318560 3.457313 1.201914
255.639603 1.885398 0.316125 3.454791 1.192041
256.964172 1.885383 0.315155 3.455346 1.188376
258.302521 1.884841 0.314336 3.453818 1.184948
259.654877 1.886219 0.313945 3.459260 1.184338
261.021484 1.884408 0.312004 3.453645 1.175884
262.402557 1.889408 0.312233 3.472373 1.179869
263.798309 1.890870 0.312505 3.477730 1.181814
265.208984 1.889786 0.312611 3.473566 1.181536
266.634857 1.888193 0.310342 3.468959 1.171971
268.076111 1.892221 0.310117 3.484329 1.173621
269.533051 1.889449 0.309534 3.474206 1.169698
271.005920 1.895146 0.310177 3.495370 1.175661
272.494965 1.897873 0.309447 3.506164 1.174583
274.000458 1.897258 0.308283 3.504548 1.169786
275.522675 1.898564 0.307901 3.509743 1.169139
277.061920 1.901528 0.307010 3.521555 1.167578
278.618439 1.907601 0.305436 3.545649 1.165299
280.192566 1.907839 0.305079 3.546776 1.164083
281.784546 1.911657 0.303409 3.562377 1.160030
283.394745 1.913449 0.302105 3.570018 1.156127
285.023468 1.913740 0.298503 3.573296 1.142512
286.670990 1.917730 0.296328 3.589878 1.136556
288.337677 1.920547 0.292431 3.602983 1.123256
290.023865 1.923492 0.288383 3.616656 1.109403
291.729889 1.925998 0.284265 3.628661 1.094988
293.456116 1.927568 0.280096 3.637066 1.079809
295.202881 1.928945 0.275541 3.644905 1.063008
296.970551 1.929849 0.271358 3.650683 1.047359
298.759521 1.931453 0.267090 3.659172 1.031743
300.570190 1.931329 0.262451 3.661151 1.013759
302.402954 1.930039 0.257831 3.658574 0.995247
304.258179 1.928718 0.253588 3.655648 0.978198
306.136322 1.927607 0.249934 3.653203 0.963550
308.037781 1.925175 0.246495 3.645538 0.949090
309.963013 1.922568 0.243337 3.637056 0.935665
311.912476 1.920218 0.240414 3.629440 0.923294
313.886597 1.915303 0.238480 3.611512 0.913525
315.885864 1.912918 0.237603 3.602799 0.909029
317.910797 1.908655 0.237315 3.586647 0.905905
319.961823 1.905192 0.238609 3.572822 0.909190
322.039490 1.902481 0.240545 3.561572 0.915265
324.144318 1.898774 0.242724 3.546429 0.921754
326.276855 1.896677 0.246198 3.536769 0.933917
328.437622 1.895881 0.251258 3.531236 0.952709
330.627228 1.896075 0.256074 3.529526 0.971070
332.846191 1.896895 0.262670 3.529216 0.996514
335.095154 1.899421 0.268692 3.535604 1.020718
337.374725 1.903933 0.275400 3.549114 1.048687
339.685486 1.911124 0.282629 3.572518 1.080278
342.028168 1.919277 0.288962 3.600126 1.109196
344.403351 1.930125 0.294964 3.638379 1.138635
346.811768 1.941071 0.298788 3.678483 1.159939
349.254089 1.955497 0.301096 3.733308 1.177586
351.731079 1.972168 0.301510 3.798539 1.189257
354.243439 1.990675 0.299675 3.872981 1.193109
356.791962 2.010211 0.294597 3.954161 1.184405
359.377411 2.030306 0.284748 4.041061 1.156251
362.000610 2.052354 0.270644 4.138908 1.110914
364.662384 2.071833 0.251011 4.229487 1.040107
367.363586 2.088384 0.225190 4.310637 0.940567
370.105103 2.100931 0.193378 4.376516 0.812546
372.887848 2.106618 0.154776 4.413883 0.652107
375.712738 2.103520 0.116179 4.411297 0.488770
378.580780 2.091025 0.078841 4.366170 0.329716
381.492950 2.070456 0.042856 4.284953 0.177464
384.450256 2.042223 0.012942 4.170508 0.052861
387.453766 2.011220 -0.010804 4.044890 -0.043459
390.504578 1.973606 -0.029334 3.894258 -0.115786
393.603821 1.930780 -0.039825 3.726326 -0.153785
396.752655 1.886180 -0.042185 3.555896 -0.159135
399.952271 1.842229 -0.035462 3.392551 -0.130658
403.203918 1.798099 -0.018984 3.232801 -0.068272
406.508881 1.759420 0.004965 3.095535 0.017471
409.868439 1.724573 0.036387 2.972827 0.125503
413.284027 1.695436 0.075640 2.868783 0.256484
416.756989 1.673250 0.123494 2.784513 0.413271
420.288849 1.661507 0.174612 2.730115 0.580239
423.881042 1.659505 0.230764 2.700706 0.765907
427.535187 1.666757 0.285130 2.696778 0.950486
431.252899 1.683993 0.339717 2.720423 1.144161
435.035828 1.713472 0.395900 2.779248 1.356728
438.885681 1.757232 0.449033 2.886232 1.578110
442.804321 1.811417 0.495471 3.035742 1.795008
446.793549 1.876094 0.532827 3.235825 1.999268
450.855286 1.946027 0.558177 3.475458 2.172456
454.991577 2.033514 0.572902 3.806961 2.330009
459.204468 2.134482 0.570656 4.230367 2.436111
463.496094 2.232733 0.547629 4.685200 2.445417
467.868713 2.327479 0.505678 5.161448 2.353909
472.324585 2.420116 0.438094 5.665033 2.120474
476.866180 2.505767 0.344661 6.160079 1.727280
481.495941 2.564778 0.223352 6.528201 1.145698
486.216492 2.614602 0.093251 6.827446 0.487628
491.030518 2.625785 -0.057049 6.891492 -0.299596
495.940826 2.598450 -0.211926 6.707028 -1.101356
500.950317 2.532601 -0.367122 6.279288 -1.859545
506.062073 2.435615 -0.497131 5.685079 -2.421641
511.279205 2.308793 -0.603852 4.965886 -2.788338
516.605042 2.155987 -0.683597 4.180974 -2.947650
522.042969 1.988573 -0.728894 3.423135 -2.898917
527.596619 1.821956 -0.736775 2.776686 -2.684744
533.269714 1.652876 -0.709840 2.228127 -2.346554
539.066101 1.484574 -0.643717 1.789588 -1.911291
544.989929 1.338562 -0.542078 1.497901 -1.451209
551.045349 1.227446 -0.413840 1.335360 -1.015934
557.236877 1.152386 -0.266208 1.257127 -0.613549
563.569092 1.114895 -0.121049 1.228337 -0.269913
570.046936 1.096092 0.006961 1.201368 0.015259
576.675354 1.078292 0.135915 1.144241 0.293112
583.459778 1.068565 0.281220 1.062747 0.601005
590.405762 1.087545 0.440675 0.988558 0.958508
597.519043 1.148049 0.607611 0.948825 1.395134
604.805908 1.244369 0.760195 0.970560 1.891926
612.272644 1.365551 0.888512 1.075275 2.426616
619.926025 1.511300 0.999406 1.285214 3.020806
627.773193 1.673680 1.089582 1.614015 3.647223
635.821594 1.860262 1.158269 2.118989 4.309367
644.078979 2.069224 1.202231 2.836326 4.975371
652.553711 2.298815 1.208087 3.825075 5.554335
661.254456 2.555939 1.162958 5.180353 5.944897
670.190308 2.815512 1.059025 6.805573 5.963393
679.370972 3.068224 0.873906 8.650287 5.362679
688.806702 3.284641 0.614516 10.411238 4.036927
698.508179 3.426809 0.275734 11.666988 1.889776
708.486877 3.471350 -0.092385 12.041737 -0.641401
718.754822 3.402778 -0.465388 11.362312 -3.167227
729.324768 3.233266 -0.791212 9.827992 -5.116397
740.210205 2.989950 -1.053566 7.829799 -6.300222
751.425476 2.720120 -1.228727 5.889280 -6.684569
762.985901 2.421323 -1.338233 4.071939 -6.480590
774.907532 2.152898 -1.373098 2.749572 -5.912281
787.207642 1.889016 -1.367881 1.697281 -5.167898
799.904541 1.632993 -1.326580 0.906851 -4.332591
813.017761 1.411990 -1.246028 0.441128 -3.518759
826.568054 1.180276 -1.143931 0.084472 -2.700309
840.577698 1.021122 -0.989942 0.062704 -2.021703
855.070374 0.751518 -0.769306 -0.027053 -1.156295
870.071655 0.609792 -0.442885 0.175699 -0.540136
885.608643 0.684353 -0.133296 0.450572 -0.182444
901.710571 0.866032 -0.005752 0.749978 -0.009962
918.408936 0.904838 -0.000177 0.818732 -0.000321
935.737427 0.813223 0.040083 0.659725 0.065192
953.732361 0.682189 0.218829 0.417496 0.298565
972.432983 0.691265 0.529840 0.197117 0.732521
991.881653 0.821988 0.765844 0.089146 1.259029
1012.124146 1.012367 0.953022 0.116636 1.929615
1033.210083 1.265501 1.116305 0.355355 2.825371
1055.193237 1.581946 1.265125 0.902011 4.002720
1078.132202 1.865788 1.361563 1.627313 5.080775
1102.090698 2.096630 1.413827 2.396952 5.928543
1127.138184 2.311349 1.432570 3.290078 6.622340
1153.350708 2.534803 1.425763 4.392427 7.228058
1180.811523 2.766937 1.382987 5.743287 7.653272
1209.611816 3.010923 1.285940 7.412014 7.743732
1239.852051 3.262371 1.131142 9.363584 7.380411
1271.643188 3.497962 0.909531 11.408495 6.363011
1305.107422 3.666607 0.602338 13.081193 4.417073
1340.380615 3.768242 0.250451 14.136919 1.887523
1377.613403 3.787991 -0.118549 14.334822 -0.898122
1416.973755 3.710610 -0.479780 13.538437 -3.560551
1458.649536 3.544077 -0.787082 11.940982 -5.578959
1502.850952 3.352534 -1.038074 10.161889 -6.960359
1549.815063 3.100259 -1.202304 8.166071 -7.454906
1599.809082 2.873960 -1.312874 6.536009 -7.546295
1653.136108 2.660374 -1.362927 5.220020 -7.251790
1710.140747 2.473147 -1.378401 4.216465 -6.817979
1771.217285 2.326759 -1.367620 3.543420 -6.364245
1836.817871 2.233989 -1.287615 3.332755 -5.753036
1907.464722 2.144444 -1.258069 3.015905 -5.395716
1983.763306 2.093267 -1.203224 2.934019 -5.037340
2066.420166 2.105226 -1.130405 3.154159 -4.759517
