190.746475 1.825812 0.390024 3.181472 1.424221
191.482941 1.838099 0.393021 3.224142 1.444824
192.225128 1.833948 0.392462 3.209338 1.439509
192.973083 1.835186 0.394706 3.212115 1.448718
193.726883 1.838456 0.391579 3.226585 1.439802
194.486603 1.835249 0.393723 3.213121 1.445161
195.252289 1.836773 0.390809 3.221004 1.435654
196.024048 1.838378 0.392307 3.225727 1.442418
196.801910 1.839477 0.390137 3.231469 1.435294
197.585983 1.841261 0.390608 3.237669 1.438423
198.376328 1.836949 0.388768 3.223241 1.428295
199.173019 1.846135 0.389626 3.256407 1.438603
199.976135 1.837256 0.387202 3.225585 1.422779
200.785767 1.846199 0.388097 3.257831 1.433007
201.601959 1.850704 0.390331 3.272747 1.444774
202.424820 1.848199 0.384621 3.267905 1.421711
203.254440 1.845242 0.384003 3.257459 1.417156
204.090881 1.846229 0.383878 3.261201 1.417454
204.934219 1.847652 0.381685 3.268135 1.410443
205.784576 1.849271 0.381567 3.274209 1.411243
206.642014 1.850492 0.378426 3.281115 1.400548
207.506622 1.854055 0.379543 3.293469 1.407387
208.378494 1.853964 0.379997 3.292786 1.409002
209.257736 1.853975 0.377717 3.294555 1.400556
210.144424 1.857070 0.376519 3.306944 1.398444
211.038651 1.856843 0.374819 3.307378 1.391962
211.940521 1.858286 0.372549 3.314435 1.384605
212.850143 1.859022 0.372628 3.317111 1.385448
213.767593 1.861276 0.370941 3.326752 1.380847
214.692993 1.856842 0.368506 3.312066 1.368513
215.626450 1.859979 0.367076 3.324777 1.365509
216.568039 1.860914 0.365976 3.329063 1.362101
217.517899 1.860086 0.365417 3.326391 1.359412
218.476135 1.862140 0.363379 3.335520 1.353326
219.442841 1.865704 0.362767 3.349250 1.353631
220.418152 1.865598 0.360104 3.350779 1.343620
221.402161 1.863855 0.356997 3.346509 1.330780
222.394989 1.867697 0.358005 3.360124 1.337291
223.396774 1.865161 0.355508 3.352439 1.326159
224.407608 1.870080 0.355873 3.370554 1.331021
225.427643 1.868671 0.353894 3.366691 1.322622
226.457001 1.869721 0.352172 3.371833 1.316925
227.495789 1.870286 0.351177 3.374643 1.313601
228.544159 1.871726 0.348276 3.382060 1.303756
229.602234 1.874262 0.347681 3.391978 1.303291
230.670151 1.873102 0.344702 3.389693 1.291325
231.748047 1.873908 0.344530 3.392829 1.291234
232.836075 1.872636 0.342832 3.389231 1.284000
233.934357 1.875370 0.341975 3.400067 1.282658
235.043045 1.873506 0.340006 3.394423 1.274006
236.162292 1.875408 0.338805 3.402368 1.270794
237.292267 1.879502 0.337509 3.418617 1.268698
238.433090 1.877651 0.335968 3.412700 1.261662
239.584946 1.878391 0.333940 3.416835 1.254541
240.747971 1.878744 0.332793 3.418926 1.250466
241.922348 1.878758 0.330228 3.420682 1.240837
243.108246 1.881279 0.329381 3.430719 1.239317
244.305832 1.878620 0.328204 3.421494 1.233141
245.515259 1.880737 0.326285 3.430709 1.227312
246.736725 1.882976 0.326052 3.439291 1.227896
247.970413 1.883259 0.323765 3.441841 1.219465
249.216492 1.881847 0.322111 3.437595 1.212326
250.475159 1.883366 0.320994 3.444029 1.209098
251.746613 1.883196 0.320883 3.443462 1.208570
253.031036 1.883047 0.319610 3.443717 1.203680
254.328629 1.883557 0.318050 3.446631 1.198130
255.639603 1.883492 0.316090 3.447631 1.190706
256.964172 1.884428 0.315858 3.451302 1.190424
258.302521 1.883073 0.314774 3.446883 1.185484
259.654877 1.886276 0.314617 3.459055 1.186910
261.021484 1.886949 0.313044 3.462582 1.181397
262.402557 1.889307 0.312947 3.471545 1.182505
263.798309 1.890325 0.312959 3.475385 1.183190
265.208984 1.889768 0.312189 3.473762 1.179932
266.634857 1.889770 0.310262 3.474969 1.172650
268.076111 1.893942 0.310947 3.490327 1.177831
269.533051 1.894611 0.309945 3.493484 1.174451
271.005920 1.893253 0.309117 3.488853 1.170471
272.494965 1.896302 0.308443 3.500823 1.169801
274.000458 1.896734 0.307314 3.503158 1.165787
275.522675 1.901983 0.306355 3.523685 1.165364
277.061920 1.906644 0.305532 3.541941 1.165081
278.618439 1.908379 0.304197 3.549376 1.161046
280.192566 1.907164 0.301920 3.546119 1.151624
281.784546 1.910450 0.299920 3.559866 1.145965
283.394745 1.910931 0.298079 3.562808 1.139216
285.023468 1.917127 0.295659 3.587962 1.133633
286.670990 1.916036 0.292717 3.585513 1.121712
288.337677 1.920740 0.289113 3.605654 1.110622
290.023865 1.922114 0.284095 3.613812 1.092128
291.729889 1.923642 0.280585 3.621673 1.079489
293.456116 1.925070 0.276885 3.629231 1.066045
295.202881 1.925829 0.272289 3.634676 1.048765
296.970551 1.925437 0.268254 3.635348 1.033012
298.759521 1.925381 0.264414 3.637178 1.018195
300.570190 1.924686 0.260580 3.636516 1.003068
302.402954 1.924212 0.257010 3.636538 0.989085
304.258179 1.921595 0.253369 3.628330 0.973744
306.136322 1.920131 0.250479 3.624162 0.961904
308.037781 1.919058 0.247468 3.621542 0.949812
309.963013 1.916260 0.245830 3.611621 0.942147
311.912476 1.913966 0.244200 3.603632 0.934782
313.886597 1.910879 0.243762 3.592039 0.931600
315.885864 1.907901 0.243949 3.580576 0.930860
317.910797 1.904980 0.244508 3.569165 0.931565
319.961823 1.903040 0.246156 3.560970 0.936889
322.039490 1.901552 0.248796 3.554000 0.946196
324.144318 1.899971 0.251349 3.546712 0.955113
326.276855 1.899176 0.255615 3.541529 0.970917
328.437622 1.900099 0.260551 3.542489 0.990147
330.627228 1.901690 0.265214 3.546085 1.008711
332.846191 1.905457 0.270791 3.557438 1.031963
335.095154 1.910994 0.276185 3.575620 1.055575
337.374725 1.916593 0.280818 3.594469 1.076429
339.685486 1.925199 0.285917 3.624641 1.100893
342.028168 1.935707 0.289758 3.663004 1.121772
344.403351 1.946345 0.292799 3.702528 1.139776
346.811768 1.960150 0.293809 3.755866 1.151820
349.254089 1.973559 0.292605 3.809319 1.154949
351.731079 1.989488 0.289372 3.874325 1.151405
354.243439 2.007136 0.283148 3.948423 1.136633
356.791962 2.023610 0.273760 4.020053 1.107966
359.377411 2.041345 0.259860 4.099563 1.060927
362.000610 2.058903 0.241874 4.180576 0.995991
364.662384 2.073518 0.218654 4.251668 0.906767
367.363586 2.083660 0.191254 4.305061 0.797017
370.105103 2.086307 0.158813 4.327454 0.662664
372.887848 2.084775 0.122494 4.331281 0.510746
375.712738 2.072845 0.086750 4.289162 0.359641
378.580780 2.053623 0.055390 4.214297 0.227502
381.492950 2.027023 0.027303 4.108078 0.110687
384.450256 1.997035 0.005830 3.988113 0.023285
387.453766 1.962960 -0.009215 3.853128 -0.036178
390.504578 1.926209 -0.018010 3.709958 -0.069380
393.603821 1.884644 -0.018944 3.551523 -0.071406
396.752655 1.844096 -0.011539 3.400558 -0.042558
399.952271 1.807073 0.003190 3.265501 0.011528
403.203918 1.770204 0.026321 3.132930 0.093187
406.508881 1.739882 0.055372 3.024125 0.192681
409.868439 1.715107 0.091057 2.933301 0.312343
413.284027 1.695761 0.132350 2.858090 0.448867
416.756989 1.684466 0.180424 2.804871 0.607837
420.288849 1.681705 0.230708 2.774905 0.775966
423.881042 1.689688 0.284179 2.774288 0.960349
427.535187 1.707440 0.333852 2.803893 1.140065
431.252899 1.735538 0.382946 2.865444 1.329236
435.035828 1.773465 0.431057 2.959368 1.528928
438.885681 1.826163 0.475679 3.108601 1.737334
442.804321 1.887247 0.510033 3.301569 1.925115
446.793549 1.955769 0.534420 3.539427 2.090404
450.855286 2.032126 0.546205 3.831195 2.219913
454.991577 2.118746 0.544080 4.193061 2.305533
459.204468 2.217768 0.522076 4.645933 2.315686
463.496094 2.311187 0.480192 5.111002 2.219628
467.868713 2.396039 0.419147 5.565319 2.008586
472.324585 2.473562 0.333915 6.007009 1.651921
476.866180 2.537316 0.223303 6.388106 1.133182
481.495941 2.576597 0.093454 6.630119 0.481587
486.216492 2.585900 -0.043294 6.685003 -0.223909
491.030518 2.564068 -0.188578 6.538881 -0.967052
495.940826 2.505331 -0.328790 6.168580 -1.647455
500.950317 2.413185 -0.461089 5.610859 -2.225388
506.062073 2.297321 -0.563240 4.960443 -2.587885
511.279205 2.159747 -0.637776 4.257750 -2.754868
516.605042 2.002618 -0.683616 3.543149 -2.738043
522.042969 1.839049 -0.694997 2.899081 -2.556266
527.596619 1.681741 -0.671904 2.376799 -2.259938
533.269714 1.528749 -0.615214 1.958584 -1.881014
539.066101 1.386161 -0.521454 1.649528 -1.445637
544.989929 1.274261 -0.400925 1.462999 -1.021765
551.045349 1.201837 -0.268980 1.372063 -0.646541
557.236877 1.159607 -0.134407 1.326622 -0.311718
563.569092 1.137241 -0.009926 1.293218 -0.022576
570.046936 1.119312 0.107945 1.241208 0.241649
576.675354 1.105374 0.240372 1.164073 0.531402
583.459778 1.113155 0.391680 1.085700 0.872002
590.405762 1.155827 0.548259 1.035349 1.267386
597.519043 1.238642 0.698251 1.046680 1.729768
604.805908 1.349016 0.837469 1.118491 2.259519
612.272644 1.478235 0.948531 1.285468 2.804303
619.926025 1.634936 1.045702 1.579525 3.419313
627.773193 1.809608 1.120936 2.018184 4.056910
635.821594 2.009738 1.173231 2.662577 4.715774
644.078979 2.234385 1.191840 3.571995 5.326057
652.553711 2.472445 1.164553 4.756803 5.758587
661.254456 2.735514 1.077873 6.321226 5.897074
670.190308 2.982865 0.924454 8.042867 5.515045
679.370972 3.213736 0.687659 9.855223 4.419910
688.806702 3.378574 0.381462 11.269248 2.577598
698.508179 3.454439 0.013540 11.932966 0.093548
708.486877 3.418705 -0.355686 11.561030 -2.431969
718.754822 3.279566 -0.696978 10.269776 -4.571568
729.324768 3.058423 -0.974486 8.404328 -5.960778
740.210205 2.790216 -1.178838 6.395650 -6.578424
751.425476 2.507310 -1.299434 4.598076 -6.516168
762.985901 2.216489 -1.359990 3.063252 -6.028805
774.907532 1.962694 -1.355966 2.013523 -5.322693
787.207642 1.711968 -1.324017 1.177813 -4.533348
799.904541 1.472733 -1.255877 0.591714 -3.699142
813.017761 1.263344 -1.148541 0.276893 -2.902004
826.568054 1.039728 -1.019758 0.041129 -2.120542
840.577698 0.902987 -0.827407 0.130783 -1.494274
855.070374 0.675086 -0.547996 0.155441 -0.739889
870.071655 0.690857 -0.195580 0.439032 -0.270236
885.608643 0.837298 -0.032979 0.699981 -0.055227
901.710571 0.937109 0.000178 0.878174 0.000333
918.408936 0.909111 0.007007 0.826433 0.012741
935.737427 0.778196 0.107828 0.593963 0.167823
953.732361 0.692951 0.349036 0.358356 0.483729
972.432983 0.762563 0.630464 0.184018 0.961537
991.881653 0.903050 0.832426 0.122568 1.503444
1012.124146 1.085372 0.992070 0.193830 2.153531
1033.210083 1.317511 1.122201 0.476500 2.957023
1055.193237 1.602955 1.221269 1.077967 3.915278
1078.132202 1.875206 1.286363 1.861668 4.824393
1102.090698 2.110743 1.318785 2.716040 5.567233
1127.138184 2.337009 1.324198 3.708108 6.189325
1153.350708 2.562792 1.299897 4.878171 6.662733
1180.811523 2.783352 1.233799 6.224788 6.868193
1209.611816 3.024824 1.122682 7.889145 6.791834
1239.852051 3.242650 0.945329 9.621136 6.130740
1271.643188 3.439576 0.711993 11.323749 4.897906
1305.107422 3.564187 0.406125 12.538492 2.895009
1340.380615 3.633188 0.075092 13.194417 0.545648
1377.613403 3.596100 -0.261336 12.863641 -1.879581
1416.973755 3.495371 -0.571645 11.890842 -3.996222
1458.649536 3.334797 -0.836493 10.421148 -5.579069
1502.850952 3.115044 -1.026174 8.650465 -6.393151
1549.815063 2.891827 -1.158889 7.019637 -6.702612
1599.809082 2.685244 -1.241970 5.668049 -6.669985
1653.136108 2.490027 -1.271327 4.583960 -6.331276
1710.140747 2.329513 -1.273750 3.804192 -5.934438
1771.217285 2.180943 -1.231213 3.240626 -5.370412
1836.817871 2.075713 -1.156350 2.971440 -4.800503
1907.464722 1.994893 -1.118279 2.729049 -4.461692
1983.763306 1.937471 -1.024109 2.704996 -3.968363
2066.420166 1.920990 -0.923596 2.837174 -3.548436
