20001	190.000000	6.000000	0.136079	0.000000	0.000000	8.126928e+02
20001	191.000000	6.000000	0.136845	0.000000	0.000000	6.256427e+02
20001	192.000000	6.000000	0.142091	0.000000	0.000000	1.322458e+03
20001	193.000000	6.000000	0.124346	0.000000	0.000000	1.112820e+03
20001	194.000000	6.000000	0.105335	0.000000	0.000000	1.785620e+03
20001	195.000000	6.000000	0.090548	0.000000	0.000000	2.789484e+03
20001	196.000000	6.000000	0.064681	0.000000	0.000000	2.432148e+03
20001	197.000000	6.000000	0.050785	0.000000	0.000000	2.198491e+04
20001	198.000000	6.000000	0.040509	0.000000	0.000000	5.986487e+03
20001	199.000000	6.000000	0.034489	0.000000	0.000000	5.339494e+03
20001	200.000000	6.000000	0.029974	0.000000	0.000000	7.233975e+03
20001	201.000000	6.000000	0.028058	0.000000	0.000000	9.648340e+03
20001	202.000000	6.000000	0.028613	0.000000	0.000000	1.794353e+04
20001	203.000000	6.000000	0.031471	0.000000	0.000000	3.354048e+04
20001	204.000000	6.000000	0.032612	0.000000	0.000000	2.913847e+04
20001	205.000000	6.000000	0.039530	0.000000	0.000000	2.892196e+04
20001	206.000000	6.000000	0.054241	0.000000	0.000000	5.801736e+04
20001	207.000000	6.000000	0.072084	0.000000	0.000000	2.806319e+04
20001	208.000000	6.000000	0.092413	0.000000	0.000000	2.075488e+04
20001	209.000000	6.000000	0.117354	0.000000	0.000000	7.479430e+04
20001	210.000000	6.000000	0.136363	0.000000	0.000000	2.785354e+04
20001	211.000000	6.000000	0.151051	0.000000	0.000000	7.126619e+04
20001	212.000000	6.000000	0.168909	0.000000	0.000000	1.202285e+05
20001	213.000000	6.000000	0.183677	0.000000	0.000000	2.527496e+05
20001	214.000000	6.000000	0.193340	0.000000	0.000000	2.662301e+05
20001	215.000000	6.000000	0.203300	0.000000	0.000000	1.551966e+05
20001	216.000000	6.000000	0.210881	0.000000	0.000000	1.203077e+05
20001	217.000000	6.000000	0.213939	0.000000	0.000000	1.434138e+05
20001	218.000000	6.000000	0.214382	0.000000	0.000000	1.636874e+05
20001	219.000000	6.000000	0.209054	0.000000	0.000000	6.638454e+04
20001	220.000000	6.000000	0.202074	0.000000	0.000000	1.150548e+05
20001	221.000000	6.000000	0.191224	0.000000	0.000000	6.394158e+04
20001	222.000000	6.000000	0.177087	0.000000	0.000000	7.226785e+04
20001	223.000000	6.000000	0.156947	0.000000	0.000000	4.085332e+04
20001	224.000000	6.000000	0.140582	0.000000	0.000000	3.348084e+04
20001	225.000000	6.000000	0.119786	0.000000	0.000000	3.948963e+04
20001	226.000000	6.000000	0.099496	0.000000	0.000000	5.195952e+04
20001	227.000000	6.000000	0.078379	0.000000	0.000000	6.693959e+04
20001	228.000000	6.000000	0.058869	0.000000	0.000000	8.329164e+04
20001	229.000000	6.000000	0.041090	0.000000	0.000000	7.058139e+04
20001	230.000000	6.000000	0.026016	0.000000	0.000000	1.214540e+05
20001	231.000000	6.000000	0.014520	0.000000	0.000000	2.615746e+05
20001	232.000000	6.000000	0.008718	0.000000	0.000000	4.438142e+06
20001	233.000000	6.000000	0.008403	0.000000	0.000000	1.590823e+06
20001	234.000000	6.000000	0.012806	0.000000	0.000000	3.010741e+05
20001	235.000000	6.000000	0.022321	0.000000	0.000000	1.433934e+05
20001	236.000000	6.000000	0.035670	0.000000	0.000000	9.695621e+04
20001	237.000000	6.000000	0.052545	0.000000	0.000000	6.215409e+04
20001	238.000000	6.000000	0.072557	0.000000	0.000000	5.713488e+04
20001	239.000000	6.000000	0.093611	0.000000	0.000000	5.792031e+04
20001	240.000000	6.000000	0.116154	0.000000	0.000000	4.566970e+04
20001	241.000000	6.000000	0.140148	0.000000	0.000000	4.340598e+04
20001	242.000000	6.000000	0.163571	0.000000	0.000000	4.793636e+04
20001	243.000000	6.000000	0.186708	0.000000	0.000000	4.654735e+04
20001	244.000000	6.000000	0.209418	0.000000	0.000000	5.483099e+04
20001	245.000000	6.000000	0.230219	0.000000	0.000000	8.078550e+04
20001	246.000000	6.000000	0.248624	0.000000	0.000000	1.261516e+05
20001	247.000000	6.000000	0.265828	0.000000	0.000000	1.625919e+05
20001	248.000000	6.000000	0.280387	0.000000	0.000000	1.555187e+05
20001	249.000000	6.000000	0.292639	0.000000	0.000000	1.648209e+05
20001	250.000000	6.000000	0.303371	0.000000	0.000000	2.888177e+05
20001	251.000000	6.000000	0.311329	0.000000	0.000000	2.455756e+05
20001	252.000000	6.000000	0.318227	0.000000	0.000000	2.124698e+05
20001	253.000000	6.000000	0.323572	0.000000	0.000000	2.101679e+05
20001	254.000000	6.000000	0.326598	0.000000	0.000000	3.647244e+05
20001	255.000000	6.000000	0.326949	0.000000	0.000000	4.378871e+05
20001	256.000000	6.000000	0.325477	0.000000	0.000000	3.744520e+05
20001	257.000000	6.000000	0.322657	0.000000	0.000000	2.218682e+05
20001	258.000000	6.000000	0.317648	0.000000	0.000000	9.671001e+04
20001	259.000000	6.000000	0.311177	0.000000	0.000000	7.959756e+04
20001	260.000000	6.000000	0.302090	0.000000	0.000000	5.330307e+04
20001	261.000000	6.000000	0.293295	0.000000	0.000000	5.110808e+04
20001	262.000000	6.000000	0.282039	0.000000	0.000000	5.876050e+04
20001	263.000000	6.000000	0.270096	0.000000	0.000000	4.713760e+04
20001	264.000000	6.000000	0.255640	0.000000	0.000000	4.346524e+04
20001	265.000000	6.000000	0.240645	0.000000	0.000000	4.593123e+04
20001	266.000000	6.000000	0.224202	0.000000	0.000000	3.780582e+04
20001	267.000000	6.000000	0.207836	0.000000	0.000000	3.275734e+04
20001	268.000000	6.000000	0.190637	0.000000	0.000000	3.893958e+04
20001	269.000000	6.000000	0.173514	0.000000	0.000000	3.582656e+04
20001	270.000000	6.000000	0.156618	0.000000	0.000000	3.453867e+04
20001	271.000000	6.000000	0.140009	0.000000	0.000000	4.523266e+04
20001	272.000000	6.000000	0.124438	0.000000	0.000000	5.060318e+04
20001	273.000000	6.000000	0.110223	0.000000	0.000000	5.623112e+04
20001	274.000000	6.000000	0.097154	0.000000	0.000000	7.079541e+04
20001	275.000000	6.000000	0.086306	0.000000	0.000000	1.049792e+05
20001	276.000000	6.000000	0.078983	0.000000	0.000000	2.461755e+05
20001	277.000000	6.000000	0.075043	0.000000	0.000000	6.585683e+05
20001	278.000000	6.000000	0.074230	0.000000	0.000000	8.680423e+05
20001	279.000000	6.000000	0.077326	0.000000	0.000000	7.553459e+05
20001	280.000000	6.000000	0.082935	0.000000	0.000000	3.661474e+05
20001	281.000000	6.000000	0.091615	0.000000	0.000000	2.729451e+05
20001	282.000000	6.000000	0.103345	0.000000	0.000000	1.518872e+05
20001	283.000000	6.000000	0.117247	0.000000	0.000000	8.874108e+04
20001	284.000000	6.000000	0.133162	0.000000	0.000000	7.285361e+04
20001	285.000000	6.000000	0.151637	0.000000	0.000000	5.574045e+04
20001	286.000000	6.000000	0.171501	0.000000	0.000000	4.594431e+04
20001	287.000000	6.000000	0.191924	0.000000	0.000000	3.471802e+04
20001	288.000000	6.000000	0.212907	0.000000	0.000000	4.088971e+04
20001	289.000000	6.000000	0.233123	0.000000	0.000000	3.997780e+04
20001	290.000000	6.000000	0.252917	0.000000	0.000000	4.764998e+04
20001	291.000000	6.000000	0.270760	0.000000	0.000000	5.613768e+04
20001	292.000000	6.000000	0.287770	0.000000	0.000000	5.942141e+04
20001	293.000000	6.000000	0.303756	0.000000	0.000000	7.010261e+04
20001	294.000000	6.000000	0.319147	0.000000	0.000000	1.201031e+05
20001	295.000000	6.000000	0.332754	0.000000	0.000000	1.450554e+05
20001	296.000000	6.000000	0.346749	0.000000	0.000000	1.024923e+05
20001	297.000000	6.000000	0.358421	0.000000	0.000000	6.562152e+04
20001	298.000000	6.000000	0.369701	0.000000	0.000000	8.954422e+04
20001	299.000000	6.000000	0.380625	0.000000	0.000000	1.594603e+05
20001	300.000000	6.000000	0.387695	0.000000	0.000000	9.610766e+04
20001	301.000000	6.000000	0.395418	0.000000	0.000000	1.525139e+05
20001	302.000000	6.000000	0.402394	0.000000	0.000000	1.279219e+05
20001	303.000000	6.000000	0.407768	0.000000	0.000000	2.778728e+05
20001	304.000000	6.000000	0.413669	0.000000	0.000000	1.918028e+05
20001	305.000000	6.000000	0.419117	0.000000	0.000000	1.795546e+05
20001	306.000000	6.000000	0.422856	0.000000	0.000000	2.461122e+05
20001	307.000000	6.000000	0.426576	0.000000	0.000000	2.032343e+05
20001	308.000000	6.000000	0.428553	0.000000	0.000000	1.256867e+05
20001	309.000000	6.000000	0.428592	0.000000	0.000000	1.410490e+05
20001	310.000000	6.000000	0.428903	0.000000	0.000000	1.342579e+05
20001	311.000000	6.000000	0.429457	0.000000	0.000000	9.073431e+04
20001	312.000000	6.000000	0.428717	0.000000	0.000000	8.247093e+04
20001	313.000000	6.000000	0.426042	0.000000	0.000000	1.180301e+05
20001	314.000000	6.000000	0.424885	0.000000	0.000000	1.155191e+05
20001	315.000000	6.000000	0.421651	0.000000	0.000000	9.871192e+04
20001	316.000000	6.000000	0.417520	0.000000	0.000000	5.100379e+04
20001	317.000000	6.000000	0.412985	0.000000	0.000000	5.622871e+04
20001	318.000000	6.000000	0.407385	0.000000	0.000000	7.231139e+04
20001	319.000000	6.000000	0.401411	0.000000	0.000000	7.719195e+04
20001	320.000000	6.000000	0.394594	0.000000	0.000000	6.167429e+04
20001	321.000000	6.000000	0.387615	0.000000	0.000000	4.713833e+04
20001	322.000000	6.000000	0.380642	0.000000	0.000000	5.312990e+04
20001	323.000000	6.000000	0.372189	0.000000	0.000000	6.792851e+04
20001	324.000000	6.000000	0.363856	0.000000	0.000000	6.571063e+04
20001	325.000000	6.000000	0.354654	0.000000	0.000000	4.794853e+04
20001	326.000000	6.000000	0.345150	0.000000	0.000000	3.404524e+04
20001	327.000000	6.000000	0.334632	0.000000	0.000000	3.003422e+04
20001	328.000000	6.000000	0.323077	0.000000	0.000000	2.264761e+04
20001	329.000000	6.000000	0.312661	0.000000	0.000000	4.514967e+04
20001	330.000000	6.000000	0.301252	0.000000	0.000000	5.188406e+04
20001	331.000000	6.000000	0.289418	0.000000	0.000000	5.958569e+04
20001	332.000000	6.000000	0.278220	0.000000	0.000000	4.522757e+04
20001	333.000000	6.000000	0.265726	0.000000	0.000000	4.003598e+04
20001	334.000000	6.000000	0.254721	0.000000	0.000000	4.396932e+04
20001	335.000000	6.000000	0.244929	0.000000	0.000000	2.772419e+04
20001	336.000000	6.000000	0.232580	0.000000	0.000000	4.187940e+04
20001	337.000000	6.000000	0.221437	0.000000	0.000000	3.790492e+04
20001	338.000000	6.000000	0.210346	0.000000	0.000000	4.326080e+04
20001	339.000000	6.000000	0.198288	0.000000	0.000000	6.370868e+04
20001	340.000000	6.000000	0.187461	0.000000	0.000000	1.344693e+05
20001	341.000000	6.000000	0.178691	0.000000	0.000000	6.027946e+04
20001	342.000000	6.000000	0.170551	0.000000	0.000000	8.900966e+04
20001	343.000000	6.000000	0.163943	0.000000	0.000000	6.927209e+04
20001	344.000000	6.000000	0.157762	0.000000	0.000000	8.726055e+04
20001	345.000000	6.000000	0.152776	0.000000	0.000000	8.853900e+04
20001	346.000000	6.000000	0.147649	0.000000	0.000000	1.081452e+05
20001	347.000000	6.000000	0.143373	0.000000	0.000000	1.597752e+05
20001	348.000000	6.000000	0.141069	0.000000	0.000000	1.424836e+05
20001	349.000000	6.000000	0.140584	0.000000	0.000000	3.654828e+05
20001	350.000000	6.000000	0.140925	0.000000	0.000000	7.343496e+05
20001	351.000000	6.000000	0.143536	0.000000	0.000000	5.366835e+05
20001	352.000000	6.000000	0.148728	0.000000	0.000000	3.117542e+06
20001	353.000000	6.000000	0.152003	0.000000	0.000000	1.878213e+05
20001	354.000000	6.000000	0.158469	0.000000	0.000000	2.227622e+05
20001	355.000000	6.000000	0.165969	0.000000	0.000000	3.024325e+05
20001	356.000000	6.000000	0.173805	0.000000	0.000000	2.804145e+05
20001	357.000000	6.000000	0.183625	0.000000	0.000000	1.164489e+05
20001	358.000000	6.000000	0.194079	0.000000	0.000000	1.099848e+05
20001	359.000000	6.000000	0.206261	0.000000	0.000000	8.696194e+04
20001	360.000000	6.000000	0.219811	0.000000	0.000000	6.060058e+04
20001	361.000000	6.000000	0.232804	0.000000	0.000000	7.854750e+04
20001	362.000000	6.000000	0.246796	0.000000	0.000000	7.139050e+04
20001	363.000000	6.000000	0.260554	0.000000	0.000000	9.320570e+04
20001	364.000000	6.000000	0.273966	0.000000	0.000000	5.294118e+04
20001	365.000000	6.000000	0.288710	0.000000	0.000000	8.073570e+04
20001	366.000000	6.000000	0.302058	0.000000	0.000000	1.087320e+05
20001	367.000000	6.000000	0.315527	0.000000	0.000000	8.801850e+04
20001	368.000000	6.000000	0.329074	0.000000	0.000000	8.384778e+04
20001	369.000000	6.000000	0.342079	0.000000	0.000000	8.220461e+04
20001	370.000000	6.000000	0.354561	0.000000	0.000000	9.215283e+04
20001	371.000000	6.000000	0.364922	0.000000	0.000000	8.260216e+04
20001	372.000000	6.000000	0.375408	0.000000	0.000000	8.645716e+04
20001	373.000000	6.000000	0.385355	0.000000	0.000000	8.449265e+04
20001	374.000000	6.000000	0.393799	0.000000	0.000000	7.095415e+04
20001	375.000000	6.000000	0.401639	0.000000	0.000000	6.337117e+04
20001	376.000000	6.000000	0.409143	0.000000	0.000000	1.248962e+05
20001	377.000000	6.000000	0.416972	0.000000	0.000000	1.424826e+05
20001	378.000000	6.000000	0.423156	0.000000	0.000000	9.163790e+04
20001	379.000000	6.000000	0.429402	0.000000	0.000000	4.277755e+04
20001	380.000000	6.000000	0.435234	0.000000	0.000000	4.419433e+04
20001	381.000000	6.000000	0.439793	0.000000	0.000000	7.844320e+04
20001	382.000000	6.000000	0.445001	0.000000	0.000000	1.362267e+05
20001	383.000000	6.000000	0.448574	0.000000	0.000000	3.786033e+05
20001	384.000000	6.000000	0.451912	0.000000	0.000000	1.452054e+05
20001	385.000000	6.000000	0.455309	0.000000	0.000000	8.185604e+04
20001	386.000000	6.000000	0.457720	0.000000	0.000000	1.261135e+05
20001	387.000000	6.000000	0.461136	0.000000	0.000000	2.202673e+05
20001	388.000000	6.000000	0.463530	0.000000	0.000000	1.911578e+05
20001	389.000000	6.000000	0.465571	0.000000	0.000000	2.639472e+05
20001	390.000000	6.000000	0.467605	0.000000	0.000000	2.741200e+05
20001	391.000000	6.000000	0.468541	0.000000	0.000000	1.702076e+05
20001	392.000000	6.000000	0.469383	0.000000	0.000000	1.080909e+05
20001	393.000000	6.000000	0.470587	0.000000	0.000000	1.331971e+05
20001	394.000000	6.000000	0.470728	0.000000	0.000000	1.508273e+05
20001	395.000000	6.000000	0.471575	0.000000	0.000000	1.989164e+05
20001	396.000000	6.000000	0.472233	0.000000	0.000000	2.910969e+05
20001	397.000000	6.000000	0.470737	0.000000	0.000000	2.820821e+05
20001	398.000000	6.000000	0.469561	0.000000	0.000000	2.477696e+05
20001	399.000000	6.000000	0.469027	0.000000	0.000000	1.914257e+05
20001	400.000000	6.000000	0.468375	0.000000	0.000000	1.163883e+05
20001	401.000000	6.000000	0.467678	0.000000	0.000000	1.475180e+05
20001	402.000000	6.000000	0.466050	0.000000	0.000000	1.979385e+05
20001	403.000000	6.000000	0.464123	0.000000	0.000000	2.029157e+05
20001	404.000000	6.000000	0.462721	0.000000	0.000000	1.267300e+05
20001	405.000000	6.000000	0.460752	0.000000	0.000000	8.143012e+04
20001	406.000000	6.000000	0.458025	0.000000	0.000000	1.544879e+05
20001	407.000000	6.000000	0.455269	0.000000	0.000000	1.319117e+05
20001	408.000000	6.000000	0.452704	0.000000	0.000000	1.257326e+05
20001	409.000000	6.000000	0.449907	0.000000	0.000000	1.234426e+05
20001	410.000000	6.000000	0.446422	0.000000	0.000000	1.176708e+05
20001	411.000000	6.000000	0.442864	0.000000	0.000000	1.258974e+05
20001	412.000000	6.000000	0.439538	0.000000	0.000000	1.084646e+05
20001	413.000000	6.000000	0.435907	0.000000	0.000000	1.093978e+05
20001	414.000000	6.000000	0.431419	0.000000	0.000000	1.195771e+05
20001	415.000000	6.000000	0.427169	0.000000	0.000000	1.214109e+05
20001	416.000000	6.000000	0.422949	0.000000	0.000000	1.694762e+05
20001	417.000000	6.000000	0.418259	0.000000	0.000000	1.325955e+05
20001	418.000000	6.000000	0.413145	0.000000	0.000000	1.040789e+05
20001	419.000000	6.000000	0.408695	0.000000	0.000000	9.296999e+04
20001	420.000000	6.000000	0.403882	0.000000	0.000000	9.563128e+04
20001	421.000000	6.000000	0.398158	0.000000	0.000000	9.037183e+04
20001	422.000000	6.000000	0.392636	0.000000	0.000000	9.515545e+04
20001	423.000000	6.000000	0.387170	0.000000	0.000000	1.073297e+05
20001	424.000000	6.000000	0.381505	0.000000	0.000000	9.914875e+04
20001	425.000000	6.000000	0.375314	0.000000	0.000000	8.735203e+04
20001	426.000000	6.000000	0.369060	0.000000	0.000000	8.814768e+04
20001	427.000000	6.000000	0.362883	0.000000	0.000000	9.297193e+04
20001	428.000000	6.000000	0.356743	0.000000	0.000000	1.059745e+05
20001	429.000000	6.000000	0.350233	0.000000	0.000000	9.304299e+04
20001	430.000000	6.000000	0.343923	0.000000	0.000000	8.796554e+04
20001	431.000000	6.000000	0.337366	0.000000	0.000000	8.391928e+04
20001	432.000000	6.000000	0.330065	0.000000	0.000000	7.078587e+04
20001	433.000000	6.000000	0.323256	0.000000	0.000000	7.833473e+04
20001	434.000000	6.000000	0.316327	0.000000	0.000000	8.536955e+04
20001	435.000000	6.000000	0.309138	0.000000	0.000000	7.446298e+04
20001	436.000000	6.000000	0.301718	0.000000	0.000000	6.811464e+04
20001	437.000000	6.000000	0.294411	0.000000	0.000000	7.733585e+04
20001	438.000000	6.000000	0.286989	0.000000	0.000000	7.952820e+04
20001	439.000000	6.000000	0.279319	0.000000	0.000000	7.866603e+04
20001	440.000000	6.000000	0.272168	0.000000	0.000000	7.190714e+04
20001	441.000000	6.000000	0.265219	0.000000	0.000000	9.638158e+04
20001	442.000000	6.000000	0.257248	0.000000	0.000000	1.033603e+05
20001	443.000000	6.000000	0.249723	0.000000	0.000000	8.945372e+04
20001	444.000000	6.000000	0.242672	0.000000	0.000000	7.732829e+04
20001	445.000000	6.000000	0.234951	0.000000	0.000000	7.613048e+04
20001	446.000000	6.000000	0.227606	0.000000	0.000000	7.121749e+04
20001	447.000000	6.000000	0.220579	0.000000	0.000000	8.609104e+04
20001	448.000000	6.000000	0.213589	0.000000	0.000000	8.654578e+04
20001	449.000000	6.000000	0.206329	0.000000	0.000000	9.143173e+04
20001	450.000000	6.000000	0.199319	0.000000	0.000000	8.785113e+04
20001	451.000000	6.000000	0.192559	0.000000	0.000000	8.657366e+04
20001	452.000000	6.000000	0.185591	0.000000	0.000000	9.417200e+04
20001	453.000000	6.000000	0.178821	0.000000	0.000000	1.076275e+05
20001	454.000000	6.000000	0.172294	0.000000	0.000000	1.196026e+05
20001	455.000000	6.000000	0.166035	0.000000	0.000000	1.345488e+05
20001	456.000000	6.000000	0.160037	0.000000	0.000000	1.329895e+05
20001	457.000000	6.000000	0.154109	0.000000	0.000000	1.373947e+05
20001	458.000000	6.000000	0.148543	0.000000	0.000000	1.535165e+05
20001	459.000000	6.000000	0.143070	0.000000	0.000000	1.599639e+05
20001	460.000000	6.000000	0.137729	0.000000	0.000000	1.532474e+05
20001	461.000000	6.000000	0.132491	0.000000	0.000000	1.628811e+05
20001	462.000000	6.000000	0.127418	0.000000	0.000000	1.798195e+05
20001	463.000000	6.000000	0.122683	0.000000	0.000000	2.188874e+05
20001	464.000000	6.000000	0.118185	0.000000	0.000000	2.571123e+05
20001	465.000000	6.000000	0.114254	0.000000	0.000000	2.846049e+05
20001	466.000000	6.000000	0.110648	0.000000	0.000000	3.228050e+05
20001	467.000000	6.000000	0.107074	0.000000	0.000000	3.805972e+05
20001	468.000000	6.000000	0.103876	0.000000	0.000000	4.914373e+05
20001	469.000000	6.000000	0.100876	0.000000	0.000000	5.205794e+05
20001	470.000000	6.000000	0.098061	0.000000	0.000000	6.049992e+05
20001	471.000000	6.000000	0.095546	0.000000	0.000000	8.595273e+05
20001	472.000000	6.000000	0.093480	0.000000	0.000000	1.020651e+06
20001	473.000000	6.000000	0.091610	0.000000	0.000000	1.068126e+06
20001	474.000000	6.000000	0.090333	0.000000	0.000000	1.362207e+06
20001	475.000000	6.000000	0.089279	0.000000	0.000000	2.381798e+06
20001	476.000000	6.000000	0.088386	0.000000	0.000000	3.348565e+06
20001	477.000000	6.000000	0.087632	0.000000	0.000000	2.763924e+06
20001	478.000000	6.000000	0.087405	0.000000	0.000000	2.772265e+06
20001	479.000000	6.000000	0.087263	0.000000	0.000000	3.788747e+06
20001	480.000000	6.000000	0.087336	0.000000	0.000000	3.639526e+06
20001	481.000000	6.000000	0.087839	0.000000	0.000000	2.390111e+06
20001	482.000000	6.000000	0.088547	0.000000	0.000000	2.471069e+06
20001	483.000000	6.000000	0.089579	0.000000	0.000000	1.923550e+06
20001	484.000000	6.000000	0.090881	0.000000	0.000000	1.872483e+06
20001	485.000000	6.000000	0.092472	0.000000	0.000000	1.409968e+06
20001	486.000000	6.000000	0.094108	0.000000	0.000000	1.043458e+06
20001	487.000000	6.000000	0.095964	0.000000	0.000000	9.269320e+05
20001	488.000000	6.000000	0.097937	0.000000	0.000000	7.002405e+05
20001	489.000000	6.000000	0.100240	0.000000	0.000000	6.084212e+05
20001	490.000000	6.000000	0.102670	0.000000	0.000000	5.695284e+05
20001	491.000000	6.000000	0.105366	0.000000	0.000000	4.901315e+05
20001	492.000000	6.000000	0.108406	0.000000	0.000000	4.238307e+05
20001	493.000000	6.000000	0.111567	0.000000	0.000000	3.920274e+05
20001	494.000000	6.000000	0.114608	0.000000	0.000000	3.837503e+05
20001	495.000000	6.000000	0.118028	0.000000	0.000000	3.323255e+05
20001	496.000000	6.000000	0.121358	0.000000	0.000000	3.136163e+05
20001	497.000000	6.000000	0.124900	0.000000	0.000000	3.219788e+05
20001	498.000000	6.000000	0.128609	0.000000	0.000000	3.026425e+05
20001	499.000000	6.000000	0.132457	0.000000	0.000000	2.661119e+05
20001	500.000000	6.000000	0.136330	0.000000	0.000000	2.492404e+05
20001	501.000000	6.000000	0.140475	0.000000	0.000000	2.500500e+05
20001	502.000000	6.000000	0.144462	0.000000	0.000000	2.046732e+05
20001	503.000000	6.000000	0.148517	0.000000	0.000000	2.183739e+05
20001	504.000000	6.000000	0.152645	0.000000	0.000000	2.199048e+05
20001	505.000000	6.000000	0.156751	0.000000	0.000000	2.230510e+05
20001	506.000000	6.000000	0.160965	0.000000	0.000000	2.145638e+05
20001	507.000000	6.000000	0.165228	0.000000	0.000000	2.139418e+05
20001	508.000000	6.000000	0.169618	0.000000	0.000000	1.897259e+05
20001	509.000000	6.000000	0.173986	0.000000	0.000000	1.824836e+05
20001	510.000000	6.000000	0.178255	0.000000	0.000000	2.100655e+05
20001	511.000000	6.000000	0.182581	0.000000	0.000000	2.041583e+05
20001	512.000000	6.000000	0.186898	0.000000	0.000000	1.894318e+05
20001	513.000000	6.000000	0.191146	0.000000	0.000000	1.841199e+05
20001	514.000000	6.000000	0.195492	0.000000	0.000000	1.873606e+05
20001	515.000000	6.000000	0.199830	0.000000	0.000000	1.990386e+05
20001	516.000000	6.000000	0.204169	0.000000	0.000000	1.946670e+05
20001	517.000000	6.000000	0.208297	0.000000	0.000000	1.905402e+05
20001	518.000000	6.000000	0.212533	0.000000	0.000000	2.208448e+05
20001	519.000000	6.000000	0.216792	0.000000	0.000000	2.232201e+05
20001	520.000000	6.000000	0.220999	0.000000	0.000000	2.054890e+05
20001	521.000000	6.000000	0.225186	0.000000	0.000000	2.359734e+05
20001	522.000000	6.000000	0.229223	0.000000	0.000000	2.125047e+05
20001	523.000000	6.000000	0.233142	0.000000	0.000000	1.903413e+05
20001	524.000000	6.000000	0.237046	0.000000	0.000000	1.930288e+05
20001	525.000000	6.000000	0.241127	0.000000	0.000000	2.280967e+05
20001	526.000000	6.000000	0.245064	0.000000	0.000000	2.226911e+05
20001	527.000000	6.000000	0.248849	0.000000	0.000000	2.159218e+05
20001	528.000000	6.000000	0.252819	0.000000	0.000000	2.657572e+05
20001	529.000000	6.000000	0.256459	0.000000	0.000000	2.537821e+05
20001	530.000000	6.000000	0.260130	0.000000	0.000000	2.466417e+05
20001	531.000000	6.000000	0.263668	0.000000	0.000000	2.321215e+05
20001	532.000000	6.000000	0.267074	0.000000	0.000000	2.566384e+05
20001	533.000000	6.000000	0.270580	0.000000	0.000000	2.250442e+05
20001	534.000000	6.000000	0.273962	0.000000	0.000000	2.179916e+05
20001	535.000000	6.000000	0.277202	0.000000	0.000000	2.548748e+05
20001	536.000000	6.000000	0.280718	0.000000	0.000000	2.833451e+05
20001	537.000000	6.000000	0.283738	0.000000	0.000000	2.554906e+05
20001	538.000000	6.000000	0.286749	0.000000	0.000000	2.567230e+05
20001	539.000000	6.000000	0.289741	0.000000	0.000000	2.716271e+05
20001	540.000000	6.000000	0.292972	0.000000	0.000000	2.692510e+05
20001	541.000000	6.000000	0.295947	0.000000	0.000000	3.108334e+05
20001	542.000000	6.000000	0.298780	0.000000	0.000000	3.181491e+05
20001	543.000000	6.000000	0.301483	0.000000	0.000000	3.136158e+05
20001	544.000000	6.000000	0.304106	0.000000	0.000000	3.515178e+05
20001	545.000000	6.000000	0.306897	0.000000	0.000000	3.275299e+05
20001	546.000000	6.000000	0.309424	0.000000	0.000000	3.217745e+05
20001	547.000000	6.000000	0.311800	0.000000	0.000000	2.980531e+05
20001	548.000000	6.000000	0.314235	0.000000	0.000000	3.116171e+05
20001	549.000000	6.000000	0.316727	0.000000	0.000000	3.097259e+05
20001	550.000000	6.000000	0.319143	0.000000	0.000000	2.633671e+05
20001	551.000000	6.000000	0.321267	0.000000	0.000000	2.962314e+05
20001	552.000000	6.000000	0.323268	0.000000	0.000000	3.095813e+05
20001	553.000000	6.000000	0.325581	0.000000	0.000000	2.815656e+05
20001	554.000000	6.000000	0.327677	0.000000	0.000000	2.852395e+05
20001	555.000000	6.000000	0.329426	0.000000	0.000000	3.193965e+05
20001	556.000000	6.000000	0.331127	0.000000	0.000000	3.180481e+05
20001	557.000000	6.000000	0.333024	0.000000	0.000000	3.407975e+05
20001	558.000000	6.000000	0.334793	0.000000	0.000000	4.189652e+05
20001	559.000000	6.000000	0.336479	0.000000	0.000000	5.240050e+05
20001	560.000000	6.000000	0.338223	0.000000	0.000000	5.533276e+05
20001	561.000000	6.000000	0.339652	0.000000	0.000000	5.540679e+05
20001	562.000000	6.000000	0.341127	0.000000	0.000000	6.002575e+05
20001	563.000000	6.000000	0.342630	0.000000	0.000000	5.950449e+05
20001	564.000000	6.000000	0.344023	0.000000	0.000000	5.352017e+05
20001	565.000000	6.000000	0.345340	0.000000	0.000000	6.298641e+05
20001	566.000000	6.000000	0.346420	0.000000	0.000000	4.607463e+05
20001	567.000000	6.000000	0.347675	0.000000	0.000000	4.893867e+05
20001	568.000000	6.000000	0.348779	0.000000	0.000000	5.727928e+05
20001	569.000000	6.000000	0.349924	0.000000	0.000000	5.015988e+05
20001	570.000000	6.000000	0.350912	0.000000	0.000000	6.504837e+05
20001	571.000000	6.000000	0.351865	0.000000	0.000000	7.557469e+05
20001	572.000000	6.000000	0.352622	0.000000	0.000000	5.893883e+05
20001	573.000000	6.000000	0.353505	0.000000	0.000000	6.289874e+05
20001	574.000000	6.000000	0.354241	0.000000	0.000000	7.869293e+05
20001	575.000000	6.000000	0.354875	0.000000	0.000000	6.215195e+05
20001	576.000000	6.000000	0.355875	0.000000	0.000000	6.900888e+05
20001	577.000000	6.000000	0.356269	0.000000	0.000000	5.885709e+05
20001	578.000000	6.000000	0.356891	0.000000	0.000000	6.247414e+05
20001	579.000000	6.000000	0.357313	0.000000	0.000000	5.639226e+05
20001	580.000000	6.000000	0.357518	0.000000	0.000000	5.894265e+05
20001	581.000000	6.000000	0.358129	0.000000	0.000000	6.647811e+05
20001	582.000000	6.000000	0.358466	0.000000	0.000000	5.665324e+05
20001	583.000000	6.000000	0.358739	0.000000	0.000000	5.473863e+05
20001	584.000000	6.000000	0.358971	0.000000	0.000000	5.664504e+05
20001	585.000000	6.000000	0.359074	0.000000	0.000000	6.032433e+05
20001	586.000000	6.000000	0.359289	0.000000	0.000000	5.097739e+05
20001	587.000000	6.000000	0.359228	0.000000	0.000000	4.790271e+05
20001	588.000000	6.000000	0.359168	0.000000	0.000000	5.520356e+05
20001	589.000000	6.000000	0.359161	0.000000	0.000000	7.218376e+05
20001	590.000000	6.000000	0.359063	0.000000	0.000000	6.979828e+05
20001	591.000000	6.000000	0.358857	0.000000	0.000000	5.094484e+05
20001	592.000000	6.000000	0.358878	0.000000	0.000000	4.494453e+05
20001	593.000000	6.000000	0.358896	0.000000	0.000000	5.300408e+05
20001	594.000000	6.000000	0.358635	0.000000	0.000000	5.033164e+05
20001	595.000000	6.000000	0.358254	0.000000	0.000000	5.887130e+05
20001	596.000000	6.000000	0.357871	0.000000	0.000000	6.161805e+05
20001	597.000000	6.000000	0.357464	0.000000	0.000000	5.403955e+05
20001	598.000000	6.000000	0.357042	0.000000	0.000000	5.425337e+05
20001	599.000000	6.000000	0.356497	0.000000	0.000000	6.502570e+05
20001	600.000000	6.000000	0.356054	0.000000	0.000000	8.285595e+05
20001	601.000000	6.000000	0.355380	0.000000	0.000000	7.294506e+05
20001	602.000000	6.000000	0.354785	0.000000	0.000000	5.090490e+05
20001	603.000000	6.000000	0.354194	0.000000	0.000000	4.175494e+05
20001	604.000000	6.000000	0.353239	0.000000	0.000000	4.832894e+05
20001	605.000000	6.000000	0.352790	0.000000	0.000000	5.682161e+05
20001	606.000000	6.000000	0.351917	0.000000	0.000000	5.577314e+05
20001	607.000000	6.000000	0.351024	0.000000	0.000000	4.486560e+05
20001	608.000000	6.000000	0.350177	0.000000	0.000000	5.149016e+05
20001	609.000000	6.000000	0.349166	0.000000	0.000000	5.871559e+05
20001	610.000000	6.000000	0.348317	0.000000	0.000000	4.537724e+05
20001	611.000000	6.000000	0.347371	0.000000	0.000000	4.384833e+05
20001	612.000000	6.000000	0.346461	0.000000	0.000000	3.245320e+05
20001	613.000000	6.000000	0.345369	0.000000	0.000000	4.221760e+05
20001	614.000000	6.000000	0.344256	0.000000	0.000000	3.529587e+05
20001	615.000000	6.000000	0.342993	0.000000	0.000000	3.942871e+05
20001	616.000000	6.000000	0.341832	0.000000	0.000000	2.567549e+05
20001	617.000000	6.000000	0.340920	0.000000	0.000000	3.594272e+05
20001	618.000000	6.000000	0.339754	0.000000	0.000000	3.974791e+05
20001	619.000000	6.000000	0.338377	0.000000	0.000000	3.266454e+05
20001	620.000000	6.000000	0.336888	0.000000	0.000000	3.664030e+05
20001	621.000000	6.000000	0.335714	0.000000	0.000000	2.342677e+05
20001	622.000000	6.000000	0.334593	0.000000	0.000000	2.634427e+05
20001	623.000000	6.000000	0.333321	0.000000	0.000000	2.868567e+05
20001	624.000000	6.000000	0.332007	0.000000	0.000000	2.323057e+05
20001	625.000000	6.000000	0.330393	0.000000	0.000000	2.669418e+05
20001	626.000000	6.000000	0.328834	0.000000	0.000000	2.951384e+05
20001	627.000000	6.000000	0.327308	0.000000	0.000000	2.861298e+05
20001	628.000000	6.000000	0.325727	0.000000	0.000000	3.462884e+05
20001	629.000000	6.000000	0.323996	0.000000	0.000000	3.340928e+05
20001	630.000000	6.000000	0.322485	0.000000	0.000000	3.585934e+05
20001	631.000000	6.000000	0.320948	0.000000	0.000000	3.609214e+05
20001	632.000000	6.000000	0.319135	0.000000	0.000000	2.726397e+05
20001	633.000000	6.000000	0.317653	0.000000	0.000000	2.078444e+05
20001	634.000000	6.000000	0.316110	0.000000	0.000000	2.156018e+05
20001	635.000000	6.000000	0.314442	0.000000	0.000000	2.229044e+05
20001	636.000000	6.000000	0.312724	0.000000	0.000000	2.591694e+05
20001	637.000000	6.000000	0.310694	0.000000	0.000000	2.947764e+05
20001	638.000000	6.000000	0.308876	0.000000	0.000000	2.724744e+05
20001	639.000000	6.000000	0.306973	0.000000	0.000000	2.768811e+05
20001	640.000000	6.000000	0.304885	0.000000	0.000000	2.990398e+05
20001	641.000000	6.000000	0.303010	0.000000	0.000000	3.295399e+05
20001	642.000000	6.000000	0.301002	0.000000	0.000000	2.991864e+05
20001	643.000000	6.000000	0.298964	0.000000	0.000000	2.850440e+05
20001	644.000000	6.000000	0.296916	0.000000	0.000000	3.019009e+05
20001	645.000000	6.000000	0.295012	0.000000	0.000000	2.517756e+05
20001	646.000000	6.000000	0.292976	0.000000	0.000000	2.084095e+05
20001	647.000000	6.000000	0.291040	0.000000	0.000000	2.169494e+05
20001	648.000000	6.000000	0.289157	0.000000	0.000000	2.810033e+05
20001	649.000000	6.000000	0.287061	0.000000	0.000000	2.593209e+05
20001	650.000000	6.000000	0.284847	0.000000	0.000000	2.306157e+05
20001	651.000000	6.000000	0.282553	0.000000	0.000000	2.288396e+05
20001	652.000000	6.000000	0.280344	0.000000	0.000000	2.368481e+05
20001	653.000000	6.000000	0.278204	0.000000	0.000000	2.143720e+05
20001	654.000000	6.000000	0.275940	0.000000	0.000000	2.768609e+05
20001	655.000000	6.000000	0.273770	0.000000	0.000000	2.572326e+05
20001	656.000000	6.000000	0.271831	0.000000	0.000000	2.823878e+05
20001	657.000000	6.000000	0.269686	0.000000	0.000000	2.777562e+05
20001	658.000000	6.000000	0.267563	0.000000	0.000000	2.377249e+05
20001	659.000000	6.000000	0.265215	0.000000	0.000000	2.182389e+05
20001	660.000000	6.000000	0.262812	0.000000	0.000000	2.347289e+05
20001	661.000000	6.000000	0.260382	0.000000	0.000000	2.729553e+05
20001	662.000000	6.000000	0.257852	0.000000	0.000000	2.479639e+05
20001	663.000000	6.000000	0.255825	0.000000	0.000000	1.996525e+05
20001	664.000000	6.000000	0.253314	0.000000	0.000000	2.430402e+05
20001	665.000000	6.000000	0.251186	0.000000	0.000000	2.215098e+05
20001	666.000000	6.000000	0.249015	0.000000	0.000000	2.301094e+05
20001	667.000000	6.000000	0.246751	0.000000	0.000000	2.357412e+05
20001	668.000000	6.000000	0.243966	0.000000	0.000000	2.434095e+05
20001	669.000000	6.000000	0.241916	0.000000	0.000000	2.343851e+05
20001	670.000000	6.000000	0.239376	0.000000	0.000000	2.276122e+05
20001	671.000000	6.000000	0.237053	0.000000	0.000000	1.997558e+05
20001	672.000000	6.000000	0.234711	0.000000	0.000000	2.762697e+05
20001	673.000000	6.000000	0.232267	0.000000	0.000000	2.637920e+05
20001	674.000000	6.000000	0.229974	0.000000	0.000000	2.749939e+05
20001	675.000000	6.000000	0.227606	0.000000	0.000000	2.211137e+05
20001	676.000000	6.000000	0.225057	0.000000	0.000000	2.160269e+05
20001	677.000000	6.000000	0.222573	0.000000	0.000000	2.781503e+05
20001	678.000000	6.000000	0.220070	0.000000	0.000000	2.440880e+05
20001	679.000000	6.000000	0.217559	0.000000	0.000000	2.412985e+05
20001	680.000000	6.000000	0.215047	0.000000	0.000000	2.754668e+05
20001	681.000000	6.000000	0.212670	0.000000	0.000000	2.843441e+05
20001	682.000000	6.000000	0.210140	0.000000	0.000000	2.648914e+05
20001	683.000000	6.000000	0.207660	0.000000	0.000000	2.635723e+05
20001	684.000000	6.000000	0.205394	0.000000	0.000000	3.203719e+05
20001	685.000000	6.000000	0.202933	0.000000	0.000000	3.072237e+05
20001	686.000000	6.000000	0.200460	0.000000	0.000000	2.691801e+05
20001	687.000000	6.000000	0.198001	0.000000	0.000000	2.602855e+05
20001	688.000000	6.000000	0.195587	0.000000	0.000000	2.685340e+05
20001	689.000000	6.000000	0.193117	0.000000	0.000000	2.432671e+05
20001	690.000000	6.000000	0.190724	0.000000	0.000000	2.380743e+05
20001	691.000000	6.000000	0.188469	0.000000	0.000000	2.694703e+05
20001	692.000000	6.000000	0.186009	0.000000	0.000000	2.404581e+05
20001	693.000000	6.000000	0.183356	0.000000	0.000000	2.323829e+05
20001	694.000000	6.000000	0.180985	0.000000	0.000000	2.643018e+05
20001	695.000000	6.000000	0.178543	0.000000	0.000000	2.264616e+05
20001	696.000000	6.000000	0.176040	0.000000	0.000000	1.931394e+05
20001	697.000000	6.000000	0.173834	0.000000	0.000000	2.130521e+05
20001	698.000000	6.000000	0.171448	0.000000	0.000000	2.547775e+05
20001	699.000000	6.000000	0.169069	0.000000	0.000000	2.599022e+05
20001	700.000000	6.000000	0.166507	0.000000	0.000000	1.980629e+05
20001	701.000000	6.000000	0.164318	0.000000	0.000000	2.864797e+05
20001	702.000000	6.000000	0.161787	0.000000	0.000000	2.751589e+05
20001	703.000000	6.000000	0.159420	0.000000	0.000000	3.010827e+05
20001	704.000000	6.000000	0.157272	0.000000	0.000000	2.508495e+05
20001	705.000000	6.000000	0.154926	0.000000	0.000000	2.784102e+05
20001	706.000000	6.000000	0.152634	0.000000	0.000000	2.021853e+05
20001	707.000000	6.000000	0.150457	0.000000	0.000000	2.638642e+05
20001	708.000000	6.000000	0.147920	0.000000	0.000000	2.271981e+05
20001	709.000000	6.000000	0.145800	0.000000	0.000000	2.552659e+05
20001	710.000000	6.000000	0.143400	0.000000	0.000000	2.764486e+05
20001	711.000000	6.000000	0.141117	0.000000	0.000000	3.012298e+05
20001	712.000000	6.000000	0.138853	0.000000	0.000000	2.578131e+05
20001	713.000000	6.000000	0.136959	0.000000	0.000000	2.481780e+05
20001	714.000000	6.000000	0.134880	0.000000	0.000000	2.338263e+05
20001	715.000000	6.000000	0.132833	0.000000	0.000000	2.573719e+05
20001	716.000000	6.000000	0.130714	0.000000	0.000000	3.295371e+05
20001	717.000000	6.000000	0.128477	0.000000	0.000000	2.810448e+05
20001	718.000000	6.000000	0.126136	0.000000	0.000000	2.661028e+05
20001	719.000000	6.000000	0.124070	0.000000	0.000000	2.836506e+05
20001	720.000000	6.000000	0.121971	0.000000	0.000000	3.714682e+05
20001	721.000000	6.000000	0.119953	0.000000	0.000000	3.756719e+05
20001	722.000000	6.000000	0.118009	0.000000	0.000000	3.570812e+05
20001	723.000000	6.000000	0.116206	0.000000	0.000000	3.821253e+05
20001	724.000000	6.000000	0.114311	0.000000	0.000000	3.514882e+05
20001	725.000000	6.000000	0.112330	0.000000	0.000000	3.681084e+05
20001	726.000000	6.000000	0.110387	0.000000	0.000000	3.990142e+05
20001	727.000000	6.000000	0.108464	0.000000	0.000000	3.367328e+05
20001	728.000000	6.000000	0.106388	0.000000	0.000000	4.033487e+05
20001	729.000000	6.000000	0.104458	0.000000	0.000000	3.949400e+05
20001	730.000000	6.000000	0.102751	0.000000	0.000000	3.570388e+05
20001	731.000000	6.000000	0.101070	0.000000	0.000000	4.309242e+05
20001	732.000000	6.000000	0.099342	0.000000	0.000000	4.726788e+05
20001	733.000000	6.000000	0.097588	0.000000	0.000000	4.424856e+05
20001	734.000000	6.000000	0.095945	0.000000	0.000000	3.801667e+05
20001	735.000000	6.000000	0.094091	0.000000	0.000000	4.750062e+05
20001	736.000000	6.000000	0.092297	0.000000	0.000000	5.335047e+05
20001	737.000000	6.000000	0.090699	0.000000	0.000000	4.709254e+05
20001	738.000000	6.000000	0.089074	0.000000	0.000000	5.343519e+05
20001	739.000000	6.000000	0.087426	0.000000	0.000000	5.863239e+05
20001	740.000000	6.000000	0.086047	0.000000	0.000000	4.959115e+05
20001	741.000000	6.000000	0.084839	0.000000	0.000000	6.682933e+05
20001	742.000000	6.000000	0.083161	0.000000	0.000000	7.194898e+05
20001	743.000000	6.000000	0.081760	0.000000	0.000000	7.814496e+05
20001	744.000000	6.000000	0.080378	0.000000	0.000000	7.909963e+05
20001	745.000000	6.000000	0.078996	0.000000	0.000000	7.346354e+05
20001	746.000000	6.000000	0.077439	0.000000	0.000000	8.546190e+05
20001	747.000000	6.000000	0.076118	0.000000	0.000000	8.348637e+05
20001	748.000000	6.000000	0.074925	0.000000	0.000000	9.918534e+05
20001	749.000000	6.000000	0.073783	0.000000	0.000000	8.519369e+05
20001	750.000000	6.000000	0.072633	0.000000	0.000000	9.988778e+05
20001	751.000000	6.000000	0.071530	0.000000	0.000000	8.883978e+05
20001	752.000000	6.000000	0.070374	0.000000	0.000000	7.068787e+05
20001	753.000000	6.000000	0.069132	0.000000	0.000000	1.137847e+06
20001	754.000000	6.000000	0.067808	0.000000	0.000000	1.019115e+06
20001	755.000000	6.000000	0.066783	0.000000	0.000000	1.301381e+06
20001	756.000000	6.000000	0.065673	0.000000	0.000000	1.258660e+06
20001	757.000000	6.000000	0.064935	0.000000	0.000000	1.046099e+06
20001	758.000000	6.000000	0.064120	0.000000	0.000000	1.337061e+06
20001	759.000000	6.000000	0.063256	0.000000	0.000000	1.422176e+06
20001	760.000000	6.000000	0.062231	0.000000	0.000000	1.194192e+06
20001	761.000000	6.000000	0.061433	0.000000	0.000000	1.001985e+06
20001	762.000000	6.000000	0.060620	0.000000	0.000000	1.646386e+06
20001	763.000000	6.000000	0.059560	0.000000	0.000000	2.539928e+06
20001	764.000000	6.000000	0.058552	0.000000	0.000000	1.868138e+06
20001	765.000000	6.000000	0.057739	0.000000	0.000000	1.714096e+06
20001	766.000000	6.000000	0.057284	0.000000	0.000000	2.410801e+06
20001	767.000000	6.000000	0.056906	0.000000	0.000000	4.071470e+06
20001	768.000000	6.000000	0.056208	0.000000	0.000000	4.659650e+06
20001	769.000000	6.000000	0.055562	0.000000	0.000000	6.614526e+06
20001	770.000000	6.000000	0.054908	0.000000	0.000000	4.720263e+06
20001	771.000000	6.000000	0.054290	0.000000	0.000000	3.355489e+06
20001	772.000000	6.000000	0.053729	0.000000	0.000000	3.087119e+06
20001	773.000000	6.000000	0.053206	0.000000	0.000000	3.441295e+06
20001	774.000000	6.000000	0.052456	0.000000	0.000000	3.942538e+06
20001	775.000000	6.000000	0.052289	0.000000	0.000000	3.997722e+06
20001	776.000000	6.000000	0.052282	0.000000	0.000000	1.000000e+07
20001	777.000000	6.000000	0.052041	0.000000	0.000000	6.965517e+06
20001	778.000000	6.000000	0.051584	0.000000	0.000000	8.149143e+06
20001	779.000000	6.000000	0.051048	0.000000	0.000000	6.745785e+06
20001	780.000000	6.000000	0.050574	0.000000	0.000000	5.200862e+06
20001	781.000000	6.000000	0.050247	0.000000	0.000000	6.595658e+06
20001	782.000000	6.000000	0.050291	0.000000	0.000000	1.000000e+07
20001	783.000000	6.000000	0.050281	0.000000	0.000000	1.000000e+07
20001	784.000000	6.000000	0.050110	0.000000	0.000000	1.000000e+07
20001	785.000000	6.000000	0.050195	0.000000	0.000000	6.373278e+06
20001	786.000000	6.000000	0.050258	0.000000	0.000000	1.000000e+07
20001	787.000000	6.000000	0.050290	0.000000	0.000000	8.043194e+06
20001	788.000000	6.000000	0.049813	0.000000	0.000000	3.020521e+06
20001	789.000000	6.000000	0.049625	0.000000	0.000000	1.000000e+07
20001	790.000000	6.000000	0.049301	0.000000	0.000000	1.000000e+07
20001	791.000000	6.000000	0.049681	0.000000	0.000000	1.000000e+07
20001	792.000000	6.000000	0.049704	0.000000	0.000000	8.306103e+06
20001	793.000000	6.000000	0.050165	0.000000	0.000000	6.744105e+06
20001	794.000000	6.000000	0.050312	0.000000	0.000000	4.750820e+06
20001	795.000000	6.000000	0.050224	0.000000	0.000000	2.673740e+06
20001	796.000000	6.000000	0.050743	0.000000	0.000000	8.842512e+06
20001	797.000000	6.000000	0.050939	0.000000	0.000000	4.927836e+06
20001	798.000000	6.000000	0.051080	0.000000	0.000000	8.396631e+06
20001	799.000000	6.000000	0.051118	0.000000	0.000000	5.965746e+06
20001	800.000000	6.000000	0.051597	0.000000	0.000000	5.355124e+06
20001	801.000000	6.000000	0.052002	0.000000	0.000000	1.000000e+07
20001	802.000000	6.000000	0.052511	0.000000	0.000000	1.000000e+07
20001	803.000000	6.000000	0.052925	0.000000	0.000000	5.758344e+06
20001	804.000000	6.000000	0.053706	0.000000	0.000000	2.830517e+06
20001	805.000000	6.000000	0.053960	0.000000	0.000000	1.613000e+06
20001	806.000000	6.000000	0.053909	0.000000	0.000000	3.079465e+06
20001	807.000000	6.000000	0.054502	0.000000	0.000000	3.144649e+06
20001	808.000000	6.000000	0.055028	0.000000	0.000000	2.898402e+06
20001	809.000000	6.000000	0.055624	0.000000	0.000000	4.657042e+06
20001	810.000000	6.000000	0.056109	0.000000	0.000000	3.896258e+06
20001	811.000000	6.000000	0.056840	0.000000	0.000000	3.601349e+06
20001	812.000000	6.000000	0.057411	0.000000	0.000000	3.055961e+06
20001	813.000000	6.000000	0.058079	0.000000	0.000000	1.736960e+06
20001	814.000000	6.000000	0.058648	0.000000	0.000000	2.560952e+06
20001	815.000000	6.000000	0.059091	0.000000	0.000000	3.248624e+06
20001	816.000000	6.000000	0.059523	0.000000	0.000000	1.660467e+06
20001	817.000000	6.000000	0.060331	0.000000	0.000000	2.307013e+06
20001	818.000000	6.000000	0.061416	0.000000	0.000000	1.995312e+06
20001	819.000000	6.000000	0.062600	0.000000	0.000000	1.607337e+06
20001	820.000000	6.000000	0.063246	0.000000	0.000000	8.231493e+05
20001	821.000000	6.000000	0.063853	0.000000	0.000000	1.242493e+06
20001	822.000000	6.000000	0.064681	0.000000	0.000000	1.699213e+06
20001	823.000000	6.000000	0.065297	0.000000	0.000000	1.493580e+06
20001	824.000000	6.000000	0.066056	0.000000	0.000000	1.681044e+06
20001	825.000000	6.000000	0.066852	0.000000	0.000000	1.413359e+06
20001	826.000000	6.000000	0.067615	0.000000	0.000000	9.077582e+05
20001	827.000000	6.000000	0.068677	0.000000	0.000000	2.290844e+06
20001	828.000000	6.000000	0.069909	0.000000	0.000000	1.401054e+06
20001	829.000000	6.000000	0.070949	0.000000	0.000000	1.354559e+06
20001	830.000000	6.000000	0.071813	0.000000	0.000000	1.478154e+06
20001	831.000000	6.000000	0.072927	0.000000	0.000000	1.509411e+06
20001	832.000000	6.000000	0.073325	0.000000	0.000000	9.478029e+05
20001	833.000000	6.000000	0.073868	0.000000	0.000000	4.684355e+05
20001	834.000000	6.000000	0.074945	0.000000	0.000000	1.174478e+06
20001	835.000000	6.000000	0.076074	0.000000	0.000000	1.263655e+06
20001	836.000000	6.000000	0.077523	0.000000	0.000000	5.408534e+05
20001	837.000000	6.000000	0.078639	0.000000	0.000000	7.214269e+05
20001	838.000000	6.000000	0.079951	0.000000	0.000000	1.848659e+06
20001	839.000000	6.000000	0.080749	0.000000	0.000000	2.084160e+06
20001	840.000000	6.000000	0.081309	0.000000	0.000000	7.739370e+05
20001	841.000000	6.000000	0.082276	0.000000	0.000000	6.729363e+05
20001	842.000000	6.000000	0.083114	0.000000	0.000000	1.003330e+06
20001	843.000000	6.000000	0.084266	0.000000	0.000000	6.577904e+05
20001	844.000000	6.000000	0.086190	0.000000	0.000000	4.754058e+05
20001	845.000000	6.000000	0.087450	0.000000	0.000000	1.047974e+06
20001	846.000000	6.000000	0.088267	0.000000	0.000000	1.723053e+06
20001	847.000000	6.000000	0.089021	0.000000	0.000000	1.202132e+06
20001	848.000000	6.000000	0.090538	0.000000	0.000000	3.170475e+06
20001	849.000000	6.000000	0.091407	0.000000	0.000000	3.686066e+06
20001	850.000000	6.000000	0.092474	0.000000	0.000000	9.493510e+05
20001	851.000000	6.000000	0.093612	0.000000	0.000000	6.195279e+05
20001	852.000000	6.000000	0.095104	0.000000	0.000000	1.443950e+06
20001	853.000000	6.000000	0.096461	0.000000	0.000000	1.536780e+06
20001	854.000000	6.000000	0.097773	0.000000	0.000000	1.247107e+06
20001	855.000000	6.000000	0.099083	0.000000	0.000000	9.920544e+05
20001	856.000000	6.000000	0.100007	0.000000	0.000000	1.941708e+06
20001	857.000000	6.000000	0.101260	0.000000	0.000000	2.275747e+06
20001	858.000000	6.000000	0.102099	0.000000	0.000000	6.080851e+05
20001	859.000000	6.000000	0.103152	0.000000	0.000000	1.224356e+06
20001	860.000000	6.000000	0.104263	0.000000	0.000000	8.820529e+05
20001	861.000000	6.000000	0.105649	0.000000	0.000000	4.116390e+05
20001	862.000000	6.000000	0.107238	0.000000	0.000000	6.388623e+05
20001	863.000000	6.000000	0.108635	0.000000	0.000000	8.788857e+05
20001	864.000000	6.000000	0.110593	0.000000	0.000000	4.655512e+05
20001	865.000000	6.000000	0.111815	0.000000	0.000000	4.892562e+05
20001	866.000000	6.000000	0.112373	0.000000	0.000000	1.128035e+06
20001	867.000000	6.000000	0.113238	0.000000	0.000000	7.482156e+05
20001	868.000000	6.000000	0.114881	0.000000	0.000000	4.960604e+05
20001	869.000000	6.000000	0.116315	0.000000	0.000000	6.523244e+05
20001	870.000000	6.000000	0.117197	0.000000	0.000000	4.584341e+05
20001	871.000000	6.000000	0.118565	0.000000	0.000000	6.268164e+05
20001	872.000000	6.000000	0.120112	0.000000	0.000000	4.510096e+05
20001	873.000000	6.000000	0.121714	0.000000	0.000000	6.315783e+05
20001	874.000000	6.000000	0.122831	0.000000	0.000000	7.139996e+05
20001	875.000000	6.000000	0.124009	0.000000	0.000000	4.137010e+05
20001	876.000000	6.000000	0.124741	0.000000	0.000000	9.158568e+05
20001	877.000000	6.000000	0.126027	0.000000	0.000000	7.469620e+05
20001	878.000000	6.000000	0.126726	0.000000	0.000000	4.360601e+05
20001	879.000000	6.000000	0.128311	0.000000	0.000000	4.873258e+05
20001	880.000000	6.000000	0.130649	0.000000	0.000000	5.172662e+05
20001	881.000000	6.000000	0.131508	0.000000	0.000000	4.754188e+05
20001	882.000000	6.000000	0.133368	0.000000	0.000000	8.711426e+05
20001	883.000000	6.000000	0.134644	0.000000	0.000000	7.864932e+05
20001	884.000000	6.000000	0.135453	0.000000	0.000000	1.190441e+06
20001	885.000000	6.000000	0.136168	0.000000	0.000000	5.652099e+05
20001	886.000000	6.000000	0.138040	0.000000	0.000000	1.032471e+06
20001	887.000000	6.000000	0.139275	0.000000	0.000000	5.932503e+05
20001	888.000000	6.000000	0.141099	0.000000	0.000000	1.037782e+06
20001	889.000000	6.000000	0.142120	0.000000	0.000000	5.113650e+05
20001	890.000000	6.000000	0.143474	0.000000	0.000000	1.124357e+06
20001	891.000000	6.000000	0.144687	0.000000	0.000000	6.453808e+05
20001	892.000000	6.000000	0.145759	0.000000	0.000000	4.633368e+05
20001	893.000000	6.000000	0.146714	0.000000	0.000000	7.505811e+05
20001	894.000000	6.000000	0.148123	0.000000	0.000000	7.258287e+05
20001	895.000000	6.000000	0.149394	0.000000	0.000000	4.605617e+05
20001	896.000000	6.000000	0.150644	0.000000	0.000000	4.252917e+05
20001	897.000000	6.000000	0.151930	0.000000	0.000000	4.004630e+05
20001	898.000000	6.000000	0.153427	0.000000	0.000000	6.371694e+05
20001	899.000000	6.000000	0.154785	0.000000	0.000000	7.683137e+05
20001	900.000000	6.000000	0.156039	0.000000	0.000000	8.627153e+05
20001	901.000000	6.000000	0.157079	0.000000	0.000000	8.817852e+05
20001	902.000000	6.000000	0.158018	0.000000	0.000000	3.935975e+05
20001	903.000000	6.000000	0.159177	0.000000	0.000000	4.482553e+05
20001	904.000000	6.000000	0.160744	0.000000	0.000000	9.402645e+05
20001	905.000000	6.000000	0.162134	0.000000	0.000000	7.014010e+05
20001	906.000000	6.000000	0.163264	0.000000	0.000000	4.512767e+05
20001	907.000000	6.000000	0.164856	0.000000	0.000000	7.506232e+05
20001	908.000000	6.000000	0.166161	0.000000	0.000000	1.145106e+06
20001	909.000000	6.000000	0.167322	0.000000	0.000000	9.660291e+05
20001	910.000000	6.000000	0.168500	0.000000	0.000000	6.287809e+05
20001	911.000000	6.000000	0.169750	0.000000	0.000000	1.670275e+06
20001	912.000000	6.000000	0.171042	0.000000	0.000000	8.444181e+05
20001	913.000000	6.000000	0.172366	0.000000	0.000000	5.895495e+05
20001	914.000000	6.000000	0.173613	0.000000	0.000000	6.991828e+05
20001	915.000000	6.000000	0.175048	0.000000	0.000000	7.900472e+05
20001	916.000000	6.000000	0.176294	0.000000	0.000000	1.170465e+06
20001	917.000000	6.000000	0.177355	0.000000	0.000000	7.529756e+05
20001	918.000000	6.000000	0.178738	0.000000	0.000000	9.025051e+05
20001	919.000000	6.000000	0.179908	0.000000	0.000000	1.381835e+06
20001	920.000000	6.000000	0.181237	0.000000	0.000000	8.503458e+05
20001	921.000000	6.000000	0.182457	0.000000	0.000000	6.078144e+05
20001	922.000000	6.000000	0.183710	0.000000	0.000000	7.133196e+05
20001	923.000000	6.000000	0.184794	0.000000	0.000000	7.124843e+05
20001	924.000000	6.000000	0.185930	0.000000	0.000000	3.978391e+05
20001	925.000000	6.000000	0.187229	0.000000	0.000000	6.936541e+05
20001	926.000000	6.000000	0.188198	0.000000	0.000000	5.813636e+05
20001	927.000000	6.000000	0.189465	0.000000	0.000000	5.352476e+05
20001	928.000000	6.000000	0.190779	0.000000	0.000000	8.716580e+05
20001	929.000000	6.000000	0.191588	0.000000	0.000000	7.929972e+05
20001	930.000000	6.000000	0.192763	0.000000	0.000000	9.215346e+05
20001	931.000000	6.000000	0.194052	0.000000	0.000000	8.612681e+05
20001	932.000000	6.000000	0.195054	0.000000	0.000000	8.166269e+05
20001	933.000000	6.000000	0.196398	0.000000	0.000000	1.463031e+06
20001	934.000000	6.000000	0.197644	0.000000	0.000000	9.247018e+05
20001	935.000000	6.000000	0.198635	0.000000	0.000000	5.247188e+05
20001	936.000000	6.000000	0.200056	0.000000	0.000000	7.991928e+05
20001	937.000000	6.000000	0.201207	0.000000	0.000000	1.127078e+06
20001	938.000000	6.000000	0.202267	0.000000	0.000000	7.768599e+05
20001	939.000000	6.000000	0.203155	0.000000	0.000000	7.697240e+05
20001	940.000000	6.000000	0.204030	0.000000	0.000000	1.551358e+06
20001	941.000000	6.000000	0.205150	0.000000	0.000000	1.068702e+06
20001	942.000000	6.000000	0.206239	0.000000	0.000000	9.993945e+05
20001	943.000000	6.000000	0.207324	0.000000	0.000000	1.768398e+06
20001	944.000000	6.000000	0.208512	0.000000	0.000000	1.884670e+06
20001	945.000000	6.000000	0.209942	0.000000	0.000000	1.019523e+06
20001	946.000000	6.000000	0.211041	0.000000	0.000000	9.554142e+05
20001	947.000000	6.000000	0.212047	0.000000	0.000000	1.771275e+06
20001	948.000000	6.000000	0.213096	0.000000	0.000000	1.091629e+06
20001	949.000000	6.000000	0.213989	0.000000	0.000000	5.566488e+05
20001	950.000000	6.000000	0.215251	0.000000	0.000000	1.436290e+06
20001	951.000000	6.000000	0.216537	0.000000	0.000000	1.054683e+06
20001	952.000000	6.000000	0.217293	0.000000	0.000000	7.149660e+05
20001	953.000000	6.000000	0.218338	0.000000	0.000000	7.116383e+05
20001	954.000000	6.000000	0.219387	0.000000	0.000000	8.276682e+05
20001	955.000000	6.000000	0.220340	0.000000	0.000000	5.191142e+05
20001	956.000000	6.000000	0.221153	0.000000	0.000000	3.667194e+05
20001	957.000000	6.000000	0.222252	0.000000	0.000000	1.190506e+06
20001	958.000000	6.000000	0.223077	0.000000	0.000000	7.020052e+05
20001	959.000000	6.000000	0.224125	0.000000	0.000000	7.917252e+05
20001	960.000000	6.000000	0.225060	0.000000	0.000000	1.361785e+06
20001	961.000000	6.000000	0.226057	0.000000	0.000000	9.144015e+05
20001	962.000000	6.000000	0.227353	0.000000	0.000000	5.129874e+05
20001	963.000000	6.000000	0.228143	0.000000	0.000000	6.042262e+05
20001	964.000000	6.000000	0.228566	0.000000	0.000000	6.451001e+05
20001	965.000000	6.000000	0.229938	0.000000	0.000000	5.935467e+05
20001	966.000000	6.000000	0.230538	0.000000	0.000000	1.117987e+06
20001	967.000000	6.000000	0.231384	0.000000	0.000000	6.384726e+05
20001	968.000000	6.000000	0.232341	0.000000	0.000000	4.234667e+05
20001	969.000000	6.000000	0.233699	0.000000	0.000000	1.265552e+06
20001	970.000000	6.000000	0.235050	0.000000	0.000000	1.435819e+06
20001	971.000000	6.000000	0.235475	0.000000	0.000000	1.133078e+06
20001	972.000000	6.000000	0.236537	0.000000	0.000000	4.529511e+05
20001	973.000000	6.000000	0.237695	0.000000	0.000000	3.804868e+05
20001	974.000000	6.000000	0.238169	0.000000	0.000000	7.187814e+05
20001	975.000000	6.000000	0.238955	0.000000	0.000000	9.960255e+05
20001	976.000000	6.000000	0.239700	0.000000	0.000000	7.768094e+05
20001	977.000000	6.000000	0.240756	0.000000	0.000000	1.755082e+06
20001	978.000000	6.000000	0.241680	0.000000	0.000000	1.982239e+06
20001	979.000000	6.000000	0.242877	0.000000	0.000000	6.987696e+05
20001	980.000000	6.000000	0.243902	0.000000	0.000000	7.281661e+05
20001	981.000000	6.000000	0.244461	0.000000	0.000000	7.292123e+05
20001	982.000000	6.000000	0.245730	0.000000	0.000000	8.922169e+05
20001	983.000000	6.000000	0.246200	0.000000	0.000000	6.672944e+05
20001	984.000000	6.000000	0.246845	0.000000	0.000000	4.341968e+05
20001	985.000000	6.000000	0.248084	0.000000	0.000000	1.305142e+06
20001	986.000000	6.000000	0.249258	0.000000	0.000000	7.286674e+05
20001	987.000000	6.000000	0.250234	0.000000	0.000000	5.469652e+05
20001	988.000000	6.000000	0.250999	0.000000	0.000000	1.648230e+06
20001	989.000000	6.000000	0.251510	0.000000	0.000000	5.988092e+05
20001	990.000000	6.000000	0.252446	0.000000	0.000000	2.861142e+05
20001	991.000000	6.000000	0.253318	0.000000	0.000000	4.648012e+05
20001	992.000000	6.000000	0.253732	0.000000	0.000000	1.529575e+06
20001	993.000000	6.000000	0.254498	0.000000	0.000000	7.953942e+05
20001	994.000000	6.000000	0.255372	0.000000	0.000000	1.165512e+06
20001	995.000000	6.000000	0.256588	0.000000	0.000000	1.000000e+07
20001	996.000000	6.000000	0.257613	0.000000	0.000000	8.212773e+05
20001	997.000000	6.000000	0.258104	0.000000	0.000000	8.763115e+05
20001	998.000000	6.000000	0.258872	0.000000	0.000000	7.021867e+06
20001	999.000000	6.000000	0.260068	0.000000	0.000000	9.764717e+05
20001	1000.000000	6.000000	0.261229	0.000000	0.000000	5.538875e+05
