20001	190.000000	6.000000	0.396496	0.000000	0.000000	1.073164e+02
20001	191.000000	6.000000	0.268443	0.000000	0.000000	2.383940e+02
20001	192.000000	6.000000	0.294551	0.000000	0.000000	5.585526e+02
20001	193.000000	6.000000	0.249746	0.000000	0.000000	2.677875e+02
20001	194.000000	6.000000	0.210833	0.000000	0.000000	7.135889e+02
20001	195.000000	6.000000	0.159799	0.000000	0.000000	1.368389e+03
20001	196.000000	6.000000	0.113295	0.000000	0.000000	1.528178e+03
20001	197.000000	6.000000	0.116677	0.000000	0.000000	2.294462e+03
20001	198.000000	6.000000	0.106228	0.000000	0.000000	2.213434e+03
20001	199.000000	6.000000	0.099676	0.000000	0.000000	1.340499e+03
20001	200.000000	6.000000	0.087678	0.000000	0.000000	1.542345e+03
20001	201.000000	6.000000	0.066733	0.000000	0.000000	1.790871e+03
20001	202.000000	6.000000	0.052008	0.000000	0.000000	2.126348e+03
20001	203.000000	6.000000	0.037004	0.000000	0.000000	8.694988e+03
20001	204.000000	6.000000	0.010753	0.000000	0.000000	2.018729e+04
20001	205.000000	6.000000	0.008528	0.000000	0.000000	4.140529e+04
20001	206.000000	6.000000	0.010976	0.000000	0.000000	3.600112e+04
20001	207.000000	6.000000	0.020715	0.000000	0.000000	4.828863e+04
20001	208.000000	6.000000	0.033190	0.000000	0.000000	9.604008e+03
20001	209.000000	6.000000	0.049823	0.000000	0.000000	2.959075e+04
20001	210.000000	6.000000	0.074093	0.000000	0.000000	1.137394e+05
20001	211.000000	6.000000	0.089750	0.000000	0.000000	7.028603e+05
20001	212.000000	6.000000	0.117704	0.000000	0.000000	4.873995e+04
20001	213.000000	6.000000	0.145409	0.000000	0.000000	3.305526e+04
20001	214.000000	6.000000	0.175691	0.000000	0.000000	6.324312e+04
20001	215.000000	6.000000	0.202010	0.000000	0.000000	3.497544e+05
20001	216.000000	6.000000	0.231168	0.000000	0.000000	3.036875e+04
20001	217.000000	6.000000	0.263206	0.000000	0.000000	7.336932e+04
20001	218.000000	6.000000	0.290863	0.000000	0.000000	7.922005e+05
20001	219.000000	6.000000	0.312793	0.000000	0.000000	2.392334e+05
20001	220.000000	6.000000	0.331707	0.000000	0.000000	1.422408e+05
20001	221.000000	6.000000	0.352513	0.000000	0.000000	9.092772e+04
20001	222.000000	6.000000	0.368816	0.000000	0.000000	2.788298e+05
20001	223.000000	6.000000	0.382087	0.000000	0.000000	1.120642e+05
20001	224.000000	6.000000	0.390653	0.000000	0.000000	1.470870e+06
20001	225.000000	6.000000	0.399816	0.000000	0.000000	1.136143e+05
20001	226.000000	6.000000	0.406483	0.000000	0.000000	4.642683e+05
20001	227.000000	6.000000	0.408973	0.000000	0.000000	4.469198e+05
20001	228.000000	6.000000	0.411354	0.000000	0.000000	2.553955e+05
20001	229.000000	6.000000	0.408363	0.000000	0.000000	2.561102e+05
20001	230.000000	6.000000	0.404611	0.000000	0.000000	9.853161e+04
20001	231.000000	6.000000	0.401801	0.000000	0.000000	1.055906e+05
20001	232.000000	6.000000	0.394894	0.000000	0.000000	1.296370e+05
20001	233.000000	6.000000	0.384934	0.000000	0.000000	1.622185e+05
20001	234.000000	6.000000	0.375677	0.000000	0.000000	1.128577e+05
20001	235.000000	6.000000	0.366574	0.000000	0.000000	1.805642e+05
20001	236.000000	6.000000	0.355187	0.000000	0.000000	3.065270e+05
20001	237.000000	6.000000	0.342968	0.000000	0.000000	1.175169e+05
20001	238.000000	6.000000	0.330208	0.000000	0.000000	8.925557e+04
20001	239.000000	6.000000	0.317527	0.000000	0.000000	1.128967e+05
20001	240.000000	6.000000	0.303172	0.000000	0.000000	1.273741e+05
20001	241.000000	6.000000	0.289305	0.000000	0.000000	1.092366e+05
20001	242.000000	6.000000	0.274940	0.000000	0.000000	1.197570e+05
20001	243.000000	6.000000	0.261813	0.000000	0.000000	6.631255e+04
20001	244.000000	6.000000	0.248245	0.000000	0.000000	1.052393e+05
20001	245.000000	6.000000	0.236901	0.000000	0.000000	1.121164e+05
20001	246.000000	6.000000	0.227545	0.000000	0.000000	1.553649e+05
20001	247.000000	6.000000	0.219138	0.000000	0.000000	3.253843e+05
20001	248.000000	6.000000	0.212356	0.000000	0.000000	1.909858e+05
20001	249.000000	6.000000	0.210508	0.000000	0.000000	9.209753e+05
20001	250.000000	6.000000	0.209540	0.000000	0.000000	4.983828e+06
20001	251.000000	6.000000	0.212409	0.000000	0.000000	3.573975e+05
20001	252.000000	6.000000	0.219766	0.000000	0.000000	2.040426e+05
20001	253.000000	6.000000	0.230008	0.000000	0.000000	7.609562e+05
20001	254.000000	6.000000	0.242296	0.000000	0.000000	9.804520e+05
20001	255.000000	6.000000	0.258394	0.000000	0.000000	7.533087e+05
20001	256.000000	6.000000	0.276105	0.000000	0.000000	1.198697e+05
20001	257.000000	6.000000	0.295293	0.000000	0.000000	1.057057e+05
20001	258.000000	6.000000	0.318360	0.000000	0.000000	7.244917e+04
20001	259.000000	6.000000	0.341612	0.000000	0.000000	2.249318e+05
20001	260.000000	6.000000	0.366071	0.000000	0.000000	6.140358e+04
20001	261.000000	6.000000	0.389072	0.000000	0.000000	6.710638e+04
20001	262.000000	6.000000	0.413662	0.000000	0.000000	1.549793e+05
20001	263.000000	6.000000	0.438972	0.000000	0.000000	8.696156e+04
20001	264.000000	6.000000	0.462591	0.000000	0.000000	1.100852e+05
20001	265.000000	6.000000	0.483333	0.000000	0.000000	1.019952e+05
20001	266.000000	6.000000	0.505139	0.000000	0.000000	6.376494e+04
20001	267.000000	6.000000	0.526554	0.000000	0.000000	1.389744e+05
20001	268.000000	6.000000	0.545160	0.000000	0.000000	5.399858e+04
20001	269.000000	6.000000	0.562186	0.000000	0.000000	7.464467e+04
20001	270.000000	6.000000	0.577251	0.000000	0.000000	7.432445e+04
20001	271.000000	6.000000	0.592105	0.000000	0.000000	3.101937e+04
20001	272.000000	6.000000	0.604718	0.000000	0.000000	4.804557e+04
20001	273.000000	6.000000	0.616591	0.000000	0.000000	7.398624e+04
20001	274.000000	6.000000	0.627695	0.000000	0.000000	6.329767e+04
20001	275.000000	6.000000	0.636454	0.000000	0.000000	3.540103e+04
20001	276.000000	6.000000	0.644842	0.000000	0.000000	6.999656e+04
20001	277.000000	6.000000	0.653406	0.000000	0.000000	1.337535e+05
20001	278.000000	6.000000	0.657432	0.000000	0.000000	2.061173e+05
20001	279.000000	6.000000	0.660368	0.000000	0.000000	1.014857e+05
20001	280.000000	6.000000	0.664220	0.000000	0.000000	1.244349e+05
20001	281.000000	6.000000	0.667378	0.000000	0.000000	1.071542e+05
20001	282.000000	6.000000	0.670872	0.000000	0.000000	3.730989e+04
20001	283.000000	6.000000	0.674227	0.000000	0.000000	4.558638e+04
20001	284.000000	6.000000	0.675493	0.000000	0.000000	5.861675e+04
20001	285.000000	6.000000	0.675549	0.000000	0.000000	8.569683e+04
20001	286.000000	6.000000	0.672358	0.000000	0.000000	3.041750e+05
20001	287.000000	6.000000	0.669472	0.000000	0.000000	4.646672e+05
20001	288.000000	6.000000	0.666147	0.000000	0.000000	3.040422e+04
20001	289.000000	6.000000	0.661665	0.000000	0.000000	4.288246e+04
20001	290.000000	6.000000	0.656890	0.000000	0.000000	3.601773e+04
20001	291.000000	6.000000	0.651398	0.000000	0.000000	7.771815e+04
20001	292.000000	6.000000	0.642357	0.000000	0.000000	1.452595e+05
20001	293.000000	6.000000	0.632935	0.000000	0.000000	4.350741e+05
20001	294.000000	6.000000	0.625548	0.000000	0.000000	8.142167e+05
20001	295.000000	6.000000	0.614015	0.000000	0.000000	8.399432e+04
20001	296.000000	6.000000	0.603950	0.000000	0.000000	2.420805e+05
20001	297.000000	6.000000	0.595402	0.000000	0.000000	1.755906e+05
20001	298.000000	6.000000	0.585800	0.000000	0.000000	1.674769e+05
20001	299.000000	6.000000	0.577116	0.000000	0.000000	1.561123e+05
20001	300.000000	6.000000	0.566305	0.000000	0.000000	6.481025e+04
20001	301.000000	6.000000	0.556801	0.000000	0.000000	1.081924e+05
20001	302.000000	6.000000	0.545215	0.000000	0.000000	1.664217e+05
20001	303.000000	6.000000	0.533668	0.000000	0.000000	8.711102e+04
20001	304.000000	6.000000	0.523167	0.000000	0.000000	1.966286e+05
20001	305.000000	6.000000	0.511896	0.000000	0.000000	4.214500e+05
20001	306.000000	6.000000	0.501357	0.000000	0.000000	6.244476e+05
20001	307.000000	6.000000	0.490737	0.000000	0.000000	6.943756e+04
20001	308.000000	6.000000	0.479425	0.000000	0.000000	7.510834e+04
20001	309.000000	6.000000	0.467816	0.000000	0.000000	1.491037e+05
20001	310.000000	6.000000	0.455849	0.000000	0.000000	1.243191e+05
20001	311.000000	6.000000	0.443458	0.000000	0.000000	2.207325e+05
20001	312.000000	6.000000	0.431139	0.000000	0.000000	2.236676e+05
20001	313.000000	6.000000	0.419564	0.000000	0.000000	1.545123e+05
20001	314.000000	6.000000	0.408391	0.000000	0.000000	1.251945e+05
20001	315.000000	6.000000	0.396725	0.000000	0.000000	9.877843e+04
20001	316.000000	6.000000	0.384667	0.000000	0.000000	1.992659e+05
20001	317.000000	6.000000	0.372936	0.000000	0.000000	4.924361e+05
20001	318.000000	6.000000	0.362478	0.000000	0.000000	2.946358e+05
20001	319.000000	6.000000	0.351504	0.000000	0.000000	1.726123e+05
20001	320.000000	6.000000	0.340556	0.000000	0.000000	2.226392e+05
20001	321.000000	6.000000	0.330685	0.000000	0.000000	1.364567e+05
20001	322.000000	6.000000	0.321324	0.000000	0.000000	4.554069e+05
20001	323.000000	6.000000	0.312904	0.000000	0.000000	5.251592e+05
20001	324.000000	6.000000	0.306263	0.000000	0.000000	1.434877e+05
20001	325.000000	6.000000	0.298616	0.000000	0.000000	1.244521e+05
20001	326.000000	6.000000	0.291934	0.000000	0.000000	1.700967e+05
20001	327.000000	6.000000	0.287035	0.000000	0.000000	6.327862e+05
20001	328.000000	6.000000	0.280548	0.000000	0.000000	2.360729e+05
20001	329.000000	6.000000	0.276317	0.000000	0.000000	2.120332e+05
20001	330.000000	6.000000	0.272222	0.000000	0.000000	1.821614e+05
20001	331.000000	6.000000	0.269638	0.000000	0.000000	1.078338e+05
20001	332.000000	6.000000	0.267945	0.000000	0.000000	1.856868e+05
20001	333.000000	6.000000	0.265012	0.000000	0.000000	2.204764e+05
20001	334.000000	6.000000	0.262628	0.000000	0.000000	1.468383e+05
20001	335.000000	6.000000	0.262949	0.000000	0.000000	2.957649e+05
20001	336.000000	6.000000	0.263648	0.000000	0.000000	2.436555e+05
20001	337.000000	6.000000	0.265365	0.000000	0.000000	4.168576e+05
20001	338.000000	6.000000	0.266566	0.000000	0.000000	5.656135e+05
20001	339.000000	6.000000	0.268530	0.000000	0.000000	4.703311e+05
20001	340.000000	6.000000	0.272002	0.000000	0.000000	6.065905e+04
20001	341.000000	6.000000	0.276830	0.000000	0.000000	2.461636e+05
20001	342.000000	6.000000	0.282973	0.000000	0.000000	3.211523e+05
20001	343.000000	6.000000	0.287182	0.000000	0.000000	1.028822e+05
20001	344.000000	6.000000	0.291372	0.000000	0.000000	1.201227e+05
20001	345.000000	6.000000	0.298916	0.000000	0.000000	3.468761e+05
20001	346.000000	6.000000	0.306294	0.000000	0.000000	2.133599e+05
20001	347.000000	6.000000	0.312300	0.000000	0.000000	2.516323e+05
20001	348.000000	6.000000	0.319763	0.000000	0.000000	6.746541e+05
20001	349.000000	6.000000	0.327948	0.000000	0.000000	1.546243e+05
20001	350.000000	6.000000	0.336032	0.000000	0.000000	1.103987e+05
20001	351.000000	6.000000	0.344299	0.000000	0.000000	1.420387e+05
20001	352.000000	6.000000	0.354211	0.000000	0.000000	1.815655e+05
20001	353.000000	6.000000	0.362354	0.000000	0.000000	1.908396e+05
20001	354.000000	6.000000	0.371940	0.000000	0.000000	2.090415e+05
20001	355.000000	6.000000	0.381327	0.000000	0.000000	1.639237e+05
20001	356.000000	6.000000	0.391667	0.000000	0.000000	1.405859e+05
20001	357.000000	6.000000	0.402031	0.000000	0.000000	7.520751e+04
20001	358.000000	6.000000	0.411516	0.000000	0.000000	8.117386e+04
20001	359.000000	6.000000	0.422324	0.000000	0.000000	9.416915e+04
20001	360.000000	6.000000	0.432736	0.000000	0.000000	6.582175e+04
20001	361.000000	6.000000	0.442262	0.000000	0.000000	6.195301e+04
20001	362.000000	6.000000	0.451573	0.000000	0.000000	9.783260e+04
20001	363.000000	6.000000	0.459708	0.000000	0.000000	9.108291e+04
20001	364.000000	6.000000	0.467982	0.000000	0.000000	8.353197e+04
20001	365.000000	6.000000	0.475769	0.000000	0.000000	2.050049e+05
20001	366.000000	6.000000	0.482333	0.000000	0.000000	3.028065e+05
20001	367.000000	6.000000	0.488349	0.000000	0.000000	1.677904e+05
20001	368.000000	6.000000	0.491608	0.000000	0.000000	1.297922e+05
20001	369.000000	6.000000	0.495366	0.000000	0.000000	3.042109e+05
20001	370.000000	6.000000	0.499178	0.000000	0.000000	1.237347e+05
20001	371.000000	6.000000	0.502378	0.000000	0.000000	5.838639e+04
20001	372.000000	6.000000	0.505359	0.000000	0.000000	1.193559e+05
20001	373.000000	6.000000	0.507979	0.000000	0.000000	1.255682e+05
20001	374.000000	6.000000	0.510152	0.000000	0.000000	1.476542e+05
20001	375.000000	6.000000	0.509778	0.000000	0.000000	1.076425e+05
20001	376.000000	6.000000	0.508428	0.000000	0.000000	8.607188e+04
20001	377.000000	6.000000	0.510298	0.000000	0.000000	4.150272e+04
20001	378.000000	6.000000	0.510945	0.000000	0.000000	5.202157e+04
20001	379.000000	6.000000	0.510546	0.000000	0.000000	7.397081e+04
20001	380.000000	6.000000	0.510942	0.000000	0.000000	7.455331e+04
20001	381.000000	6.000000	0.508674	0.000000	0.000000	2.062998e+05
20001	382.000000	6.000000	0.508009	0.000000	0.000000	2.201641e+05
20001	383.000000	6.000000	0.508194	0.000000	0.000000	4.536442e+05
20001	384.000000	6.000000	0.509080	0.000000	0.000000	4.657290e+05
20001	385.000000	6.000000	0.508671	0.000000	0.000000	3.125167e+05
20001	386.000000	6.000000	0.508097	0.000000	0.000000	3.532944e+05
20001	387.000000	6.000000	0.505896	0.000000	0.000000	1.928980e+05
20001	388.000000	6.000000	0.504506	0.000000	0.000000	1.401597e+05
20001	389.000000	6.000000	0.503844	0.000000	0.000000	4.941790e+05
20001	390.000000	6.000000	0.502449	0.000000	0.000000	4.990950e+05
20001	391.000000	6.000000	0.501783	0.000000	0.000000	8.592520e+05
20001	392.000000	6.000000	0.502087	0.000000	0.000000	3.668260e+05
20001	393.000000	6.000000	0.501411	0.000000	0.000000	1.037930e+06
20001	394.000000	6.000000	0.500838	0.000000	0.000000	2.147556e+06
20001	395.000000	6.000000	0.498791	0.000000	0.000000	3.874170e+05
20001	396.000000	6.000000	0.495907	0.000000	0.000000	9.558209e+05
20001	397.000000	6.000000	0.494053	0.000000	0.000000	7.040244e+05
20001	398.000000	6.000000	0.493038	0.000000	0.000000	1.503622e+06
20001	399.000000	6.000000	0.491897	0.000000	0.000000	1.002164e+06
20001	400.000000	6.000000	0.491300	0.000000	0.000000	3.562184e+05
20001	401.000000	6.000000	0.490757	0.000000	0.000000	2.881372e+05
20001	402.000000	6.000000	0.488791	0.000000	0.000000	2.556460e+05
20001	403.000000	6.000000	0.486231	0.000000	0.000000	2.678965e+05
20001	404.000000	6.000000	0.484630	0.000000	0.000000	4.112535e+05
20001	405.000000	6.000000	0.483073	0.000000	0.000000	5.773385e+05
20001	406.000000	6.000000	0.481059	0.000000	0.000000	4.692391e+05
20001	407.000000	6.000000	0.478907	0.000000	0.000000	3.182317e+05
20001	408.000000	6.000000	0.477583	0.000000	0.000000	2.436200e+05
20001	409.000000	6.000000	0.476264	0.000000	0.000000	5.190723e+05
20001	410.000000	6.000000	0.474514	0.000000	0.000000	7.868125e+05
20001	411.000000	6.000000	0.472348	0.000000	0.000000	6.406105e+05
20001	412.000000	6.000000	0.469880	0.000000	0.000000	1.077128e+06
20001	413.000000	6.000000	0.467786	0.000000	0.000000	4.667923e+05
20001	414.000000	6.000000	0.464832	0.000000	0.000000	4.367649e+05
20001	415.000000	6.000000	0.461973	0.000000	0.000000	3.089997e+05
20001	416.000000	6.000000	0.459327	0.000000	0.000000	1.527209e+06
20001	417.000000	6.000000	0.457124	0.000000	0.000000	7.018575e+05
20001	418.000000	6.000000	0.454563	0.000000	0.000000	8.657845e+05
20001	419.000000	6.000000	0.451705	0.000000	0.000000	7.719314e+05
20001	420.000000	6.000000	0.449618	0.000000	0.000000	3.733373e+06
20001	421.000000	6.000000	0.446782	0.000000	0.000000	3.813375e+05
20001	422.000000	6.000000	0.444386	0.000000	0.000000	2.749727e+05
20001	423.000000	6.000000	0.441290	0.000000	0.000000	1.015711e+06
20001	424.000000	6.000000	0.438087	0.000000	0.000000	3.355693e+05
20001	425.000000	6.000000	0.434765	0.000000	0.000000	5.675512e+05
20001	426.000000	6.000000	0.432618	0.000000	0.000000	1.074939e+06
20001	427.000000	6.000000	0.429012	0.000000	0.000000	8.534489e+05
20001	428.000000	6.000000	0.425535	0.000000	0.000000	4.008374e+06
20001	429.000000	6.000000	0.423250	0.000000	0.000000	3.057152e+06
20001	430.000000	6.000000	0.419937	0.000000	0.000000	1.593212e+06
20001	431.000000	6.000000	0.416001	0.000000	0.000000	1.585249e+06
20001	432.000000	6.000000	0.412852	0.000000	0.000000	1.671604e+06
20001	433.000000	6.000000	0.409042	0.000000	0.000000	6.772230e+05
20001	434.000000	6.000000	0.405882	0.000000	0.000000	9.726312e+05
20001	435.000000	6.000000	0.402120	0.000000	0.000000	6.842124e+05
20001	436.000000	6.000000	0.398554	0.000000	0.000000	9.978687e+05
20001	437.000000	6.000000	0.395255	0.000000	0.000000	7.053091e+05
20001	438.000000	6.000000	0.391633	0.000000	0.000000	8.024713e+05
20001	439.000000	6.000000	0.387698	0.000000	0.000000	3.252094e+06
20001	440.000000	6.000000	0.383746	0.000000	0.000000	1.778955e+06
20001	441.000000	6.000000	0.379643	0.000000	0.000000	1.045737e+06
20001	442.000000	6.000000	0.375651	0.000000	0.000000	1.261860e+06
20001	443.000000	6.000000	0.371920	0.000000	0.000000	9.918586e+05
20001	444.000000	6.000000	0.368165	0.000000	0.000000	7.058968e+05
20001	445.000000	6.000000	0.364491	0.000000	0.000000	9.727274e+05
20001	446.000000	6.000000	0.361143	0.000000	0.000000	1.601737e+06
20001	447.000000	6.000000	0.357043	0.000000	0.000000	1.082701e+06
20001	448.000000	6.000000	0.352947	0.000000	0.000000	6.950801e+05
20001	449.000000	6.000000	0.349046	0.000000	0.000000	8.153067e+05
20001	450.000000	6.000000	0.344841	0.000000	0.000000	7.273060e+05
20001	451.000000	6.000000	0.340682	0.000000	0.000000	5.337196e+05
20001	452.000000	6.000000	0.336071	0.000000	0.000000	4.640888e+05
20001	453.000000	6.000000	0.331782	0.000000	0.000000	1.001517e+06
20001	454.000000	6.000000	0.328133	0.000000	0.000000	9.898491e+05
20001	455.000000	6.000000	0.324002	0.000000	0.000000	8.854013e+05
20001	456.000000	6.000000	0.319988	0.000000	0.000000	4.926888e+05
20001	457.000000	6.000000	0.315577	0.000000	0.000000	8.565617e+05
20001	458.000000	6.000000	0.311217	0.000000	0.000000	6.048328e+05
20001	459.000000	6.000000	0.307319	0.000000	0.000000	5.179705e+05
20001	460.000000	6.000000	0.303424	0.000000	0.000000	7.764522e+05
20001	461.000000	6.000000	0.299318	0.000000	0.000000	8.590978e+05
20001	462.000000	6.000000	0.294629	0.000000	0.000000	5.972892e+05
20001	463.000000	6.000000	0.290148	0.000000	0.000000	7.263485e+05
20001	464.000000	6.000000	0.286243	0.000000	0.000000	1.336807e+06
20001	465.000000	6.000000	0.282259	0.000000	0.000000	1.108200e+06
20001	466.000000	6.000000	0.277738	0.000000	0.000000	7.065852e+05
20001	467.000000	6.000000	0.273282	0.000000	0.000000	5.829313e+05
20001	468.000000	6.000000	0.269037	0.000000	0.000000	1.370832e+06
20001	469.000000	6.000000	0.265014	0.000000	0.000000	8.716950e+05
20001	470.000000	6.000000	0.260711	0.000000	0.000000	6.795459e+05
20001	471.000000	6.000000	0.256613	0.000000	0.000000	8.351164e+05
20001	472.000000	6.000000	0.252408	0.000000	0.000000	7.351265e+05
20001	473.000000	6.000000	0.248268	0.000000	0.000000	1.078138e+06
20001	474.000000	6.000000	0.244157	0.000000	0.000000	1.223998e+06
20001	475.000000	6.000000	0.240083	0.000000	0.000000	1.194518e+06
20001	476.000000	6.000000	0.235883	0.000000	0.000000	7.188760e+05
20001	477.000000	6.000000	0.231817	0.000000	0.000000	6.929066e+05
20001	478.000000	6.000000	0.227921	0.000000	0.000000	1.220408e+06
20001	479.000000	6.000000	0.223907	0.000000	0.000000	9.252847e+05
20001	480.000000	6.000000	0.219902	0.000000	0.000000	6.093107e+05
20001	481.000000	6.000000	0.215996	0.000000	0.000000	6.175492e+05
20001	482.000000	6.000000	0.212045	0.000000	0.000000	1.196884e+06
20001	483.000000	6.000000	0.208339	0.000000	0.000000	1.200823e+06
20001	484.000000	6.000000	0.204455	0.000000	0.000000	1.501287e+06
20001	485.000000	6.000000	0.200643	0.000000	0.000000	1.913248e+06
20001	486.000000	6.000000	0.196949	0.000000	0.000000	1.468992e+06
20001	487.000000	6.000000	0.193236	0.000000	0.000000	1.250928e+06
20001	488.000000	6.000000	0.189535	0.000000	0.000000	1.415474e+06
20001	489.000000	6.000000	0.186153	0.000000	0.000000	1.238295e+06
20001	490.000000	6.000000	0.182634	0.000000	0.000000	1.095479e+06
20001	491.000000	6.000000	0.179163	0.000000	0.000000	1.174238e+06
20001	492.000000	6.000000	0.175802	0.000000	0.000000	1.460098e+06
20001	493.000000	6.000000	0.172363	0.000000	0.000000	1.665331e+06
20001	494.000000	6.000000	0.169046	0.000000	0.000000	1.839849e+06
20001	495.000000	6.000000	0.165939	0.000000	0.000000	1.977537e+06
20001	496.000000	6.000000	0.162659	0.000000	0.000000	1.624606e+06
20001	497.000000	6.000000	0.159499	0.000000	0.000000	1.385584e+06
20001	498.000000	6.000000	0.156540	0.000000	0.000000	1.271899e+06
20001	499.000000	6.000000	0.153728	0.000000	0.000000	2.231925e+06
20001	500.000000	6.000000	0.150825	0.000000	0.000000	2.423844e+06
20001	501.000000	6.000000	0.147905	0.000000	0.000000	1.787912e+06
20001	502.000000	6.000000	0.145141	0.000000	0.000000	2.139387e+06
20001	503.000000	6.000000	0.142445	0.000000	0.000000	2.854315e+06
20001	504.000000	6.000000	0.139905	0.000000	0.000000	3.294012e+06
20001	505.000000	6.000000	0.137294	0.000000	0.000000	2.007171e+06
20001	506.000000	6.000000	0.134787	0.000000	0.000000	2.727568e+06
20001	507.000000	6.000000	0.132340	0.000000	0.000000	3.108846e+06
20001	508.000000	6.000000	0.129876	0.000000	0.000000	5.580194e+06
20001	509.000000	6.000000	0.127835	0.000000	0.000000	4.806170e+06
20001	510.000000	6.000000	0.125652	0.000000	0.000000	6.365762e+06
20001	511.000000	6.000000	0.123433	0.000000	0.000000	4.521842e+06
20001	512.000000	6.000000	0.121522	0.000000	0.000000	2.049743e+06
20001	513.000000	6.000000	0.119576	0.000000	0.000000	3.240837e+06
20001	514.000000	6.000000	0.117691	0.000000	0.000000	7.003560e+06
20001	515.000000	6.000000	0.115829	0.000000	0.000000	7.142585e+06
20001	516.000000	6.000000	0.114258	0.000000	0.000000	5.900825e+06
20001	517.000000	6.000000	0.112478	0.000000	0.000000	6.601549e+06
20001	518.000000	6.000000	0.110934	0.000000	0.000000	5.946029e+06
20001	519.000000	6.000000	0.109514	0.000000	0.000000	4.257398e+06
20001	520.000000	6.000000	0.108279	0.000000	0.000000	1.000000e+07
20001	521.000000	6.000000	0.106912	0.000000	0.000000	9.397724e+06
20001	522.000000	6.000000	0.105637	0.000000	0.000000	9.184410e+06
20001	523.000000	6.000000	0.104482	0.000000	0.000000	4.748391e+06
20001	524.000000	6.000000	0.103424	0.000000	0.000000	5.660669e+06
20001	525.000000	6.000000	0.102376	0.000000	0.000000	4.442015e+06
20001	526.000000	6.000000	0.101435	0.000000	0.000000	5.442053e+06
20001	527.000000	6.000000	0.100606	0.000000	0.000000	4.902811e+06
20001	528.000000	6.000000	0.099976	0.000000	0.000000	4.497479e+06
20001	529.000000	6.000000	0.099349	0.000000	0.000000	3.693046e+06
20001	530.000000	6.000000	0.098714	0.000000	0.000000	3.632499e+06
20001	531.000000	6.000000	0.098124	0.000000	0.000000	3.667448e+06
20001	532.000000	6.000000	0.097559	0.000000	0.000000	3.219579e+06
20001	533.000000	6.000000	0.097221	0.000000	0.000000	2.894856e+06
20001	534.000000	6.000000	0.096898	0.000000	0.000000	2.914861e+06
20001	535.000000	6.000000	0.096541	0.000000	0.000000	2.516190e+06
20001	536.000000	6.000000	0.096315	0.000000	0.000000	1.965386e+06
20001	537.000000	6.000000	0.096338	0.000000	0.000000	2.001201e+06
20001	538.000000	6.000000	0.096328	0.000000	0.000000	2.732337e+06
20001	539.000000	6.000000	0.096366	0.000000	0.000000	3.071180e+06
20001	540.000000	6.000000	0.096421	0.000000	0.000000	2.843477e+06
20001	541.000000	6.000000	0.096594	0.000000	0.000000	2.205783e+06
20001	542.000000	6.000000	0.096690	0.000000	0.000000	1.872672e+06
20001	543.000000	6.000000	0.097025	0.000000	0.000000	2.044988e+06
20001	544.000000	6.000000	0.097312	0.000000	0.000000	1.185790e+06
20001	545.000000	6.000000	0.097768	0.000000	0.000000	2.004336e+06
20001	546.000000	6.000000	0.098122	0.000000	0.000000	2.258365e+06
20001	547.000000	6.000000	0.098553	0.000000	0.000000	1.325665e+06
20001	548.000000	6.000000	0.099112	0.000000	0.000000	1.328201e+06
20001	549.000000	6.000000	0.099636	0.000000	0.000000	1.612032e+06
20001	550.000000	6.000000	0.100360	0.000000	0.000000	1.637183e+06
20001	551.000000	6.000000	0.101077	0.000000	0.000000	1.190961e+06
20001	552.000000	6.000000	0.101811	0.000000	0.000000	1.074028e+06
20001	553.000000	6.000000	0.102674	0.000000	0.000000	1.314465e+06
20001	554.000000	6.000000	0.103555	0.000000	0.000000	1.586023e+06
20001	555.000000	6.000000	0.104469	0.000000	0.000000	1.336145e+06
20001	556.000000	6.000000	0.105435	0.000000	0.000000	1.329290e+06
20001	557.000000	6.000000	0.106530	0.000000	0.000000	1.012488e+06
20001	558.000000	6.000000	0.107605	0.000000	0.000000	1.072904e+06
20001	559.000000	6.000000	0.108679	0.000000	0.000000	1.003770e+06
20001	560.000000	6.000000	0.109856	0.000000	0.000000	1.038041e+06
20001	561.000000	6.000000	0.111019	0.000000	0.000000	1.049090e+06
20001	562.000000	6.000000	0.112181	0.000000	0.000000	8.893908e+05
20001	563.000000	6.000000	0.113488	0.000000	0.000000	7.644269e+05
20001	564.000000	6.000000	0.114706	0.000000	0.000000	7.119075e+05
20001	565.000000	6.000000	0.115894	0.000000	0.000000	7.195149e+05
20001	566.000000	6.000000	0.117232	0.000000	0.000000	9.040103e+05
20001	567.000000	6.000000	0.118557	0.000000	0.000000	7.746273e+05
20001	568.000000	6.000000	0.119936	0.000000	0.000000	7.530943e+05
20001	569.000000	6.000000	0.121386	0.000000	0.000000	8.534915e+05
20001	570.000000	6.000000	0.122808	0.000000	0.000000	8.022673e+05
20001	571.000000	6.000000	0.124253	0.000000	0.000000	7.119375e+05
20001	572.000000	6.000000	0.125761	0.000000	0.000000	6.131199e+05
20001	573.000000	6.000000	0.127264	0.000000	0.000000	7.499996e+05
20001	574.000000	6.000000	0.128752	0.000000	0.000000	7.542507e+05
20001	575.000000	6.000000	0.130309	0.000000	0.000000	8.132668e+05
20001	576.000000	6.000000	0.131773	0.000000	0.000000	6.998966e+05
20001	577.000000	6.000000	0.133365	0.000000	0.000000	6.474585e+05
20001	578.000000	6.000000	0.135033	0.000000	0.000000	6.470097e+05
20001	579.000000	6.000000	0.136674	0.000000	0.000000	6.834824e+05
20001	580.000000	6.000000	0.138272	0.000000	0.000000	5.604238e+05
20001	581.000000	6.000000	0.140011	0.000000	0.000000	5.608896e+05
20001	582.000000	6.000000	0.141527	0.000000	0.000000	5.630578e+05
20001	583.000000	6.000000	0.143234	0.000000	0.000000	5.631638e+05
20001	584.000000	6.000000	0.144929	0.000000	0.000000	7.358375e+05
20001	585.000000	6.000000	0.146611	0.000000	0.000000	6.285103e+05
20001	586.000000	6.000000	0.148445	0.000000	0.000000	6.330652e+05
20001	587.000000	6.000000	0.150379	0.000000	0.000000	5.007918e+05
20001	588.000000	6.000000	0.152250	0.000000	0.000000	4.236085e+05
20001	589.000000	6.000000	0.153897	0.000000	0.000000	4.897393e+05
20001	590.000000	6.000000	0.155685	0.000000	0.000000	5.075711e+05
20001	591.000000	6.000000	0.157541	0.000000	0.000000	4.428252e+05
20001	592.000000	6.000000	0.159055	0.000000	0.000000	4.041596e+05
20001	593.000000	6.000000	0.160728	0.000000	0.000000	5.325253e+05
20001	594.000000	6.000000	0.162573	0.000000	0.000000	5.954944e+05
20001	595.000000	6.000000	0.164396	0.000000	0.000000	5.215987e+05
20001	596.000000	6.000000	0.166093	0.000000	0.000000	4.036207e+05
20001	597.000000	6.000000	0.168003	0.000000	0.000000	4.329725e+05
20001	598.000000	6.000000	0.169735	0.000000	0.000000	3.960693e+05
20001	599.000000	6.000000	0.171668	0.000000	0.000000	4.847055e+05
20001	600.000000	6.000000	0.173536	0.000000	0.000000	5.315223e+05
20001	601.000000	6.000000	0.175407	0.000000	0.000000	3.948689e+05
20001	602.000000	6.000000	0.177011	0.000000	0.000000	5.007720e+05
20001	603.000000	6.000000	0.178666	0.000000	0.000000	5.085723e+05
20001	604.000000	6.000000	0.180404	0.000000	0.000000	4.473106e+05
20001	605.000000	6.000000	0.182371	0.000000	0.000000	3.806366e+05
20001	606.000000	6.000000	0.184193	0.000000	0.000000	4.306058e+05
20001	607.000000	6.000000	0.185806	0.000000	0.000000	4.115079e+05
20001	608.000000	6.000000	0.187719	0.000000	0.000000	3.707250e+05
20001	609.000000	6.000000	0.189680	0.000000	0.000000	3.506982e+05
20001	610.000000	6.000000	0.191192	0.000000	0.000000	3.355888e+05
20001	611.000000	6.000000	0.192997	0.000000	0.000000	3.092489e+05
20001	612.000000	6.000000	0.194732	0.000000	0.000000	3.333013e+05
20001	613.000000	6.000000	0.196640	0.000000	0.000000	3.901534e+05
20001	614.000000	6.000000	0.198555	0.000000	0.000000	4.443923e+05
20001	615.000000	6.000000	0.200231	0.000000	0.000000	3.505567e+05
20001	616.000000	6.000000	0.201872	0.000000	0.000000	3.178587e+05
20001	617.000000	6.000000	0.203486	0.000000	0.000000	4.274879e+05
20001	618.000000	6.000000	0.205187	0.000000	0.000000	4.050519e+05
20001	619.000000	6.000000	0.206960	0.000000	0.000000	3.890812e+05
20001	620.000000	6.000000	0.208562	0.000000	0.000000	2.958553e+05
20001	621.000000	6.000000	0.210126	0.000000	0.000000	3.786639e+05
20001	622.000000	6.000000	0.211914	0.000000	0.000000	5.961333e+05
20001	623.000000	6.000000	0.213619	0.000000	0.000000	5.020840e+05
20001	624.000000	6.000000	0.215193	0.000000	0.000000	4.575110e+05
20001	625.000000	6.000000	0.216928	0.000000	0.000000	3.596033e+05
20001	626.000000	6.000000	0.218427	0.000000	0.000000	3.473664e+05
20001	627.000000	6.000000	0.220200	0.000000	0.000000	2.918362e+05
20001	628.000000	6.000000	0.222305	0.000000	0.000000	2.832639e+05
20001	629.000000	6.000000	0.223715	0.000000	0.000000	4.007776e+05
20001	630.000000	6.000000	0.225139	0.000000	0.000000	2.851882e+05
20001	631.000000	6.000000	0.226543	0.000000	0.000000	2.442604e+05
20001	632.000000	6.000000	0.228231	0.000000	0.000000	4.405293e+05
20001	633.000000	6.000000	0.229687	0.000000	0.000000	3.066033e+05
20001	634.000000	6.000000	0.231289	0.000000	0.000000	3.668342e+05
20001	635.000000	6.000000	0.233039	0.000000	0.000000	2.814174e+05
20001	636.000000	6.000000	0.234180	0.000000	0.000000	2.568344e+05
20001	637.000000	6.000000	0.235912	0.000000	0.000000	3.371543e+05
20001	638.000000	6.000000	0.237633	0.000000	0.000000	4.739383e+05
20001	639.000000	6.000000	0.238999	0.000000	0.000000	4.361049e+05
20001	640.000000	6.000000	0.240271	0.000000	0.000000	4.338301e+05
20001	641.000000	6.000000	0.241769	0.000000	0.000000	4.101747e+05
20001	642.000000	6.000000	0.243570	0.000000	0.000000	2.627118e+05
20001	643.000000	6.000000	0.244908	0.000000	0.000000	2.181037e+05
20001	644.000000	6.000000	0.246288	0.000000	0.000000	1.970888e+05
20001	645.000000	6.000000	0.247906	0.000000	0.000000	2.437321e+05
20001	646.000000	6.000000	0.249286	0.000000	0.000000	2.947440e+05
20001	647.000000	6.000000	0.250727	0.000000	0.000000	4.176750e+05
20001	648.000000	6.000000	0.251978	0.000000	0.000000	4.125360e+05
20001	649.000000	6.000000	0.253130	0.000000	0.000000	2.757173e+05
20001	650.000000	6.000000	0.254617	0.000000	0.000000	2.737472e+05
20001	651.000000	6.000000	0.255783	0.000000	0.000000	2.812684e+05
20001	652.000000	6.000000	0.257445	0.000000	0.000000	3.203364e+05
20001	653.000000	6.000000	0.258959	0.000000	0.000000	3.102322e+05
20001	654.000000	6.000000	0.260232	0.000000	0.000000	3.205231e+05
20001	655.000000	6.000000	0.261266	0.000000	0.000000	4.076983e+05
20001	656.000000	6.000000	0.262428	0.000000	0.000000	4.829494e+05
20001	657.000000	6.000000	0.263681	0.000000	0.000000	6.419824e+05
20001	658.000000	6.000000	0.264920	0.000000	0.000000	4.953098e+05
20001	659.000000	6.000000	0.266380	0.000000	0.000000	3.532182e+05
20001	660.000000	6.000000	0.267403	0.000000	0.000000	3.457258e+05
20001	661.000000	6.000000	0.268842	0.000000	0.000000	3.322411e+05
20001	662.000000	6.000000	0.270167	0.000000	0.000000	3.385966e+05
20001	663.000000	6.000000	0.271384	0.000000	0.000000	2.251059e+05
20001	664.000000	6.000000	0.272482	0.000000	0.000000	1.559853e+05
20001	665.000000	6.000000	0.273332	0.000000	0.000000	2.383773e+05
20001	666.000000	6.000000	0.274347	0.000000	0.000000	3.721738e+05
20001	667.000000	6.000000	0.275511	0.000000	0.000000	4.910150e+05
20001	668.000000	6.000000	0.276745	0.000000	0.000000	3.797105e+05
20001	669.000000	6.000000	0.277996	0.000000	0.000000	2.300313e+05
20001	670.000000	6.000000	0.279112	0.000000	0.000000	3.109886e+05
20001	671.000000	6.000000	0.280723	0.000000	0.000000	3.316815e+05
20001	672.000000	6.000000	0.281735	0.000000	0.000000	3.369109e+05
20001	673.000000	6.000000	0.282720	0.000000	0.000000	4.145234e+05
20001	674.000000	6.000000	0.283631	0.000000	0.000000	2.206945e+05
20001	675.000000	6.000000	0.284863	0.000000	0.000000	2.858832e+05
20001	676.000000	6.000000	0.285738	0.000000	0.000000	2.706511e+05
20001	677.000000	6.000000	0.286810	0.000000	0.000000	2.392511e+05
20001	678.000000	6.000000	0.287781	0.000000	0.000000	2.142669e+05
20001	679.000000	6.000000	0.288752	0.000000	0.000000	2.816856e+05
20001	680.000000	6.000000	0.290171	0.000000	0.000000	3.239655e+05
20001	681.000000	6.000000	0.291124	0.000000	0.000000	2.709111e+05
20001	682.000000	6.000000	0.292047	0.000000	0.000000	2.319729e+05
20001	683.000000	6.000000	0.292822	0.000000	0.000000	2.341259e+05
20001	684.000000	6.000000	0.293927	0.000000	0.000000	3.603151e+05
20001	685.000000	6.000000	0.294933	0.000000	0.000000	2.537861e+05
20001	686.000000	6.000000	0.295912	0.000000	0.000000	2.620325e+05
20001	687.000000	6.000000	0.296671	0.000000	0.000000	2.310353e+05
20001	688.000000	6.000000	0.297303	0.000000	0.000000	2.500094e+05
20001	689.000000	6.000000	0.298069	0.000000	0.000000	1.933064e+05
20001	690.000000	6.000000	0.298925	0.000000	0.000000	2.317568e+05
20001	691.000000	6.000000	0.299935	0.000000	0.000000	2.961135e+05
20001	692.000000	6.000000	0.301108	0.000000	0.000000	2.549202e+05
20001	693.000000	6.000000	0.301995	0.000000	0.000000	2.571121e+05
20001	694.000000	6.000000	0.302919	0.000000	0.000000	2.396627e+05
20001	695.000000	6.000000	0.303811	0.000000	0.000000	3.073148e+05
20001	696.000000	6.000000	0.304545	0.000000	0.000000	4.313176e+05
20001	697.000000	6.000000	0.305161	0.000000	0.000000	5.216852e+05
20001	698.000000	6.000000	0.305837	0.000000	0.000000	3.301379e+05
20001	699.000000	6.000000	0.306698	0.000000	0.000000	2.410776e+05
20001	700.000000	6.000000	0.307583	0.000000	0.000000	2.849780e+05
20001	701.000000	6.000000	0.308338	0.000000	0.000000	3.085347e+05
20001	702.000000	6.000000	0.309034	0.000000	0.000000	2.967859e+05
20001	703.000000	6.000000	0.309964	0.000000	0.000000	3.784264e+05
20001	704.000000	6.000000	0.310406	0.000000	0.000000	9.064430e+05
20001	705.000000	6.000000	0.310579	0.000000	0.000000	5.713778e+05
20001	706.000000	6.000000	0.311127	0.000000	0.000000	4.432413e+05
20001	707.000000	6.000000	0.311810	0.000000	0.000000	2.803272e+05
20001	708.000000	6.000000	0.312864	0.000000	0.000000	2.471640e+05
20001	709.000000	6.000000	0.314139	0.000000	0.000000	3.005599e+05
20001	710.000000	6.000000	0.315136	0.000000	0.000000	3.781919e+05
20001	711.000000	6.000000	0.315497	0.000000	0.000000	3.093540e+05
20001	712.000000	6.000000	0.315885	0.000000	0.000000	3.164660e+05
20001	713.000000	6.000000	0.316452	0.000000	0.000000	5.220116e+05
20001	714.000000	6.000000	0.316685	0.000000	0.000000	4.876732e+05
20001	715.000000	6.000000	0.317322	0.000000	0.000000	4.791871e+05
20001	716.000000	6.000000	0.317746	0.000000	0.000000	2.783764e+05
20001	717.000000	6.000000	0.318701	0.000000	0.000000	3.221645e+05
20001	718.000000	6.000000	0.318841	0.000000	0.000000	6.091386e+05
20001	719.000000	6.000000	0.319440	0.000000	0.000000	5.655342e+05
20001	720.000000	6.000000	0.319972	0.000000	0.000000	3.089816e+05
20001	721.000000	6.000000	0.320066	0.000000	0.000000	2.767114e+05
20001	722.000000	6.000000	0.320245	0.000000	0.000000	2.891377e+05
20001	723.000000	6.000000	0.321024	0.000000	0.000000	1.928677e+05
20001	724.000000	6.000000	0.321441	0.000000	0.000000	2.049924e+05
20001	725.000000	6.000000	0.321892	0.000000	0.000000	6.298608e+05
20001	726.000000	6.000000	0.322520	0.000000	0.000000	4.311140e+05
20001	727.000000	6.000000	0.322748	0.000000	0.000000	5.592886e+05
20001	728.000000	6.000000	0.323626	0.000000	0.000000	4.882307e+05
20001	729.000000	6.000000	0.323606	0.000000	0.000000	2.540550e+05
20001	730.000000	6.000000	0.324095	0.000000	0.000000	2.496445e+05
20001	731.000000	6.000000	0.324840	0.000000	0.000000	3.998593e+05
20001	732.000000	6.000000	0.324997	0.000000	0.000000	3.038287e+05
20001	733.000000	6.000000	0.325206	0.000000	0.000000	3.911882e+05
20001	734.000000	6.000000	0.325740	0.000000	0.000000	3.254614e+05
20001	735.000000	6.000000	0.326377	0.000000	0.000000	3.018788e+05
20001	736.000000	6.000000	0.326456	0.000000	0.000000	2.200924e+05
20001	737.000000	6.000000	0.326935	0.000000	0.000000	2.329494e+05
20001	738.000000	6.000000	0.327127	0.000000	0.000000	3.629914e+05
20001	739.000000	6.000000	0.327176	0.000000	0.000000	4.043064e+05
20001	740.000000	6.000000	0.327744	0.000000	0.000000	3.339980e+05
20001	741.000000	6.000000	0.327776	0.000000	0.000000	1.711938e+05
20001	742.000000	6.000000	0.328358	0.000000	0.000000	1.360297e+05
20001	743.000000	6.000000	0.328813	0.000000	0.000000	1.723093e+05
20001	744.000000	6.000000	0.329054	0.000000	0.000000	2.053133e+05
20001	745.000000	6.000000	0.329223	0.000000	0.000000	2.146465e+05
20001	746.000000	6.000000	0.329280	0.000000	0.000000	2.870575e+05
20001	747.000000	6.000000	0.329647	0.000000	0.000000	3.968201e+05
20001	748.000000	6.000000	0.329139	0.000000	0.000000	3.321840e+05
20001	749.000000	6.000000	0.329170	0.000000	0.000000	2.509902e+05
20001	750.000000	6.000000	0.329239	0.000000	0.000000	2.015034e+05
20001	751.000000	6.000000	0.329915	0.000000	0.000000	1.290309e+05
20001	752.000000	6.000000	0.330638	0.000000	0.000000	1.255855e+05
20001	753.000000	6.000000	0.330975	0.000000	0.000000	1.945946e+05
20001	754.000000	6.000000	0.331256	0.000000	0.000000	3.867839e+05
20001	755.000000	6.000000	0.331406	0.000000	0.000000	2.869833e+05
20001	756.000000	6.000000	0.331569	0.000000	0.000000	1.468903e+05
20001	757.000000	6.000000	0.331563	0.000000	0.000000	3.327838e+05
20001	758.000000	6.000000	0.331364	0.000000	0.000000	1.928169e+05
20001	759.000000	6.000000	0.331204	0.000000	0.000000	2.067778e+05
20001	760.000000	6.000000	0.331940	0.000000	0.000000	1.251312e+05
20001	761.000000	6.000000	0.332576	0.000000	0.000000	1.490741e+05
20001	762.000000	6.000000	0.333174	0.000000	0.000000	2.160115e+05
20001	763.000000	6.000000	0.332438	0.000000	0.000000	1.850053e+05
20001	764.000000	6.000000	0.332793	0.000000	0.000000	2.681341e+05
20001	765.000000	6.000000	0.333165	0.000000	0.000000	2.531519e+05
20001	766.000000	6.000000	0.332463	0.000000	0.000000	1.976725e+05
20001	767.000000	6.000000	0.333262	0.000000	0.000000	5.501421e+05
20001	768.000000	6.000000	0.333296	0.000000	0.000000	4.966829e+05
20001	769.000000	6.000000	0.332675	0.000000	0.000000	1.985590e+05
20001	770.000000	6.000000	0.332969	0.000000	0.000000	2.044268e+05
20001	771.000000	6.000000	0.333427	0.000000	0.000000	3.042105e+05
20001	772.000000	6.000000	0.332693	0.000000	0.000000	2.190397e+05
20001	773.000000	6.000000	0.333078	0.000000	0.000000	1.857919e+05
20001	774.000000	6.000000	0.333428	0.000000	0.000000	3.267430e+05
20001	775.000000	6.000000	0.333176	0.000000	0.000000	3.360080e+05
20001	776.000000	6.000000	0.333395	0.000000	0.000000	2.130122e+05
20001	777.000000	6.000000	0.333129	0.000000	0.000000	1.882464e+05
20001	778.000000	6.000000	0.333212	0.000000	0.000000	1.776501e+05
20001	779.000000	6.000000	0.333468	0.000000	0.000000	2.047684e+05
20001	780.000000	6.000000	0.333969	0.000000	0.000000	3.681304e+05
20001	781.000000	6.000000	0.333996	0.000000	0.000000	3.753524e+05
20001	782.000000	6.000000	0.333261	0.000000	0.000000	2.813704e+05
20001	783.000000	6.000000	0.333100	0.000000	0.000000	3.626145e+05
20001	784.000000	6.000000	0.333451	0.000000	0.000000	6.461583e+05
20001	785.000000	6.000000	0.332634	0.000000	0.000000	1.889502e+05
20001	786.000000	6.000000	0.332326	0.000000	0.000000	1.510713e+05
20001	787.000000	6.000000	0.333054	0.000000	0.000000	2.774404e+05
20001	788.000000	6.000000	0.333607	0.000000	0.000000	2.428363e+05
20001	789.000000	6.000000	0.333087	0.000000	0.000000	3.505198e+05
20001	790.000000	6.000000	0.332444	0.000000	0.000000	2.997558e+05
20001	791.000000	6.000000	0.333061	0.000000	0.000000	3.409618e+05
20001	792.000000	6.000000	0.333482	0.000000	0.000000	1.234615e+05
20001	793.000000	6.000000	0.333926	0.000000	0.000000	1.257483e+05
20001	794.000000	6.000000	0.333085	0.000000	0.000000	1.742581e+05
20001	795.000000	6.000000	0.332249	0.000000	0.000000	2.231854e+05
20001	796.000000	6.000000	0.332286	0.000000	0.000000	2.455741e+05
20001	797.000000	6.000000	0.332914	0.000000	0.000000	1.980369e+05
20001	798.000000	6.000000	0.333107	0.000000	0.000000	1.382825e+05
20001	799.000000	6.000000	0.333124	0.000000	0.000000	1.518915e+05
20001	800.000000	6.000000	0.332624	0.000000	0.000000	1.767756e+05
20001	801.000000	6.000000	0.332014	0.000000	0.000000	2.427273e+05
20001	802.000000	6.000000	0.331941	0.000000	0.000000	7.741947e+05
20001	803.000000	6.000000	0.331929	0.000000	0.000000	1.949343e+05
20001	804.000000	6.000000	0.331710	0.000000	0.000000	1.104631e+05
20001	805.000000	6.000000	0.331986	0.000000	0.000000	1.605953e+05
20001	806.000000	6.000000	0.331687	0.000000	0.000000	1.004900e+05
20001	807.000000	6.000000	0.332631	0.000000	0.000000	1.269048e+05
20001	808.000000	6.000000	0.332484	0.000000	0.000000	2.374766e+05
20001	809.000000	6.000000	0.331357	0.000000	0.000000	5.057909e+05
20001	810.000000	6.000000	0.331322	0.000000	0.000000	3.330940e+05
20001	811.000000	6.000000	0.330845	0.000000	0.000000	1.840692e+05
20001	812.000000	6.000000	0.329712	0.000000	0.000000	3.961416e+05
20001	813.000000	6.000000	0.329700	0.000000	0.000000	4.170464e+05
20001	814.000000	6.000000	0.330109	0.000000	0.000000	6.034618e+05
20001	815.000000	6.000000	0.330873	0.000000	0.000000	1.050085e+05
20001	816.000000	6.000000	0.330915	0.000000	0.000000	1.225958e+05
20001	817.000000	6.000000	0.330175	0.000000	0.000000	2.329213e+05
20001	818.000000	6.000000	0.329892	0.000000	0.000000	2.775041e+05
20001	819.000000	6.000000	0.329857	0.000000	0.000000	3.833370e+05
20001	820.000000	6.000000	0.329995	0.000000	0.000000	2.601772e+05
20001	821.000000	6.000000	0.329926	0.000000	0.000000	2.020205e+05
20001	822.000000	6.000000	0.330028	0.000000	0.000000	1.393760e+05
20001	823.000000	6.000000	0.329702	0.000000	0.000000	1.572137e+05
20001	824.000000	6.000000	0.329596	0.000000	0.000000	2.537171e+05
20001	825.000000	6.000000	0.330214	0.000000	0.000000	3.085133e+05
20001	826.000000	6.000000	0.330067	0.000000	0.000000	4.287046e+05
20001	827.000000	6.000000	0.328722	0.000000	0.000000	4.363624e+05
20001	828.000000	6.000000	0.328280	0.000000	0.000000	4.279844e+05
20001	829.000000	6.000000	0.328393	0.000000	0.000000	1.787487e+05
20001	830.000000	6.000000	0.328534	0.000000	0.000000	1.610201e+05
20001	831.000000	6.000000	0.328239	0.000000	0.000000	1.100936e+05
20001	832.000000	6.000000	0.328080	0.000000	0.000000	7.525672e+04
20001	833.000000	6.000000	0.326835	0.000000	0.000000	8.681150e+04
20001	834.000000	6.000000	0.326648	0.000000	0.000000	1.542047e+05
20001	835.000000	6.000000	0.327828	0.000000	0.000000	1.594593e+05
20001	836.000000	6.000000	0.327736	0.000000	0.000000	2.438287e+05
20001	837.000000	6.000000	0.325275	0.000000	0.000000	5.622052e+05
20001	838.000000	6.000000	0.325213	0.000000	0.000000	1.494244e+05
20001	839.000000	6.000000	0.324324	0.000000	0.000000	1.910508e+05
20001	840.000000	6.000000	0.324212	0.000000	0.000000	1.863084e+05
20001	841.000000	6.000000	0.325445	0.000000	0.000000	9.339906e+04
20001	842.000000	6.000000	0.324772	0.000000	0.000000	6.618727e+04
20001	843.000000	6.000000	0.324522	0.000000	0.000000	1.054175e+05
20001	844.000000	6.000000	0.323727	0.000000	0.000000	1.530142e+05
20001	845.000000	6.000000	0.323136	0.000000	0.000000	1.485292e+05
20001	846.000000	6.000000	0.323275	0.000000	0.000000	6.303795e+04
20001	847.000000	6.000000	0.322432	0.000000	0.000000	1.040868e+05
20001	848.000000	6.000000	0.323795	0.000000	0.000000	1.054120e+05
20001	849.000000	6.000000	0.323775	0.000000	0.000000	2.220192e+05
20001	850.000000	6.000000	0.322448	0.000000	0.000000	3.971700e+05
20001	851.000000	6.000000	0.320781	0.000000	0.000000	5.349778e+05
20001	852.000000	6.000000	0.319732	0.000000	0.000000	2.789684e+05
20001	853.000000	6.000000	0.320493	0.000000	0.000000	1.693479e+05
20001	854.000000	6.000000	0.320259	0.000000	0.000000	1.598658e+05
20001	855.000000	6.000000	0.319769	0.000000	0.000000	1.288746e+05
20001	856.000000	6.000000	0.319524	0.000000	0.000000	2.742328e+05
20001	857.000000	6.000000	0.318832	0.000000	0.000000	1.133294e+05
20001	858.000000	6.000000	0.318469	0.000000	0.000000	1.954328e+05
20001	859.000000	6.000000	0.318966	0.000000	0.000000	1.713618e+05
20001	860.000000	6.000000	0.318642	0.000000	0.000000	1.390721e+05
20001	861.000000	6.000000	0.318059	0.000000	0.000000	2.622712e+05
20001	862.000000	6.000000	0.316404	0.000000	0.000000	1.913697e+05
20001	863.000000	6.000000	0.315413	0.000000	0.000000	1.540298e+05
20001	864.000000	6.000000	0.316233	0.000000	0.000000	1.220042e+05
20001	865.000000	6.000000	0.316548	0.000000	0.000000	2.041511e+05
20001	866.000000	6.000000	0.316071	0.000000	0.000000	1.452528e+06
20001	867.000000	6.000000	0.315771	0.000000	0.000000	1.899557e+05
20001	868.000000	6.000000	0.316665	0.000000	0.000000	2.128658e+05
20001	869.000000	6.000000	0.316716	0.000000	0.000000	4.738374e+05
20001	870.000000	6.000000	0.315514	0.000000	0.000000	2.086691e+05
20001	871.000000	6.000000	0.313173	0.000000	0.000000	1.236494e+05
20001	872.000000	6.000000	0.312549	0.000000	0.000000	4.768618e+05
20001	873.000000	6.000000	0.311865	0.000000	0.000000	2.777234e+05
20001	874.000000	6.000000	0.312055	0.000000	0.000000	7.543815e+04
20001	875.000000	6.000000	0.312774	0.000000	0.000000	1.072080e+05
20001	876.000000	6.000000	0.312289	0.000000	0.000000	2.164748e+05
20001	877.000000	6.000000	0.313525	0.000000	0.000000	1.747285e+05
20001	878.000000	6.000000	0.312445	0.000000	0.000000	1.305029e+05
20001	879.000000	6.000000	0.311420	0.000000	0.000000	4.120510e+05
20001	880.000000	6.000000	0.308507	0.000000	0.000000	6.959483e+05
20001	881.000000	6.000000	0.309096	0.000000	0.000000	2.571344e+05
20001	882.000000	6.000000	0.308657	0.000000	0.000000	1.818189e+05
20001	883.000000	6.000000	0.309090	0.000000	0.000000	4.351384e+05
20001	884.000000	6.000000	0.309604	0.000000	0.000000	7.697265e+05
20001	885.000000	6.000000	0.308225	0.000000	0.000000	3.189706e+05
20001	886.000000	6.000000	0.307352	0.000000	0.000000	2.831535e+05
20001	887.000000	6.000000	0.306308	0.000000	0.000000	4.611530e+05
20001	888.000000	6.000000	0.305669	0.000000	0.000000	3.944777e+05
20001	889.000000	6.000000	0.305510	0.000000	0.000000	2.120161e+05
20001	890.000000	6.000000	0.304938	0.000000	0.000000	2.482908e+05
20001	891.000000	6.000000	0.304670	0.000000	0.000000	1.164427e+05
20001	892.000000	6.000000	0.306125	0.000000	0.000000	2.288547e+05
20001	893.000000	6.000000	0.305681	0.000000	0.000000	2.802514e+05
20001	894.000000	6.000000	0.305310	0.000000	0.000000	3.105479e+05
20001	895.000000	6.000000	0.305353	0.000000	0.000000	2.481917e+05
20001	896.000000	6.000000	0.303799	0.000000	0.000000	3.084326e+05
20001	897.000000	6.000000	0.302737	0.000000	0.000000	1.578659e+05
20001	898.000000	6.000000	0.303081	0.000000	0.000000	1.541976e+05
20001	899.000000	6.000000	0.302853	0.000000	0.000000	2.287531e+05
20001	900.000000	6.000000	0.301671	0.000000	0.000000	2.248594e+05
20001	901.000000	6.000000	0.300982	0.000000	0.000000	2.132279e+05
20001	902.000000	6.000000	0.300991	0.000000	0.000000	3.253994e+05
20001	903.000000	6.000000	0.300499	0.000000	0.000000	2.264127e+06
20001	904.000000	6.000000	0.299721	0.000000	0.000000	5.870041e+05
20001	905.000000	6.000000	0.299698	0.000000	0.000000	4.724370e+05
20001	906.000000	6.000000	0.298702	0.000000	0.000000	2.069202e+05
20001	907.000000	6.000000	0.298746	0.000000	0.000000	2.248472e+05
20001	908.000000	6.000000	0.298528	0.000000	0.000000	1.862526e+05
20001	909.000000	6.000000	0.297728	0.000000	0.000000	1.099986e+05
20001	910.000000	6.000000	0.296795	0.000000	0.000000	1.711930e+05
20001	911.000000	6.000000	0.295994	0.000000	0.000000	7.056817e+05
20001	912.000000	6.000000	0.295836	0.000000	0.000000	2.721930e+05
20001	913.000000	6.000000	0.295402	0.000000	0.000000	2.261408e+05
20001	914.000000	6.000000	0.295033	0.000000	0.000000	3.036896e+05
20001	915.000000	6.000000	0.294580	0.000000	0.000000	6.649934e+05
20001	916.000000	6.000000	0.293966	0.000000	0.000000	4.414557e+05
20001	917.000000	6.000000	0.293016	0.000000	0.000000	3.646762e+05
20001	918.000000	6.000000	0.292626	0.000000	0.000000	4.473501e+05
20001	919.000000	6.000000	0.292501	0.000000	0.000000	3.813772e+05
20001	920.000000	6.000000	0.292218	0.000000	0.000000	2.402621e+05
20001	921.000000	6.000000	0.291249	0.000000	0.000000	1.767995e+05
20001	922.000000	6.000000	0.290665	0.000000	0.000000	3.302324e+05
20001	923.000000	6.000000	0.290083	0.000000	0.000000	7.200608e+05
20001	924.000000	6.000000	0.289954	0.000000	0.000000	3.377850e+05
20001	925.000000	6.000000	0.289425	0.000000	0.000000	3.117889e+05
20001	926.000000	6.000000	0.288049	0.000000	0.000000	2.733920e+05
20001	927.000000	6.000000	0.287854	0.000000	0.000000	3.499487e+05
20001	928.000000	6.000000	0.287822	0.000000	0.000000	3.024722e+05
20001	929.000000	6.000000	0.287474	0.000000	0.000000	3.506279e+05
20001	930.000000	6.000000	0.286301	0.000000	0.000000	7.638526e+05
20001	931.000000	6.000000	0.285383	0.000000	0.000000	3.830202e+05
20001	932.000000	6.000000	0.284920	0.000000	0.000000	3.243611e+05
20001	933.000000	6.000000	0.284386	0.000000	0.000000	3.111220e+05
20001	934.000000	6.000000	0.284489	0.000000	0.000000	4.317678e+05
20001	935.000000	6.000000	0.283897	0.000000	0.000000	3.720784e+05
20001	936.000000	6.000000	0.282338	0.000000	0.000000	9.608381e+05
20001	937.000000	6.000000	0.282686	0.000000	0.000000	4.345623e+05
20001	938.000000	6.000000	0.282637	0.000000	0.000000	3.722772e+05
20001	939.000000	6.000000	0.281389	0.000000	0.000000	8.856297e+05
20001	940.000000	6.000000	0.281214	0.000000	0.000000	3.182648e+05
20001	941.000000	6.000000	0.279925	0.000000	0.000000	3.623231e+05
20001	942.000000	6.000000	0.279251	0.000000	0.000000	5.230238e+05
20001	943.000000	6.000000	0.279385	0.000000	0.000000	8.459412e+05
20001	944.000000	6.000000	0.278915	0.000000	0.000000	7.158019e+05
20001	945.000000	6.000000	0.278285	0.000000	0.000000	5.664473e+05
20001	946.000000	6.000000	0.277718	0.000000	0.000000	1.922497e+06
20001	947.000000	6.000000	0.277296	0.000000	0.000000	1.283968e+06
20001	948.000000	6.000000	0.276358	0.000000	0.000000	2.263630e+05
20001	949.000000	6.000000	0.276001	0.000000	0.000000	4.518428e+05
20001	950.000000	6.000000	0.275366	0.000000	0.000000	7.513065e+05
20001	951.000000	6.000000	0.274425	0.000000	0.000000	5.645211e+05
20001	952.000000	6.000000	0.273983	0.000000	0.000000	3.540883e+05
20001	953.000000	6.000000	0.273403	0.000000	0.000000	6.998849e+05
20001	954.000000	6.000000	0.272829	0.000000	0.000000	7.706056e+05
20001	955.000000	6.000000	0.272188	0.000000	0.000000	4.811712e+05
20001	956.000000	6.000000	0.271230	0.000000	0.000000	2.533197e+05
20001	957.000000	6.000000	0.270715	0.000000	0.000000	3.776966e+05
20001	958.000000	6.000000	0.270342	0.000000	0.000000	3.357236e+05
20001	959.000000	6.000000	0.270309	0.000000	0.000000	6.314763e+05
20001	960.000000	6.000000	0.269926	0.000000	0.000000	3.867938e+05
20001	961.000000	6.000000	0.268646	0.000000	0.000000	1.130519e+05
20001	962.000000	6.000000	0.267662	0.000000	0.000000	1.773744e+05
20001	963.000000	6.000000	0.267272	0.000000	0.000000	1.940254e+05
20001	964.000000	6.000000	0.267517	0.000000	0.000000	3.174017e+05
20001	965.000000	6.000000	0.266593	0.000000	0.000000	3.160067e+05
20001	966.000000	6.000000	0.266192	0.000000	0.000000	2.864744e+05
20001	967.000000	6.000000	0.265499	0.000000	0.000000	6.942763e+05
20001	968.000000	6.000000	0.264456	0.000000	0.000000	3.630910e+05
20001	969.000000	6.000000	0.263720	0.000000	0.000000	1.443533e+05
20001	970.000000	6.000000	0.262935	0.000000	0.000000	2.250233e+05
20001	971.000000	6.000000	0.262437	0.000000	0.000000	2.424267e+05
20001	972.000000	6.000000	0.263821	0.000000	0.000000	2.976235e+05
20001	973.000000	6.000000	0.262159	0.000000	0.000000	1.754552e+05
20001	974.000000	6.000000	0.261647	0.000000	0.000000	3.827989e+05
20001	975.000000	6.000000	0.260868	0.000000	0.000000	3.415829e+05
20001	976.000000	6.000000	0.258776	0.000000	0.000000	2.939015e+05
20001	977.000000	6.000000	0.259952	0.000000	0.000000	2.179102e+05
20001	978.000000	6.000000	0.258711	0.000000	0.000000	2.867471e+05
20001	979.000000	6.000000	0.257776	0.000000	0.000000	3.119285e+05
20001	980.000000	6.000000	0.258702	0.000000	0.000000	5.828421e+05
20001	981.000000	6.000000	0.258043	0.000000	0.000000	4.451003e+05
20001	982.000000	6.000000	0.256011	0.000000	0.000000	3.512996e+05
20001	983.000000	6.000000	0.255245	0.000000	0.000000	3.924576e+05
20001	984.000000	6.000000	0.256249	0.000000	0.000000	1.013582e+06
20001	985.000000	6.000000	0.254574	0.000000	0.000000	4.661439e+05
20001	986.000000	6.000000	0.254034	0.000000	0.000000	1.434979e+05
20001	987.000000	6.000000	0.253917	0.000000	0.000000	1.678979e+05
20001	988.000000	6.000000	0.252504	0.000000	0.000000	2.511128e+05
20001	989.000000	6.000000	0.251719	0.000000	0.000000	3.918944e+05
20001	990.000000	6.000000	0.251430	0.000000	0.000000	3.156908e+05
20001	991.000000	6.000000	0.251781	0.000000	0.000000	1.528650e+05
20001	992.000000	6.000000	0.251271	0.000000	0.000000	3.323344e+05
20001	993.000000	6.000000	0.251032	0.000000	0.000000	4.391599e+05
20001	994.000000	6.000000	0.251123	0.000000	0.000000	4.972823e+05
20001	995.000000	6.000000	0.250025	0.000000	0.000000	8.008448e+05
20001	996.000000	6.000000	0.249350	0.000000	0.000000	4.734254e+05
20001	997.000000	6.000000	0.249584	0.000000	0.000000	1.130432e+06
20001	998.000000	6.000000	0.248183	0.000000	0.000000	2.611960e+05
20001	999.000000	6.000000	0.247287	0.000000	0.000000	1.798192e+05
20001	1000.000000	6.000000	0.245825	0.000000	0.000000	1.665720e+05
