0.000000 1.641310 1.000000 1.434297 2.102871 0.765724
0.100000 -3.140020 1.010000 1.444268 2.112730 0.775805
0.200000 2.659040 1.040000 1.474178 2.142310 0.806047
0.300000 -0.274040 1.090000 1.524030 2.191610 0.856449
0.400000 6.778460 1.160000 1.593821 2.260631 0.927012
0.500000 -0.230440 1.250000 1.683554 2.349373 1.017734
0.600000 2.614570 1.360000 1.793226 2.457837 1.128616
0.700000 8.064290 1.490000 1.922840 2.586025 1.259655
0.800000 1.156130 1.640000 2.072394 2.733936 1.410851
0.900000 -1.609640 1.810000 2.241888 2.901573 1.582202
1.000000 -0.594010 2.000000 2.431323 3.088938 1.773708
1.100000 1.344470 2.210000 2.640698 3.296031 1.985365
1.200000 3.101410 2.440000 2.870014 3.522856 2.217172
1.300000 3.324410 2.690000 3.119270 3.769414 2.469126
1.400000 8.594420 2.960000 3.388467 4.035708 2.741226
1.500000 4.907380 3.250000 3.677604 4.321740 3.033468
1.600000 8.103020 3.560000 3.986682 4.627514 3.345849
1.700000 2.811500 3.890000 4.315700 4.953034 3.678367
1.800000 6.009820 4.240000 4.664659 5.298302 4.031016
1.900000 11.102390 4.610000 5.033558 5.663322 4.403794
2.000000 6.779600 5.000000 5.422398 6.048100 4.796696
2.100000 6.357550 5.410000 5.831178 6.452639 5.209718
2.200000 6.852260 5.840000 6.259899 6.876945 5.642854
2.300000 9.719180 6.290000 6.708561 7.321023 6.096098
2.400000 2.599750 6.760000 7.177162 7.784880 6.569445
2.500000 9.286460 7.250000 7.665705 8.268521 7.062889
2.600000 6.928400 7.760000 8.174188 8.771954 7.576421
2.700000 10.954330 8.290000 8.702611 9.295186 8.110036
2.800000 10.929380 8.840000 9.250975 9.838225 8.663724
2.900000 9.405830 9.410000 9.819279 10.401081 9.237477
3.000000 12.684940 10.000000 10.407524 10.983763 9.831285
3.100000 11.624390 10.610000 11.015709 11.586281 10.445138
3.200000 15.526250 11.240000 11.643835 12.208646 11.079024
3.300000 10.578610 11.890000 12.291901 12.850871 11.732932
3.400000 14.444870 12.560000 12.959908 13.512967 12.406849
3.500000 12.436970 13.250000 13.647856 14.194950 13.100761
3.600000 11.194660 13.960000 14.355744 14.896834 13.814653
3.700000 17.187050 14.690000 15.083572 15.618636 14.548508
3.800000 10.029770 15.440000 15.831341 16.360372 15.302309
3.900000 13.256050 16.210000 16.599050 17.122062 16.076038
4.000000 14.094470 17.000000 17.386700 17.903726 16.869674
4.100000 12.593630 17.810000 18.194290 18.705386 17.683195
4.200000 22.098040 18.640000 19.021821 19.527063 18.516579
4.300000 19.794920 19.490000 19.869293 20.368784 19.369801
4.400000 14.805380 20.360000 20.736705 21.230575 20.242834
4.500000 20.582650 21.250000 21.624057 22.112463 21.135651
4.600000 21.295370 22.160000 22.531350 23.014478 22.048222
4.700000 29.150630 23.090000 23.458583 23.936652 22.980515
4.800000 23.971930 24.040000 24.405757 24.879017 23.932498
4.900000 25.021880 25.010000 25.372872 25.841608 24.904135
5.000000 27.187700 26.000000 26.359927 26.824461 25.895392
5.100000 29.477440 27.010000 27.366922 27.827613 26.906231
5.200000 28.802810 28.040000 28.393858 28.851102 27.936614
5.300000 27.746060 29.090000 29.440734 29.894968 28.986501
5.400000 29.640220 30.160000 30.507551 30.959249 30.055854
5.500000 32.198870 31.250000 31.594309 32.043985 31.144632
5.600000 34.483130 32.360000 32.701007 33.149216 32.252797
5.700000 33.345280 33.490000 33.827645 34.274979 33.380311
5.800000 34.185650 34.640000 34.974224 35.421312 34.527136
5.900000 33.390290 35.810000 36.140743 36.588249 35.693238
6.000000 37.471690 37.000000 37.327203 37.775823 36.878584
6.100000 32.283080 38.210000 38.533604 38.984064 38.083144
6.200000 38.146070 39.440000 39.759945 40.212998 39.306892
6.300000 38.411590 40.690000 41.006226 41.462647 40.549805
6.400000 36.978530 41.960000 42.272448 42.733032 41.811865
6.500000 45.155390 43.250000 43.558611 44.024166 43.093056
6.600000 46.627990 44.560000 44.864714 45.336060 44.393367
6.700000 44.443430 45.890000 46.190757 46.668720 45.712794
6.800000 49.374470 47.240000 47.536741 48.022150 47.051332
6.900000 44.632600 48.610000 48.902666 49.396347 48.408984
7.000000 50.016200 50.000000 50.288531 50.791307 49.785755
7.100000 54.595460 51.410000 51.694336 52.207021 51.181651
7.200000 56.705980 52.840000 53.120082 53.643480 52.596684
7.300000 52.637390 54.290000 54.565769 55.100669 54.030868
7.400000 56.453810 55.760000 56.031396 56.578575 55.484216
7.500000 57.405640 57.250000 57.516963 58.077182 56.956745
7.600000 58.648610 58.760000 59.022471 59.596470 58.448472
7.700000 61.213430 60.290000 60.547920 61.136423 59.959416
7.800000 64.372720 61.840000 62.093309 62.697021 61.489596
7.900000 62.459360 63.410000 63.658638 64.278246 63.039030
8.000000 65.400560 65.000000 65.243908 65.880079 64.607737
8.100000 59.721850 66.610000 66.849119 67.502502 66.195736
8.200000 71.554940 68.240000 68.474270 69.145495 67.803044
8.300000 74.930750 69.890000 70.119361 70.809041 69.429681
8.400000 75.121360 71.560000 71.784393 72.493124 71.075662
8.500000 74.221340 73.250000 73.469366 74.197727 72.741004
8.600000 73.213070 74.960000 75.174279 75.922834 74.425724
8.700000 76.664440 76.690000 76.899132 77.668429 76.129835
8.800000 77.124950 78.440000 78.643926 79.434500 77.853353
8.900000 82.566650 80.210000 80.408661 81.221032 79.596290
9.000000 91.471420 82.000000 82.193336 83.028012 81.358660
9.100000 79.212110 83.810000 83.997951 84.855428 83.140475
9.200000 84.106370 85.640000 85.822508 86.703270 84.941745
9.300000 91.623880 87.490000 87.667004 88.571526 86.762482
9.400000 91.009190 89.360000 89.531441 90.460186 88.602696
9.500000 89.618090 91.250000 91.415819 92.369241 90.462396
9.600000 93.126370 93.160000 93.320137 94.298682 92.341591
9.700000 89.975210 95.090000 95.244395 96.248501 94.240290
9.800000 99.494810 97.040000 97.188594 98.218690 96.158499
9.900000 97.750750 99.010000 99.152734 100.209241 98.096227
10.000000 103.350020 101.000000 101.136814 102.220148 100.053480
