8.198400e-01 9.414200e-01 
8.852100e-01 1.155500e-01 
9.265600e-01 3.277000e-02 
3.852700e-01 2.681300e-01 
9.302900e-01 2.980000e-01 
4.145000e-01 2.404300e-01 
4.026800e-01 2.807800e-01 
9.381400e-01 8.580700e-01 
6.057000e-02 8.785100e-01 
6.631500e-01 8.151700e-01 
2.720200e-01 2.962400e-01 
3.941800e-01 6.692900e-01 
1.538100e-01 5.921800e-01 
6.206000e-02 9.027900e-01 
7.580700e-01 1.230800e-01 
1.566000e-02 7.807700e-01 
8.545300e-01 3.605600e-01 
5.671200e-01 7.638700e-01 
5.850800e-01 2.335200e-01 
5.464100e-01 1.822800e-01 
7.240000e-01 8.003300e-01 
1.566100e-01 3.890200e-01 
2.712900e-01 2.226400e-01 
9.345800e-01 1.981400e-01 
4.129200e-01 1.221500e-01 
5.393000e-02 9.359100e-01 
4.757000e-01 8.569600e-01 
8.811500e-01 3.711500e-01 
3.704500e-01 6.494000e-01 
4.801500e-01 6.349800e-01 
1.387800e-01 2.875900e-01 
4.853800e-01 6.527700e-01 
7.161000e-02 1.076000e-02 
3.716700e-01 4.321300e-01 
8.337100e-01 1.304200e-01 
6.337300e-01 6.212600e-01 
7.653700e-01 3.126500e-01 
4.421200e-01 1.327200e-01 
6.142200e-01 6.819300e-01 
5.039400e-01 5.381600e-01 
4.298500e-01 2.057900e-01 
4.983300e-01 1.126200e-01 
7.779600e-01 1.478900e-01 
7.655000e-02 4.584000e-02 
4.083000e-01 3.811000e-01 
5.734800e-01 8.716100e-01 
4.859000e-02 7.725900e-01 
6.692700e-01 4.444900e-01 
7.166000e-02 3.696000e-01 
7.493300e-01 3.440300e-01 
5.315400e-01 1.873400e-01 
3.180500e-01 7.561200e-01 
1.933200e-01 9.387200e-01 
7.589000e-02 6.782900e-01 
1.693900e-01 5.197000e-01 
2.786100e-01 9.342600e-01 
6.150300e-01 3.012100e-01 
9.199900e-01 7.239800e-01 
3.706300e-01 1.644100e-01 
7.977400e-01 4.722200e-01 
6.235200e-01 7.144000e-01 
6.082400e-01 2.203400e-01 
7.771700e-01 1.298900e-01 
9.191700e-01 4.677900e-01 
1.940100e-01 7.857400e-01 
6.446300e-01 8.043600e-01 
5.409600e-01 9.412000e-01 
4.545200e-01 7.494000e-01 
7.912900e-01 4.240900e-01 
5.842000e-01 6.176200e-01 
2.172900e-01 3.890400e-01 
4.448200e-01 3.890600e-01 
7.855000e-02 9.427200e-01 
2.068000e-01 8.080000e-02 
3.117100e-01 3.403200e-01 
2.481500e-01 4.562500e-01 
2.401300e-01 7.912300e-01 
8.014800e-01 7.900000e-01 
3.004200e-01 2.877400e-01 
2.815400e-01 9.690000e-02 
4.796100e-01 6.411800e-01 
2.731100e-01 2.414200e-01 
6.548000e-02 8.317200e-01 
5.781500e-01 4.005000e-02 
9.795600e-01 4.918300e-01 
1.033400e-01 8.689800e-01 
4.235600e-01 9.505900e-01 
1.679600e-01 8.581300e-01 
1.155200e-01 2.122700e-01 
5.009000e-01 5.603000e-02 
7.296000e-02 9.944800e-01 
3.623000e-01 2.710500e-01 
7.963200e-01 7.817600e-01 
7.577000e-02 6.936800e-01 
1.411900e-01 4.879000e-02 
8.430900e-01 3.971000e-02 
5.348200e-01 5.769000e-01 
7.401700e-01 8.426000e-01 
3.667300e-01 2.489300e-01 
5.882000e-01 3.083000e-01 
6.166600e-01 4.318500e-01 
6.327600e-01 2.998800e-01 
5.600100e-01 4.959300e-01 
9.666600e-01 3.843700e-01 
2.846000e-02 8.333000e-02 
4.846000e-01 1.697800e-01 
8.267000e-01 5.768300e-01 
7.449900e-01 3.398000e-02 
6.381900e-01 9.197100e-01 
6.998300e-01 2.689700e-01 
6.773100e-01 9.169600e-01 
5.957200e-01 5.567000e-01 
2.767100e-01 5.209800e-01 
4.096500e-01 5.679700e-01 
4.268600e-01 4.844000e-01 
4.636500e-01 7.810100e-01 
6.260000e-03 4.211000e-01 
7.692300e-01 9.069100e-01 
6.153700e-01 1.009500e-01 
1.206400e-01 7.378700e-01 
6.950300e-01 4.396900e-01 
6.574200e-01 8.737300e-01 
1.210300e-01 6.726700e-01 
5.560000e-01 9.291900e-01 
3.726400e-01 9.573000e-01 
3.790700e-01 8.571200e-01 
8.057100e-01 3.284900e-01 
3.671900e-01 9.649100e-01 
2.976200e-01 4.685900e-01 
1.393300e-01 6.513800e-01 
3.864200e-01 6.197700e-01 
7.784300e-01 3.748000e-02 
4.218400e-01 4.188200e-01 
4.499000e-01 1.037100e-01 
2.321900e-01 9.026100e-01 
2.246700e-01 4.302300e-01 
7.360100e-01 2.672400e-01 
3.071200e-01 4.957700e-01 
3.027300e-01 2.829400e-01 
7.435800e-01 1.472300e-01 
8.331500e-01 7.731900e-01 
3.265400e-01 6.155100e-01 
5.847000e-02 9.468000e-01 
5.390700e-01 4.666300e-01 
2.451000e-01 1.000300e-01 
2.492000e-02 4.056900e-01 
6.038200e-01 4.846800e-01 
8.665000e-01 7.997000e-02 
2.124500e-01 3.114700e-01 
5.099800e-01 5.549400e-01 
2.159500e-01 2.270000e-02 
4.514100e-01 8.888900e-01 
1.590200e-01 8.898800e-01 
1.223600e-01 8.787600e-01 
9.510100e-01 6.688000e-01 
6.099700e-01 6.003300e-01 
2.325000e-02 2.825400e-01 
9.317300e-01 6.155500e-01 
8.332900e-01 2.570700e-01 
4.597000e-02 1.807000e-02 
4.222700e-01 9.089300e-01 
9.774900e-01 3.233900e-01 
9.783400e-01 2.756800e-01 
7.030000e-03 1.385800e-01 
7.819700e-01 5.585000e-01 
3.490200e-01 9.802300e-01 
9.430000e-03 9.066100e-01 
5.039000e-01 2.832800e-01 
2.664100e-01 3.850000e-01 
7.760000e-03 4.244000e-02 
2.160200e-01 5.870100e-01 
9.367100e-01 2.885800e-01 
3.895900e-01 2.272000e-02 
7.254700e-01 4.376300e-01 
8.974300e-01 2.256600e-01 
9.996800e-01 1.029600e-01 
5.772900e-01 8.980300e-01 
2.421800e-01 1.433700e-01 
2.046100e-01 8.587500e-01 
3.121000e-01 8.842000e-01 
2.015800e-01 7.870600e-01 
2.633700e-01 8.993100e-01 
2.159700e-01 5.697600e-01 
5.889100e-01 7.277900e-01 
4.700100e-01 2.269600e-01 
8.332000e-01 5.316900e-01 
7.006400e-01 5.989700e-01 
6.082700e-01 9.512100e-01 
6.159800e-01 1.452400e-01 
1.778700e-01 4.856600e-01 
8.035200e-01 4.226900e-01 
7.541400e-01 3.241200e-01 
1.616200e-01 5.073700e-01 
1.488500e-01 8.314100e-01 
9.174300e-01 9.295600e-01 
4.169500e-01 2.057700e-01 
6.921600e-01 2.995500e-01 
3.076900e-01 6.595900e-01 
4.024600e-01 5.473900e-01 
9.346100e-01 6.700900e-01 
9.626500e-01 8.642500e-01 
1.970600e-01 9.016000e-01 
7.043300e-01 8.541000e-02 
7.250400e-01 4.454000e-01 
2.143000e-02 6.724200e-01 
3.177900e-01 8.982500e-01 
3.757500e-01 6.929300e-01 
6.207700e-01 7.314600e-01 
1.909200e-01 9.794300e-01 
6.083400e-01 2.138600e-01 
7.601200e-01 6.257800e-01 
1.841700e-01 6.655500e-01 
9.311400e-01 3.682200e-01 
2.272800e-01 6.161000e-02 
9.633800e-01 3.290400e-01 
3.613000e-02 8.364300e-01 
1.198100e-01 5.188000e-02 
8.177700e-01 2.724700e-01 
7.846200e-01 6.373500e-01 
3.703000e-01 5.363100e-01 
1.633900e-01 4.505400e-01 
8.056500e-01 4.861700e-01 
5.719700e-01 8.986800e-01 
1.344100e-01 1.505600e-01 
2.224100e-01 4.270100e-01 
8.605300e-01 4.677500e-01 
5.772700e-01 5.222900e-01 
8.093800e-01 1.847600e-01 
8.888200e-01 5.258100e-01 
8.883300e-01 2.051800e-01 
1.950500e-01 5.330300e-01 
3.096600e-01 9.463200e-01 
5.231500e-01 5.070800e-01 
1.286600e-01 7.130200e-01 
7.697700e-01 6.782600e-01 
6.929700e-01 1.349400e-01 
4.276800e-01 5.507400e-01 
8.206400e-01 5.572700e-01 
2.112500e-01 6.470300e-01 
1.041600e-01 6.901900e-01 
7.318200e-01 1.817800e-01 
1.555900e-01 6.463200e-01 
6.476800e-01 6.054700e-01 
7.973000e-02 9.318600e-01 
6.010900e-01 2.637800e-01 
2.339000e-02 8.322100e-01 
9.674700e-01 5.440000e-03 
7.037900e-01 6.973300e-01 
6.824900e-01 8.504200e-01 
6.732700e-01 5.456900e-01 
7.880300e-01 9.421200e-01 
6.184000e-01 4.274800e-01 
5.562500e-01 6.248400e-01 
9.513800e-01 6.206900e-01 
1.066600e-01 8.935000e-01 
5.566400e-01 4.970100e-01 
5.175000e-01 5.496800e-01 
4.544900e-01 9.640000e-02 
6.129800e-01 4.430700e-01 
7.559400e-01 2.116200e-01 
8.018900e-01 1.075100e-01 
7.194500e-01 8.398800e-01 
7.030500e-01 2.741200e-01 
8.848000e-02 8.723300e-01 
1.041600e-01 5.002800e-01 
2.870100e-01 9.203800e-01 
5.300800e-01 9.724900e-01 
1.516400e-01 3.061500e-01 
5.040000e-03 3.476800e-01 
1.222300e-01 2.314100e-01 
9.259500e-01 2.948600e-01 
8.260600e-01 3.942800e-01 
1.764300e-01 9.722100e-01 
7.136600e-01 7.595800e-01 
2.389000e-02 9.934900e-01 
4.142000e-01 1.552100e-01 
6.952000e-02 8.425800e-01 
3.958800e-01 3.685400e-01 
4.453600e-01 7.583000e-02 
7.782000e-01 9.221300e-01 
7.854900e-01 2.501000e-01 
3.192800e-01 5.713000e-02 
4.562500e-01 6.658600e-01 
7.348700e-01 4.748000e-01 
2.150300e-01 7.412400e-01 
1.763600e-01 8.309700e-01 
3.828600e-01 9.569400e-01 
1.185000e-02 5.933600e-01 
7.017000e-01 4.355800e-01 
1.193900e-01 6.657200e-01 
2.600000e-04 6.609900e-01 
7.689600e-01 8.246000e-02 
9.428800e-01 5.710300e-01 
9.362400e-01 5.861100e-01 
5.002100e-01 9.158700e-01 
5.452000e-02 8.422000e-02 
9.557700e-01 5.918200e-01 
6.507400e-01 5.507400e-01 
5.080400e-01 2.197200e-01 
7.454900e-01 8.668300e-01 
1.242400e-01 7.249800e-01 
7.071000e-02 9.422500e-01 
5.999100e-01 2.511300e-01 
3.264200e-01 2.903100e-01 
1.658200e-01 6.426900e-01 
9.462100e-01 5.953100e-01 
6.852700e-01 1.382600e-01 
7.643400e-01 3.773000e-02 
3.960000e-01 7.822900e-01 
4.510900e-01 9.877000e-01 
5.460000e-02 8.235200e-01 
7.763200e-01 3.842200e-01 
7.961600e-01 4.394300e-01 
1.024000e-02 7.390400e-01 
5.086800e-01 5.537700e-01 
9.396200e-01 6.959400e-01 
3.963400e-01 2.446300e-01 
1.575000e-02 9.317300e-01 
6.837000e-01 6.046000e-02 
9.460400e-01 3.489900e-01 
7.609600e-01 2.222100e-01 
4.115600e-01 8.694000e-01 
4.213900e-01 4.540000e-02 
3.585700e-01 6.225100e-01 
7.059200e-01 3.133000e-01 
1.608900e-01 3.295500e-01 
5.854800e-01 6.066000e-02 
9.473500e-01 2.689400e-01 
7.673700e-01 7.049500e-01 
7.592100e-01 2.480600e-01 
7.721400e-01 7.573800e-01 
7.176600e-01 4.482000e-02 
7.609000e-01 3.938700e-01 
3.807500e-01 3.942600e-01 
1.981800e-01 1.505400e-01 
8.223300e-01 3.412600e-01 
7.405800e-01 6.337100e-01 
2.474900e-01 7.017900e-01 
1.421600e-01 6.680000e-03 
1.490300e-01 2.139300e-01 
9.825500e-01 6.027200e-01 
9.346000e-01 8.146300e-01 
6.464900e-01 5.813800e-01 
7.497700e-01 3.849200e-01 
2.564100e-01 3.066400e-01 
7.208700e-01 7.913100e-01 
5.378500e-01 3.547500e-01 
8.402800e-01 3.702500e-01 
2.070100e-01 6.502700e-01 
9.955000e-01 4.799500e-01 
8.692000e-02 8.798700e-01 
7.798800e-01 2.292400e-01 
2.648700e-01 9.768000e-02 
2.438300e-01 8.371300e-01 
6.694700e-01 5.495500e-01 
1.341500e-01 2.539100e-01 
1.393700e-01 4.561000e-01 
6.386600e-01 1.432900e-01 
9.793000e-02 9.498000e-01 
6.129000e-02 6.819800e-01 
3.639200e-01 6.313800e-01 
4.912400e-01 2.267000e-01 
2.279000e-01 6.828500e-01 
2.868000e-02 2.245000e-02 
7.037200e-01 1.862500e-01 
1.875900e-01 6.122000e-02 
3.123900e-01 2.526400e-01 
6.013100e-01 6.377700e-01 
6.673100e-01 4.981700e-01 
3.474000e-01 2.311000e-02 
4.313800e-01 3.932800e-01 
7.246800e-01 2.412400e-01 
9.334900e-01 8.487700e-01 
9.073800e-01 5.474100e-01 
4.140400e-01 1.360600e-01 
6.610100e-01 3.920200e-01 
7.265600e-01 1.686100e-01 
1.309000e-01 4.589700e-01 
5.704300e-01 3.966800e-01 
4.303600e-01 9.858600e-01 
4.891100e-01 9.333400e-01 
5.751200e-01 9.832600e-01 
3.999500e-01 8.215100e-01 
6.348700e-01 3.744600e-01 
3.809500e-01 4.599900e-01 
2.401900e-01 1.033900e-01 
8.633900e-01 9.077100e-01 
2.138800e-01 4.414300e-01 
4.962800e-01 6.758600e-01 
3.914700e-01 1.952400e-01 
1.872100e-01 5.323200e-01 
5.971300e-01 4.432000e-02 
6.941900e-01 1.444600e-01 
9.970400e-01 1.063300e-01 
2.715900e-01 4.377000e-01 
3.669800e-01 6.495900e-01 
2.056200e-01 1.129000e-01 
4.679000e-02 7.400000e-02 
4.701800e-01 9.937800e-01 
4.188600e-01 9.609400e-01 
4.550100e-01 8.529800e-01 
4.096800e-01 6.791900e-01 
9.156200e-01 6.567900e-01 
6.860000e-01 4.956700e-01 
9.932300e-01 8.409300e-01 
1.532800e-01 7.877900e-01 
8.274900e-01 9.328000e-01 
4.455700e-01 3.247100e-01 
1.867100e-01 3.437300e-01 
5.588200e-01 3.543200e-01 
3.019700e-01 5.184800e-01 
4.371100e-01 8.030200e-01 
1.779400e-01 9.455300e-01 
2.481800e-01 3.095500e-01 
7.272100e-01 9.459000e-02 
4.717000e-02 4.538500e-01 
4.806000e-01 1.903000e-01 
2.243000e-01 1.043700e-01 
5.959000e-01 8.937000e-01 
5.232000e-01 5.428000e-02 
1.966800e-01 3.617400e-01 
7.252700e-01 6.821000e-01 
9.572300e-01 1.990500e-01 
5.476200e-01 9.919000e-02 
1.384500e-01 6.005600e-01 
5.328000e-02 6.196500e-01 
2.830900e-01 9.335900e-01 
9.995100e-01 8.515400e-01 
9.698500e-01 9.193700e-01 
6.360000e-03 1.120300e-01 
7.523000e-02 8.991800e-01 
9.811800e-01 9.881900e-01 
6.191500e-01 9.404000e-02 
9.031600e-01 7.464000e-02 
1.189300e-01 2.669000e-02 
2.082000e-01 9.111400e-01 
4.610300e-01 4.162800e-01 
6.546600e-01 5.873600e-01 
8.397600e-01 3.660000e-03 
2.861700e-01 1.066800e-01 
7.784200e-01 4.009600e-01 
7.008000e-01 3.834000e-02 
5.655600e-01 5.697200e-01 
2.962000e-01 8.742600e-01 
2.907000e-01 6.105600e-01 
4.327000e-01 8.832400e-01 
5.731200e-01 9.023600e-01 
4.119000e-01 2.346600e-01 
3.897000e-01 1.174900e-01 
1.453500e-01 8.356000e-02 
1.757800e-01 4.393500e-01 
4.549200e-01 6.390000e-03 
9.415800e-01 6.947200e-01 
7.155600e-01 9.837400e-01 
1.256000e-01 3.249100e-01 
1.578000e-02 2.197100e-01 
5.119900e-01 9.602300e-01 
5.617300e-01 2.442200e-01 
7.544700e-01 7.110700e-01 
8.542300e-01 6.169500e-01 
1.937300e-01 4.845800e-01 
6.437200e-01 5.861800e-01 
6.314400e-01 2.175300e-01 
4.656700e-01 4.923900e-01 
5.471900e-01 6.676900e-01 
2.925000e-02 9.412000e-01 
4.314600e-01 6.931000e-02 
3.087800e-01 1.237900e-01 
2.064700e-01 7.935800e-01 
2.645600e-01 1.556400e-01 
4.889600e-01 6.665200e-01 
4.802200e-01 5.418400e-01 
8.761000e-02 4.379700e-01 
7.971900e-01 4.640800e-01 
2.676800e-01 4.538000e-01 
3.673300e-01 6.765300e-01 
4.637100e-01 9.214500e-01 
5.636300e-01 9.723000e-02 
1.908400e-01 2.049700e-01 
6.978300e-01 2.728200e-01 
9.403400e-01 5.888700e-01 
7.822400e-01 7.437200e-01 
6.288500e-01 9.376300e-01 
2.327100e-01 4.650700e-01 
2.677400e-01 5.139800e-01 
2.689200e-01 8.778500e-01 
9.763100e-01 1.211800e-01 
2.445800e-01 4.520000e-02 
1.591800e-01 7.063300e-01 
4.689800e-01 5.471000e-02 
5.036100e-01 6.767000e-01 
4.589200e-01 7.721600e-01 
7.417500e-01 6.510000e-02 
9.329800e-01 7.810600e-01 
9.137900e-01 6.231400e-01 
5.598200e-01 5.732200e-01 
8.908000e-02 1.404700e-01 
4.139500e-01 5.203500e-01 
5.144300e-01 4.803400e-01 
8.732400e-01 3.837300e-01 
5.118800e-01 9.541300e-01 
7.228500e-01 7.575500e-01 
4.533800e-01 7.056000e-01 
1.541500e-01 1.810800e-01 
3.568300e-01 8.721600e-01 
6.579100e-01 4.668800e-01 
4.864300e-01 1.427600e-01 
4.842600e-01 5.689000e-01 
8.930000e-02 2.050200e-01 
1.514000e-01 8.082200e-01 
1.302500e-01 4.767500e-01 
5.477100e-01 4.323600e-01 
3.658200e-01 5.610400e-01 
2.196900e-01 9.326300e-01 
5.743900e-01 9.386300e-01 
8.414400e-01 6.324000e-01 
2.538300e-01 5.669100e-01 
2.352700e-01 6.917200e-01 
3.552600e-01 8.823800e-01 
4.317800e-01 1.376100e-01 
5.000400e-01 6.344800e-01 
5.634600e-01 9.130500e-01 
8.628800e-01 1.091200e-01 
2.462200e-01 6.926100e-01 
3.773000e-01 9.239100e-01 
2.507000e-02 9.497000e-01 
8.436500e-01 5.128000e-02 
8.368200e-01 6.552800e-01 
3.358300e-01 9.038300e-01 
2.168400e-01 4.364600e-01 
4.723900e-01 9.091000e-02 
8.096800e-01 3.462900e-01 
7.772700e-01 2.211300e-01 
8.027700e-01 9.892000e-02 
8.094400e-01 8.144200e-01 
4.149000e-01 8.700300e-01 
5.112000e-01 7.949800e-01 
6.182700e-01 7.065700e-01 
5.552000e-02 6.269400e-01 
2.204300e-01 2.938400e-01 
7.716400e-01 1.319400e-01 
9.652600e-01 2.384800e-01 
1.408500e-01 6.651800e-01 
3.465400e-01 7.653800e-01 
6.256400e-01 5.178500e-01 
9.196700e-01 2.319500e-01 
3.027400e-01 3.341300e-01 
1.519800e-01 4.801000e-01 
4.113600e-01 5.889400e-01 
1.217800e-01 9.621300e-01 
8.776600e-01 6.659000e-01 
2.995700e-01 3.437900e-01 
8.949200e-01 1.272800e-01 
1.620000e-02 7.475500e-01 
6.633300e-01 7.779000e-01 
2.268300e-01 5.353800e-01 
1.676600e-01 1.359200e-01 
8.965400e-01 4.788800e-01 
4.203900e-01 9.542000e-01 
8.461000e-02 8.511100e-01 
7.936200e-01 2.240800e-01 
5.323600e-01 3.703800e-01 
4.354200e-01 3.204900e-01 
9.240000e-02 5.718900e-01 
3.335300e-01 9.299300e-01 
1.512000e-01 8.073500e-01 
3.965600e-01 3.627500e-01 
4.264600e-01 7.099600e-01 
5.067500e-01 8.876300e-01 
2.426400e-01 6.701600e-01 
3.268800e-01 3.992900e-01 
7.573700e-01 9.258800e-01 
4.550700e-01 7.092800e-01 
7.442000e-01 9.539900e-01 
8.813300e-01 9.037900e-01 
5.839300e-01 9.964700e-01 
6.562300e-01 2.234900e-01 
9.740200e-01 9.328900e-01 
7.684300e-01 6.600000e-01 
6.105200e-01 3.336500e-01 
2.624400e-01 9.034000e-02 
5.693000e-02 9.774400e-01 
5.909600e-01 8.556600e-01 
7.091000e-02 9.701300e-01 
9.253400e-01 2.878600e-01 
2.588300e-01 5.269000e-01 
5.032300e-01 5.288300e-01 
8.964600e-01 8.052800e-01 
1.664100e-01 3.971000e-01 
1.634000e-02 8.856200e-01 
2.712400e-01 5.264100e-01 
9.614500e-01 9.266900e-01 
1.585100e-01 4.440900e-01 
7.346200e-01 6.542500e-01 
3.864800e-01 1.203500e-01 
5.881300e-01 3.227000e-01 
3.312800e-01 8.819600e-01 
4.178600e-01 3.836400e-01 
3.867200e-01 5.843300e-01 
9.589000e-01 3.202000e-01 
1.179000e-01 2.321700e-01 
9.786100e-01 9.440700e-01 
6.203000e-02 6.041900e-01 
5.047700e-01 2.605000e-01 
8.974400e-01 7.073500e-01 
4.876700e-01 6.467100e-01 
8.911200e-01 9.640000e-02 
2.480200e-01 6.599800e-01 
7.914900e-01 8.516300e-01 
9.190500e-01 7.470000e-01 
2.007500e-01 1.643100e-01 
9.996100e-01 7.792300e-01 
5.646600e-01 3.057800e-01 
2.810000e-03 7.048000e-02 
9.385300e-01 6.069800e-01 
3.851800e-01 6.018000e-01 
8.241200e-01 6.776200e-01 
1.256800e-01 7.117000e-02 
6.187800e-01 8.344100e-01 
8.727400e-01 3.773900e-01 
4.623700e-01 3.700100e-01 
9.272500e-01 2.508500e-01 
3.762600e-01 5.586900e-01 
9.689900e-01 1.102700e-01 
8.010800e-01 4.740000e-02 
6.174100e-01 3.008500e-01 
6.064100e-01 4.577800e-01 
5.685200e-01 6.872000e-02 
7.978500e-01 6.340900e-01 
8.471100e-01 9.744600e-01 
2.756000e-02 3.313800e-01 
6.599700e-01 7.809800e-01 
7.516000e-01 7.357200e-01 
7.254000e-02 5.509300e-01 
4.872300e-01 4.762700e-01 
2.094000e-01 1.365400e-01 
8.314700e-01 3.609800e-01 
7.379500e-01 6.749200e-01 
3.303700e-01 6.616300e-01 
6.171500e-01 9.160200e-01 
3.454800e-01 7.457900e-01 
2.665300e-01 4.740000e-03 
6.428500e-01 5.289600e-01 
3.561400e-01 8.467900e-01 
6.360800e-01 3.410700e-01 
8.730600e-01 4.815700e-01 
3.857400e-01 5.611800e-01 
7.170100e-01 2.268000e-02 
9.140800e-01 6.401000e-01 
8.891400e-01 2.696900e-01 
4.679200e-01 1.462600e-01 
4.700800e-01 4.863800e-01 
1.185400e-01 8.941500e-01 
2.166800e-01 4.560500e-01 
5.189700e-01 3.362000e-02 
7.641500e-01 1.328800e-01 
3.147400e-01 7.368000e-01 
5.705600e-01 9.301700e-01 
5.456100e-01 9.820500e-01 
7.844400e-01 8.342000e-01 
9.818600e-01 3.034300e-01 
6.323000e-02 8.506200e-01 
2.184800e-01 2.263600e-01 
1.033700e-01 6.781200e-01 
8.201200e-01 9.781200e-01 
5.739200e-01 9.159600e-01 
6.421300e-01 7.443600e-01 
1.035900e-01 2.063000e-02 
3.946000e-01 4.544100e-01 
2.198000e-02 3.779000e-02 
2.215300e-01 1.433000e-01 
1.439800e-01 3.688600e-01 
5.713800e-01 2.039200e-01 
2.434000e-02 3.992700e-01 
7.092000e-01 3.113200e-01 
7.946000e-01 4.844700e-01 
3.396200e-01 3.468000e-02 
5.069900e-01 1.247900e-01 
9.705300e-01 1.192300e-01 
2.398200e-01 7.603600e-01 
7.973600e-01 5.194300e-01 
5.043500e-01 4.463800e-01 
2.337000e-02 7.670000e-03 
4.585100e-01 1.010000e-03 
6.146000e-01 5.242300e-01 
7.779000e-01 9.290000e-01 
7.510100e-01 8.556600e-01 
8.340500e-01 6.299700e-01 
7.200900e-01 7.223600e-01 
6.612400e-01 6.117700e-01 
5.879500e-01 6.890200e-01 
3.796800e-01 5.102600e-01 
6.509000e-01 1.989400e-01 
2.136800e-01 4.727900e-01 
7.444500e-01 7.338500e-01 
6.125600e-01 2.357200e-01 
6.911200e-01 5.753200e-01 
1.745200e-01 3.264300e-01 
6.708400e-01 7.998200e-01 
3.059100e-01 4.265600e-01 
2.681600e-01 1.233600e-01 
2.100000e-03 1.252300e-01 
2.475300e-01 5.721000e-01 
4.521400e-01 9.499000e-02 
5.807000e-01 8.083400e-01 
9.850800e-01 4.473000e-02 
1.078600e-01 9.606000e-01 
9.488000e-02 8.630000e-03 
3.290000e-03 8.687800e-01 
6.055000e-02 4.920900e-01 
7.191000e-02 3.719100e-01 
2.278900e-01 4.905300e-01 
3.944400e-01 4.856400e-01 
7.391600e-01 9.996600e-01 
5.186300e-01 6.421300e-01 
6.238000e-02 2.851200e-01 
4.648000e-01 1.375700e-01 
6.356500e-01 3.772000e-02 
3.171700e-01 5.746100e-01 
6.268300e-01 8.275600e-01 
5.945600e-01 2.712300e-01 
8.536200e-01 7.543800e-01 
8.817800e-01 6.565500e-01 
2.798900e-01 8.619900e-01 
3.812800e-01 1.582400e-01 
4.654100e-01 8.919200e-01 
1.332600e-01 4.920200e-01 
8.115800e-01 8.507100e-01 
8.141000e-01 9.046200e-01 
6.526600e-01 1.288800e-01 
3.702300e-01 6.794900e-01 
7.284400e-01 5.256000e-01 
1.110800e-01 6.950800e-01 
4.049200e-01 9.424000e-02 
4.020700e-01 4.040100e-01 
9.333000e-02 1.661500e-01 
9.038100e-01 6.185800e-01 
3.151200e-01 8.881600e-01 
3.708300e-01 3.003500e-01 
4.207200e-01 7.378300e-01 
5.625200e-01 3.623000e-01 
4.033000e-01 1.213000e-01 
3.251900e-01 9.268400e-01 
4.258000e-01 9.996300e-01 
1.090200e-01 5.827700e-01 
4.428000e-01 8.141200e-01 
3.504200e-01 5.490400e-01 
6.894200e-01 4.084800e-01 
8.208700e-01 8.509900e-01 
8.430500e-01 1.735500e-01 
3.679300e-01 1.245600e-01 
5.030000e-01 9.949700e-01 
6.688500e-01 4.453000e-01 
8.020000e-02 2.381000e-02 
3.504800e-01 3.735200e-01 
2.592100e-01 7.140400e-01 
1.624900e-01 6.827400e-01 
1.194000e-01 9.883700e-01 
2.716000e-01 6.405600e-01 
1.672000e-02 7.290400e-01 
3.330000e-02 8.822200e-01 
1.301300e-01 5.578900e-01 
2.206000e-01 7.808500e-01 
2.677000e-01 6.944200e-01 
7.317200e-01 2.235700e-01 
9.171300e-01 3.812600e-01 
2.087000e-02 4.223600e-01 
9.805400e-01 4.136600e-01 
9.182000e-01 6.276000e-01 
4.087400e-01 8.529800e-01 
8.958400e-01 4.280900e-01 
6.309000e-01 7.545600e-01 
8.222400e-01 4.288500e-01 
4.594100e-01 3.290000e-03 
5.408300e-01 4.803000e-01 
6.645200e-01 4.785000e-02 
6.069400e-01 6.765600e-01 
8.380100e-01 1.951800e-01 
3.415100e-01 8.720700e-01 
2.321100e-01 6.613800e-01 
7.207000e-01 3.611000e-01 
6.841200e-01 8.006800e-01 
3.914300e-01 8.502400e-01 
6.757400e-01 4.840700e-01 
6.306000e-01 6.196500e-01 
5.578200e-01 6.663700e-01 
4.622700e-01 7.101200e-01 
7.007900e-01 3.538100e-01 
7.877000e-01 7.829800e-01 
9.722100e-01 7.525600e-01 
2.208100e-01 9.737000e-02 
2.888700e-01 9.984800e-01 
3.225900e-01 3.753000e-01 
5.267300e-01 8.751300e-01 
1.627600e-01 9.536000e-02 
4.723000e-02 8.121000e-02 
8.205900e-01 4.391100e-01 
3.043600e-01 8.872600e-01 
3.151000e-02 9.156000e-01 
4.389300e-01 1.415300e-01 
5.697300e-01 1.797300e-01 
1.306900e-01 3.227200e-01 
9.561200e-01 8.337600e-01 
5.636100e-01 1.663700e-01 
5.569600e-01 8.362500e-01 
8.281500e-01 9.973600e-01 
5.846500e-01 8.095000e-02 
1.832300e-01 9.814000e-02 
6.004700e-01 9.003600e-01 
2.540600e-01 3.495600e-01 
4.148600e-01 2.034200e-01 
6.589100e-01 6.154500e-01 
2.029700e-01 9.932700e-01 
5.893900e-01 7.906900e-01 
6.505300e-01 2.160400e-01 
3.032800e-01 3.205000e-02 
5.656100e-01 7.348000e-02 
5.581600e-01 1.692100e-01 
9.937000e-01 7.329900e-01 
8.106300e-01 6.633400e-01 
3.820000e-01 2.959800e-01 
2.344200e-01 5.004800e-01 
7.104000e-02 3.232300e-01 
7.825100e-01 2.680000e-01 
6.119400e-01 2.205700e-01 
3.292100e-01 1.942900e-01 
7.181400e-01 9.501500e-01 
8.039000e-01 9.708300e-01 
3.797800e-01 3.989500e-01 
7.903300e-01 8.505700e-01 
4.701700e-01 3.878700e-01 
2.466900e-01 7.626600e-01 
4.800500e-01 8.924800e-01 
3.048000e-02 9.367900e-01 
9.654700e-01 1.677000e-01 
1.223700e-01 3.398300e-01 
1.378000e-02 1.818600e-01 
2.973400e-01 6.034500e-01 
8.023900e-01 4.285400e-01 
2.616000e-01 9.060100e-01 
2.350200e-01 6.900000e-01 
9.732900e-01 7.075500e-01 
1.024700e-01 9.506700e-01 
3.867700e-01 8.744900e-01 
7.063700e-01 9.269000e-02 
7.737500e-01 3.055000e-02 
8.078000e-01 8.610600e-01 
6.538600e-01 2.446800e-01 
3.553500e-01 3.446000e-02 
8.895500e-01 9.934300e-01 
2.737200e-01 9.274600e-01 
6.598200e-01 4.273200e-01 
3.953300e-01 3.877400e-01 
6.514700e-01 7.008300e-01 
1.229200e-01 3.963600e-01 
9.833800e-01 2.368800e-01 
8.902100e-01 7.573500e-01 
3.231300e-01 9.957200e-01 
3.451700e-01 7.044300e-01 
8.530500e-01 1.698700e-01 
8.344300e-01 9.290000e-01 
1.842700e-01 2.457000e-01 
7.620000e-03 9.983800e-01 
1.732300e-01 3.936800e-01 
6.984100e-01 7.526400e-01 
1.583500e-01 7.830400e-01 
7.715600e-01 7.805000e-02 
3.456000e-01 9.878900e-01 
8.378500e-01 9.286600e-01 
4.192000e-01 3.337600e-01 
4.432100e-01 1.425500e-01 
4.689400e-01 8.517900e-01 
4.531400e-01 9.894700e-01 
5.124900e-01 5.794900e-01 
4.315200e-01 3.606000e-01 
8.854000e-01 7.620200e-01 
8.020500e-01 5.450200e-01 
9.140000e-02 6.112000e-01 
9.398300e-01 5.802800e-01 
5.828000e-02 4.886000e-01 
9.405600e-01 6.164000e-02 
6.698400e-01 8.815300e-01 
7.667000e-02 7.586700e-01 
7.249200e-01 8.075900e-01 
7.801500e-01 9.210900e-01 
1.490300e-01 4.663700e-01 
1.268400e-01 3.904300e-01 
8.194600e-01 5.245600e-01 
9.580200e-01 8.031600e-01 
2.648600e-01 9.488000e-02 
8.095900e-01 7.741000e-01 
2.113100e-01 5.706300e-01 
3.363600e-01 7.810000e-02 
4.423000e-02 1.963600e-01 
8.513400e-01 5.441900e-01 
4.311700e-01 3.524600e-01 
1.018000e-01 5.592500e-01 
6.597100e-01 8.870300e-01 
3.149600e-01 8.372000e-02 
3.872200e-01 4.143500e-01 
3.143100e-01 5.589400e-01 
2.036100e-01 7.299800e-01 
1.250000e-01 4.980700e-01 
4.168700e-01 2.646200e-01 
2.049300e-01 4.573400e-01 
7.463600e-01 8.200300e-01 
2.502100e-01 4.508300e-01 
2.694900e-01 3.235300e-01 
5.886500e-01 3.052400e-01 
5.657100e-01 4.629000e-02 
3.977300e-01 4.729900e-01 
6.589600e-01 4.183300e-01 
6.177700e-01 3.040400e-01 
2.129900e-01 7.295700e-01 
4.771200e-01 4.289900e-01 
8.009300e-01 1.659700e-01 
9.488100e-01 4.725000e-01 
6.684100e-01 1.734600e-01 
5.970000e-01 1.894300e-01 
7.971000e-01 1.823800e-01 
5.662000e-01 7.589300e-01 
4.214100e-01 3.609300e-01 
3.357900e-01 8.540900e-01 
2.461400e-01 3.609000e-02 
2.571700e-01 4.004100e-01 
8.759500e-01 5.082700e-01 
3.370500e-01 7.179600e-01 
8.555000e-01 2.815800e-01 
8.447200e-01 7.625500e-01 
6.008200e-01 9.992200e-01 
2.779300e-01 9.653800e-01 
3.824300e-01 4.486000e-02 
6.688400e-01 6.776000e-02 
3.687600e-01 4.225000e-02 
1.909900e-01 2.755000e-01 
6.581500e-01 2.243900e-01 
6.151500e-01 9.888700e-01 
7.569000e-01 7.357000e-01 
8.411600e-01 6.590000e-01 
5.097000e-02 8.058000e-01 
9.641800e-01 6.163900e-01 
6.208500e-01 9.426000e-02 
4.833200e-01 1.566900e-01 
8.418100e-01 5.810600e-01 
1.400000e-03 9.909200e-01 
6.983800e-01 2.400300e-01 
1.755400e-01 3.625600e-01 
3.279700e-01 5.709400e-01 
8.605000e-01 2.346600e-01 
8.754000e-01 5.335200e-01 
5.922100e-01 8.567600e-01 
7.833700e-01 4.940000e-03 
7.587500e-01 3.594000e-01 
7.512000e-02 6.804800e-01 
9.028400e-01 1.258000e-02 
4.709100e-01 8.068900e-01 
1.843800e-01 5.697500e-01 
1.812800e-01 5.295400e-01 
6.267000e-02 2.904100e-01 
2.781500e-01 5.569500e-01 
7.326700e-01 3.645800e-01 
6.158300e-01 1.409700e-01 
3.932800e-01 8.385700e-01 
2.140100e-01 9.409200e-01 
6.451600e-01 4.463300e-01 
8.014000e-02 7.297900e-01 
8.356100e-01 5.662000e-02 
6.484600e-01 2.468900e-01 
8.637900e-01 4.763500e-01 
2.516900e-01 7.107000e-02 
3.009000e-01 7.343300e-01 
1.643700e-01 8.596000e-02 
8.977500e-01 2.972800e-01 
8.855600e-01 8.486100e-01 
6.938100e-01 1.220000e-02 
1.359300e-01 5.364500e-01 
9.510400e-01 6.883300e-01 
5.759700e-01 2.383500e-01 
2.392800e-01 8.985000e-02 
3.067700e-01 9.204300e-01 
6.000800e-01 4.672100e-01 
8.614800e-01 2.005600e-01 
6.254900e-01 2.573600e-01 
9.727000e-01 9.656500e-01 
1.509000e-01 3.581000e-01 
2.786700e-01 4.066500e-01 
6.155900e-01 3.723500e-01 
8.034900e-01 4.156100e-01 
6.441200e-01 4.195100e-01 
2.477600e-01 8.948700e-01 
8.220400e-01 7.184900e-01 
6.218700e-01 4.053600e-01 
6.300000e-02 6.202200e-01 
1.690100e-01 3.222100e-01 
3.781700e-01 4.756100e-01 
3.646900e-01 5.173300e-01 
4.671600e-01 9.821500e-01 
3.838300e-01 5.065000e-01 
5.151300e-01 4.442000e-01 
5.482400e-01 7.368700e-01 
