1 0.000000 0.683
2 0.500000 0.683
3 0.666667 0.683
4 0.750000 0.683
5 0.800000 0.683
6 0.833333 0.683
7 0.714286 0.683
8 0.750000 0.683
9 0.666667 0.683
10 0.600000 0.683
11 0.636364 0.683
12 0.583333 0.683
13 0.538462 0.683
14 0.500000 0.683
15 0.533333 0.683
16 0.562500 0.683
17 0.529412 0.683
18 0.555556 0.683
19 0.578947 0.683
20 0.550000 0.683
21 0.571429 0.683
22 0.590909 0.683
23 0.608696 0.683
24 0.625000 0.683
25 0.640000 0.683
26 0.653846 0.683
27 0.629630 0.683
28 0.642857 0.683
29 0.620690 0.683
30 0.600000 0.683
31 0.612903 0.683
32 0.625000 0.683
33 0.606061 0.683
34 0.617647 0.683
35 0.600000 0.683
36 0.611111 0.683
37 0.621622 0.683
38 0.631579 0.683
39 0.641026 0.683
40 0.650000 0.683
41 0.634146 0.683
42 0.642857 0.683
43 0.627907 0.683
44 0.636364 0.683
45 0.644444 0.683
46 0.630435 0.683
47 0.638298 0.683
48 0.645833 0.683
49 0.653061 0.683
50 0.660000 0.683
51 0.666667 0.683
52 0.673077 0.683
53 0.679245 0.683
54 0.666667 0.683
55 0.672727 0.683
56 0.678571 0.683
57 0.684211 0.683
58 0.689655 0.683
59 0.677966 0.683
60 0.666667 0.683
61 0.672131 0.683
62 0.661290 0.683
63 0.666667 0.683
64 0.671875 0.683
65 0.676923 0.683
66 0.666667 0.683
67 0.671642 0.683
68 0.661765 0.683
69 0.652174 0.683
70 0.642857 0.683
71 0.633803 0.683
72 0.638889 0.683
73 0.643836 0.683
74 0.635135 0.683
75 0.640000 0.683
76 0.644737 0.683
77 0.636364 0.683
78 0.641026 0.683
79 0.645570 0.683
80 0.650000 0.683
81 0.641975 0.683
82 0.646341 0.683
83 0.650602 0.683
84 0.654762 0.683
85 0.658824 0.683
86 0.662791 0.683
87 0.666667 0.683
88 0.659091 0.683
89 0.662921 0.683
90 0.655556 0.683
91 0.659341 0.683
92 0.663043 0.683
93 0.666667 0.683
94 0.670213 0.683
95 0.673684 0.683
96 0.677083 0.683
97 0.680412 0.683
98 0.683673 0.683
99 0.686869 0.683
100 0.690000 0.683
101 0.693069 0.683
102 0.686275 0.683
103 0.689320 0.683
104 0.692308 0.683
105 0.685714 0.683
106 0.688679 0.683
107 0.682243 0.683
108 0.685185 0.683
109 0.688073 0.683
110 0.681818 0.683
111 0.684685 0.683
112 0.687500 0.683
113 0.690265 0.683
114 0.692982 0.683
115 0.695652 0.683
116 0.698276 0.683
117 0.700855 0.683
118 0.703390 0.683
119 0.705882 0.683
120 0.708333 0.683
121 0.702479 0.683
122 0.696721 0.683
123 0.699187 0.683
124 0.701613 0.683
125 0.696000 0.683
126 0.698413 0.683
127 0.700787 0.683
128 0.703125 0.683
129 0.697674 0.683
130 0.692308 0.683
131 0.694656 0.683
132 0.696970 0.683
133 0.691729 0.683
134 0.694030 0.683
135 0.696296 0.683
136 0.698529 0.683
137 0.700730 0.683
138 0.702899 0.683
139 0.697842 0.683
140 0.700000 0.683
141 0.702128 0.683
142 0.704225 0.683
143 0.706294 0.683
144 0.701389 0.683
145 0.703448 0.683
146 0.698630 0.683
147 0.700680 0.683
148 0.702703 0.683
149 0.697987 0.683
150 0.700000 0.683
151 0.701987 0.683
152 0.703947 0.683
153 0.699346 0.683
154 0.694805 0.683
155 0.696774 0.683
156 0.692308 0.683
157 0.687898 0.683
158 0.689873 0.683
159 0.691824 0.683
160 0.693750 0.683
161 0.695652 0.683
162 0.697531 0.683
163 0.693252 0.683
164 0.689024 0.683
165 0.684848 0.683
166 0.686747 0.683
167 0.682635 0.683
168 0.678571 0.683
169 0.680473 0.683
170 0.682353 0.683
171 0.684211 0.683
172 0.686047 0.683
173 0.682081 0.683
174 0.678161 0.683
175 0.680000 0.683
176 0.681818 0.683
177 0.677966 0.683
178 0.679775 0.683
179 0.681564 0.683
180 0.683333 0.683
181 0.685083 0.683
182 0.686813 0.683
183 0.688525 0.683
184 0.690217 0.683
185 0.686486 0.683
186 0.688172 0.683
187 0.689840 0.683
188 0.691489 0.683
189 0.687831 0.683
190 0.684211 0.683
191 0.680628 0.683
192 0.677083 0.683
193 0.678756 0.683
194 0.675258 0.683
195 0.676923 0.683
196 0.678571 0.683
197 0.680203 0.683
198 0.681818 0.683
199 0.683417 0.683
200 0.680000 0.683
201 0.676617 0.683
202 0.678218 0.683
203 0.679803 0.683
204 0.681373 0.683
205 0.682927 0.683
206 0.684466 0.683
207 0.685990 0.683
208 0.682692 0.683
209 0.679426 0.683
210 0.680952 0.683
211 0.677725 0.683
212 0.674528 0.683
213 0.676056 0.683
214 0.677570 0.683
215 0.674419 0.683
216 0.671296 0.683
217 0.668203 0.683
218 0.665138 0.683
219 0.662100 0.683
220 0.659091 0.683
221 0.656109 0.683
222 0.653153 0.683
223 0.650224 0.683
224 0.651786 0.683
225 0.648889 0.683
226 0.650442 0.683
227 0.651982 0.683
228 0.653509 0.683
229 0.655022 0.683
230 0.652174 0.683
231 0.653680 0.683
232 0.655172 0.683
233 0.652361 0.683
234 0.649573 0.683
235 0.651064 0.683
236 0.648305 0.683
237 0.645570 0.683
238 0.647059 0.683
239 0.648536 0.683
240 0.650000 0.683
241 0.651452 0.683
242 0.652893 0.683
243 0.654321 0.683
244 0.655738 0.683
245 0.657143 0.683
246 0.658537 0.683
247 0.659919 0.683
248 0.657258 0.683
249 0.658635 0.683
250 0.656000 0.683
251 0.653386 0.683
252 0.654762 0.683
253 0.656126 0.683
254 0.653543 0.683
255 0.654902 0.683
256 0.656250 0.683
257 0.657588 0.683
258 0.658915 0.683
259 0.660232 0.683
260 0.657692 0.683
261 0.659004 0.683
262 0.660305 0.683
263 0.661597 0.683
264 0.662879 0.683
265 0.664151 0.683
266 0.665414 0.683
267 0.666667 0.683
268 0.664179 0.683
269 0.665428 0.683
270 0.666667 0.683
271 0.667897 0.683
272 0.665441 0.683
273 0.663004 0.683
274 0.664234 0.683
275 0.665455 0.683
276 0.663043 0.683
277 0.660650 0.683
278 0.661871 0.683
279 0.659498 0.683
280 0.657143 0.683
281 0.654804 0.683
282 0.652482 0.683
283 0.650177 0.683
284 0.647887 0.683
285 0.649123 0.683
286 0.650350 0.683
287 0.648084 0.683
288 0.649306 0.683
289 0.650519 0.683
290 0.648276 0.683
291 0.649485 0.683
292 0.647260 0.683
293 0.645051 0.683
294 0.646259 0.683
295 0.647458 0.683
296 0.645270 0.683
297 0.643098 0.683
298 0.644295 0.683
299 0.645485 0.683
300 0.646667 0.683
301 0.644518 0.683
302 0.645695 0.683
303 0.646865 0.683
304 0.644737 0.683
305 0.645902 0.683
306 0.647059 0.683
307 0.648208 0.683
308 0.649351 0.683
309 0.650485 0.683
310 0.651613 0.683
311 0.652733 0.683
312 0.653846 0.683
313 0.654952 0.683
314 0.652866 0.683
315 0.653968 0.683
316 0.651899 0.683
317 0.652997 0.683
318 0.650943 0.683
319 0.652038 0.683
320 0.653125 0.683
321 0.654206 0.683
322 0.655280 0.683
323 0.653251 0.683
324 0.654321 0.683
325 0.655385 0.683
326 0.656442 0.683
327 0.657492 0.683
328 0.658537 0.683
329 0.659574 0.683
330 0.660606 0.683
331 0.658610 0.683
332 0.659639 0.683
333 0.660661 0.683
334 0.661677 0.683
335 0.659701 0.683
336 0.660714 0.683
337 0.661721 0.683
338 0.662722 0.683
339 0.660767 0.683
340 0.661765 0.683
341 0.662757 0.683
342 0.663743 0.683
343 0.664723 0.683
344 0.662791 0.683
345 0.663768 0.683
346 0.664740 0.683
347 0.662824 0.683
348 0.663793 0.683
349 0.661891 0.683
350 0.662857 0.683
351 0.663818 0.683
352 0.661932 0.683
353 0.662890 0.683
354 0.663842 0.683
355 0.664789 0.683
356 0.665730 0.683
357 0.666667 0.683
358 0.667598 0.683
359 0.668524 0.683
360 0.666667 0.683
361 0.664820 0.683
362 0.662983 0.683
363 0.661157 0.683
364 0.662088 0.683
365 0.663014 0.683
366 0.663934 0.683
367 0.664850 0.683
368 0.665761 0.683
369 0.663957 0.683
370 0.664865 0.683
371 0.665768 0.683
372 0.663978 0.683
373 0.662198 0.683
374 0.660428 0.683
375 0.661333 0.683
376 0.662234 0.683
377 0.663130 0.683
378 0.661376 0.683
379 0.662269 0.683
380 0.663158 0.683
381 0.664042 0.683
382 0.662304 0.683
383 0.660574 0.683
384 0.661458 0.683
385 0.662338 0.683
386 0.663212 0.683
387 0.664083 0.683
388 0.664948 0.683
389 0.665810 0.683
390 0.666667 0.683
391 0.667519 0.683
392 0.668367 0.683
393 0.666667 0.683
394 0.664975 0.683
395 0.663291 0.683
396 0.661616 0.683
397 0.662469 0.683
398 0.663317 0.683
399 0.661654 0.683
400 0.662500 0.683
401 0.663342 0.683
402 0.664179 0.683
403 0.665012 0.683
404 0.665842 0.683
405 0.666667 0.683
406 0.667488 0.683
407 0.668305 0.683
408 0.669118 0.683
409 0.669927 0.683
410 0.670732 0.683
411 0.671533 0.683
412 0.672330 0.683
413 0.673123 0.683
414 0.673913 0.683
415 0.674699 0.683
416 0.675481 0.683
417 0.673861 0.683
418 0.672249 0.683
419 0.670644 0.683
420 0.671429 0.683
421 0.672209 0.683
422 0.670616 0.683
423 0.669031 0.683
424 0.667453 0.683
425 0.665882 0.683
426 0.666667 0.683
427 0.667447 0.683
428 0.668224 0.683
429 0.668998 0.683
430 0.669767 0.683
431 0.668213 0.683
432 0.666667 0.683
433 0.665127 0.683
434 0.665899 0.683
435 0.666667 0.683
436 0.665138 0.683
437 0.663616 0.683
438 0.664384 0.683
439 0.665148 0.683
440 0.663636 0.683
441 0.664399 0.683
442 0.662896 0.683
443 0.661400 0.683
444 0.662162 0.683
445 0.662921 0.683
446 0.661435 0.683
447 0.662192 0.683
448 0.662946 0.683
449 0.661470 0.683
450 0.662222 0.683
451 0.660754 0.683
452 0.659292 0.683
453 0.657837 0.683
454 0.658590 0.683
455 0.659341 0.683
456 0.660088 0.683
457 0.658643 0.683
458 0.659389 0.683
459 0.660131 0.683
460 0.658696 0.683
461 0.657267 0.683
462 0.658009 0.683
463 0.658747 0.683
464 0.659483 0.683
465 0.660215 0.683
466 0.660944 0.683
467 0.661670 0.683
468 0.662393 0.683
469 0.663113 0.683
470 0.663830 0.683
471 0.664544 0.683
472 0.665254 0.683
473 0.665962 0.683
474 0.664557 0.683
475 0.663158 0.683
476 0.663866 0.683
477 0.664570 0.683
478 0.663180 0.683
479 0.661795 0.683
480 0.662500 0.683
481 0.663202 0.683
482 0.663900 0.683
483 0.664596 0.683
484 0.665289 0.683
485 0.665979 0.683
486 0.664609 0.683
487 0.665298 0.683
488 0.663934 0.683
489 0.662577 0.683
490 0.663265 0.683
491 0.661914 0.683
492 0.662602 0.683
493 0.661258 0.683
494 0.661943 0.683
495 0.662626 0.683
496 0.661290 0.683
497 0.659960 0.683
498 0.658635 0.683
499 0.657315 0.683
500 0.658000 0.683
501 0.656687 0.683
502 0.655378 0.683
503 0.656064 0.683
504 0.656746 0.683
505 0.655446 0.683
506 0.656126 0.683
507 0.654832 0.683
508 0.653543 0.683
509 0.654224 0.683
510 0.652941 0.683
511 0.653620 0.683
512 0.654297 0.683
513 0.654971 0.683
514 0.655642 0.683
515 0.654369 0.683
516 0.655039 0.683
517 0.655706 0.683
518 0.656371 0.683
519 0.657033 0.683
520 0.655769 0.683
521 0.656430 0.683
522 0.657088 0.683
523 0.657744 0.683
524 0.656489 0.683
525 0.657143 0.683
526 0.655894 0.683
527 0.656546 0.683
528 0.657197 0.683
529 0.657845 0.683
530 0.656604 0.683
531 0.657250 0.683
532 0.657895 0.683
533 0.656660 0.683
534 0.657303 0.683
535 0.657944 0.683
536 0.656716 0.683
537 0.657356 0.683
538 0.657993 0.683
539 0.656772 0.683
540 0.657407 0.683
541 0.656192 0.683
542 0.654982 0.683
543 0.655617 0.683
544 0.656250 0.683
545 0.656881 0.683
546 0.657509 0.683
547 0.658135 0.683
548 0.656934 0.683
549 0.655738 0.683
550 0.656364 0.683
551 0.656987 0.683
552 0.657609 0.683
553 0.656420 0.683
554 0.655235 0.683
555 0.655856 0.683
556 0.656475 0.683
557 0.657092 0.683
558 0.657706 0.683
559 0.658318 0.683
560 0.657143 0.683
561 0.657754 0.683
562 0.656584 0.683
563 0.655417 0.683
564 0.654255 0.683
565 0.653097 0.683
566 0.653710 0.683
567 0.654321 0.683
568 0.654930 0.683
569 0.655536 0.683
570 0.656140 0.683
571 0.656743 0.683
572 0.657343 0.683
573 0.657941 0.683
574 0.656794 0.683
575 0.657391 0.683
576 0.656250 0.683
577 0.656846 0.683
578 0.657439 0.683
579 0.656304 0.683
580 0.656897 0.683
581 0.657487 0.683
582 0.658076 0.683
583 0.658662 0.683
584 0.659247 0.683
585 0.658120 0.683
586 0.658703 0.683
587 0.659284 0.683
588 0.659864 0.683
589 0.660441 0.683
590 0.661017 0.683
591 0.661591 0.683
592 0.662162 0.683
593 0.662732 0.683
594 0.663300 0.683
595 0.662185 0.683
596 0.662752 0.683
597 0.661642 0.683
598 0.662207 0.683
599 0.662771 0.683
600 0.663333 0.683
601 0.663894 0.683
602 0.664452 0.683
603 0.665008 0.683
604 0.665563 0.683
605 0.666116 0.683
606 0.665017 0.683
607 0.665568 0.683
608 0.666118 0.683
609 0.665025 0.683
610 0.665574 0.683
611 0.666121 0.683
612 0.666667 0.683
613 0.665579 0.683
614 0.666124 0.683
615 0.665041 0.683
616 0.665584 0.683
617 0.666126 0.683
618 0.666667 0.683
619 0.665590 0.683
620 0.664516 0.683
621 0.663446 0.683
622 0.662379 0.683
623 0.662921 0.683
624 0.663462 0.683
625 0.664000 0.683
626 0.662939 0.683
627 0.663477 0.683
628 0.664013 0.683
629 0.664547 0.683
630 0.665079 0.683
631 0.664025 0.683
632 0.664557 0.683
633 0.665087 0.683
634 0.665615 0.683
635 0.666142 0.683
636 0.666667 0.683
637 0.665620 0.683
638 0.666144 0.683
639 0.666667 0.683
640 0.667188 0.683
641 0.667707 0.683
642 0.668224 0.683
643 0.668740 0.683
644 0.667702 0.683
645 0.666667 0.683
646 0.667183 0.683
647 0.667697 0.683
648 0.668210 0.683
649 0.668721 0.683
650 0.669231 0.683
651 0.669739 0.683
652 0.668712 0.683
653 0.669219 0.683
654 0.669725 0.683
655 0.668702 0.683
656 0.669207 0.683
657 0.669711 0.683
658 0.670213 0.683
659 0.669196 0.683
660 0.669697 0.683
661 0.668684 0.683
662 0.669184 0.683
663 0.669683 0.683
664 0.668675 0.683
665 0.669173 0.683
666 0.669670 0.683
667 0.670165 0.683
668 0.670659 0.683
669 0.671151 0.683
670 0.670149 0.683
671 0.670641 0.683
672 0.671131 0.683
673 0.671620 0.683
674 0.670623 0.683
675 0.671111 0.683
676 0.671598 0.683
677 0.672083 0.683
678 0.671091 0.683
679 0.671576 0.683
680 0.672059 0.683
681 0.672540 0.683
682 0.673021 0.683
683 0.673499 0.683
684 0.673977 0.683
685 0.674453 0.683
686 0.674927 0.683
687 0.675400 0.683
688 0.675872 0.683
689 0.676343 0.683
690 0.676812 0.683
691 0.675832 0.683
692 0.674855 0.683
693 0.675325 0.683
694 0.675793 0.683
695 0.676259 0.683
696 0.675287 0.683
697 0.675753 0.683
698 0.676218 0.683
699 0.675250 0.683
700 0.674286 0.683
701 0.674750 0.683
702 0.673789 0.683
703 0.674253 0.683
704 0.674716 0.683
705 0.673759 0.683
706 0.672805 0.683
707 0.673267 0.683
708 0.672316 0.683
709 0.672779 0.683
710 0.673239 0.683
711 0.672293 0.683
712 0.672753 0.683
713 0.673212 0.683
714 0.672269 0.683
715 0.672727 0.683
716 0.673184 0.683
717 0.672245 0.683
718 0.672702 0.683
719 0.671766 0.683
720 0.672222 0.683
721 0.672677 0.683
722 0.671745 0.683
723 0.672199 0.683
724 0.672652 0.683
725 0.673103 0.683
726 0.673554 0.683
727 0.674003 0.683
728 0.673077 0.683
729 0.672154 0.683
730 0.671233 0.683
731 0.670315 0.683
732 0.670765 0.683
733 0.669850 0.683
734 0.668937 0.683
735 0.669388 0.683
736 0.669837 0.683
737 0.670285 0.683
738 0.670732 0.683
739 0.669824 0.683
740 0.668919 0.683
741 0.669366 0.683
742 0.669811 0.683
743 0.668910 0.683
744 0.669355 0.683
745 0.669799 0.683
746 0.668901 0.683
747 0.668005 0.683
748 0.667112 0.683
749 0.666222 0.683
750 0.665333 0.683
751 0.665779 0.683
752 0.666223 0.683
753 0.665339 0.683
754 0.664456 0.683
755 0.663576 0.683
756 0.662698 0.683
757 0.661823 0.683
758 0.662269 0.683
759 0.662714 0.683
760 0.663158 0.683
761 0.663601 0.683
762 0.664042 0.683
763 0.664482 0.683
764 0.663613 0.683
765 0.664052 0.683
766 0.664491 0.683
767 0.664928 0.683
768 0.665365 0.683
769 0.665800 0.683
770 0.664935 0.683
771 0.665370 0.683
772 0.665803 0.683
773 0.664942 0.683
774 0.664083 0.683
775 0.663226 0.683
776 0.662371 0.683
777 0.662806 0.683
778 0.663239 0.683
779 0.663671 0.683
780 0.664103 0.683
781 0.664533 0.683
782 0.664962 0.683
783 0.665390 0.683
784 0.665816 0.683
785 0.666242 0.683
786 0.666667 0.683
787 0.665820 0.683
788 0.664975 0.683
789 0.665399 0.683
790 0.665823 0.683
791 0.664981 0.683
792 0.664141 0.683
793 0.664565 0.683
794 0.663728 0.683
795 0.662893 0.683
796 0.663317 0.683
797 0.663739 0.683
798 0.664160 0.683
799 0.664581 0.683
800 0.665000 0.683
801 0.665418 0.683
802 0.665835 0.683
803 0.666252 0.683
804 0.666667 0.683
805 0.667081 0.683
806 0.666253 0.683
807 0.665428 0.683
808 0.664604 0.683
809 0.663782 0.683
810 0.662963 0.683
811 0.662145 0.683
812 0.662562 0.683
813 0.662977 0.683
814 0.663391 0.683
815 0.663804 0.683
816 0.664216 0.683
817 0.663403 0.683
818 0.663814 0.683
819 0.664225 0.683
820 0.664634 0.683
821 0.665043 0.683
822 0.665450 0.683
823 0.665857 0.683
824 0.666262 0.683
825 0.666667 0.683
826 0.667070 0.683
827 0.667473 0.683
828 0.667874 0.683
829 0.668275 0.683
830 0.668675 0.683
831 0.669073 0.683
832 0.668269 0.683
833 0.667467 0.683
834 0.667866 0.683
835 0.668263 0.683
836 0.668660 0.683
837 0.667861 0.683
838 0.668258 0.683
839 0.667461 0.683
840 0.667857 0.683
841 0.667063 0.683
842 0.667458 0.683
843 0.667853 0.683
844 0.667062 0.683
845 0.666272 0.683
846 0.665485 0.683
847 0.664699 0.683
848 0.665094 0.683
849 0.665489 0.683
850 0.664706 0.683
851 0.665100 0.683
852 0.664319 0.683
853 0.664713 0.683
854 0.665105 0.683
855 0.664327 0.683
856 0.664720 0.683
857 0.665111 0.683
858 0.665501 0.683
859 0.665891 0.683
860 0.666279 0.683
861 0.665505 0.683
862 0.665893 0.683
863 0.666280 0.683
864 0.665509 0.683
865 0.665896 0.683
866 0.666282 0.683
867 0.666667 0.683
868 0.667051 0.683
869 0.667434 0.683
870 0.667816 0.683
871 0.668197 0.683
872 0.667431 0.683
873 0.667812 0.683
874 0.668192 0.683
875 0.667429 0.683
876 0.667808 0.683
877 0.667047 0.683
878 0.666287 0.683
879 0.666667 0.683
880 0.665909 0.683
881 0.666288 0.683
882 0.666667 0.683
883 0.665912 0.683
884 0.665158 0.683
885 0.665537 0.683
886 0.665914 0.683
887 0.665163 0.683
888 0.665541 0.683
889 0.665917 0.683
890 0.665169 0.683
891 0.665544 0.683
892 0.665919 0.683
893 0.666293 0.683
894 0.665548 0.683
895 0.665922 0.683
896 0.666295 0.683
897 0.666667 0.683
898 0.665924 0.683
899 0.665184 0.683
900 0.665556 0.683
901 0.665927 0.683
902 0.665188 0.683
903 0.665559 0.683
904 0.665929 0.683
905 0.666298 0.683
906 0.666667 0.683
907 0.665932 0.683
908 0.665198 0.683
909 0.665567 0.683
910 0.664835 0.683
911 0.665203 0.683
912 0.665570 0.683
913 0.664841 0.683
914 0.665208 0.683
915 0.665574 0.683
916 0.665939 0.683
917 0.666303 0.683
918 0.666667 0.683
919 0.667029 0.683
920 0.667391 0.683
921 0.667752 0.683
922 0.668113 0.683
923 0.668472 0.683
924 0.668831 0.683
925 0.669189 0.683
926 0.668467 0.683
927 0.668824 0.683
928 0.669181 0.683
929 0.669537 0.683
930 0.669892 0.683
931 0.669173 0.683
932 0.669528 0.683
933 0.668810 0.683
934 0.669165 0.683
935 0.668449 0.683
936 0.667735 0.683
937 0.668090 0.683
938 0.668443 0.683
939 0.668797 0.683
940 0.669149 0.683
941 0.669501 0.683
942 0.668790 0.683
943 0.669141 0.683
944 0.669492 0.683
945 0.668783 0.683
946 0.669133 0.683
947 0.668427 0.683
948 0.668776 0.683
949 0.669125 0.683
950 0.669474 0.683
951 0.668770 0.683
952 0.669118 0.683
953 0.668416 0.683
954 0.668763 0.683
955 0.669110 0.683
956 0.669456 0.683
957 0.669801 0.683
958 0.670146 0.683
959 0.669447 0.683
960 0.669792 0.683
961 0.670135 0.683
962 0.670478 0.683
963 0.670820 0.683
964 0.671162 0.683
965 0.671503 0.683
966 0.671843 0.683
967 0.672182 0.683
968 0.672521 0.683
969 0.671827 0.683
970 0.671134 0.683
971 0.670443 0.683
972 0.670782 0.683
973 0.670092 0.683
974 0.669405 0.683
975 0.669744 0.683
976 0.670082 0.683
977 0.670420 0.683
978 0.669734 0.683
979 0.669050 0.683
980 0.669388 0.683
981 0.668705 0.683
982 0.669043 0.683
983 0.669379 0.683
984 0.668699 0.683
985 0.669036 0.683
986 0.669371 0.683
987 0.669706 0.683
988 0.670040 0.683
989 0.670374 0.683
990 0.670707 0.683
991 0.670030 0.683
992 0.670363 0.683
993 0.670695 0.683
994 0.671026 0.683
995 0.671357 0.683
996 0.671687 0.683
997 0.671013 0.683
998 0.671343 0.683
999 0.670671 0.683
1000 0.671000 0.683
