8.664105659012472E-02 0.0599495
9.491118531153778E-02 0.0460764
9.985821217054777E-02 0.0527099
1.009925070444380E-01 0.060478
1.067753210578560E-01 0.0954001
1.100704453338770E-01 0.0261634
1.137808805877030E-01 0.0315431
1.144879433065830E-01 0.0327171
1.159246254606090E-01 0.0383236
1.177572342012830E-01 0.0336192
1.190644563117550E-01 0.0273328
1.209586139170190E-01 0.0243411
1.239347222806110E-01 0.0557387
1.255050581970290E-01 0.0223296
1.282064271195490E-01 0.0462642
1.302455573407190E-01 0.0371517
1.342042852533920E-01 0.0181001
1.357538808463250E-01 0.0398748
1.364298564064320E-01 0.0332037
1.377925318076730E-01 0.029313
1.400429699760350E-01 0.0231002
1.413966267554430E-01 0.0256888
1.423314106357910E-01 0.0273912
1.451547856330990E-01 0.0244293
1.456730019925890E-01 0.0234314
1.468756911796830E-01 0.0315625
1.479406636552320E-01 0.0252376
1.506520803426650E-01 0.0187184
1.513642385128170E-01 0.0185887
1.531222092379610E-01 0.0313006
1.552064506588290E-01 0.0362141
1.565016271364750E-01 0.0209896
1.566192816787590E-01 0.0292647
1.594636484399730E-01 0.0184057
1.598742743393760E-01 0.0249535
1.623286010674750E-01 0.0174015
1.633501426883840E-01 0.0210042
1.649807820192400E-01 0.0215783
1.657558704741690E-01 0.028386
1.666030566936860E-01 0.026893
1.683126749415440E-01 0.0214044
1.689003250076530E-01 0.0252157
1.719895226820210E-01 0.0213589
1.735850317520070E-01 0.0234581
1.742037665776010E-01 0.0172
1.763326630690790E-01 0.0240765
1.767741105283670E-01 0.0230738
1.774974282525970E-01 0.0192433
1.791992950803470E-01 0.0202534
1.809469810043100E-01 0.0216934
1.825883494657140E-01 0.0242407
1.832930470383490E-01 0.0218608
1.856684361375610E-01 0.0234827
1.887662396404870E-01 0.0206482
1.898658511606380E-01 0.0191942
1.905296426996470E-01 0.0183884
1.909545317987710E-01 0.0208061
1.941245881130240E-01 0.0192623
1.951626555608680E-01 0.0176353
1.960894187176500E-01 0.0322241
1.978975487549130E-01 0.0239784
1.986774842629050E-01 0.0205389
2.015060746883320E-01 0.0246745
2.029816974922710E-01 0.0258466
2.051996335878310E-01 0.0208283
2.068711472995760E-01 0.0178283
2.082844150008750E-01 0.0233178
2.090942659399730E-01 0.0244331
2.115880283186780E-01 0.0255997
2.134292706135190E-01 0.0198782
2.156800177750780E-01 0.0225198
2.170620441767300E-01 0.0238979
2.187192109782890E-01 0.0237156
2.195765846097010E-01 0.0217384
2.204929813548750E-01 0.0207072
2.228276366756530E-01 0.0208487
2.250498015590170E-01 0.0222469
2.265070282135810E-01 0.0187083
2.277260157394550E-01 0.0188336
2.282446764930750E-01 0.0176454
2.292524305770090E-01 0.0198106
2.329031462672880E-01 0.021427
2.344578085484050E-01 0.0275363
2.359209983080970E-01 0.017385
2.380595709622820E-01 0.0229944
2.406691225458170E-01 0.0176576
2.442924603325780E-01 0.0190976
2.454336485734010E-01 0.0267709
2.470468664488890E-01 0.0205913
2.481383126704590E-01 0.0182755
2.499626882161700E-01 0.0178486
2.518429916380230E-01 0.0224066
2.536071345410980E-01 0.0292342
2.555724573708350E-01 0.0179819
2.563697809821670E-01 0.0229656
2.590116095165730E-01 0.0237675
2.606404874477940E-01 0.0233037
2.626825284860530E-01 0.0175964
2.666995947784520E-01 0.0158426
2.682325326821790E-01 0.0224508
2.692095391687270E-01 0.0203052
2.701246292002510E-01 0.0182548
2.708988557080010E-01 0.0198484
2.722135250253520E-01 0.0191234
2.745597975856440E-01 0.025095
2.763297398604070E-01 0.0182604
2.777756017266890E-01 0.0213368
2.798030138765570E-01 0.0218448
2.815259987290780E-01 0.027549
2.818163021807570E-01 0.0275883
2.833602456680550E-01 0.0189063
2.877276523105730E-01 0.0194296
2.909235075775560E-01 0.0191402
2.916906630796690E-01 0.0190603
2.935749888500030E-01 0.0202471
2.953783901069550E-01 0.024418
2.969071291332370E-01 0.0267259
2.977692664913580E-01 0.021567
3.003408437202890E-01 0.0266344
3.014984035743410E-01 0.0215099
3.037849600255540E-01 0.0206174
3.055176558147880E-01 0.0196161
3.090312478056060E-01 0.0218867
3.093586871750850E-01 0.0221421
3.127319135938430E-01 0.018486
3.151642622260080E-01 0.0259191
3.166164552973160E-01 0.0246253
3.186027297093680E-01 0.0230253
3.209636947709710E-01 0.0252046
3.215921487288410E-01 0.0215161
3.237801680908400E-01 0.025147
3.246098348464540E-01 0.0230567
3.266426617843260E-01 0.0250186
3.299394232706460E-01 0.0229758
3.315399358952320E-01 0.0208294
3.324473846961750E-01 0.0251112
3.330860156839380E-01 0.0217639
3.345928575141670E-01 0.0232409
3.349432066567570E-01 0.025877
3.362523246628430E-01 0.0325919
3.382199342365120E-01 0.0216688
3.392422711534590E-01 0.0225137
3.412686963438370E-01 0.033816
3.446460524632940E-01 0.0253021
3.455671422630710E-01 0.0255816
3.479170381172780E-01 0.0305202
3.481547478124270E-01 0.0274045
3.507926724893870E-01 0.0255159
3.512602099527130E-01 0.0208367
3.536486352693980E-01 0.022437
3.551399208217180E-01 0.0267247
3.560399933313340E-01 0.0261618
3.568993019164390E-01 0.025046
3.583978932887730E-01 0.0248815
3.603378267523770E-01 0.0234871
3.610839633837950E-01 0.0246936
3.632670463894640E-01 0.0248844
3.654409902576920E-01 0.0264206
3.661739528420370E-01 0.025074
3.685405296557830E-01 0.0234925
3.689506149947770E-01 0.0275217
3.708720898950650E-01 0.0254262
3.719651598739270E-01 0.0241577
3.730991439917250E-01 0.0227433
3.732954022360790E-01 0.0240488
3.766124394493600E-01 0.0254507
3.769060337818180E-01 0.0236994
3.780647699271830E-01 0.0350885
3.787856464279220E-01 0.0350803
3.802457341484470E-01 0.0272837
3.835079930448170E-01 0.0286965
3.840121803741030E-01 0.0262457
3.879250970063830E-01 0.0322881
3.895725030605960E-01 0.0480624
3.905858676077480E-01 0.0326656
3.924436783629400E-01 0.0332755
3.945440853454500E-01 0.0294234
3.968948600959430E-01 0.0505867
3.985273329586140E-01 0.0298275
4.002410926764250E-01 0.0251229
4.037836669705650E-01 0.0287147
4.054854333999520E-01 0.0302664
4.084431843633360E-01 0.0458103
4.104245787567830E-01 0.0471376
4.132062613872940E-01 0.0465501
4.148012191154740E-01 0.043859
4.185303482723190E-01 0.077705
4.199154956413750E-01 0.0538623
4.230604949888930E-01 0.0921044
4.243798347353800E-01 0.060042
4.308813758212930E-01 0.0568949
4.452423792228890E-01 0.111729
6.873074438710310E-01 0.0607228
6.885287071929900E-01 0.0399693
6.912243691012410E-01 0.0415644
6.924580361850891E-01 0.0462516
6.948355296269320E-01 0.0344051
6.965808964776260E-01 0.0429214
6.996799859621440E-01 0.0479591
7.018547167076250E-01 0.040911
7.023525800612460E-01 0.0512039
7.054284611909680E-01 0.0498515
7.059611114633850E-01 0.0633965
7.074722255370290E-01 0.0467962
7.079514626875110E-01 0.0375948
7.095125456671690E-01 0.0621854
7.111230436888870E-01 0.0416105
7.126249048661349E-01 0.0310772
7.137209507238750E-01 0.0405878
7.149345656218020E-01 0.0358354
7.161107971802850E-01 0.0419835
7.168053665554041E-01 0.0327003
7.187140012083960E-01 0.0402811
7.198491437187450E-01 0.033848
7.216099495464350E-01 0.0357761
7.232918627924340E-01 0.0375358
7.241406538907120E-01 0.0403849
7.258901089695710E-01 0.0523843
7.269357131437620E-01 0.0332744
7.278314757641530E-01 0.0426958
7.289968187827930E-01 0.0383377
7.308778245521460E-01 0.0346611
7.318490300652790E-01 0.0368508
7.328603166303590E-01 0.0332902
7.342453425193690E-01 0.0333211
7.346223887614410E-01 0.0438916
7.359434176015380E-01 0.0371899
7.371297651582660E-01 0.0332396
7.390751077806920E-01 0.0344275
7.395069863611170E-01 0.0275984
7.405683202707550E-01 0.0423659
7.417969590723030E-01 0.0409789
7.428160873756640E-01 0.0345398
7.441996840374230E-01 0.033104
7.463666989003320E-01 0.0337674
7.486149992234800E-01 0.0366312
7.498012485236530E-01 0.0394467
7.511784459813819E-01 0.0343783
7.518807900645550E-01 0.0499604
7.535119708163190E-01 0.0292317
7.546737903000090E-01 0.0347904
7.548868086988820E-01 0.0304602
7.561239572748990E-01 0.0369271
7.584858584868320E-01 0.0282893
7.595961677685050E-01 0.0379639
7.602259086442220E-01 0.028982
7.611695972536280E-01 0.0329184
7.635880040088900E-01 0.0300493
7.638823623436010E-01 0.0278816
7.660143215848960E-01 0.0349234
7.670427674582210E-01 0.0292659
7.686631553239130E-01 0.0392485
7.697957020347990E-01 0.0275357
7.712745817823830E-01 0.0348244
7.715323086719290E-01 0.0287197
7.737109517498970E-01 0.0326528
7.750416991250410E-01 0.042307
7.767483745503080E-01 0.0287654
7.784956712472390E-01 0.0346508
7.798470659248670E-01 0.0388132
7.812991895564380E-01 0.027084
7.822674860437610E-01 0.028659
7.828833403623700E-01 0.0327977
7.850982222914860E-01 0.0330652
7.868687679096490E-01 0.0313852
7.881284320385440E-01 0.0316326
7.895889515026761E-01 0.0298952
7.910240278692270E-01 0.0312327
7.919952904578920E-01 0.0320684
7.933510187651061E-01 0.0358272
7.951984979771179E-01 0.0320672
7.953342812863360E-01 0.0414608
7.972940357175070E-01 0.0298275
7.988279600082790E-01 0.0322513
8.019594892343510E-01 0.0270972
8.028116029635430E-01 0.0271907
8.042399917348110E-01 0.0298967
8.053722074669510E-01 0.0304459
8.060360720840570E-01 0.0299046
8.109168141479560E-01 0.0368141
8.120868963208480E-01 0.0269771
8.132667429277530E-01 0.037661
8.145896092200270E-01 0.0326216
8.167230785108920E-01 0.0331558
8.172819998233249E-01 0.0317425
8.184976717323750E-01 0.0476605
8.206142532408141E-01 0.0269938
8.226714915356290E-01 0.0390961
8.281931908722741E-01 0.0335017
8.296732457206900E-01 0.0365843
8.302512682071920E-01 0.0301226
8.328295306781800E-01 0.0292947
8.375337011237181E-01 0.0344845
8.388117824915580E-01 0.0308489
8.396618805254560E-01 0.031162
8.433861673097270E-01 0.0340015
8.465585345310300E-01 0.0428322
8.478111422492570E-01 0.0245741
8.492291131344960E-01 0.0546332
8.501903930097890E-01 0.0340166
8.514756582320340E-01 0.0287973
8.551877558331480E-01 0.036176
8.569133971524910E-01 0.0350412
8.598090042296880E-01 0.0261383
8.606398558743970E-01 0.0340125
8.623654618946630E-01 0.0306255
8.640977953083370E-01 0.0302837
8.650290148433950E-01 0.0311651
8.704672627854930E-01 0.0269176
8.716071800810890E-01 0.0352083
8.725756810121150E-01 0.0264226
8.777000071148090E-01 0.0300118
8.784932486368570E-01 0.0408777
8.789708468335899E-01 0.0456572
8.820235607902140E-01 0.0326072
8.827686773262520E-01 0.0280373
8.859301339642400E-01 0.0520973
8.875890478410180E-01 0.0298869
8.897481901351810E-01 0.029401
8.927825190957810E-01 0.0415256
8.938026874101730E-01 0.032199
8.966927735808951E-01 0.0276616
9.001918151259500E-01 0.0357448
9.007242978515030E-01 0.0278744
9.026513078901059E-01 0.0414525
9.065622753918050E-01 0.0425077
9.081723983847780E-01 0.0343557
9.109835160969860E-01 0.0312885
9.117199175268320E-01 0.0330893
9.131569868613720E-01 0.0337568
9.164662174422210E-01 0.0368528
9.191696279125900E-01 0.0371228
9.204046005186050E-01 0.0447352
9.250852144607660E-01 0.0577552
9.266406973527880E-01 0.0376539
9.289727259929270E-01 0.0300964
9.332290569943170E-01 0.0363488
9.378637931095180E-01 0.0330336
9.400048383276050E-01 0.0358987
9.444162081631190E-01 0.0303927
9.495801184884550E-01 0.0314575
9.513230172965530E-01 0.0480198
9.531515744816700E-01 0.0390555
9.602467579628290E-01 0.0489989
9.647805254329260E-01 0.0459293
9.659146765964710E-01 0.0542913
9.675909874857680E-01 0.0374572
9.728405516795490E-01 0.0801759
9.769957829130710E-01 0.085104
9.814780388795210E-01 0.0566444
9.921499411776740E-01 0.0887729
9.926051299557190E-01 0.108321
