-11.872 0.13021
-11.601 0.13783
-11.409 0.14968
-11.089 0.15139
-10.69 0.15309
-10.402 0.16156
-10.194 0.17934
-10.067 0.19288
-9.971 0.21065
-9.827 0.23011
-9.715 0.27411
-9.635 0.29103
-9.603 0.30964
-9.491 0.32149
-9.475 0.34095
-9.427 0.34772
-9.332 0.36972
-9.3 0.38241
-9.172 0.42133
-9.06 0.43657
-8.964 0.45011
-8.9 0.48057
-8.82 0.48903
-8.708 0.51695
-8.581 0.54403
-8.389 0.56942
-8.293 0.59226
-8.037 0.6185
-7.814 0.64389
-7.782 0.6735
-7.462 0.6659
-7.302 0.69805
-7.238 0.68113
-7.095 0.72175
-7.015 0.70821
-6.887 0.74629
-6.855 0.73275
-6.711 0.76152
-6.599 0.78183
-6.407 0.80384
-6.344 0.8233
-6.232 0.84783
-6.12 0.86391
-6.072 0.88168
-5.96 0.89522
-5.832 0.91976
-5.8 0.90623
-5.704 0.9333
-5.64 0.94769
-5.593 0.94177
-5.289 0.95277
-5.257 0.93416
-5.113 0.92402
-5.049 0.91471
-4.985 0.90372
-4.953 0.89272
-4.858 0.87326
-4.762 0.84619
-4.746 0.82674
-4.666 0.81151
-4.618 0.77344
-4.538 0.71845
-4.506 0.67784
-4.426 0.64993
-4.362 0.57633
-4.346 0.60763
-4.266 0.55687
-4.25 0.4968
-4.186 0.43843
-4.154 0.47227
-4.075 0.34876
-4.043 0.40037
-4.027 0.31576
-3.915 0.28954
-3.899 0.24893
-3.867 0.2244
-3.755 0.20494
-3.723 0.17618
-3.691 0.15334
-3.643 0.1305
-3.627 0.10681
-3.531 0.08228
-3.467 0.06705
-3.356 0.05267
-3.26 0.03576
-3.148 0.0273
-2.876 0.01885
-2.525 0.01209
-2.077 0.00788
-1.598 0.00367
-1.087 -0.00055
-0.687 -0.00307
-0.192 -0.0039
0.224 -0.00388
0.639 -0.00302
1.071 0.00038
1.422 0.00039
1.742 0.00378
2.045 0.01733
2.221 0.04526
2.285 0.06472
2.429 0.10787
2.525 0.12818
2.636 0.1764
2.684 0.18825
2.764 0.20433
2.796 0.23648
2.844 0.24832
2.892 0.28893
2.94 0.33124
2.988 0.30163
3.02 0.34393
3.132 0.3617
3.148 0.41415
3.244 0.43531
3.26 0.51484
3.34 0.47169
3.372 0.53684
3.467 0.57406
3.579 0.61637
3.659 0.62991
3.691 0.64598
3.739 0.69167
3.771 0.70606
3.851 0.72382
3.947 0.78136
3.963 0.76528
3.995 0.79659
4.059 0.84228
4.091 0.85327
4.17 0.86428
4.282 0.8922
4.33 0.90151
4.362 0.93366
4.506 0.9472
4.698 0.95143
4.746 0.92183
4.778 0.93367
4.921 0.88207
4.937 0.94637
4.953 0.92099
5.001 0.93622
5.049 0.91168
5.113 0.89561
5.145 0.87277
5.225 0.90915
5.289 0.86347
5.353 0.90662
5.385 0.86686
5.513 0.89647
5.545 0.88547
5.577 0.83387
5.593 0.85164
5.64 0.86517
5.688 0.82795
5.784 0.81103
5.864 0.78989
5.912 0.75266
6.024 0.74167
6.072 0.72475
6.168 0.70699
6.2 0.69007
6.296 0.66469
6.328 0.64862
6.36 0.64016
6.455 0.60886
6.647 0.58687
6.711 0.55049
6.727 0.56572
6.807 0.53104
6.903 0.51327
6.983 0.49889
7.047 0.47436
7.063 0.4879
7.126 0.4566
7.158 0.44137
7.19 0.41853
7.334 0.39569
7.494 0.36947
7.526 0.35086
7.558 0.3204
7.574 0.33732
7.59 0.3111
7.67 0.30179
7.734 0.28911
7.83 0.28065
7.893 0.26965
7.957 0.25696
7.989 0.24427
8.037 0.23159
8.117 0.22228
8.165 0.2189
8.293 0.20706
8.389 0.19776
8.421 0.18845
8.549 0.17661
8.676 0.15547
8.708 0.14109
8.868 0.12755
8.996 0.1081
9.124 0.09626
9.284 0.08019
9.491 0.0692
9.699 0.05906
9.891 0.05145
10.035 0.04976
10.178 0.04807
