-13.954 0.3654
-13.838 0.3654
-13.738 0.3587
-13.672 0.3431
-13.556 0.3342
-13.456 0.332
-13.373 0.3186
-13.274 0.3075
-13.174 0.3008
-13.058 0.2874
-12.975 0.2763
-12.876 0.2674
-12.793 0.2807
-12.71 0.2696
-12.627 0.2562
-12.494 0.2584
-12.378 0.2562
-12.278 0.2428
-12.162 0.2406
-12.029 0.2428
-11.897 0.2473
-11.764 0.2473
-11.631 0.2451
-11.532 0.254
-11.415 0.2518
-11.283 0.2473
-11.15 0.2473
-11.034 0.2428
-10.901 0.2451
-10.785 0.2339
-10.669 0.2384
-10.536 0.2384
-10.437 0.2495
-10.354 0.2629
-10.271 0.2763
-10.171 0.2896
-10.121 0.3052
-10.071 0.3208
-10.022 0.3387
-9.989 0.3543
-9.939 0.3721
-9.889 0.3877
-9.839 0.4055
-9.789 0.4211
-9.74 0.4389
-9.706 0.4545
-9.64 0.4701
-9.59 0.4857
-9.541 0.5035
-9.507 0.5214
-9.474 0.537
-9.424 0.5548
-9.391 0.5726
-9.358 0.5882
-9.308 0.606
-9.258 0.6216
-9.192 0.6372
-9.142 0.6551
-9.093 0.6707
-9.01 0.6818
-8.96 0.6974
-8.91 0.713
-8.877 0.7308
-8.81 0.7464
-8.761 0.762
-8.694 0.7798
-8.628 0.7932
-8.545 0.8043
-8.445 0.8177
-8.396 0.8333
-8.329 0.8467
-8.213 0.8578
-8.097 0.8667
-8.031 0.8801
-7.948 0.8957
-7.832 0.9024
-7.715 0.8957
-7.616 0.9002
-7.483 0.9046
-7.367 0.9002
-7.251 0.8935
-7.118 0.8935
-7.035 0.9068
-6.952 0.9202
-6.853 0.9224
-6.736 0.9247
-6.67 0.938
-6.604 0.9536
-6.488 0.9536
-6.388 0.9425
-6.272 0.9403
-6.172 0.9536
-6.089 0.967
-5.99 0.9603
-5.923 0.9781
-5.84 0.9715
-5.757 0.9625
-5.658 0.9715
-5.558 0.9625
-5.492 0.9447
-5.442 0.9291
-5.359 0.9135
-5.276 0.9024
-5.193 0.8868
-5.144 0.8712
-5.061 0.8601
-4.994 0.8445
-4.961 0.8289
-4.928 0.811
-4.895 0.7932
-4.862 0.7754
-4.828 0.7598
-4.779 0.742
-4.745 0.7241
-4.729 0.7063
-4.696 0.6885
-4.679 0.6729
-4.646 0.6551
-4.629 0.6372
-4.613 0.6194
-4.579 0.6016
-4.563 0.5838
-4.53 0.5659
-4.513 0.5503
-4.48 0.5325
-4.447 0.5147
-4.414 0.4969
-4.38 0.479
-4.364 0.4634
-4.331 0.4456
-4.297 0.4278
-4.264 0.41
-4.231 0.3921
-4.214 0.3765
-4.181 0.3587
-4.148 0.3409
-4.131 0.3231
-4.098 0.3052
-4.065 0.2896
-4.032 0.2718
-4.015 0.254
-3.982 0.2362
-3.974 0.2011
-3.941 0.1766
-3.899 0.1532
-3.833 0.1275
-3.771 0.1108
-3.65 0.0841
-3.567 0.0624
-3.468 0.049
-3.401 0.0356
-3.302 0.0245
-3.206 0.0178
-3.09 0.0145
-2.991 0.0117
-2.87 0.0089
-2.75 0.0056
-2.671 0.0022
-2.539 0
-2.406 0
-2.273 0
-2.14 -0.0022
-2.024 -0.0022
-1.892 0
-1.746 0
-1.626 0
-1.51 0
-1.377 0.0022
-1.244 0
-1.112 0
-0.979 0
-0.863 0
-0.73 0
-0.597 0
-0.465 0
-0.332 0
-0.199 -0.0022
-0.066 -0.0022
0.033 0.0022
0.166 0
0.299 0.0022
0.415 0
0.548 0
0.68 0.0022
0.813 0.0067
0.896 0.0044
1.029 0.0089
1.145 0.0111
1.261 0.0178
1.427 0.0289
1.543 0.0356
1.659 0.0445
1.759 0.0557
1.858 0.0668
1.941 0.0802
2.041 0.0936
2.074 0.1025
2.14 0.1181
2.207 0.1337
2.257 0.1493
2.306 0.1671
2.373 0.1827
2.439 0.1961
2.472 0.2139
2.489 0.2317
2.522 0.2495
2.555 0.2651
2.588 0.283
2.622 0.3008
2.655 0.3186
2.688 0.3342
2.721 0.352
2.754 0.3699
2.787 0.3877
2.804 0.4033
2.837 0.4211
2.87 0.4389
2.887 0.4568
2.92 0.4746
2.953 0.4902
3.032 0.5375
3.099 0.5799
3.182 0.6255
3.26 0.6656
3.335 0.7007
3.401 0.7258
3.468 0.7553
3.518 0.7709
3.584 0.7887
3.634 0.8043
3.7 0.8199
3.766 0.8355
3.833 0.8489
3.916 0.8645
3.982 0.8801
4.049 0.8957
4.115 0.9113
4.181 0.9247
4.248 0.9403
4.331 0.9559
4.414 0.9692
4.513 0.9826
4.629 0.9871
4.745 0.9848
4.845 0.9759
4.944 0.9536
5.044 0.9403
5.094 0.9247
5.144 0.9091
5.193 0.8912
5.243 0.8756
5.276 0.8578
5.326 0.8422
5.376 0.8244
5.409 0.8088
5.459 0.791
5.492 0.7732
5.525 0.7576
5.575 0.7397
5.608 0.7219
5.641 0.7063
5.691 0.6885
5.724 0.6729
5.757 0.6551
5.807 0.6372
5.84 0.6216
5.89 0.6038
5.923 0.586
5.973 0.5704
6.006 0.5526
6.056 0.537
6.106 0.5191
6.139 0.5035
6.189 0.4857
6.239 0.4701
6.272 0.4523
6.305 0.4345
6.338 0.4189
6.371 0.401
6.405 0.3832
6.421 0.3654
6.454 0.3476
6.471 0.3297
6.488 0.3119
6.521 0.2963
6.537 0.2785
6.554 0.2607
6.571 0.2428
6.587 0.225
6.604 0.2072
6.637 0.1894
6.67 0.1715
