-2.937728919496220E-01 0.0761336
-2.789173175583500E-01 0.0805265
-2.711940424496330E-01 0.0900768
-2.540712436016770E-01 0.0670287
-2.418797476007220E-01 0.060366
-2.358711201571180E-01 0.662804
-2.337008399994200E-01 0.0484002
-2.014690133592930E-01 0.047232
-1.955663632896840E-01 0.101684
-1.800053723501520E-01 0.0469181
-1.618486915029230E-01 0.0541032
-1.507890438754300E-01 0.0472283
-1.266461389971060E-01 0.0457466
-1.214930140834920E-01 0.0669779
-1.113774455956080E-01 0.0746051
-1.059206289585010E-01 0.0697225
-9.661770833278704E-02 0.0378267
-9.106140415162955E-02 0.0536464
-8.518777424934512E-02 0.0729347
-8.074452869407112E-02 0.0768634
-7.152596050517840E-02 0.23444
-6.871729041510224E-02 0.0482094
-6.602501191991028E-02 0.0485823
-6.408975599389760E-02 0.0549673
-5.844236380729109E-02 0.110438
-5.771318247916769E-02 0.0657058
-5.343516180460657E-02 0.0510258
-4.957646155758638E-02 0.0372676
-4.660178156795738E-02 0.0506732
-4.078532843200976E-02 0.0499071
-3.819620114860923E-02 0.0712965
-3.617901753527168E-02 0.0497848
-3.517930975311553E-02 0.0502312
-3.114010073141726E-02 0.102675
-2.838890401087848E-02 0.0501486
-2.476405177078043E-02 0.0713528
-1.796757944987851E-02 0.0662504
-1.526157071001765E-02 0.0527774
-1.045382178095229E-02 0.099443
-9.429351759973545E-03 0.0737024
-5.129332282588047E-03 0.0737377
-3.599968919062838E-03 0.0670316
2.544423118075659E-03 0.0921008
9.891758869312215E-03 0.0837797
1.421532036542434E-02 0.0569457
1.568463935292361E-02 0.109162
2.044314282868161E-02 0.041554
2.127771512324973E-02 0.0568489
2.332767170192050E-02 0.184749
2.741342247969211E-02 0.0304728
2.840541373128627E-02 0.0432787
3.035793118850538E-02 0.0339781
3.296737426301870E-02 0.0753864
3.741898501659342E-02 0.0560813
3.866507678140660E-02 0.0746926
4.326868205707399E-02 0.0224363
4.604356066423246E-02 0.0309133
5.285438617457042E-02 0.106932
5.630600692866818E-02 0.0246068
5.673214048140195E-02 0.034635
5.872530740997854E-02 0.0378779
6.071418911971527E-02 0.0319368
6.265651057341724E-02 0.0389609
6.828392288434254E-02 0.0252212
6.891726738046769E-02 0.0335868
7.120229895730346E-02 0.023729
7.216823423001134E-02 0.0351231
7.538552318583672E-02 0.0218016
7.570662094324807E-02 0.047779
7.778274709367780E-02 0.0521993
7.931793039207671E-02 0.034397
7.975459113551261E-02 0.0254425
8.401243583130505E-02 0.0232712
8.487267191997733E-02 0.0350006
8.745733290668373E-02 0.0240306
8.916525192306077E-02 0.0257959
9.095347560670325E-02 0.0233436
9.361808283912293E-02 0.0235587
9.473002281225307E-02 0.0292134
9.868225148678614E-02 0.0260162
1.005846014667360E-01 0.0594336
1.016468857848710E-01 0.0299227
1.032974515153470E-01 0.0324613
1.054931699799380E-01 0.0260316
1.068519054120700E-01 0.034249
1.097937838640720E-01 0.0370496
1.107991714884280E-01 0.0492601
1.113281701241160E-01 0.0343663
1.124219254034700E-01 0.0223456
1.160956299471400E-01 0.0268069
1.192811222095050E-01 0.0255861
1.204856766201160E-01 0.0253002
1.229392980103630E-01 0.028034
1.240600808851320E-01 0.0275242
1.257831875444840E-01 0.0272335
1.280509764808150E-01 0.0290736
1.292582421205620E-01 0.0531402
1.299353887514450E-01 0.0265836
1.324640644620990E-01 0.0304208
1.352496347917440E-01 0.0244784
1.357689972282370E-01 0.0303972
1.378794126427570E-01 0.0292055
1.409730216187640E-01 0.0291252
1.429408707580460E-01 0.0267256
1.434343126661690E-01 0.032728
1.468784682095330E-01 0.0239134
1.477608964770640E-01 0.0259704
1.488327777272540E-01 0.0328715
1.535280937071740E-01 0.0256109
1.539478833276260E-01 0.0408713
1.557711221093310E-01 0.037407
1.585996458945120E-01 0.0395695
1.596907575851900E-01 0.0346394
1.608457110344670E-01 0.0223597
1.650413247744110E-01 0.0235734
1.688349428482300E-01 0.0302753
1.693694958645880E-01 0.0261274
1.706251991715420E-01 0.0245067
1.713190345805920E-01 0.0330364
1.736719830186340E-01 0.0252941
1.746604845468290E-01 0.0252414
1.766263548553520E-01 0.0267919
1.777629275926130E-01 0.0220879
1.809473565035500E-01 0.0280152
1.827647753761210E-01 0.0270333
1.842824672137420E-01 0.0230785
1.859730443973330E-01 0.0391904
1.878212297549340E-01 0.0328415
1.878998482192010E-01 0.0216315
1.902617174065730E-01 0.0306753
1.925807461910320E-01 0.028065
1.947328198908970E-01 0.0541006
1.959255452128660E-01 0.0274512
1.968103074446360E-01 0.0283468
1.995429763377070E-01 0.0289153
2.001418080509890E-01 0.0290191
2.012022479417050E-01 0.0295271
2.039204109043140E-01 0.0308614
2.069227325047710E-01 0.0309056
2.076753507150380E-01 0.0252053
2.086866012125390E-01 0.0277438
2.098718099323700E-01 0.0391588
2.113331120296960E-01 0.0368822
2.165434488821540E-01 0.0264666
2.181855768207130E-01 0.0238833
2.200312576705770E-01 0.0310698
2.209506240999500E-01 0.0504043
2.223402159720660E-01 0.0319821
2.240850025432190E-01 0.0236559
2.249313727322810E-01 0.03602
2.251575451332180E-01 0.037303
2.278592733237150E-01 0.0269578
2.286275569005240E-01 0.0303928
2.299376333212440E-01 0.0320132
2.304604601935510E-01 0.0296827
2.329534273120110E-01 0.0265043
2.350913733189000E-01 0.0332531
2.372905143913510E-01 0.0306421
2.390406641366560E-01 0.0334729
2.409516484856450E-01 0.0385352
2.412400055760770E-01 0.0311816
2.430634116721200E-01 0.0479003
2.452831018597360E-01 0.0286237
2.470357624134230E-01 0.0273852
2.498136591981930E-01 0.0644663
2.505197981280560E-01 0.0354732
2.518724346444230E-01 0.0605545
2.543891646580050E-01 0.0340274
2.564383003621130E-01 0.0338302
2.566187832989480E-01 0.0353374
2.585524744546430E-01 0.0286752
2.596028474620750E-01 0.0392754
2.639554905586650E-01 0.0456901
2.651056633790960E-01 0.0323575
2.657036553779580E-01 0.0348874
2.678555035507640E-01 0.0332055
2.691792770904010E-01 0.036326
2.709134812047560E-01 0.0901496
2.749967274539110E-01 0.0908843
2.753178212805400E-01 0.0470391
2.776270197614610E-01 0.0428318
2.802524094232080E-01 0.0507983
2.856301317728240E-01 0.0739338
2.879597272396120E-01 0.168409
2.892078180568480E-01 0.0798505
2.938429632799540E-01 0.109077
2.961986537931220E-01 0.0860698
2.971403404406990E-01 0.0742768
3.011109046533660E-01 0.116714
3.056158990327310E-01 0.218558
3.099417822705240E-01 0.230653
3.385058834582450E-01 0.25078
5.752744294492990E-01 0.116473
5.807232854499370E-01 0.10616
5.855820871652010E-01 0.179149
5.870794148917220E-01 0.12514
5.894406373375430E-01 0.0839776
5.926615273801910E-01 0.167966
5.937446414871620E-01 0.188429
5.949912686706480E-01 0.0794466
5.995236549702780E-01 0.211253
6.013608335443980E-01 0.0952194
6.035993486394901E-01 0.0782515
6.042172451023440E-01 0.0853981
6.079207089369880E-01 0.0852637
6.118440662378000E-01 0.102754
6.140513135883851E-01 0.0768366
6.182491609788520E-01 0.124493
6.203828150776440E-01 0.101612
6.209914629538630E-01 0.0910709
6.237361821222570E-01 0.0869264
6.252778079014640E-01 0.0888499
6.283684322019700E-01 0.0725696
6.313415643547310E-01 0.0646121
6.344142863774030E-01 0.0956972
6.379060788292450E-01 0.100345
6.411072251684580E-01 0.229765
6.443099099942800E-01 0.0713294
6.450410641362300E-01 0.0866041
6.456024857844430E-01 0.0900629
6.489841833625100E-01 0.0926471
6.499451248099520E-01 0.0968001
6.511019619399820E-01 0.113627
6.526304691258060E-01 0.217177
6.548780214491020E-01 0.130305
6.575535609774470E-01 0.0614308
6.584074814084060E-01 0.0895121
6.609747724801290E-01 0.0962273
6.626179217637470E-01 0.102378
6.661528754415910E-01 0.122158
6.703087036637130E-01 0.0554419
6.721496543615449E-01 0.061975
6.759959571265870E-01 0.149115
6.771456758859939E-01 0.0857288
6.795375712460771E-01 0.107288
6.833105924676600E-01 0.0929684
6.858735323708800E-01 0.0620862
6.876170303746210E-01 0.0724458
6.903137695444690E-01 0.0720725
6.925251731420720E-01 0.0733021
6.964366067232680E-01 0.0866195
7.000318507047950E-01 0.15994
7.034749389348131E-01 0.0886894
7.065859310023030E-01 0.091766
7.093741708140709E-01 0.0766487
7.118655022395730E-01 0.0883901
7.180841610537940E-01 0.0601514
7.209080391075890E-01 0.0936206
7.250955976378630E-01 0.0853014
7.287413018209460E-01 0.161327
7.293980904986780E-01 0.0986321
7.302014265277670E-01 0.0750233
7.355222903165400E-01 0.063392
7.388921056205610E-01 0.346836
7.414809158928160E-01 0.0931799
7.500735502721870E-01 0.0704162
7.537540556889401E-01 0.108687
7.605398856655829E-01 0.206151
7.672262949345420E-01 0.0739456
7.704096656803510E-01 0.140566
7.744316855771710E-01 0.268308
7.832143134278480E-01 0.175365
7.879775295242970E-01 0.459128
7.998468651909491E-01 0.225931
8.008724917834920E-01 0.069896
8.065146619954200E-01 0.246125
8.120676264334250E-01 0.072851
8.176118868646730E-01 0.115173
8.213579887709730E-01 0.0831073
8.247878282827000E-01 0.113272
8.393211726983980E-01 0.269165
8.507992306113280E-01 0.104163
9.737308019519760E-01 0.045504
1.00457290455559 0.0235688
1.01699529979400 0.0488394
1.03309823544125 0.0296811
1.04436177103636 0.0274461
1.05450155821087 0.0196218
1.06434062556745 0.0206051
1.09348450311464 0.0291617
1.11644696916958 0.0231982
1.13995290659272 0.022675
1.14208883282343 0.0538055
1.15217334184461 0.0342067
1.15637000762576 0.0249085
1.16200903300571 0.0478312
1.16518831138223 0.0239608
1.17214307521835 0.0323557
1.17429466241024 0.0280156
1.17720883697338 0.0216749
1.18045566189301 0.0336599
1.18829159582460 0.0696625
1.19325135003938 0.0315883
1.19700761873747 0.0263786
1.20253102164347 0.0520968
1.20561760721651 0.0344257
1.20961773141973 0.0224772
1.21514523265045 0.03866
1.21774446353961 0.0346481
1.22497980475080 0.0285554
1.22524400570448 0.0466417
1.23458727749402 0.0339143
1.23913965857499 0.051733
1.24384591871703 0.0250008
1.24591908102115 0.0268595
1.25451614831560 0.0359326
1.25529661069902 0.0359959
1.26051497875532 0.0243727
1.26113320725119 0.0367431
1.26661187753141 0.0279482
1.26944862219907 0.0336525
1.27225289984827 0.0239842
1.27738502725051 0.0228952
1.27976636490207 0.0308591
1.28663365652303 0.0242277
1.29236508300565 0.028966
1.29544173868229 0.0259723
1.29944374649388 0.0339532
1.30132899707658 0.0440078
1.30644369567696 0.0362053
1.31618499675806 0.0373444
1.31761349095796 0.0249065
1.31837710492183 0.0297719
1.32139485400264 0.0304942
