-1.788674244284750E-01 0.389228
-1.154372040768540E-01 0.096356
-1.055127403878910E-01 0.148424
-6.189529528794085E-02 0.162338
-4.751883211269424E-02 0.102921
-4.225680744743282E-02 0.112298
1.435510359806291E-03 0.0615259
6.670894902343285E-03 0.0730275
1.177992640627520E-02 0.0679944
2.235434099755258E-02 0.0702632
2.627953760895210E-02 0.0823888
3.310620148459043E-02 0.0816073
3.888244565209885E-02 0.0376338
4.159446118246368E-02 0.0552645
4.336388573765008E-02 0.0684159
4.589555792370548E-02 0.0767167
5.167511521538826E-02 0.050327
5.291848248919444E-02 0.0767221
5.639824590449315E-02 0.080163
6.155655036446202E-02 0.0363534
6.336075809138202E-02 0.0426409
6.795408255767896E-02 0.0668439
7.453768250735107E-02 0.0332759
7.907936484688859E-02 0.0320819
7.976245464899841E-02 0.0497717
8.098824004549471E-02 0.0356547
8.525351508860829E-02 0.0608077
8.657769486923048E-02 0.0293969
9.074701749316809E-02 0.0582251
9.194270333542913E-02 0.0506792
9.357389496179366E-02 0.0277887
9.590219225447477E-02 0.0305246
9.674465919247122E-02 0.0315379
1.006387666651760E-01 0.02626
1.058459010224840E-01 0.0294349
1.065004129570030E-01 0.0387219
1.092628621543140E-01 0.0360813
1.134291363171930E-01 0.0669674
1.140111536556150E-01 0.0246154
1.152052187793930E-01 0.0347985
1.179724453480620E-01 0.0223645
1.183078061965740E-01 0.0208082
1.199286992308190E-01 0.0229593
1.227983090865470E-01 0.0290949
1.251437059442170E-01 0.0195932
1.262106582597420E-01 0.0218591
1.282462921843190E-01 0.0344725
1.301282689323680E-01 0.0314478
1.302401471457870E-01 0.0258947
1.320996498119820E-01 0.0208724
1.338019210650120E-01 0.0227129
1.348166685115620E-01 0.0242784
1.365524894006130E-01 0.0223638
1.386699184254100E-01 0.0260532
1.396660765085100E-01 0.0336024
1.404941942452900E-01 0.0195458
1.426374373931650E-01 0.0580441
1.438907375412250E-01 0.0202659
1.460872403337080E-01 0.0247639
1.475425338123390E-01 0.032349
1.499341252888200E-01 0.029808
1.507843387767480E-01 0.020644
1.533805723055430E-01 0.0224076
1.552335772288710E-01 0.0206939
1.570753895789070E-01 0.0263058
1.582246413567090E-01 0.0237096
1.599046178280020E-01 0.0207716
1.622416848013100E-01 0.0201945
1.642115433347270E-01 0.0430859
1.676841459176030E-01 0.0199226
1.685528752045220E-01 0.0280576
1.689814525334480E-01 0.0346368
1.710427447925770E-01 0.0204716
1.715226626970470E-01 0.0224901
1.736610732290000E-01 0.0256983
1.753561184885640E-01 0.0255881
1.763807438072440E-01 0.0205238
1.791279676899010E-01 0.0320813
1.801847391815900E-01 0.0206624
1.820365179796900E-01 0.0335716
1.832110597134440E-01 0.0201302
1.869297483613990E-01 0.0271993
1.880627876440810E-01 0.0268112
1.896372311004870E-01 0.0247847
1.915688746112440E-01 0.0314785
1.920925517935940E-01 0.0217294
1.938672135105440E-01 0.0224867
1.961850730238970E-01 0.0222962
1.967957528654730E-01 0.0238237
2.011170487950960E-01 0.0266295
2.021722356570970E-01 0.0200855
2.036534207642290E-01 0.0216524
2.064429339826960E-01 0.0186109
2.072760823177260E-01 0.0193691
2.086419263908370E-01 0.0199535
2.106532876752920E-01 0.0310852
2.118717715029220E-01 0.0207574
2.134721647729490E-01 0.0237625
2.162808674265720E-01 0.0242071
2.178025328379640E-01 0.0200565
2.192799360085560E-01 0.0212638
2.221188652347740E-01 0.0214695
2.236333319930270E-01 0.0216103
2.257122631825320E-01 0.0271332
2.268606991978430E-01 0.0164874
2.283003508724880E-01 0.0169742
2.302913512967990E-01 0.0239571
2.309209693613550E-01 0.0257215
2.344212751209050E-01 0.0171612
2.367698382178570E-01 0.0230255
2.374136121325810E-01 0.0177899
2.384741658726370E-01 0.0256047
2.401398237762940E-01 0.0229799
2.450171539733300E-01 0.0240859
2.458063621893980E-01 0.0209452
2.473283669206670E-01 0.0223838
2.501898372514160E-01 0.0242072
2.532658290455670E-01 0.0203495
2.535518418026290E-01 0.0206
2.548025471919490E-01 0.02203
2.552867136409630E-01 0.033147
2.601405281532480E-01 0.0267741
2.609704140471950E-01 0.0232143
2.627968766743260E-01 0.0319233
2.649384999014870E-01 0.0259045
2.662244838732630E-01 0.0261359
2.666364302128560E-01 0.0358932
2.688522692489240E-01 0.0369003
2.705485969881330E-01 0.0232818
2.735201774571490E-01 0.0185474
2.767294170312580E-01 0.0238949
2.778553589822190E-01 0.0225149
2.790670087999620E-01 0.0259581
2.797296530434970E-01 0.04064
2.819346124748500E-01 0.0188512
2.828300056367880E-01 0.0233115
2.854689575522230E-01 0.0285998
2.860045435467250E-01 0.0217529
2.877137401755110E-01 0.0371532
2.907058917383940E-01 0.0256189
2.928326477005900E-01 0.0285331
2.949511513610480E-01 0.026985
2.957819316896140E-01 0.0212633
2.975760756085070E-01 0.0211989
2.995536166681400E-01 0.0198672
3.003752784169850E-01 0.0268545
3.012762719599860E-01 0.0265498
3.025065383834610E-01 0.0221511
3.030791819078680E-01 0.0229398
3.062409847767760E-01 0.0276327
3.072823824950690E-01 0.0342811
3.085715809941440E-01 0.0274615
3.099473441996880E-01 0.0268016
3.122943397589150E-01 0.031983
3.137123130312340E-01 0.0257723
3.145318519433020E-01 0.0304552
3.155604824215590E-01 0.0292223
3.188636366386230E-01 0.0234387
3.200204036748590E-01 0.0412833
3.222139734719660E-01 0.0263179
3.237496442809160E-01 0.0237438
3.247644876217650E-01 0.0262032
3.255033348619010E-01 0.022029
3.275495672176200E-01 0.0269327
3.303122637403870E-01 0.0253542
3.314120146827830E-01 0.0268474
3.330215441084760E-01 0.0321178
3.336894053986960E-01 0.0476036
3.346719667993850E-01 0.0355531
3.383342683811770E-01 0.0389422
3.398443532424780E-01 0.0349613
3.428133352283780E-01 0.0466946
3.434030288766210E-01 0.0362258
3.462210241768170E-01 0.053972
3.469525700105230E-01 0.0249815
3.507574614357360E-01 0.0265873
3.513498879807890E-01 0.0282652
3.525555853753310E-01 0.0662444
3.538354372001200E-01 0.0352539
3.554419167025240E-01 0.0414429
3.593131033177990E-01 0.0535213
3.626301796199770E-01 0.0534842
3.644945315351530E-01 0.0498105
3.670725090470030E-01 0.0459093
3.716119210748470E-01 0.091096
3.748155671264370E-01 0.0982174
3.777462933109130E-01 0.0555846
3.803777076509230E-01 0.0769866
3.834011418869870E-01 0.0742215
3.886725594238320E-01 0.0539618
3.908471686881290E-01 0.115446
4.043780164343380E-01 0.111731
6.331518177527919E-01 0.260151
6.367349389405320E-01 0.256908
6.458528963532590E-01 0.127941
6.523519640188430E-01 0.0733535
6.558472797627570E-01 0.107492
6.565995688660240E-01 0.0704176
6.596374447553440E-01 0.0785698
6.614148817043740E-01 0.0456923
6.633465064045220E-01 0.063723
6.661788095096129E-01 0.0437526
6.679616814690470E-01 0.0641141
6.682046525990900E-01 0.121625
6.718784679543550E-01 0.0546535
6.732647284776130E-01 0.0391214
6.744006000407560E-01 0.0421559
6.769141073701470E-01 0.0576063
6.774969898621740E-01 0.0393725
6.788114849913500E-01 0.0450716
6.800539313728790E-01 0.0441003
6.827058440243600E-01 0.0404484
6.833492042585509E-01 0.0407544
6.847154433516900E-01 0.0395478
6.855235407799720E-01 0.0461767
6.860028152683220E-01 0.0584138
6.880868984315710E-01 0.039288
6.908461445763820E-01 0.0406573
6.920165731673720E-01 0.0389015
6.933408178352070E-01 0.0338317
6.943536394737730E-01 0.0613201
6.973701427340711E-01 0.0530884
6.978105665835680E-01 0.0457994
6.986760003013600E-01 0.0374394
7.002439587288520E-01 0.0395379
7.016563242421540E-01 0.0389379
7.028763980332210E-01 0.0466009
7.040516721627980E-01 0.0455667
7.069779206897620E-01 0.0420636
7.072868153327950E-01 0.0529233
7.082422787314860E-01 0.0722151
7.115255503025960E-01 0.0408481
7.127479962919610E-01 0.045912
7.144933987250900E-01 0.0482648
7.164769967791830E-01 0.0372699
7.186538186798470E-01 0.0451672
7.199671109599450E-01 0.0323436
7.205751082750690E-01 0.0353794
7.223001861882850E-01 0.0559222
7.260077851213810E-01 0.0358574
7.261679056471210E-01 0.0395564
7.276502535960980E-01 0.0351183
7.306936950272510E-01 0.038954
7.314308715044920E-01 0.0368288
7.329932599523650E-01 0.0364008
7.334141708445370E-01 0.0328428
7.363900191846799E-01 0.0353869
7.377847709400380E-01 0.045732
7.392954809317530E-01 0.0393215
7.404056813200720E-01 0.0417094
7.425286167812450E-01 0.0355239
7.438551996466430E-01 0.0390108
7.450933366596640E-01 0.0358932
7.459925695257970E-01 0.0332353
7.496462147242610E-01 0.0357418
7.513841054646440E-01 0.0339635
7.526150022215889E-01 0.0354232
7.543052171713730E-01 0.0378313
7.557047082689030E-01 0.0364699
7.570964425944610E-01 0.062439
7.604730890619490E-01 0.0380651
7.612309105281490E-01 0.0502689
7.633125305068510E-01 0.0313941
7.648293627568160E-01 0.0437687
7.658410759201790E-01 0.0374353
7.675843586185440E-01 0.0358235
7.691570552070121E-01 0.0385907
7.708485800348910E-01 0.0317104
7.724360668511080E-01 0.0398054
7.739674749027230E-01 0.0338641
7.760834748150670E-01 0.0338837
7.784777428357190E-01 0.0322774
7.798612193249620E-01 0.0344559
7.819315557177000E-01 0.0467333
7.838288524338890E-01 0.0378357
7.862656048242820E-01 0.0554776
7.932929122369540E-01 0.0440395
7.953135398640661E-01 0.0467824
7.980205493483030E-01 0.0503454
7.988781693775190E-01 0.0353097
8.009386316787200E-01 0.0363236
8.018230410339970E-01 0.0375109
8.075506217272500E-01 0.0431939
8.095651475239750E-01 0.0364909
8.129882224591930E-01 0.0426188
8.146393350139940E-01 0.0637443
8.166471139139400E-01 0.0800058
8.201714014419130E-01 0.0468888
8.209514467805310E-01 0.0358651
8.255435659694730E-01 0.0467334
8.258641293936090E-01 0.0565024
8.268833613453890E-01 0.0399658
8.304493482224899E-01 0.040488
8.350467195318910E-01 0.0308128
8.402715887003530E-01 0.0322483
8.436867924991950E-01 0.0439716
8.454322240255659E-01 0.0446006
8.484000474894020E-01 0.0414152
8.507980883988130E-01 0.0631948
8.519416469908190E-01 0.0342473
8.580722956001789E-01 0.0376431
8.599065315590250E-01 0.0503455
8.610869223392880E-01 0.0461122
8.645571514218160E-01 0.038599
8.660786749039250E-01 0.0354949
8.694218752847580E-01 0.0616723
8.721832120373300E-01 0.0598275
8.770127691517340E-01 0.0584252
8.789584056311360E-01 0.0624683
8.846272804523440E-01 0.0536816
8.879524795168330E-01 0.0313027
8.915873637180520E-01 0.0360045
8.963899612720480E-01 0.0675645
8.979869813209410E-01 0.0633065
9.010793788743851E-01 0.0505473
9.093801078947600E-01 0.0624591
9.122720779048770E-01 0.171365
9.161276134667810E-01 0.0575901
9.260636340808950E-01 0.0565586
9.323467390597630E-01 0.0556996
9.426193098006690E-01 0.143933
9.570484500963130E-01 0.142195
1.11577999012698 0.0429687
1.11953372858366 0.0445054
1.13475444080237 0.142849
1.18700263930320 0.0270126
1.19326892210044 0.0232366
1.21405715683077 0.0253196
1.22448299869749 0.0313801
1.23065342292246 0.0368116
1.23862131352609 0.0363323
1.25703108734228 0.03572
1.28681426643925 0.049847
1.28780953034134 0.0720796
