0	979.942871094
0.00501474924386	958.642883301
0.0100294984877	945.54284668
0.0150442477316	981.671447754
0.0200589969754	945.942871094
0.0250737462193	950.942871094
0.0300884954631	954.857116699
0.0351032465696	963.214294434
0.0401179939508	953.028564453
0.0451327450573	930.95715332
0.0501474924386	948.357116699
0.0551622435451	949.099975586
0.0601769909263	954.200012207
0.0651917383075	955.257141113
0.0702064931393	958.585693359
0.0752212405205	935.95715332
0.0802359879017	956.299987793
0.0852507352829	954.871398926
0.0902654901147	969.071411133
0.0952802374959	982.700012207
0.100294984877	964.31427002
0.105309732258	960.328552246
0.11032448709	963.528564453
0.115339234471	970.471435547
0.120353981853	958.04284668
0.125368729234	949.328552246
0.130383476615	955.400024414
0.135398223996	948.642883301
0.140412986279	966.357116699
0.14542773366	962.299987793
0.150442481041	949.68572998
0.155457228422	956.900024414
0.160471975803	934.04284668
0.165486723185	945.77142334
0.170501470566	940.157165527
0.175516217947	962.828552246
0.180530980229	956.400024414
0.185545727611	922.385742188
0.190560474992	942.485717773
0.195575222373	957.014282227
0.200589969754	976.714294434
0.205604717135	952.428588867
0.210619464517	959.585693359
0.215634211898	967.071411133
0.22064897418	952.54284668
0.225663721561	948.942871094
0.230678468943	971.328552246
0.235693216324	965.828552246
0.240707963705	932.45715332
0.245722711086	948.914306641
0.250737458467	952.68572998
0.255752205849	965.385742188
0.26076695323	952.928588867
0.265781700611	963.714294434
0.270796447992	950.014282227
0.275811195374	948.442871094
0.280825972557	959.385742188
0.285840719938	967.428588867
0.290855467319	943.5
0.295870214701	968.971435547
0.300884962082	962.028564453
0.305899709463	951.342834473
0.310914456844	959.885742188
0.315929204226	954.45715332
0.320943951607	961.700012207
0.325958698988	955.700012207
0.330973446369	954.599975586
0.33598819375	950.985717773
0.341002941132	952.514282227
0.346017688513	933.200012207
0.351032435894	961.599975586
0.356047183275	954.385742188
0.361061960459	968.142883301
0.36607670784	950.385742188
0.371091455221	946.985717773
0.376106202602	946.5
0.381120949984	973.357116699
0.386135697365	956.085693359
0.391150444746	953.785705566
0.396165192127	952.471435547
0.401179939508	953.22857666
0.40619468689	967.071411133
0.411209434271	962.45715332
0.416224181652	962.342834473
0.421238929033	950.485717773
0.426253676414	965.585693359
0.431268423796	976.72857666
0.436283171177	958.757141113
0.44129794836	965.014282227
0.446312695742	961.528564453
0.451327443123	956.985717773
0.456342190504	958.45715332
0.461356937885	946.785705566
0.466371685266	980.585693359
0.471386432648	953.342834473
0.476401180029	964.328552246
0.48141592741	943.428588867
0.486430674791	970.657165527
0.491445422173	949.571411133
0.496460169554	954.428588867
0.501474916935	248.814285278
0.506489694118	248.685714722
0.511504411697	248.842849731
0.516519188881	248.600006104
0.52153390646	249.22857666
0.526548683643	248.77142334
0.531563401222	249.057144165
0.536578178406	249.642852783
0.541592895985	250.085708618
0.546607673168	248.928573608
0.551622390747	248.942855835
0.556637167931	247.88571167
0.561651945114	248.814285278
0.566666662693	248.585708618
0.571681439877	249.042861938
0.576696157455	248.642852783
0.581710934639	248.985717773
0.586725652218	248.628570557
0.591740429401	249.185714722
0.59675514698	248.857147217
0.601769924164	249.185714722
0.606784641743	248.142852783
0.611799418926	247.628570557
0.616814136505	249.157150269
0.621828913689	249.171432495
0.626843631268	248.414291382
0.631858408451	249.085708618
0.636873185635	248.828567505
0.641887903214	248.585708618
0.646902680397	248.985717773
0.651917397976	249.185714722
0.656932175159	248.685714722
0.661946892738	248.785720825
0.666961669922	248.800003052
0.671976387501	249.128570557
0.676991164684	250.042861938
0.682005882263	248.014282227
0.687020659447	249.357147217
0.692035377026	248.399993896
0.697050154209	248.657150269
0.702064871788	249.585708618
0.707079648972	249.399993896
0.71209436655	249.042861938
0.717109143734	248.11428833
0.722123920918	248.442855835
0.727138638496	248.128570557
0.73215341568	248.357147217
0.737168133259	248.77142334
0.742182910442	248.357147217
0.747197628021	248.72857666
0.752212405205	247.171432495
0.757227122784	248.5
0.762241899967	248.72857666
0.767256617546	249.642852783
0.77227139473	248.671432495
0.777286112309	249.085708618
0.782300889492	248.928573608
0.787315607071	248.742858887
0.792330384254	248.471435547
0.797345161438	249.157150269
0.802359879017	248.514282227
0.8073746562	248.942855835
0.812389373779	248.642852783
0.817404150963	248.371429443
0.822418868542	249.11428833
0.827433645725	248.414291382
0.832448363304	247.957138062
0.837463140488	248.285720825
0.842477858067	248.314285278
0.84749263525	249.27142334
0.852507352829	249.685714722
0.857522130013	248.457138062
0.862536847591	249.214279175
0.867551624775	248.914291382
0.872566342354	248.699996948
0.877581119537	248.314285278
0.882595896721	248.857147217
0.8876106143	248.942855835
0.892625391483	248.242858887
0.897640109062	248.857147217
0.902654886246	248.342849731
0.907669603825	248.642852783
0.912684381008	247.899993896
0.917699098587	248.100006104
0.922713875771	248.185714722
0.927728593349	247.942855835
0.932743370533	248.61428833
0.937758088112	248.942855835
0.942772865295	249.471435547
0.947787582874	249.028564453
0.952802360058	248.085708618
0.957817137241	248.628570557
0.96283185482	248.414291382
0.967846632004	248.300003052
0.972861349583	248.171432495
0.977876126766	249.028564453
0.982890844345	248.38571167
0.987905621529	248.742858887
0.992920339108	247.785720825
0.997935116291	494.72857666
1.00294983387	605.81427002
1.00796461105	601.642883301
1.01297938824	598.928588867
1.01799404621	606.285705566
1.02300882339	607.414306641
1.02802360058	597.400024414
1.03303837776	597.028564453
1.03805315495	606.799987793
1.04306781292	571.671447754
1.0480825901	602.700012207
1.05309736729	599.985717773
1.05811214447	605.385742188
1.06312680244	594.18572998
1.06814157963	608.385742188
1.07315635681	590.799987793
1.078171134	607.628601074
1.08318579197	600.085693359
1.08820056915	611.242858887
1.09321534634	618.114257813
1.09823012352	600.200012207
1.10324478149	591.871398926
1.10825955868	601.671447754
1.11327433586	600.157165527
1.11828911304	596.414306641
1.12330389023	596.214294434
1.1283185482	592.514282227
1.13333332539	604.942871094
1.13834810257	611.214294434
1.14336287975	602.057128906
1.14837753773	597.22857666
1.15339231491	598.142883301
1.15840709209	597.81427002
1.16342186928	590.671447754
1.16843652725	609.885742188
1.17345130444	601.528564453
1.17846608162	598.557128906
1.1834808588	603.214294434
1.18849551678	589.171447754
1.19351029396	595.157165527
1.19852507114	607.77142334
1.20353984833	604.04284668
1.20855462551	611.142883301
1.21356928349	603.914306641
1.21858406067	605.72857666
1.22359883785	589.200012207
1.22861361504	588.27142334
1.23362827301	599.671447754
1.23864305019	592.5
1.24365782738	610.642883301
1.24867260456	596.014282227
1.25368726254	598.557128906
1.25870203972	588.614257813
1.2637168169	590.31427002
1.26873159409	601.77142334
1.27374637127	598.571411133
1.27876102924	600.785705566
1.28377580643	600.77142334
1.28879058361	608.885742188
1.29380536079	589.514282227
1.29882001877	597.914306641
1.30383479595	595.428588867
1.30884957314	594.642883301
1.31386435032	614.04284668
1.31887900829	599.18572998
1.32389378548	604.157165527
1.32890856266	610.45715332
1.33392333984	596.514282227
1.33893799782	593.428588867
1.343952775	602.599975586
1.34896755219	605.54284668
1.35398232937	605.114257813
1.35899710655	597.871398926
1.36401176453	598.714294434
1.36902654171	610.828552246
1.37404131889	618.22857666
1.37905609608	597.72857666
1.38407075405	597.914306641
1.38908553123	605.157165527
1.39410030842	597.77142334
1.3991150856	591.45715332
1.40412974358	605.5
1.40914452076	608.757141113
1.41415929794	601.471435547
1.41917407513	601.428588867
1.4241887331	598.057128906
1.42920351028	594.028564453
1.43421828747	601.328552246
1.43923306465	594.071411133
1.44424784184	606.428588867
1.44926249981	582.828552246
1.45427727699	601.128601074
1.45929205418	598.114257813
1.46430683136	589.68572998
1.46932148933	592.799987793
1.47433626652	598.599975586
1.4793510437	591.714294434
1.48436582088	600
1.48938047886	596.18572998
1.49439525604	605.642883301
1.49941003323	368.88571167
1.50442481041	247.857147217
1.50943958759	248.057144165
1.51445424557	247.899993896
1.51946902275	247.142852783
1.52448379993	248.242858887
1.52949857712	247.928573608
1.53451323509	247.128570557
1.53952801228	247.300003052
1.54454278946	247.285720825
1.54955756664	248.628570557
1.55457222462	248.057144165
1.5595870018	247.828567505
1.56460177898	247.899993896
1.56961655617	247.857147217
1.57463121414	247.871429443
1.57964599133	247.100006104
1.58466076851	247.828567505
1.58967554569	247.942855835
1.59469032288	246.657150269
1.59970498085	247.485717773
1.60471975803	247.857147217
1.60973453522	247.757141113
1.6147493124	248.185714722
1.61976397038	247.128570557
1.62477874756	247.957138062
1.62979352474	247.014282227
1.63480830193	248.399993896
1.6398229599	247.300003052
1.64483773708	248.185714722
1.64985251427	247.714279175
1.65486729145	247.857147217
1.65988194942	247.442855835
1.66489672661	247.657150269
1.66991150379	247.300003052
1.67492628098	246.957138062
1.67994105816	248.585708618
1.68495571613	248.214279175
1.68997049332	248.014282227
1.6949852705	247.571426392
1.70000004768	248.185714722
