90001	190.746472	55.000000	3.276650e-01	-5.448750e-02	8.563625e-01	3.391568e+03
90001	191.482945	55.000000	3.607900e-01	-6.998750e-02	8.736175e-01	3.355165e+03
90001	192.225127	55.000000	3.754525e-01	-1.023950e-01	8.342650e-01	8.944936e+03
90001	192.973084	55.000000	3.998600e-01	-1.478525e-01	8.343050e-01	1.019418e+04
90001	193.726885	55.000000	4.120337e-01	-1.840450e-01	8.319671e-01	8.907739e+03
90001	194.486599	55.000000	4.229013e-01	-2.196950e-01	8.155075e-01	6.534553e+03
90001	195.252294	55.000000	4.030725e-01	-2.643675e-01	8.157150e-01	9.126838e+03
90001	196.024042	55.000000	3.989888e-01	-2.910025e-01	8.100950e-01	6.984848e+03
90001	196.801915	55.000000	3.950175e-01	-3.481875e-01	7.954550e-01	1.229801e+04
90001	197.585987	55.000000	3.760550e-01	-3.805200e-01	7.951300e-01	7.432224e+03
90001	198.376331	55.000000	3.495650e-01	-4.119725e-01	7.888450e-01	1.233475e+04
90001	199.173023	55.000000	3.296987e-01	-4.489450e-01	7.881350e-01	1.277976e+04
90001	199.976140	55.000000	3.172525e-01	-4.733625e-01	7.687050e-01	1.267654e+04
90001	200.785760	55.000000	2.688813e-01	-5.079525e-01	7.708500e-01	1.559296e+04
90001	201.601962	55.000000	2.465987e-01	-5.314100e-01	7.576500e-01	1.914417e+04
90001	202.424827	55.000000	2.106150e-01	-5.545650e-01	7.555100e-01	1.084503e+04
90001	203.254437	55.000000	1.688588e-01	-5.639250e-01	7.527825e-01	1.422270e+04
90001	204.090875	55.000000	1.293000e-01	-5.993875e-01	7.438825e-01	9.353126e+03
90001	204.934226	55.000000	8.413500e-02	-6.095950e-01	7.321550e-01	8.427033e+03
90001	205.784575	55.000000	3.805000e-02	-6.181025e-01	7.325650e-01	6.955432e+03
90001	206.642011	55.000000	-1.087000e-02	-6.307025e-01	7.209700e-01	8.946713e+03
90001	207.506622	55.000000	-5.657875e-02	-6.414450e-01	7.105500e-01	1.130104e+04
90001	208.378498	55.000000	-1.091050e-01	-6.458475e-01	7.070250e-01	7.510099e+03
90001	209.257733	55.000000	-1.665963e-01	-6.456600e-01	6.909375e-01	5.717986e+03
90001	210.144418	55.000000	-2.257225e-01	-6.270600e-01	6.679250e-01	7.578764e+03
90001	211.038650	55.000000	-2.846687e-01	-6.271050e-01	6.707375e-01	5.356607e+03
90001	211.940524	55.000000	-3.432038e-01	-6.135075e-01	6.471225e-01	4.030984e+03
90001	212.850140	55.000000	-4.088550e-01	-5.933025e-01	6.214625e-01	3.957237e+03
90001	213.767598	55.000000	-4.720712e-01	-5.676400e-01	5.981825e-01	5.075786e+03
90001	214.692998	55.000000	-5.420300e-01	-5.449875e-01	5.561650e-01	6.677933e+03
90001	215.626446	55.000000	-6.130687e-01	-5.040975e-01	5.115300e-01	3.656849e+03
90001	216.568046	55.000000	-6.841362e-01	-4.557725e-01	4.451425e-01	3.571770e+03
90001	217.517906	55.000000	-7.442237e-01	-3.844100e-01	3.811875e-01	2.766939e+03
90001	218.476135	55.000000	-8.028625e-01	-3.228000e-01	2.718400e-01	2.199358e+03
90001	219.442844	55.000000	-8.436475e-01	-2.319075e-01	1.516575e-01	2.994012e+03
90001	220.418145	55.000000	-8.435100e-01	-1.201625e-01	-5.082500e-03	2.617698e+03
90001	221.402155	55.000000	-7.881088e-01	7.870000e-03	-1.863475e-01	1.133490e+03
90001	222.394989	55.000000	-6.580750e-01	1.534250e-01	-3.772700e-01	5.037025e+02
90001	223.396769	55.000000	-4.136237e-01	3.026925e-01	-5.269300e-01	3.705829e+02
90001	224.407614	55.000000	-9.309250e-02	4.060875e-01	-5.979700e-01	4.235075e+02
90001	225.427648	55.000000	2.253988e-01	4.317700e-01	-5.605975e-01	6.279670e+02
90001	226.456998	55.000000	5.139063e-01	4.046000e-01	-4.440225e-01	1.661929e+03
90001	227.495792	55.000000	7.208863e-01	3.183250e-01	-3.185525e-01	9.720931e+02
90001	228.544160	55.000000	8.400187e-01	2.197950e-01	-1.817900e-01	1.372008e+03
90001	229.602234	55.000000	9.111325e-01	1.136150e-01	-2.886500e-02	4.895055e+03
90001	230.670152	55.000000	9.342100e-01	2.957250e-02	8.396000e-02	5.115001e+03
90001	231.748050	55.000000	9.302138e-01	-5.970500e-02	1.707875e-01	2.359601e+04
90001	232.836069	55.000000	9.163537e-01	-1.426925e-01	2.366200e-01	1.085700e+04
90001	233.934352	55.000000	8.945975e-01	-2.068275e-01	2.949400e-01	7.611811e+03
90001	235.043046	55.000000	8.640062e-01	-2.616700e-01	3.267275e-01	1.226085e+04
90001	236.162298	55.000000	8.325700e-01	-3.123875e-01	3.758950e-01	2.125977e+04
90001	237.292261	55.000000	8.038250e-01	-3.626225e-01	3.872850e-01	1.527272e+04
90001	238.433090	55.000000	7.710512e-01	-4.251925e-01	4.101450e-01	3.885503e+04
90001	239.584940	55.000000	7.378000e-01	-4.678650e-01	4.142200e-01	1.329809e+04
90001	240.747974	55.000000	7.023475e-01	-5.132375e-01	4.346825e-01	1.269764e+04
90001	241.922354	55.000000	6.630175e-01	-5.529775e-01	4.357550e-01	8.818754e+03
90001	243.108248	55.000000	6.258063e-01	-6.109175e-01	4.455050e-01	1.728410e+04
90001	244.305826	55.000000	5.826137e-01	-6.353100e-01	4.444575e-01	1.318535e+04
90001	245.515261	55.000000	5.418525e-01	-6.805900e-01	4.434550e-01	1.537483e+04
90001	246.736730	55.000000	4.939725e-01	-7.169375e-01	4.352575e-01	1.075349e+04
90001	247.970413	55.000000	4.505188e-01	-7.387325e-01	4.398150e-01	1.157712e+04
90001	249.216496	55.000000	4.000188e-01	-7.742050e-01	4.280950e-01	1.489431e+04
90001	250.475165	55.000000	3.525975e-01	-7.960950e-01	4.203025e-01	1.452907e+04
90001	251.746612	55.000000	2.974563e-01	-8.188650e-01	4.167450e-01	8.823665e+03
90001	253.031034	55.000000	2.409088e-01	-8.433700e-01	4.065250e-01	1.419017e+04
90001	254.328629	55.000000	1.843400e-01	-8.631525e-01	3.985625e-01	1.423110e+04
90001	255.639601	55.000000	1.228400e-01	-8.787800e-01	3.905450e-01	1.250765e+04
90001	256.964159	55.000000	6.143000e-02	-8.877775e-01	3.833675e-01	1.565035e+04
90001	258.302514	55.000000	6.072500e-03	-8.917750e-01	3.795775e-01	1.260530e+04
90001	259.654883	55.000000	-5.491875e-02	-8.950525e-01	3.706825e-01	1.406630e+04
90001	261.021488	55.000000	-1.142900e-01	-8.953350e-01	3.575625e-01	1.303790e+04
90001	262.402554	55.000000	-1.735700e-01	-8.915500e-01	3.491350e-01	1.485388e+04
90001	263.798312	55.000000	-2.235737e-01	-8.941800e-01	3.360500e-01	2.434089e+04
90001	265.208998	55.000000	-2.774550e-01	-8.835500e-01	3.175750e-01	1.919078e+04
90001	266.634853	55.000000	-3.283250e-01	-8.644400e-01	2.962025e-01	1.635099e+04
90001	268.076122	55.000000	-3.775212e-01	-8.601475e-01	2.873550e-01	2.767747e+04
90001	269.533058	55.000000	-4.204425e-01	-8.430250e-01	2.676775e-01	2.579196e+04
90001	271.005916	55.000000	-4.624325e-01	-8.271425e-01	2.516125e-01	2.472308e+04
90001	272.494960	55.000000	-4.992837e-01	-8.052050e-01	2.242325e-01	3.173019e+04
90001	274.000457	55.000000	-5.321900e-01	-7.985200e-01	2.004025e-01	3.030453e+04
90001	275.522681	55.000000	-5.575388e-01	-7.853375e-01	1.647875e-01	2.369597e+04
90001	277.061914	55.000000	-5.744563e-01	-7.792775e-01	1.355450e-01	1.635098e+04
90001	278.618442	55.000000	-5.828800e-01	-7.811300e-01	8.997500e-02	1.167730e+04
90001	280.192557	55.000000	-5.762850e-01	-7.827550e-01	4.290750e-02	9.102730e+03
90001	281.784560	55.000000	-5.556800e-01	-7.903500e-01	-7.332500e-03	6.147305e+03
90001	283.394758	55.000000	-5.161837e-01	-8.181575e-01	-7.013000e-02	4.647520e+03
90001	285.023463	55.000000	-4.539613e-01	-8.380075e-01	-1.327750e-01	5.003493e+03
90001	286.670998	55.000000	-3.639950e-01	-8.726375e-01	-1.893000e-01	3.226551e+03
90001	288.337690	55.000000	-2.466862e-01	-8.956725e-01	-2.466525e-01	6.432573e+03
90001	290.023875	55.000000	-6.163750e-02	-9.074575e-01	-2.816200e-01	7.768220e+03
90001	291.729898	55.000000	1.039375e-01	-9.013150e-01	-2.996725e-01	4.247475e+03
90001	293.456110	55.000000	2.831025e-01	-8.736200e-01	-2.854250e-01	3.819960e+03
90001	295.202873	55.000000	4.390987e-01	-8.300925e-01	-2.510375e-01	3.457344e+03
90001	296.970555	55.000000	5.663887e-01	-7.724400e-01	-1.990500e-01	3.593681e+03
90001	298.759534	55.000000	6.629538e-01	-7.152825e-01	-1.387750e-01	4.742068e+03
90001	300.570198	55.000000	7.302663e-01	-6.638150e-01	-7.528000e-02	7.054924e+03
90001	302.402943	55.000000	7.734825e-01	-6.225775e-01	-1.786750e-02	1.187899e+04
90001	304.258176	55.000000	7.998413e-01	-5.906375e-01	3.659000e-02	1.616947e+04
90001	306.136313	55.000000	8.116537e-01	-5.709675e-01	8.511500e-02	3.118950e+04
90001	308.037780	55.000000	8.139137e-01	-5.614300e-01	1.261325e-01	4.125645e+04
90001	309.963016	55.000000	8.094462e-01	-5.576100e-01	1.617500e-01	4.720932e+04
90001	311.912469	55.000000	7.996912e-01	-5.630850e-01	1.912625e-01	5.808863e+04
90001	313.886599	55.000000	7.849225e-01	-5.720700e-01	2.174775e-01	6.307025e+04
90001	315.885877	55.000000	7.659000e-01	-5.878650e-01	2.409225e-01	6.342216e+04
90001	317.910786	55.000000	7.428687e-01	-6.084450e-01	2.611300e-01	6.640215e+04
90001	319.961823	55.000000	7.162463e-01	-6.305225e-01	2.787900e-01	6.819628e+04
90001	322.039498	55.000000	6.879175e-01	-6.536325e-01	2.913825e-01	6.469274e+04
90001	324.144331	55.000000	6.582200e-01	-6.789850e-01	3.034375e-01	5.774045e+04
90001	326.276859	55.000000	6.254650e-01	-7.039000e-01	3.148125e-01	5.247626e+04
90001	328.437633	55.000000	5.886262e-01	-7.300000e-01	3.230950e-01	5.898510e+04
90001	330.627218	55.000000	5.515325e-01	-7.553650e-01	3.309350e-01	5.528473e+04
90001	332.846192	55.000000	5.102238e-01	-7.806200e-01	3.373500e-01	5.212876e+04
90001	335.095153	55.000000	4.684950e-01	-8.039600e-01	3.440875e-01	5.170516e+04
90001	337.374712	55.000000	4.237900e-01	-8.252500e-01	3.483350e-01	4.954512e+04
90001	339.685498	55.000000	3.757912e-01	-8.454575e-01	3.532375e-01	5.220461e+04
90001	342.028156	55.000000	3.270238e-01	-8.640250e-01	3.572075e-01	4.899842e+04
90001	344.403352	55.000000	2.780788e-01	-8.791550e-01	3.602850e-01	4.952636e+04
90001	346.811767	55.000000	2.308500e-01	-8.930700e-01	3.635700e-01	5.128001e+04
90001	349.254103	55.000000	1.818225e-01	-9.029750e-01	3.650550e-01	5.687683e+04
90001	351.731083	55.000000	1.326613e-01	-9.105700e-01	3.662025e-01	5.709532e+04
90001	354.243447	55.000000	8.064250e-02	-9.175300e-01	3.657450e-01	5.894496e+04
90001	356.791961	55.000000	3.080250e-02	-9.211075e-01	3.644000e-01	6.063319e+04
90001	359.377410	55.000000	-2.036000e-02	-9.225725e-01	3.624925e-01	5.550761e+04
90001	362.000603	55.000000	-7.191375e-02	-9.221025e-01	3.587675e-01	6.184802e+04
90001	364.662372	55.000000	-1.238463e-01	-9.174375e-01	3.541925e-01	6.064300e+04
90001	367.363575	55.000000	-1.753513e-01	-9.116150e-01	3.482800e-01	6.573086e+04
90001	370.105094	55.000000	-2.302137e-01	-9.004475e-01	3.437950e-01	6.475422e+04
90001	372.887839	55.000000	-2.869888e-01	-8.850450e-01	3.389850e-01	6.024257e+04
90001	375.712747	55.000000	-3.401325e-01	-8.672050e-01	3.371475e-01	6.418895e+04
90001	378.580784	55.000000	-3.872000e-01	-8.483900e-01	3.352900e-01	6.853008e+04
90001	381.492943	55.000000	-4.337050e-01	-8.256025e-01	3.333975e-01	6.736297e+04
90001	384.450253	55.000000	-4.742675e-01	-8.071550e-01	3.300425e-01	8.260209e+04
90001	387.453771	55.000000	-5.103950e-01	-7.861775e-01	3.256325e-01	8.831369e+04
90001	390.504588	55.000000	-5.436962e-01	-7.673950e-01	3.204200e-01	1.012887e+05
90001	393.603830	55.000000	-5.765450e-01	-7.456350e-01	3.106500e-01	9.469892e+04
90001	396.752661	55.000000	-6.046700e-01	-7.289675e-01	2.990125e-01	8.820886e+04
90001	399.952279	55.000000	-6.297775e-01	-7.128125e-01	2.840625e-01	8.919259e+04
90001	403.203924	55.000000	-6.534963e-01	-6.974025e-01	2.635925e-01	7.703769e+04
90001	406.508874	55.000000	-6.729137e-01	-6.881650e-01	2.424300e-01	7.619136e+04
90001	409.868452	55.000000	-6.887587e-01	-6.812725e-01	2.139600e-01	6.126433e+04
90001	413.284022	55.000000	-7.007187e-01	-6.775050e-01	1.796850e-01	5.900589e+04
90001	416.756997	55.000000	-7.087963e-01	-6.772550e-01	1.351075e-01	4.096395e+04
90001	420.288836	55.000000	-7.091600e-01	-6.845225e-01	8.694500e-02	3.732531e+04
90001	423.881048	55.000000	-7.010112e-01	-6.943900e-01	2.561500e-02	2.857998e+04
90001	427.535195	55.000000	-6.834250e-01	-7.102125e-01	-3.674500e-02	2.696935e+04
90001	431.252893	55.000000	-6.521700e-01	-7.330725e-01	-1.082950e-01	2.175214e+04
90001	435.035813	55.000000	-6.000100e-01	-7.556700e-01	-1.882075e-01	1.536181e+04
90001	438.885687	55.000000	-5.238400e-01	-7.822800e-01	-2.747925e-01	1.440265e+04
90001	442.804309	55.000000	-4.244938e-01	-8.100250e-01	-3.537700e-01	1.442270e+04
90001	446.793537	55.000000	-2.992862e-01	-8.300125e-01	-4.255175e-01	1.655728e+04
90001	450.855297	55.000000	-1.594925e-01	-8.415250e-01	-4.715250e-01	1.662313e+04
90001	454.991584	55.000000	4.447500e-03	-8.394850e-01	-4.942375e-01	2.066391e+04
90001	459.204469	55.000000	1.826288e-01	-8.228750e-01	-4.860750e-01	1.894032e+04
90001	463.496099	55.000000	3.381725e-01	-7.981375e-01	-4.449775e-01	1.917665e+04
90001	467.868704	55.000000	4.685438e-01	-7.692700e-01	-3.868000e-01	2.181127e+04
90001	472.324597	55.000000	5.772100e-01	-7.293750e-01	-3.124325e-01	1.877449e+04
90001	476.866179	55.000000	6.617038e-01	-6.925400e-01	-2.222250e-01	2.736022e+04
90001	481.495948	55.000000	7.218050e-01	-6.584475e-01	-1.365150e-01	3.470443e+04
90001	486.216496	55.000000	7.583750e-01	-6.348700e-01	-5.489500e-02	7.229393e+04
90001	491.030521	55.000000	7.809400e-01	-6.100500e-01	2.218750e-02	5.780839e+04
90001	495.940826	55.000000	7.895813e-01	-5.951675e-01	9.022250e-02	6.883855e+04
90001	500.950330	55.000000	7.963012e-01	-5.887700e-01	1.543425e-01	1.138545e+05
90001	506.062068	55.000000	7.886937e-01	-5.837375e-01	2.078775e-01	1.015383e+05
90001	511.279202	55.000000	7.752250e-01	-5.824725e-01	2.540850e-01	1.319088e+05
90001	516.605028	55.000000	7.571525e-01	-5.849600e-01	2.965500e-01	1.352319e+05
90001	522.042975	55.000000	7.359113e-01	-5.908000e-01	3.328625e-01	1.476650e+05
90001	527.596624	55.000000	7.138075e-01	-5.992050e-01	3.637425e-01	1.358307e+05
90001	533.269706	55.000000	6.893925e-01	-6.104000e-01	3.905450e-01	1.434891e+05
90001	539.066116	55.000000	6.614625e-01	-6.228725e-01	4.158550e-01	1.479051e+05
90001	544.989919	55.000000	6.334912e-01	-6.369375e-01	4.363075e-01	1.299559e+05
90001	551.045363	55.000000	6.054512e-01	-6.509575e-01	4.547650e-01	1.408663e+05
90001	557.236884	55.000000	5.753337e-01	-6.658025e-01	4.712875e-01	1.187769e+05
90001	563.569121	55.000000	5.440200e-01	-6.815975e-01	4.843200e-01	1.349818e+05
90001	570.046927	55.000000	5.120300e-01	-6.965150e-01	4.976125e-01	1.471632e+05
90001	576.675380	55.000000	4.784288e-01	-7.109350e-01	5.093300e-01	1.490148e+05
90001	583.459796	55.000000	4.441888e-01	-7.253525e-01	5.182850e-01	1.306989e+05
90001	590.405746	55.000000	4.096950e-01	-7.385325e-01	5.262925e-01	1.433338e+05
90001	597.519068	55.000000	3.733363e-01	-7.518850e-01	5.349100e-01	1.402546e+05
90001	604.805886	55.000000	3.361650e-01	-7.643475e-01	5.425275e-01	1.323644e+05
90001	612.272625	55.000000	2.991350e-01	-7.752425e-01	5.485025e-01	1.733767e+05
90001	619.926033	55.000000	2.609375e-01	-7.840200e-01	5.528150e-01	1.349765e+05
90001	627.773198	55.000000	2.226800e-01	-7.906775e-01	5.575950e-01	1.027683e+05
90001	635.821572	55.000000	1.843413e-01	-7.983850e-01	5.622825e-01	1.420937e+05
90001	644.078995	55.000000	1.452550e-01	-8.034050e-01	5.659350e-01	1.590039e+05
90001	652.553719	55.000000	1.066700e-01	-8.074175e-01	5.686200e-01	1.515214e+05
90001	661.254435	55.000000	6.650125e-02	-8.102525e-01	5.703975e-01	1.564882e+05
90001	670.190306	55.000000	2.777625e-02	-8.099900e-01	5.720875e-01	1.426490e+05
90001	679.370995	55.000000	-1.223125e-02	-8.093575e-01	5.737800e-01	1.398087e+05
90001	688.806703	55.000000	-5.067125e-02	-8.071750e-01	5.748950e-01	1.406993e+05
90001	698.508206	55.000000	-9.041875e-02	-8.034875e-01	5.742925e-01	1.357140e+05
90001	708.486895	55.000000	-1.287862e-01	-7.986450e-01	5.738825e-01	1.655996e+05
90001	718.754821	55.000000	-1.658263e-01	-7.923575e-01	5.723300e-01	1.557288e+05
90001	729.324745	55.000000	-2.046687e-01	-7.836175e-01	5.700375e-01	1.533140e+05
90001	740.210189	55.000000	-2.415800e-01	-7.729850e-01	5.704550e-01	1.674865e+05
90001	751.425495	55.000000	-2.770862e-01	-7.628075e-01	5.678425e-01	1.201830e+05
90001	762.985887	55.000000	-3.145525e-01	-7.511500e-01	5.637900e-01	1.255337e+05
90001	774.907541	55.000000	-3.473888e-01	-7.408475e-01	5.605175e-01	1.101775e+05
90001	787.207661	55.000000	-3.820837e-01	-7.229075e-01	5.537100e-01	9.313360e+04
90001	799.904559	55.000000	-4.165963e-01	-7.116625e-01	5.506100e-01	1.363831e+05
90001	813.017748	55.000000	-4.466237e-01	-6.960250e-01	5.464825e-01	1.562265e+05
90001	826.568044	55.000000	-4.805062e-01	-6.797175e-01	5.306725e-01	8.848269e+04
90001	840.577672	55.000000	-5.032537e-01	-6.685375e-01	5.224225e-01	6.687836e+04
90001	855.070390	55.000000	-5.380025e-01	-6.518325e-01	5.078525e-01	8.438501e+04
90001	870.071625	55.000000	-5.696975e-01	-6.345825e-01	4.884950e-01	1.463529e+05
90001	885.608619	55.000000	-5.959700e-01	-6.300125e-01	4.845900e-01	8.659175e+04
90001	901.710593	55.000000	-6.307712e-01	-6.169150e-01	4.663400e-01	1.362023e+05
90001	918.408938	55.000000	-6.571025e-01	-6.086750e-01	4.505975e-01	1.193925e+05
90001	935.737408	55.000000	-6.836862e-01	-5.885425e-01	4.184600e-01	9.897754e+04
90001	953.732358	55.000000	-7.055562e-01	-5.802050e-01	3.918600e-01	6.942279e+04
90001	972.432993	55.000000	-7.341675e-01	-5.734350e-01	3.554100e-01	1.114457e+05
90001	991.881653	55.000000	-7.576062e-01	-5.738550e-01	3.217100e-01	1.496316e+05
90001	1012.124136	55.000000	-7.595737e-01	-5.702550e-01	2.796750e-01	8.869902e+04
90001	1033.210055	55.000000	-6.955650e-01	-5.944400e-01	2.735575e-01	1.787780e+05
90001	1055.193248	55.000000	-5.691175e-01	-6.476175e-01	3.337450e-01	1.330832e+05
90001	1078.132231	55.000000	-4.554825e-01	-6.808375e-01	3.901250e-01	1.302158e+05
90001	1102.090725	55.000000	-3.864125e-01	-6.949750e-01	4.213325e-01	2.742189e+05
90001	1127.138242	55.000000	-3.327388e-01	-7.076450e-01	4.384200e-01	2.149646e+05
90001	1153.350759	55.000000	-2.844762e-01	-7.172600e-01	4.484125e-01	1.212987e+05
90001	1180.811491	55.000000	-2.405375e-01	-7.262150e-01	4.557100e-01	1.068388e+05
90001	1209.611772	55.000000	-1.942113e-01	-7.285625e-01	4.573400e-01	1.189643e+05
90001	1239.852066	55.000000	-1.474550e-01	-7.299925e-01	4.528175e-01	2.552294e+05
90001	1271.643145	55.000000	-9.978125e-02	-7.379775e-01	4.535625e-01	1.284886e+05
90001	1305.107438	55.000000	-4.815625e-02	-7.427475e-01	4.585300e-01	1.067055e+05
90001	1340.380612	55.000000	2.622500e-03	-7.381250e-01	4.586150e-01	1.863636e+05
90001	1377.613407	55.000000	5.018625e-02	-7.375300e-01	4.565950e-01	7.944541e+04
90001	1416.973790	55.000000	1.039525e-01	-7.367225e-01	4.581625e-01	1.021584e+05
90001	1458.649489	55.000000	1.507388e-01	-7.312575e-01	4.654750e-01	1.452208e+05
90001	1502.850989	55.000000	1.956863e-01	-7.294150e-01	4.635850e-01	5.691154e+04
90001	1549.815082	55.000000	2.375337e-01	-7.184425e-01	4.655475e-01	1.388334e+05
90001	1599.809117	55.000000	2.756400e-01	-7.144575e-01	4.666375e-01	9.439853e+04
90001	1653.136088	55.000000	3.096350e-01	-6.999425e-01	4.659300e-01	3.879136e+05
90001	1710.140781	55.000000	3.394088e-01	-6.910200e-01	4.806200e-01	2.007443e+05
90001	1771.217237	55.000000	3.659900e-01	-6.941500e-01	4.793650e-01	4.860305e+04
90001	1836.817876	55.000000	3.909388e-01	-6.854725e-01	4.664450e-01	3.305458e+04
90001	1907.464717	55.000000	4.032087e-01	-6.855850e-01	4.711075e-01	2.865137e+04
90001	1983.763306	55.000000	4.178200e-01	-6.726925e-01	4.846375e-01	1.077756e+05
90001	2066.420110	55.000000	4.168575e-01	-6.621250e-01	4.890275e-01	1.877541e+04
90001	190.746472	60.000000	3.754075e-01	9.955500e-02	8.619400e-01	7.612166e+03
90001	191.482945	60.000000	3.887988e-01	6.487750e-02	8.416125e-01	1.266763e+04
90001	192.225127	60.000000	3.888912e-01	1.236000e-02	8.647250e-01	9.417004e+03
90001	192.973084	60.000000	3.906200e-01	-1.803000e-02	8.698450e-01	6.426753e+03
90001	193.726885	60.000000	3.915825e-01	-5.989000e-02	8.603879e-01	7.855305e+03
90001	194.486599	60.000000	3.938813e-01	-8.219250e-02	8.847625e-01	7.788989e+03
90001	195.252294	60.000000	3.705237e-01	-1.279975e-01	8.810850e-01	1.189210e+04
90001	196.024042	60.000000	3.535413e-01	-1.629450e-01	8.747275e-01	1.040701e+04
90001	196.801915	60.000000	3.263163e-01	-1.995100e-01	8.863813e-01	1.468527e+04
90001	197.585987	60.000000	3.022637e-01	-2.340750e-01	8.805650e-01	1.491873e+04
90001	198.376331	60.000000	2.691800e-01	-2.649550e-01	8.853200e-01	1.825372e+04
90001	199.173023	60.000000	2.387950e-01	-2.990150e-01	8.842850e-01	7.930004e+03
90001	199.976140	60.000000	2.014550e-01	-3.244250e-01	8.842825e-01	8.235850e+03
90001	200.785760	60.000000	1.696875e-01	-3.450900e-01	8.725050e-01	6.874840e+03
90001	201.601962	60.000000	1.170800e-01	-3.667400e-01	8.764125e-01	8.128431e+03
90001	202.424827	60.000000	7.162750e-02	-3.893400e-01	8.773008e-01	9.311113e+03
90001	203.254437	60.000000	1.459625e-02	-3.906925e-01	8.668950e-01	4.724988e+03
90001	204.090875	60.000000	-3.872000e-02	-4.127150e-01	8.690725e-01	6.216196e+03
90001	204.934226	60.000000	-9.289125e-02	-4.035825e-01	8.479800e-01	6.570221e+03
90001	205.784575	60.000000	-1.379625e-01	-4.108050e-01	8.486750e-01	4.996860e+03
90001	206.642011	60.000000	-2.123887e-01	-4.036500e-01	8.297800e-01	4.772581e+03
90001	207.506622	60.000000	-2.663925e-01	-3.939375e-01	8.265100e-01	4.868577e+03
90001	208.378498	60.000000	-3.302100e-01	-3.836475e-01	8.125250e-01	4.859611e+03
90001	209.257733	60.000000	-4.023462e-01	-3.697675e-01	7.839225e-01	3.702406e+03
90001	210.144418	60.000000	-4.706338e-01	-3.265075e-01	7.512775e-01	3.429751e+03
90001	211.038650	60.000000	-5.384125e-01	-2.875500e-01	7.155400e-01	2.906397e+03
90001	211.940524	60.000000	-6.003413e-01	-2.420850e-01	6.694425e-01	3.182882e+03
90001	212.850140	60.000000	-6.600743e-01	-1.728933e-01	6.177175e-01	2.010297e+03
90001	213.767598	60.000000	-7.212812e-01	-1.110875e-01	5.608425e-01	3.874449e+03
90001	214.692998	60.000000	-7.758125e-01	-4.753000e-02	4.757575e-01	2.318289e+03
90001	215.626446	60.000000	-8.122000e-01	6.668250e-02	3.735700e-01	2.331424e+03
90001	216.568046	60.000000	-8.183800e-01	1.784475e-01	2.417500e-01	2.687031e+03
90001	217.517906	60.000000	-7.880150e-01	2.998775e-01	9.870500e-02	4.879163e+03
90001	218.476135	60.000000	-7.066250e-01	4.206200e-01	-4.998250e-02	2.661989e+03
90001	219.442844	60.000000	-5.486925e-01	5.467700e-01	-1.928375e-01	1.647020e+03
90001	220.418145	60.000000	-3.140750e-01	6.787850e-01	-3.180525e-01	9.110960e+02
90001	221.402155	60.000000	-3.459875e-02	7.235025e-01	-3.565075e-01	5.662424e+02
90001	222.394989	60.000000	2.377200e-01	7.192950e-01	-3.419725e-01	6.587727e+02
90001	223.396769	60.000000	4.774225e-01	6.789100e-01	-2.769225e-01	1.209221e+03
90001	224.407614	60.000000	6.586162e-01	5.951600e-01	-1.574950e-01	2.543061e+03
90001	225.427648	60.000000	7.772900e-01	4.985300e-01	-4.165500e-02	2.370955e+03
90001	226.456998	60.000000	8.531462e-01	3.991175e-01	4.696750e-02	3.422581e+03
90001	227.495792	60.000000	8.927450e-01	3.103825e-01	1.445725e-01	4.023327e+03
90001	228.544160	60.000000	9.100600e-01	2.244875e-01	2.138825e-01	9.600707e+03
90001	229.602234	60.000000	9.126050e-01	1.322375e-01	2.835775e-01	1.081937e+04
90001	230.670152	60.000000	9.046562e-01	6.479750e-02	3.318425e-01	1.240408e+04
90001	231.748050	60.000000	8.885600e-01	-6.132500e-03	3.821200e-01	1.778221e+04
90001	232.836069	60.000000	8.718362e-01	-8.051750e-02	4.215575e-01	1.874204e+04
90001	233.934352	60.000000	8.507875e-01	-1.306500e-01	4.628325e-01	2.794963e+04
90001	235.043046	60.000000	8.248838e-01	-1.923925e-01	4.841000e-01	2.396481e+04
90001	236.162298	60.000000	7.952613e-01	-2.419675e-01	4.930825e-01	1.392198e+04
90001	237.292261	60.000000	7.665388e-01	-3.087825e-01	5.108275e-01	1.896862e+04
90001	238.433090	60.000000	7.313787e-01	-3.556800e-01	5.213900e-01	8.039745e+03
90001	239.584940	60.000000	6.951950e-01	-4.132675e-01	5.351450e-01	1.514044e+04
90001	240.747974	60.000000	6.525262e-01	-4.701100e-01	5.433025e-01	9.130208e+03
90001	241.922354	60.000000	6.089750e-01	-5.156050e-01	5.373600e-01	8.524931e+03
90001	243.108248	60.000000	5.590850e-01	-5.569375e-01	5.467125e-01	7.299271e+03
90001	244.305826	60.000000	5.059387e-01	-5.947625e-01	5.499850e-01	9.713262e+03
90001	245.515261	60.000000	4.515062e-01	-6.559075e-01	5.415400e-01	1.255931e+04
90001	246.736730	60.000000	3.945012e-01	-6.927325e-01	5.539050e-01	7.502904e+03
90001	247.970413	60.000000	3.332063e-01	-7.284375e-01	5.427225e-01	8.079287e+03
90001	249.216496	60.000000	2.675238e-01	-7.538850e-01	5.350175e-01	7.880690e+03
90001	250.475165	60.000000	2.044863e-01	-7.776225e-01	5.198925e-01	5.741942e+03
90001	251.746612	60.000000	1.323138e-01	-7.971700e-01	5.245625e-01	8.552004e+03
90001	253.031034	60.000000	5.734500e-02	-8.164100e-01	5.097050e-01	7.450361e+03
90001	254.328629	60.000000	-1.501125e-02	-8.309450e-01	4.978725e-01	1.090291e+04
90001	255.639601	60.000000	-9.391125e-02	-8.316025e-01	4.838875e-01	7.213226e+03
90001	256.964159	60.000000	-1.673913e-01	-8.223725e-01	4.781275e-01	7.277856e+03
90001	258.302514	60.000000	-2.390437e-01	-8.238275e-01	4.540025e-01	1.017052e+04
90001	259.654883	60.000000	-3.091725e-01	-8.080100e-01	4.397800e-01	8.220577e+03
90001	261.021488	60.000000	-3.752075e-01	-7.938350e-01	4.143775e-01	1.066857e+04
90001	262.402554	60.000000	-4.383488e-01	-7.751875e-01	3.932975e-01	1.050744e+04
90001	263.798312	60.000000	-4.907575e-01	-7.528900e-01	3.709475e-01	1.118475e+04
90001	265.208998	60.000000	-5.455725e-01	-7.249800e-01	3.420025e-01	1.628040e+04
90001	266.634853	60.000000	-5.934450e-01	-7.070225e-01	3.107825e-01	2.206156e+04
90001	268.076122	60.000000	-6.340188e-01	-6.924300e-01	2.809050e-01	2.412243e+04
90001	269.533058	60.000000	-6.693963e-01	-6.654275e-01	2.440925e-01	2.006687e+04
90001	271.005916	60.000000	-6.985100e-01	-6.487025e-01	1.980425e-01	1.568756e+04
90001	272.494960	60.000000	-7.221375e-01	-6.344975e-01	1.506200e-01	1.615122e+04
90001	274.000457	60.000000	-7.280775e-01	-6.359900e-01	9.794000e-02	7.668975e+03
90001	275.522681	60.000000	-7.271600e-01	-6.329950e-01	3.477750e-02	7.363635e+03
90001	277.061914	60.000000	-7.076025e-01	-6.531275e-01	-3.665000e-02	4.713600e+03
90001	278.618442	60.000000	-6.623188e-01	-6.885800e-01	-1.220475e-01	2.858920e+03
90001	280.192557	60.000000	-5.926712e-01	-7.215725e-01	-1.974625e-01	2.141813e+03
90001	281.784560	60.000000	-4.850263e-01	-7.686575e-01	-2.819925e-01	2.409245e+03
90001	283.394758	60.000000	-3.382150e-01	-8.029525e-01	-3.492950e-01	3.334577e+03
90001	285.023463	60.000000	-1.491062e-01	-8.208175e-01	-4.130650e-01	4.342597e+03
90001	286.670998	60.000000	5.603375e-02	-8.337550e-01	-4.296225e-01	4.141890e+03
90001	288.337690	60.000000	2.634225e-01	-8.054500e-01	-4.140325e-01	2.367780e+03
90001	290.023875	60.000000	4.954988e-01	-7.351850e-01	-3.503325e-01	2.093855e+03
90001	291.729898	60.000000	6.482525e-01	-6.582075e-01	-2.836600e-01	2.088109e+03
90001	293.456110	60.000000	7.653138e-01	-5.727275e-01	-1.987525e-01	2.871443e+03
90001	295.202873	60.000000	8.406188e-01	-4.978275e-01	-1.167300e-01	4.591568e+03
90001	296.970555	60.000000	8.860975e-01	-4.388150e-01	-4.172750e-02	8.529558e+03
90001	298.759534	60.000000	9.099587e-01	-3.980400e-01	2.299000e-02	1.652377e+04
90001	300.570198	60.000000	9.212187e-01	-3.702850e-01	8.057000e-02	2.885000e+04
90001	302.402943	60.000000	9.212525e-01	-3.582125e-01	1.275725e-01	3.470513e+04
90001	304.258176	60.000000	9.166875e-01	-3.538875e-01	1.704100e-01	5.460494e+04
90001	306.136313	60.000000	9.063900e-01	-3.610425e-01	2.046825e-01	6.623316e+04
90001	308.037780	60.000000	8.932288e-01	-3.751250e-01	2.352875e-01	7.495404e+04
90001	309.963016	60.000000	8.751650e-01	-3.967900e-01	2.626300e-01	9.215305e+04
90001	311.912469	60.000000	8.564238e-01	-4.208475e-01	2.863250e-01	6.767284e+04
90001	313.886599	60.000000	8.320425e-01	-4.514750e-01	3.090325e-01	6.259876e+04
90001	315.885877	60.000000	8.061125e-01	-4.835275e-01	3.282800e-01	5.200339e+04
90001	317.910786	60.000000	7.742925e-01	-5.193325e-01	3.458225e-01	4.948500e+04
90001	319.961823	60.000000	7.398613e-01	-5.559650e-01	3.612225e-01	4.435692e+04
90001	322.039498	60.000000	7.021837e-01	-5.923100e-01	3.749900e-01	3.909914e+04
90001	324.144331	60.000000	6.633763e-01	-6.278575e-01	3.882625e-01	4.368851e+04
90001	326.276859	60.000000	6.203838e-01	-6.625150e-01	3.990450e-01	4.388725e+04
90001	328.437633	60.000000	5.722387e-01	-6.968850e-01	4.089975e-01	4.036497e+04
90001	330.627218	60.000000	5.238700e-01	-7.291425e-01	4.189375e-01	3.807025e+04
90001	332.846192	60.000000	4.683675e-01	-7.600200e-01	4.264325e-01	3.931199e+04
90001	335.095153	60.000000	4.137713e-01	-7.879600e-01	4.337875e-01	4.054292e+04
90001	337.374712	60.000000	3.538338e-01	-8.128250e-01	4.399050e-01	4.230966e+04
90001	339.685498	60.000000	2.903438e-01	-8.349850e-01	4.459200e-01	3.947299e+04
90001	342.028156	60.000000	2.259113e-01	-8.511200e-01	4.514275e-01	3.511315e+04
90001	344.403352	60.000000	1.619538e-01	-8.635150e-01	4.528275e-01	3.967799e+04
90001	346.811767	60.000000	9.983750e-02	-8.721175e-01	4.546700e-01	4.106040e+04
90001	349.254103	60.000000	3.710375e-02	-8.770025e-01	4.566550e-01	3.939903e+04
90001	351.731083	60.000000	-2.533250e-02	-8.779525e-01	4.561050e-01	3.765249e+04
90001	354.243447	60.000000	-9.138250e-02	-8.754775e-01	4.542425e-01	4.515989e+04
90001	356.791961	60.000000	-1.528637e-01	-8.699425e-01	4.501175e-01	4.760921e+04
90001	359.377410	60.000000	-2.146900e-01	-8.596550e-01	4.434300e-01	4.543495e+04
90001	362.000603	60.000000	-2.755200e-01	-8.478550e-01	4.348750e-01	4.464542e+04
90001	364.662372	60.000000	-3.360063e-01	-8.323200e-01	4.251675e-01	5.089509e+04
90001	367.363575	60.000000	-3.945687e-01	-8.120100e-01	4.130025e-01	5.200421e+04
90001	370.105094	60.000000	-4.532763e-01	-7.850350e-01	4.024825e-01	5.694921e+04
90001	372.887839	60.000000	-5.127250e-01	-7.552150e-01	3.902350e-01	5.983092e+04
90001	375.712747	60.000000	-5.658488e-01	-7.222025e-01	3.796450e-01	7.043978e+04
90001	378.580784	60.000000	-6.114587e-01	-6.890325e-01	3.693650e-01	6.627239e+04
90001	381.492943	60.000000	-6.544250e-01	-6.554350e-01	3.573350e-01	7.759616e+04
90001	384.450253	60.000000	-6.905212e-01	-6.268975e-01	3.443575e-01	8.884150e+04
90001	387.453771	60.000000	-7.209937e-01	-6.006025e-01	3.291700e-01	8.063366e+04
90001	390.504588	60.000000	-7.486975e-01	-5.760475e-01	3.109450e-01	9.545322e+04
90001	393.603830	60.000000	-7.742613e-01	-5.535650e-01	2.890225e-01	7.802322e+04
90001	396.752661	60.000000	-7.949550e-01	-5.354025e-01	2.620525e-01	9.301913e+04
90001	399.952279	60.000000	-8.115150e-01	-5.225475e-01	2.283225e-01	6.654050e+04
90001	403.203924	60.000000	-8.261787e-01	-5.145525e-01	1.895075e-01	4.965856e+04
90001	406.508874	60.000000	-8.350850e-01	-5.140100e-01	1.427475e-01	4.075941e+04
90001	409.868452	60.000000	-8.385987e-01	-5.198050e-01	8.871500e-02	3.761277e+04
90001	413.284022	60.000000	-8.346800e-01	-5.327350e-01	2.610500e-02	2.765008e+04
90001	416.756997	60.000000	-8.186675e-01	-5.515750e-01	-5.072500e-02	2.167126e+04
90001	420.288836	60.000000	-7.883988e-01	-5.765425e-01	-1.367775e-01	1.639807e+04
90001	423.881048	60.000000	-7.372462e-01	-6.115450e-01	-2.339400e-01	1.137809e+04
90001	427.535195	60.000000	-6.650275e-01	-6.442000e-01	-3.293275e-01	1.007668e+04
90001	431.252893	60.000000	-5.646512e-01	-6.782750e-01	-4.271525e-01	8.595108e+03
90001	435.035813	60.000000	-4.264563e-01	-7.076250e-01	-5.172225e-01	8.418711e+03
90001	438.885687	60.000000	-2.522650e-01	-7.279275e-01	-5.929725e-01	1.166044e+04
90001	442.804309	60.000000	-6.148375e-02	-7.361900e-01	-6.308650e-01	1.713376e+04
90001	446.793537	60.000000	1.365562e-01	-7.200450e-01	-6.339300e-01	2.233335e+04
90001	450.855297	60.000000	3.188138e-01	-6.948850e-01	-6.000850e-01	2.145048e+04
90001	454.991584	60.000000	4.916575e-01	-6.501000e-01	-5.320525e-01	1.382451e+04
90001	459.204469	60.000000	6.406100e-01	-5.960000e-01	-4.370775e-01	1.551720e+04
90001	463.496099	60.000000	7.443462e-01	-5.437825e-01	-3.357400e-01	1.547940e+04
90001	467.868704	60.000000	8.161525e-01	-5.022600e-01	-2.388225e-01	2.390714e+04
90001	472.324597	60.000000	8.634900e-01	-4.618525e-01	-1.409450e-01	3.506579e+04
90001	476.866179	60.000000	8.914925e-01	-4.295225e-01	-4.891750e-02	5.377099e+04
90001	481.495948	60.000000	9.053325e-01	-4.037200e-01	3.511500e-02	7.279922e+04
90001	486.216496	60.000000	9.077275e-01	-3.907400e-01	1.085725e-01	1.002407e+05
90001	491.030521	60.000000	9.022488e-01	-3.808050e-01	1.726525e-01	9.758702e+04
90001	495.940826	60.000000	8.914312e-01	-3.794225e-01	2.307825e-01	1.118287e+05
90001	500.950330	60.000000	8.843137e-01	-3.816650e-01	2.851575e-01	1.317888e+05
90001	506.062068	60.000000	8.667675e-01	-3.877525e-01	3.292475e-01	1.349670e+05
90001	511.279202	60.000000	8.453412e-01	-3.971100e-01	3.684125e-01	1.378024e+05
90001	516.605028	60.000000	8.205625e-01	-4.109225e-01	4.058800e-01	1.294696e+05
90001	522.042975	60.000000	7.943175e-01	-4.253025e-01	4.387875e-01	1.303815e+05
90001	527.596624	60.000000	7.683225e-01	-4.430150e-01	4.659400e-01	1.313237e+05
90001	533.269706	60.000000	7.394888e-01	-4.616675e-01	4.922375e-01	1.311905e+05
90001	539.066116	60.000000	7.073975e-01	-4.833075e-01	5.167325e-01	1.206651e+05
90001	544.989919	60.000000	6.749400e-01	-5.034525e-01	5.377300e-01	1.114277e+05
90001	551.045363	60.000000	6.426700e-01	-5.241300e-01	5.569300e-01	1.261469e+05
90001	557.236884	60.000000	6.077150e-01	-5.447925e-01	5.746150e-01	1.163954e+05
90001	563.569121	60.000000	5.709863e-01	-5.666000e-01	5.903050e-01	9.919984e+04
90001	570.046927	60.000000	5.332938e-01	-5.866225e-01	6.053400e-01	1.246723e+05
90001	576.675380	60.000000	4.933750e-01	-6.059100e-01	6.189000e-01	1.135082e+05
90001	583.459796	60.000000	4.519087e-01	-6.244575e-01	6.312325e-01	1.245778e+05
90001	590.405746	60.000000	4.102500e-01	-6.411650e-01	6.413275e-01	1.079409e+05
90001	597.519068	60.000000	3.659150e-01	-6.571875e-01	6.517200e-01	1.082862e+05
90001	604.805886	60.000000	3.200525e-01	-6.717800e-01	6.606275e-01	1.080759e+05
90001	612.272625	60.000000	2.753162e-01	-6.847050e-01	6.691200e-01	1.438595e+05
90001	619.926033	60.000000	2.278825e-01	-6.941525e-01	6.754050e-01	1.133843e+05
90001	627.773198	60.000000	1.809275e-01	-7.020175e-01	6.799600e-01	1.065430e+05
90001	635.821572	60.000000	1.329900e-01	-7.065350e-01	6.857350e-01	1.044688e+05
90001	644.078995	60.000000	8.535250e-02	-7.106500e-01	6.890900e-01	1.198734e+05
90001	652.553719	60.000000	3.756250e-02	-7.114475e-01	6.914800e-01	1.058308e+05
90001	661.254435	60.000000	-1.111375e-02	-7.108175e-01	6.928500e-01	1.089103e+05
90001	670.190306	60.000000	-5.903875e-02	-7.073250e-01	6.939875e-01	1.181780e+05
90001	679.370995	60.000000	-1.061825e-01	-7.037525e-01	6.948250e-01	1.557205e+05
90001	688.806703	60.000000	-1.527775e-01	-6.946175e-01	6.923125e-01	1.216621e+05
90001	698.508206	60.000000	-1.998637e-01	-6.861475e-01	6.895150e-01	1.249368e+05
90001	708.486895	60.000000	-2.444363e-01	-6.722375e-01	6.854800e-01	1.366502e+05
90001	718.754821	60.000000	-2.888113e-01	-6.620525e-01	6.830825e-01	1.448854e+05
90001	729.324745	60.000000	-3.321438e-01	-6.449925e-01	6.773750e-01	1.400067e+05
90001	740.210189	60.000000	-3.741237e-01	-6.285300e-01	6.704950e-01	1.459356e+05
90001	751.425495	60.000000	-4.143550e-01	-6.104875e-01	6.609050e-01	1.474333e+05
90001	762.985887	60.000000	-4.551550e-01	-5.884275e-01	6.528600e-01	1.413504e+05
90001	774.907541	60.000000	-4.908075e-01	-5.731775e-01	6.445625e-01	1.999079e+05
90001	787.207661	60.000000	-5.276787e-01	-5.478650e-01	6.287575e-01	8.761043e+04
90001	799.904559	60.000000	-5.641437e-01	-5.311350e-01	6.212375e-01	1.630267e+05
90001	813.017748	60.000000	-5.957337e-01	-5.112700e-01	6.041200e-01	1.119884e+05
90001	826.568044	60.000000	-6.305863e-01	-4.877725e-01	5.897600e-01	1.174366e+05
90001	840.577672	60.000000	-6.535750e-01	-4.703300e-01	5.676425e-01	9.435821e+04
90001	855.070390	60.000000	-6.860800e-01	-4.497350e-01	5.514650e-01	3.193678e+04
90001	870.071625	60.000000	-7.168813e-01	-4.303100e-01	5.226850e-01	1.526543e+05
90001	885.608619	60.000000	-7.477687e-01	-4.203075e-01	5.075675e-01	1.139196e+05
90001	901.710593	60.000000	-7.819513e-01	-3.982300e-01	4.757650e-01	1.090514e+05
90001	918.408938	60.000000	-8.080813e-01	-3.889050e-01	4.500700e-01	1.286337e+05
90001	935.737408	60.000000	-8.324075e-01	-3.684575e-01	4.034675e-01	1.215154e+05
90001	953.732358	60.000000	-8.546350e-01	-3.584425e-01	3.677175e-01	1.086111e+05
90001	972.432993	60.000000	-8.799587e-01	-3.503275e-01	3.121950e-01	1.525184e+05
90001	991.881653	60.000000	-9.008363e-01	-3.462825e-01	2.654650e-01	1.336237e+05
90001	1012.124136	60.000000	-8.954350e-01	-3.506775e-01	2.118800e-01	9.170644e+04
90001	1033.210055	60.000000	-8.084037e-01	-3.868450e-01	2.185025e-01	8.322202e+04
90001	1055.193248	60.000000	-6.423213e-01	-4.631825e-01	3.227300e-01	1.065714e+05
90001	1078.132231	60.000000	-4.992200e-01	-5.118025e-01	4.132375e-01	7.670262e+04
90001	1102.090725	60.000000	-4.110137e-01	-5.345625e-01	4.616000e-01	9.831980e+04
90001	1127.138242	60.000000	-3.424212e-01	-5.488600e-01	4.868000e-01	1.878443e+05
90001	1153.350759	60.000000	-2.818137e-01	-5.615600e-01	5.017525e-01	1.270980e+05
90001	1180.811491	60.000000	-2.272813e-01	-5.763875e-01	5.103200e-01	9.811556e+04
90001	1209.611772	60.000000	-1.701587e-01	-5.778100e-01	5.098700e-01	2.829973e+05
90001	1239.852066	60.000000	-1.134262e-01	-5.825300e-01	5.079625e-01	1.084453e+05
90001	1271.643145	60.000000	-5.597250e-02	-5.842200e-01	5.092150e-01	3.262915e+05
90001	1305.107438	60.000000	4.426250e-03	-5.852175e-01	5.167375e-01	1.052077e+05
90001	1340.380612	60.000000	6.284375e-02	-5.875875e-01	5.153775e-01	2.206175e+05
90001	1377.613407	60.000000	1.229413e-01	-5.790125e-01	5.159750e-01	1.226618e+05
90001	1416.973790	60.000000	1.767225e-01	-5.759050e-01	5.163325e-01	9.127098e+04
90001	1458.649489	60.000000	2.279725e-01	-5.658525e-01	5.180125e-01	1.107570e+05
90001	1502.850989	60.000000	2.771613e-01	-5.591225e-01	5.278625e-01	8.464586e+04
90001	1549.815082	60.000000	3.218087e-01	-5.450950e-01	5.268200e-01	1.453720e+05
90001	1599.809117	60.000000	3.608525e-01	-5.363900e-01	5.346575e-01	8.433834e+04
90001	1653.136088	60.000000	3.953275e-01	-5.229100e-01	5.389050e-01	1.031901e+05
90001	1710.140781	60.000000	4.252763e-01	-5.140575e-01	5.392250e-01	1.391656e+05
90001	1771.217237	60.000000	4.508912e-01	-5.092525e-01	5.375800e-01	1.667250e+05
90001	1836.817876	60.000000	4.723525e-01	-5.119950e-01	5.451050e-01	7.936570e+04
90001	1907.464717	60.000000	4.821350e-01	-5.039008e-01	5.547350e-01	4.825574e+04
90001	1983.763306	60.000000	5.015662e-01	-5.024700e-01	5.459150e-01	8.481832e+04
90001	2066.420110	60.000000	5.058825e-01	-5.061325e-01	5.586625e-01	1.270096e+04
90001	190.746472	65.000000	3.479362e-01	2.606375e-01	8.536125e-01	2.009867e+04
90001	191.482945	65.000000	3.644450e-01	2.040600e-01	8.859650e-01	8.764778e+03
90001	192.225127	65.000000	3.540338e-01	1.783375e-01	8.696800e-01	1.025066e+04
90001	192.973084	65.000000	3.364588e-01	1.265425e-01	8.899925e-01	1.076119e+04
90001	193.726885	65.000000	3.305025e-01	1.148775e-01	9.153625e-01	3.894366e+04
90001	194.486599	65.000000	3.055762e-01	8.099750e-02	9.144875e-01	7.241971e+03
90001	195.252294	65.000000	2.870425e-01	4.820500e-02	9.204100e-01	1.751255e+04
90001	196.024042	65.000000	2.548325e-01	2.421750e-02	9.323425e-01	1.787339e+04
90001	196.801915	65.000000	2.192425e-01	3.025000e-04	9.449000e-01	1.096331e+04
90001	197.585987	65.000000	1.967012e-01	-2.630000e-02	9.387750e-01	1.255077e+04
90001	198.376331	65.000000	1.538150e-01	-5.181250e-02	9.443225e-01	1.175616e+04
90001	199.173023	65.000000	1.108675e-01	-7.298750e-02	9.565175e-01	8.495873e+03
90001	199.976140	65.000000	6.904500e-02	-8.008500e-02	9.648275e-01	1.292736e+04
90001	200.785760	65.000000	1.465375e-02	-8.999750e-02	9.549850e-01	6.548854e+03
90001	201.601962	65.000000	-4.019375e-02	-1.156800e-01	9.496000e-01	6.036372e+03
90001	202.424827	65.000000	-9.057250e-02	-9.650500e-02	9.471500e-01	4.748564e+03
90001	203.254437	65.000000	-1.550375e-01	-9.693000e-02	9.372525e-01	4.016480e+03
90001	204.090875	65.000000	-2.119137e-01	-9.155000e-02	9.270375e-01	5.605665e+03
90001	204.934226	65.000000	-2.729225e-01	-8.165750e-02	9.152475e-01	5.758751e+03
90001	205.784575	65.000000	-3.297563e-01	-5.531500e-02	8.929775e-01	4.618164e+03
90001	206.642011	65.000000	-3.989525e-01	-2.458500e-02	8.601250e-01	3.280440e+03
90001	207.506622	65.000000	-4.496900e-01	3.750000e-05	8.337725e-01	3.872060e+03
90001	208.378498	65.000000	-5.095625e-01	4.962000e-02	7.978925e-01	4.446849e+03
90001	209.257733	65.000000	-5.660500e-01	9.105000e-02	7.491925e-01	4.584815e+03
90001	210.144418	65.000000	-6.097925e-01	1.648350e-01	6.893950e-01	4.082455e+03
90001	211.038650	65.000000	-6.505687e-01	2.244175e-01	6.175475e-01	3.165691e+03
90001	211.940524	65.000000	-6.778525e-01	3.017275e-01	5.399525e-01	3.260153e+03
90001	212.850140	65.000000	-6.904100e-01	3.859300e-01	4.557000e-01	4.456376e+03
90001	213.767598	65.000000	-6.778537e-01	4.867800e-01	3.474675e-01	7.156033e+03
90001	214.692998	65.000000	-6.366262e-01	5.690325e-01	2.398450e-01	3.653659e+03
90001	215.626446	65.000000	-5.503012e-01	6.711650e-01	1.283850e-01	8.336421e+03
90001	216.568046	65.000000	-4.228763e-01	7.654400e-01	1.625000e-02	3.911071e+03
90001	217.517906	65.000000	-2.573075e-01	8.333150e-01	-8.091500e-02	2.175683e+03
90001	218.476135	65.000000	-5.736625e-02	8.759300e-01	-1.317750e-01	2.309607e+03
90001	219.442844	65.000000	1.435300e-01	8.821575e-01	-1.320075e-01	1.571141e+03
90001	220.418145	65.000000	3.328275e-01	8.620075e-01	-1.102975e-01	1.659713e+03
90001	221.402155	65.000000	4.941063e-01	7.818450e-01	-4.159500e-02	2.152748e+03
90001	222.394989	65.000000	6.187662e-01	7.150225e-01	2.814000e-02	3.580417e+03
90001	223.396769	65.000000	7.046550e-01	6.347900e-01	9.820500e-02	4.907735e+03
90001	224.407614	65.000000	7.715850e-01	5.620425e-01	1.741425e-01	4.937287e+03
90001	225.427648	65.000000	8.078450e-01	4.786175e-01	2.466600e-01	8.921066e+03
90001	226.456998	65.000000	8.294300e-01	4.082700e-01	2.947150e-01	1.518564e+04
90001	227.495792	65.000000	8.435050e-01	3.424450e-01	3.549325e-01	2.919379e+04
90001	228.544160	65.000000	8.475750e-01	2.745900e-01	4.033150e-01	2.551052e+04
90001	229.602234	65.000000	8.462963e-01	2.090875e-01	4.437650e-01	1.775423e+04
90001	230.670152	65.000000	8.405975e-01	1.502225e-01	4.757875e-01	1.915182e+04
90001	231.748050	65.000000	8.284362e-01	8.926250e-02	5.012050e-01	1.172448e+04
90001	232.836069	65.000000	8.143212e-01	2.848250e-02	5.405400e-01	3.165669e+04
90001	233.934352	65.000000	7.928375e-01	-4.056250e-02	5.659325e-01	1.753640e+04
90001	235.043046	65.000000	7.699163e-01	-1.080650e-01	5.837525e-01	1.361636e+04
90001	236.162298	65.000000	7.397937e-01	-1.712775e-01	6.096125e-01	1.674270e+04
90001	237.292261	65.000000	7.060787e-01	-2.258050e-01	6.220975e-01	1.521333e+04
90001	238.433090	65.000000	6.630712e-01	-2.888950e-01	6.467400e-01	1.098359e+04
90001	239.584940	65.000000	6.208525e-01	-3.493450e-01	6.496200e-01	1.057070e+04
90001	240.747974	65.000000	5.637550e-01	-4.061075e-01	6.698350e-01	8.281076e+03
90001	241.922354	65.000000	5.066063e-01	-4.575875e-01	6.718900e-01	7.963228e+03
90001	243.108248	65.000000	4.422800e-01	-5.064575e-01	6.821025e-01	7.171573e+03
90001	244.305826	65.000000	3.717550e-01	-5.561775e-01	6.852175e-01	6.902294e+03
90001	245.515261	65.000000	2.965900e-01	-5.995200e-01	6.735287e-01	4.865054e+03
90001	246.736730	65.000000	2.178050e-01	-6.336575e-01	6.859400e-01	8.725210e+03
90001	247.970413	65.000000	1.349775e-01	-6.599600e-01	6.715100e-01	4.522443e+03
90001	249.216496	65.000000	5.153625e-02	-6.785275e-01	6.652625e-01	4.908511e+03
90001	250.475165	65.000000	-3.545000e-02	-7.034625e-01	6.585350e-01	5.610026e+03
90001	251.746612	65.000000	-1.276713e-01	-7.029825e-01	6.368525e-01	6.414415e+03
90001	253.031034	65.000000	-2.160237e-01	-7.036700e-01	6.171475e-01	7.188044e+03
90001	254.328629	65.000000	-3.032075e-01	-6.934975e-01	5.990800e-01	8.702066e+03
90001	255.639601	65.000000	-3.917775e-01	-6.754725e-01	5.652775e-01	6.533112e+03
90001	256.964159	65.000000	-4.716550e-01	-6.551575e-01	5.318200e-01	7.124983e+03
90001	258.302514	65.000000	-5.452650e-01	-6.173725e-01	5.013650e-01	1.094784e+04
90001	259.654883	65.000000	-6.138650e-01	-5.844675e-01	4.691600e-01	1.328956e+04
90001	261.021488	65.000000	-6.750275e-01	-5.547400e-01	4.197475e-01	1.480154e+04
90001	262.402554	65.000000	-7.249800e-01	-5.208800e-01	3.858250e-01	1.758218e+04
90001	263.798312	65.000000	-7.695388e-01	-4.881550e-01	3.381875e-01	1.792785e+04
90001	265.208998	65.000000	-8.070738e-01	-4.616575e-01	2.886175e-01	1.708554e+04
90001	266.634853	65.000000	-8.378500e-01	-4.416500e-01	2.394050e-01	1.740148e+04
90001	268.076122	65.000000	-8.607712e-01	-4.193500e-01	1.798175e-01	1.809987e+04
90001	269.533058	65.000000	-8.762787e-01	-4.115350e-01	1.130350e-01	1.348540e+04
90001	271.005916	65.000000	-8.794713e-01	-4.082575e-01	3.908750e-02	6.451999e+03
90001	272.494960	65.000000	-8.654925e-01	-4.207075e-01	-5.313250e-02	4.033185e+03
90001	274.000457	65.000000	-8.296037e-01	-4.575200e-01	-1.532675e-01	2.596065e+03
90001	275.522681	65.000000	-7.607625e-01	-4.981000e-01	-2.702775e-01	1.745272e+03
90001	277.061914	65.000000	-6.526988e-01	-5.510425e-01	-3.748600e-01	1.323291e+03
90001	278.618442	65.000000	-4.854962e-01	-6.120175e-01	-4.873300e-01	1.439213e+03
90001	280.192557	65.000000	-2.738350e-01	-6.606750e-01	-5.685950e-01	2.106919e+03
90001	281.784560	65.000000	-1.367750e-02	-6.738875e-01	-5.965475e-01	3.188291e+03
90001	283.394758	65.000000	2.533712e-01	-6.460700e-01	-5.886750e-01	2.559915e+03
90001	285.023463	65.000000	4.919050e-01	-5.801375e-01	-5.143250e-01	2.097828e+03
90001	286.670998	65.000000	6.809475e-01	-4.854475e-01	-4.267700e-01	1.607721e+03
90001	288.337690	65.000000	8.104612e-01	-3.850025e-01	-3.216400e-01	2.440675e+03
90001	290.023875	65.000000	9.119113e-01	-2.884150e-01	-1.907900e-01	4.031599e+03
90001	291.729898	65.000000	9.554350e-01	-2.149000e-01	-1.012500e-01	7.894660e+03
90001	293.456110	65.000000	9.778912e-01	-1.582025e-01	-1.863750e-02	1.677261e+04
90001	295.202873	65.000000	9.857137e-01	-1.235350e-01	4.923750e-02	2.968429e+04
90001	296.970555	65.000000	9.847838e-01	-1.044925e-01	1.082825e-01	3.848810e+04
90001	298.759534	65.000000	9.803163e-01	-9.959000e-02	1.586225e-01	4.782008e+04
90001	300.570198	65.000000	9.722637e-01	-1.092875e-01	1.981600e-01	7.354602e+04
90001	302.402943	65.000000	9.631112e-01	-1.241875e-01	2.334300e-01	8.086697e+04
90001	304.258176	65.000000	9.511337e-01	-1.485275e-01	2.671725e-01	8.721657e+04
90001	306.136313	65.000000	9.366137e-01	-1.768950e-01	2.958800e-01	6.318669e+04
90001	308.037780	65.000000	9.192512e-01	-2.114200e-01	3.228200e-01	5.455189e+04
90001	309.963016	65.000000	8.991162e-01	-2.501075e-01	3.478600e-01	5.066197e+04
90001	311.912469	65.000000	8.764525e-01	-2.914725e-01	3.711325e-01	4.381967e+04
90001	313.886599	65.000000	8.487163e-01	-3.378650e-01	3.946875e-01	3.701540e+04
90001	315.885877	65.000000	8.164400e-01	-3.850925e-01	4.151000e-01	3.526001e+04
90001	317.910786	65.000000	7.777600e-01	-4.353025e-01	4.367400e-01	2.983769e+04
90001	319.961823	65.000000	7.338312e-01	-4.860875e-01	4.560200e-01	3.125365e+04
90001	322.039498	65.000000	6.860450e-01	-5.348500e-01	4.738675e-01	3.049183e+04
90001	324.144331	65.000000	6.355650e-01	-5.789150e-01	4.899750e-01	3.176172e+04
90001	326.276859	65.000000	5.787325e-01	-6.229400e-01	5.044875e-01	3.075581e+04
90001	328.437633	65.000000	5.143838e-01	-6.652525e-01	5.198700e-01	2.794248e+04
90001	330.627218	65.000000	4.492062e-01	-7.012975e-01	5.307325e-01	2.901389e+04
90001	332.846192	65.000000	3.741563e-01	-7.358300e-01	5.413550e-01	3.010536e+04
90001	335.095153	65.000000	3.003238e-01	-7.639100e-01	5.494400e-01	3.331689e+04
90001	337.374712	65.000000	2.204000e-01	-7.856325e-01	5.578425e-01	3.269306e+04
90001	339.685498	65.000000	1.360737e-01	-8.007100e-01	5.620825e-01	3.643566e+04
90001	342.028156	65.000000	5.191000e-02	-8.089025e-01	5.641950e-01	3.353153e+04
90001	344.403352	65.000000	-3.122875e-02	-8.102700e-01	5.653750e-01	3.385395e+04
90001	346.811767	65.000000	-1.089263e-01	-8.049050e-01	5.625475e-01	3.056867e+04
90001	349.254103	65.000000	-1.865662e-01	-7.956875e-01	5.590675e-01	3.598502e+04
90001	351.731083	65.000000	-2.606400e-01	-7.798975e-01	5.526575e-01	4.171907e+04
90001	354.243447	65.000000	-3.360713e-01	-7.584550e-01	5.426850e-01	4.159464e+04
90001	356.791961	65.000000	-4.041325e-01	-7.339050e-01	5.308950e-01	4.173602e+04
90001	359.377410	65.000000	-4.709912e-01	-7.057625e-01	5.144750e-01	5.077571e+04
90001	362.000603	65.000000	-5.339650e-01	-6.729900e-01	4.964475e-01	4.893178e+04
90001	364.662372	65.000000	-5.934200e-01	-6.387925e-01	4.759775e-01	7.311895e+04
90001	367.363575	65.000000	-6.478825e-01	-6.006750e-01	4.536025e-01	8.895943e+04
90001	370.105094	65.000000	-6.999338e-01	-5.582575e-01	4.305275e-01	9.768361e+04
90001	372.887839	65.000000	-7.495250e-01	-5.106150e-01	4.065400e-01	1.416285e+05
90001	375.712747	65.000000	-7.909750e-01	-4.650850e-01	3.823975e-01	1.110427e+05
90001	378.580784	65.000000	-8.242125e-01	-4.253300e-01	3.605400e-01	1.094825e+05
90001	381.492943	65.000000	-8.539550e-01	-3.868950e-01	3.340275e-01	1.037780e+05
90001	384.450253	65.000000	-8.775000e-01	-3.550600e-01	3.065825e-01	1.206202e+05
90001	387.453771	65.000000	-8.971113e-01	-3.307625e-01	2.763975e-01	8.800328e+04
90001	390.504588	65.000000	-9.135988e-01	-3.104675e-01	2.405875e-01	7.687102e+04
90001	393.603830	65.000000	-9.285900e-01	-2.975300e-01	1.986600e-01	7.410264e+04
90001	396.752661	65.000000	-9.388650e-01	-2.921675e-01	1.484575e-01	6.284616e+04
90001	399.952279	65.000000	-9.438488e-01	-2.950325e-01	9.096750e-02	5.040512e+04
90001	403.203924	65.000000	-9.437663e-01	-3.045275e-01	2.061000e-02	3.678974e+04
90001	406.508874	65.000000	-9.349475e-01	-3.229000e-01	-5.468000e-02	2.404568e+04
90001	409.868452	65.000000	-9.142662e-01	-3.483475e-01	-1.443750e-01	1.635135e+04
90001	413.284022	65.000000	-8.757225e-01	-3.845400e-01	-2.472225e-01	1.247693e+04
90001	416.756997	65.000000	-8.080525e-01	-4.275225e-01	-3.638475e-01	8.425774e+03
90001	420.288836	65.000000	-7.090812e-01	-4.730850e-01	-4.817500e-01	6.187398e+03
90001	423.881048	65.000000	-5.675938e-01	-5.161925e-01	-6.027675e-01	6.415420e+03
90001	427.535195	65.000000	-3.967287e-01	-5.491150e-01	-6.989850e-01	6.385936e+03
90001	431.252893	65.000000	-1.922000e-01	-5.647225e-01	-7.620600e-01	9.780591e+03
90001	435.035813	65.000000	4.092625e-02	-5.556325e-01	-7.883850e-01	2.353683e+04
90001	438.885687	65.000000	2.770250e-01	-5.225725e-01	-7.587450e-01	3.121188e+04
90001	442.804309	65.000000	4.813238e-01	-4.721050e-01	-6.894800e-01	1.873302e+04
90001	446.793537	65.000000	6.485413e-01	-4.138775e-01	-5.927725e-01	1.773624e+04
90001	450.855297	65.000000	7.723487e-01	-3.538075e-01	-4.872750e-01	1.381579e+04
90001	454.991584	65.000000	8.641138e-01	-2.934425e-01	-3.654700e-01	1.950265e+04
90001	459.204469	65.000000	9.282225e-01	-2.372225e-01	-2.398425e-01	2.673452e+04
90001	463.496099	65.000000	9.620863e-01	-1.989275e-01	-1.361750e-01	4.285358e+04
90001	467.868704	65.000000	9.788637e-01	-1.663375e-01	-4.681750e-02	8.032672e+04
90001	472.324597	65.000000	9.833125e-01	-1.428025e-01	3.803000e-02	9.649849e+04
90001	476.866179	65.000000	9.793737e-01	-1.290975e-01	1.143350e-01	9.434146e+04
90001	481.495948	65.000000	9.712650e-01	-1.222250e-01	1.813075e-01	8.620881e+04
90001	486.216496	65.000000	9.595588e-01	-1.215925e-01	2.391050e-01	8.186534e+04
90001	491.030521	65.000000	9.438350e-01	-1.251825e-01	2.927500e-01	1.012863e+05
90001	495.940826	65.000000	9.262738e-01	-1.354600e-01	3.406350e-01	1.176274e+05
90001	500.950330	65.000000	9.162675e-01	-1.497825e-01	3.879500e-01	1.249892e+05
90001	506.062068	65.000000	8.962388e-01	-1.662375e-01	4.268625e-01	1.428892e+05
90001	511.279202	65.000000	8.737788e-01	-1.852175e-01	4.624300e-01	1.513877e+05
90001	516.605028	65.000000	8.474975e-01	-2.070800e-01	4.975300e-01	1.312390e+05
90001	522.042975	65.000000	8.203500e-01	-2.310725e-01	5.297125e-01	1.198332e+05
90001	527.596624	65.000000	7.930475e-01	-2.557350e-01	5.582050e-01	1.270721e+05
90001	533.269706	65.000000	7.628600e-01	-2.811700e-01	5.857100e-01	1.198553e+05
90001	539.066116	65.000000	7.286813e-01	-3.100625e-01	6.126125e-01	1.229587e+05
90001	544.989919	65.000000	6.938200e-01	-3.369325e-01	6.369575e-01	1.400668e+05
90001	551.045363	65.000000	6.578725e-01	-3.634075e-01	6.595850e-01	1.146193e+05
90001	557.236884	65.000000	6.181725e-01	-3.903625e-01	6.808200e-01	1.116496e+05
90001	563.569121	65.000000	5.758200e-01	-4.161675e-01	7.009375e-01	9.873162e+04
90001	570.046927	65.000000	5.323387e-01	-4.412800e-01	7.192600e-01	1.043588e+05
90001	576.675380	65.000000	4.852862e-01	-4.652275e-01	7.366500e-01	1.124144e+05
90001	583.459796	65.000000	4.363350e-01	-4.860100e-01	7.522375e-01	9.052456e+04
90001	590.405746	65.000000	3.866200e-01	-5.053250e-01	7.652750e-01	9.630463e+04
90001	597.519068	65.000000	3.329813e-01	-5.224225e-01	7.786625e-01	9.673676e+04
90001	604.805886	65.000000	2.775962e-01	-5.377250e-01	7.890850e-01	9.474414e+04
90001	612.272625	65.000000	2.228625e-01	-5.485725e-01	7.995900e-01	1.058600e+05
90001	619.926033	65.000000	1.658987e-01	-5.582225e-01	8.061625e-01	9.926826e+04
90001	627.773198	65.000000	1.091562e-01	-5.622025e-01	8.125825e-01	9.862000e+04
90001	635.821572	65.000000	5.152000e-02	-5.649075e-01	8.160125e-01	9.147895e+04
90001	644.078995	65.000000	-5.877500e-03	-5.634675e-01	8.174275e-01	9.140640e+04
90001	652.553719	65.000000	-6.248000e-02	-5.589825e-01	8.175950e-01	9.324127e+04
90001	661.254435	65.000000	-1.198725e-01	-5.519025e-01	8.166075e-01	1.015815e+05
90001	670.190306	65.000000	-1.745875e-01	-5.418325e-01	8.123475e-01	9.182529e+04
90001	679.370995	65.000000	-2.294837e-01	-5.273700e-01	8.074100e-01	1.081776e+05
90001	688.806703	65.000000	-2.821688e-01	-5.125600e-01	8.017250e-01	8.807813e+04
90001	698.508206	65.000000	-3.344450e-01	-4.952325e-01	7.925075e-01	8.992019e+04
90001	708.486895	65.000000	-3.828738e-01	-4.740900e-01	7.836650e-01	1.096725e+05
90001	718.754821	65.000000	-4.298200e-01	-4.536150e-01	7.741700e-01	1.558214e+05
90001	729.324745	65.000000	-4.748637e-01	-4.280425e-01	7.588050e-01	9.424117e+04
90001	740.210189	65.000000	-5.181175e-01	-4.038800e-01	7.428725e-01	1.449328e+05
90001	751.425495	65.000000	-5.578688e-01	-3.781275e-01	7.305525e-01	1.189531e+05
90001	762.985887	65.000000	-5.979975e-01	-3.485425e-01	7.098425e-01	1.547584e+05
90001	774.907541	65.000000	-6.316663e-01	-3.262500e-01	6.908000e-01	7.820522e+04
90001	787.207661	65.000000	-6.665388e-01	-2.970275e-01	6.728000e-01	2.082523e+05
90001	799.904559	65.000000	-6.982137e-01	-2.700725e-01	6.480050e-01	8.974311e+04
90001	813.017748	65.000000	-7.284387e-01	-2.456000e-01	6.288925e-01	7.982231e+04
90001	826.568044	65.000000	-7.580275e-01	-2.181000e-01	5.988475e-01	1.832474e+05
90001	840.577672	65.000000	-7.775800e-01	-2.032925e-01	5.754950e-01	1.041357e+05
90001	855.070390	65.000000	-8.054812e-01	-1.723600e-01	5.382800e-01	4.173850e+04
90001	870.071625	65.000000	-8.336663e-01	-1.500800e-01	5.037150e-01	1.076538e+05
90001	885.608619	65.000000	-8.612113e-01	-1.367350e-01	4.797375e-01	1.270217e+05
90001	901.710593	65.000000	-8.911525e-01	-1.168625e-01	4.359625e-01	1.281307e+05
90001	918.408938	65.000000	-9.129775e-01	-1.014950e-01	3.997875e-01	1.148144e+05
90001	935.737408	65.000000	-9.324088e-01	-8.477500e-02	3.399000e-01	1.214495e+05
90001	953.732358	65.000000	-9.504438e-01	-7.409500e-02	2.918225e-01	9.801676e+04
90001	972.432993	65.000000	-9.705425e-01	-6.447500e-02	2.245350e-01	9.650017e+04
90001	991.881653	65.000000	-9.844613e-01	-5.997750e-02	1.581900e-01	1.765576e+05
90001	1012.124136	65.000000	-9.675300e-01	-6.950250e-02	9.602500e-02	8.066859e+04
90001	1033.210055	65.000000	-8.604837e-01	-1.214750e-01	1.222825e-01	9.055959e+04
90001	1055.193248	65.000000	-6.648600e-01	-2.140350e-01	2.773200e-01	8.716789e+04
90001	1078.132231	65.000000	-4.976325e-01	-2.826800e-01	4.101475e-01	8.918709e+04
90001	1102.090725	65.000000	-3.953675e-01	-3.162725e-01	4.723975e-01	1.493236e+05
90001	1127.138242	65.000000	-3.174675e-01	-3.396500e-01	5.058675e-01	2.068989e+05
90001	1153.350759	65.000000	-2.490638e-01	-3.554550e-01	5.273125e-01	1.535562e+05
90001	1180.811491	65.000000	-1.875513e-01	-3.658800e-01	5.408200e-01	1.616314e+05
90001	1209.611772	65.000000	-1.233400e-01	-3.715325e-01	5.400375e-01	2.535634e+05
90001	1239.852066	65.000000	-6.019875e-02	-3.707675e-01	5.395500e-01	2.233009e+05
90001	1271.643145	65.000000	2.383750e-03	-3.746808e-01	5.372375e-01	2.921400e+05
90001	1305.107438	65.000000	6.666250e-02	-3.722075e-01	5.431775e-01	2.663660e+05
90001	1340.380612	65.000000	1.291787e-01	-3.681750e-01	5.447200e-01	1.684351e+05
90001	1377.613407	65.000000	1.911700e-01	-3.609425e-01	5.433150e-01	1.730102e+05
90001	1416.973790	65.000000	2.468675e-01	-3.454400e-01	5.501950e-01	1.552761e+05
90001	1458.649489	65.000000	2.959600e-01	-3.332400e-01	5.553850e-01	2.449096e+05
90001	1502.850989	65.000000	3.458125e-01	-3.222575e-01	5.596825e-01	1.103388e+05
90001	1549.815082	65.000000	3.883187e-01	-3.069575e-01	5.630675e-01	1.823786e+05
90001	1599.809117	65.000000	4.256400e-01	-2.954500e-01	5.718750e-01	2.302867e+05
90001	1653.136088	65.000000	4.592825e-01	-2.782875e-01	5.782200e-01	1.042570e+05
90001	1710.140781	65.000000	4.871138e-01	-2.717175e-01	5.895050e-01	1.481901e+05
90001	1771.217237	65.000000	5.105412e-01	-2.633525e-01	5.987475e-01	8.176210e+04
90001	1836.817876	65.000000	5.317550e-01	-2.473325e-01	6.029900e-01	1.109863e+05
90001	1907.464717	65.000000	5.475987e-01	-2.544675e-01	5.997975e-01	5.114694e+04
90001	1983.763306	65.000000	5.598825e-01	-2.521625e-01	6.110000e-01	5.343101e+04
90001	2066.420110	65.000000	5.597088e-01	-2.501200e-01	6.359850e-01	3.843063e+04
90001	190.746472	70.000000	2.903750e-01	4.258025e-01	8.176875e-01	2.140622e+04
90001	191.482945	70.000000	2.893862e-01	4.115575e-01	8.331000e-01	3.771540e+04
90001	192.225127	70.000000	2.775075e-01	3.886675e-01	8.491450e-01	3.452264e+04
90001	192.973084	70.000000	2.598825e-01	3.510675e-01	8.713175e-01	2.149235e+04
90001	193.726885	70.000000	2.423737e-01	3.394475e-01	8.895100e-01	3.106400e+04
90001	194.486599	70.000000	2.174500e-01	3.080975e-01	8.980100e-01	2.762365e+04
90001	195.252294	70.000000	1.871575e-01	3.074875e-01	9.104850e-01	1.519256e+04
90001	196.024042	70.000000	1.498700e-01	2.792825e-01	9.304650e-01	1.641097e+04
90001	196.801915	70.000000	1.203488e-01	2.791025e-01	9.353225e-01	2.068886e+04
90001	197.585987	70.000000	7.746750e-02	2.497350e-01	9.294825e-01	1.377878e+04
90001	198.376331	70.000000	3.219750e-02	2.347925e-01	9.474475e-01	2.223366e+04
90001	199.173023	70.000000	-7.382500e-03	2.268525e-01	9.410275e-01	1.082694e+04
90001	199.976140	70.000000	-5.966750e-02	2.357550e-01	9.444925e-01	1.698408e+04
90001	200.785760	70.000000	-1.092750e-01	2.411325e-01	9.403800e-01	1.460781e+04
90001	201.601962	70.000000	-1.609037e-01	2.363275e-01	9.199200e-01	6.418658e+03
90001	202.424827	70.000000	-2.140950e-01	2.520575e-01	9.063175e-01	8.032424e+03
90001	203.254437	70.000000	-2.669762e-01	2.705300e-01	8.886700e-01	7.381607e+03
90001	204.090875	70.000000	-3.178163e-01	2.913150e-01	8.427100e-01	5.912969e+03
90001	204.934226	70.000000	-3.663100e-01	3.204025e-01	8.203850e-01	6.877415e+03
90001	205.784575	70.000000	-4.039950e-01	3.474025e-01	7.809900e-01	3.474363e+03
90001	206.642011	70.000000	-4.469113e-01	3.956050e-01	7.394375e-01	4.595923e+03
90001	207.506622	70.000000	-4.788388e-01	4.338975e-01	6.976200e-01	4.961269e+03
90001	208.378498	70.000000	-5.007913e-01	4.868275e-01	6.345925e-01	5.194671e+03
90001	209.257733	70.000000	-5.195975e-01	5.445250e-01	5.639450e-01	5.822506e+03
90001	210.144418	70.000000	-5.222875e-01	6.026875e-01	4.986475e-01	6.191187e+03
90001	211.038650	70.000000	-5.125812e-01	6.651500e-01	4.208650e-01	6.104238e+03
90001	211.940524	70.000000	-4.781238e-01	7.330325e-01	3.331350e-01	5.192782e+03
90001	212.850140	70.000000	-4.256738e-01	7.908700e-01	2.463525e-01	7.464349e+03
90001	213.767598	70.000000	-3.512375e-01	8.447375e-01	1.652700e-01	5.847261e+03
90001	214.692998	70.000000	-2.461088e-01	8.810975e-01	1.022125e-01	3.110676e+03
90001	215.626446	70.000000	-1.193650e-01	9.232750e-01	4.379500e-02	4.399086e+03
90001	216.568046	70.000000	1.012500e-02	9.314625e-01	2.189000e-02	3.054493e+03
90001	217.517906	70.000000	1.434750e-01	9.331175e-01	7.250000e-03	4.205379e+03
90001	218.476135	70.000000	2.739750e-01	9.103825e-01	3.260750e-02	3.854488e+03
90001	219.442844	70.000000	3.851263e-01	8.844475e-01	5.644750e-02	3.906203e+03
90001	220.418145	70.000000	4.845825e-01	8.231975e-01	1.024375e-01	1.241631e+04
90001	221.402155	70.000000	5.618225e-01	7.737600e-01	1.658900e-01	1.062464e+04
90001	222.394989	70.000000	6.222937e-01	7.227275e-01	2.165325e-01	1.053998e+04
90001	223.396769	70.000000	6.674825e-01	6.643350e-01	2.662125e-01	2.121536e+04
90001	224.407614	70.000000	6.980500e-01	6.147625e-01	3.143425e-01	9.748388e+03
90001	225.427648	70.000000	7.213750e-01	5.546325e-01	3.734925e-01	9.021619e+03
90001	226.456998	70.000000	7.386275e-01	5.066350e-01	4.017700e-01	1.934052e+04
90001	227.495792	70.000000	7.500700e-01	4.556550e-01	4.471550e-01	1.577000e+04
90001	228.544160	70.000000	7.556725e-01	4.025225e-01	4.848800e-01	1.735834e+04
90001	229.602234	70.000000	7.573863e-01	3.390325e-01	5.217900e-01	1.678042e+04
90001	230.670152	70.000000	7.570887e-01	2.947450e-01	5.481050e-01	2.989423e+04
90001	231.748050	70.000000	7.478400e-01	2.209225e-01	5.918125e-01	1.728592e+04
90001	232.836069	70.000000	7.362375e-01	1.698700e-01	6.282625e-01	2.746536e+04
90001	233.934352	70.000000	7.161900e-01	1.080400e-01	6.520925e-01	2.246694e+04
90001	235.043046	70.000000	6.900787e-01	3.834000e-02	6.837925e-01	1.617048e+04
90001	236.162298	70.000000	6.556550e-01	-1.930500e-02	7.205150e-01	1.301710e+04
90001	237.292261	70.000000	6.122975e-01	-9.041000e-02	7.406475e-01	1.124432e+04
90001	238.433090	70.000000	5.629737e-01	-1.558825e-01	7.687975e-01	1.024721e+04
90001	239.584940	70.000000	5.068938e-01	-2.171400e-01	7.917525e-01	7.421963e+03
90001	240.747974	70.000000	4.394512e-01	-2.842275e-01	8.130400e-01	8.138404e+03
90001	241.922354	70.000000	3.539375e-01	-3.409950e-01	8.182700e-01	4.612555e+03
90001	243.108248	70.000000	2.677912e-01	-3.843800e-01	8.278350e-01	5.313391e+03
90001	244.305826	70.000000	1.720013e-01	-4.268100e-01	8.308300e-01	4.720950e+03
90001	245.515261	70.000000	7.414750e-02	-4.643950e-01	8.326200e-01	3.851404e+03
90001	246.736730	70.000000	-2.253500e-02	-4.774400e-01	8.170425e-01	3.622303e+03
90001	247.970413	70.000000	-1.297838e-01	-4.953625e-01	8.046475e-01	4.237431e+03
90001	249.216496	70.000000	-2.318925e-01	-4.961650e-01	7.869875e-01	4.686456e+03
90001	250.475165	70.000000	-3.284212e-01	-4.790200e-01	7.589350e-01	6.546403e+03
90001	251.746612	70.000000	-4.264950e-01	-4.633800e-01	7.205675e-01	5.491245e+03
90001	253.031034	70.000000	-5.209625e-01	-4.329575e-01	6.802450e-01	6.584149e+03
90001	254.328629	70.000000	-6.024275e-01	-3.979025e-01	6.390400e-01	7.175074e+03
90001	255.639601	70.000000	-6.831825e-01	-3.477425e-01	5.854300e-01	1.190503e+04
90001	256.964159	70.000000	-7.484350e-01	-3.032750e-01	5.299725e-01	8.667169e+03
90001	258.302514	70.000000	-8.014025e-01	-2.616950e-01	4.693150e-01	1.377234e+04
90001	259.654883	70.000000	-8.504875e-01	-2.192675e-01	4.167600e-01	1.095131e+04
90001	261.021488	70.000000	-8.879675e-01	-1.755175e-01	3.545925e-01	1.177040e+04
90001	262.402554	70.000000	-9.204413e-01	-1.426275e-01	2.884150e-01	1.992106e+04
90001	263.798312	70.000000	-9.426688e-01	-1.189050e-01	2.260925e-01	1.599290e+04
90001	265.208998	70.000000	-9.593712e-01	-9.227000e-02	1.472550e-01	1.636958e+04
90001	266.634853	70.000000	-9.697125e-01	-8.464750e-02	7.349500e-02	2.170100e+04
90001	268.076122	70.000000	-9.689063e-01	-8.592000e-02	-2.449250e-02	1.106355e+04
90001	269.533058	70.000000	-9.569863e-01	-1.096250e-01	-1.244625e-01	4.884682e+03
90001	271.005916	70.000000	-9.189838e-01	-1.452800e-01	-2.534425e-01	2.574432e+03
90001	272.494960	70.000000	-8.421687e-01	-1.993075e-01	-3.959125e-01	1.336458e+03
90001	274.000457	70.000000	-7.180513e-01	-2.629575e-01	-5.465050e-01	9.493193e+02
90001	275.522681	70.000000	-5.070988e-01	-3.332775e-01	-6.831950e-01	8.052009e+02
90001	277.061914	70.000000	-2.470538e-01	-3.799025e-01	-7.715175e-01	1.443015e+03
90001	278.618442	70.000000	7.276500e-02	-3.871775e-01	-7.850675e-01	1.851599e+03
90001	280.192557	70.000000	3.658475e-01	-3.342500e-01	-7.341650e-01	1.563177e+03
90001	281.784560	70.000000	6.172600e-01	-2.479150e-01	-6.116900e-01	1.892429e+03
90001	283.394758	70.000000	7.861862e-01	-1.401425e-01	-4.718775e-01	1.995053e+03
90001	285.023463	70.000000	8.876213e-01	-4.280750e-02	-3.344825e-01	2.620983e+03
90001	286.670998	70.000000	9.407000e-01	3.898750e-02	-2.150275e-01	5.231785e+03
90001	288.337690	70.000000	9.674788e-01	1.018925e-01	-1.244550e-01	1.226022e+04
90001	290.023875	70.000000	9.765325e-01	1.513500e-01	-2.197000e-02	2.605523e+04
90001	291.729898	70.000000	9.750450e-01	1.788500e-01	4.456250e-02	3.255225e+04
90001	293.456110	70.000000	9.709413e-01	1.936100e-01	1.020525e-01	4.914362e+04
90001	295.202873	70.000000	9.664275e-01	1.906150e-01	1.520175e-01	6.404639e+04
90001	296.970555	70.000000	9.618825e-01	1.792200e-01	1.963225e-01	1.120981e+05
90001	298.759534	70.000000	9.571325e-01	1.587850e-01	2.328775e-01	9.701768e+04
90001	300.570198	70.000000	9.526687e-01	1.308075e-01	2.683250e-01	8.786190e+04
90001	302.402943	70.000000	9.473938e-01	9.676000e-02	3.004550e-01	5.752213e+04
90001	304.258176	70.000000	9.397500e-01	5.684000e-02	3.330575e-01	5.688484e+04
90001	306.136313	70.000000	9.293800e-01	1.394250e-02	3.629200e-01	4.594019e+04
90001	308.037780	70.000000	9.156613e-01	-3.487000e-02	3.932375e-01	3.693772e+04
90001	309.963016	70.000000	8.972862e-01	-8.647250e-02	4.234875e-01	3.277509e+04
90001	311.912469	70.000000	8.749938e-01	-1.417850e-01	4.532350e-01	3.391478e+04
90001	313.886599	70.000000	8.446063e-01	-2.026125e-01	4.825625e-01	3.007006e+04
90001	315.885877	70.000000	8.078962e-01	-2.643300e-01	5.123575e-01	2.553126e+04
90001	317.910786	70.000000	7.615600e-01	-3.299800e-01	5.422000e-01	2.158367e+04
90001	319.961823	70.000000	7.066987e-01	-3.928225e-01	5.712200e-01	2.289621e+04
90001	322.039498	70.000000	6.440287e-01	-4.528500e-01	5.966750e-01	2.594736e+04
90001	324.144331	70.000000	5.767175e-01	-5.079000e-01	6.200475e-01	2.224894e+04
90001	326.276859	70.000000	5.001113e-01	-5.583350e-01	6.413700e-01	1.997272e+04
90001	328.437633	70.000000	4.125962e-01	-6.046875e-01	6.603225e-01	2.605660e+04
90001	330.627218	70.000000	3.227675e-01	-6.412800e-01	6.754575e-01	2.766651e+04
90001	332.846192	70.000000	2.217038e-01	-6.711925e-01	6.875075e-01	2.749083e+04
90001	335.095153	70.000000	1.217950e-01	-6.893425e-01	6.950625e-01	2.646977e+04
90001	337.374712	70.000000	1.676500e-02	-6.976875e-01	6.979350e-01	2.942435e+04
90001	339.685498	70.000000	-9.060250e-02	-6.945825e-01	6.950025e-01	2.804105e+04
90001	342.028156	70.000000	-1.938050e-01	-6.812275e-01	6.883775e-01	2.744986e+04
90001	344.403352	70.000000	-2.916287e-01	-6.569400e-01	6.780600e-01	2.717785e+04
90001	346.811767	70.000000	-3.791350e-01	-6.288850e-01	6.635400e-01	3.059778e+04
90001	349.254103	70.000000	-4.620175e-01	-5.911050e-01	6.472025e-01	3.127368e+04
90001	351.731083	70.000000	-5.369775e-01	-5.497925e-01	6.265300e-01	4.007406e+04
90001	354.243447	70.000000	-6.084937e-01	-5.020775e-01	6.012125e-01	4.302563e+04
90001	356.791961	70.000000	-6.696450e-01	-4.568375e-01	5.751050e-01	4.943469e+04
90001	359.377410	70.000000	-7.253612e-01	-4.074425e-01	5.457200e-01	5.738121e+04
90001	362.000603	70.000000	-7.736250e-01	-3.577600e-01	5.121325e-01	8.307564e+04
90001	364.662372	70.000000	-8.163762e-01	-3.098125e-01	4.779800e-01	1.040620e+05
90001	367.363575	70.000000	-8.523375e-01	-2.604900e-01	4.431575e-01	1.433094e+05
90001	370.105094	70.000000	-8.838088e-01	-2.095975e-01	4.067900e-01	2.037748e+05
90001	372.887839	70.000000	-9.113237e-01	-1.592775e-01	3.678875e-01	1.694158e+05
90001	375.712747	70.000000	-9.326500e-01	-1.132325e-01	3.298300e-01	1.630038e+05
90001	378.580784	70.000000	-9.485688e-01	-7.820250e-02	2.940975e-01	1.173381e+05
90001	381.492943	70.000000	-9.621087e-01	-4.640250e-02	2.543475e-01	9.977526e+04
90001	384.450253	70.000000	-9.733875e-01	-2.481250e-02	2.130250e-01	1.039221e+05
90001	387.453771	70.000000	-9.824225e-01	-1.285500e-02	1.677575e-01	9.517910e+04
90001	390.504588	70.000000	-9.898112e-01	-5.772500e-03	1.137900e-01	9.727411e+04
90001	393.603830	70.000000	-9.955112e-01	-9.010000e-03	4.856000e-02	1.458414e+05
90001	396.752661	70.000000	-9.952200e-01	-2.287750e-02	-2.717500e-02	9.745647e+04
90001	399.952279	70.000000	-9.864812e-01	-4.760250e-02	-1.138125e-01	3.846033e+04
90001	403.203924	70.000000	-9.647450e-01	-7.880000e-02	-2.218700e-01	1.872019e+04
90001	406.508874	70.000000	-9.254800e-01	-1.180075e-01	-3.342375e-01	1.149816e+04
90001	409.868452	70.000000	-8.565687e-01	-1.658400e-01	-4.634950e-01	7.700565e+03
90001	413.284022	70.000000	-7.508800e-01	-2.157125e-01	-6.000700e-01	5.937385e+03
90001	416.756997	70.000000	-5.895937e-01	-2.620450e-01	-7.346925e-01	5.064700e+03
90001	420.288836	70.000000	-3.846462e-01	-2.969150e-01	-8.421550e-01	5.452845e+03
90001	423.881048	70.000000	-1.340438e-01	-3.047950e-01	-9.063075e-01	9.242284e+03
90001	427.535195	70.000000	1.125562e-01	-2.888075e-01	-9.106075e-01	2.504055e+04
90001	431.252893	70.000000	3.484450e-01	-2.457850e-01	-8.627075e-01	2.713704e+04
90001	435.035813	70.000000	5.603763e-01	-1.840675e-01	-7.645200e-01	1.386437e+04
90001	438.885687	70.000000	7.254850e-01	-1.089625e-01	-6.371650e-01	1.175228e+04
90001	442.804309	70.000000	8.368762e-01	-4.069500e-02	-5.066750e-01	1.347062e+04
90001	446.793537	70.000000	9.081312e-01	1.776250e-02	-3.783700e-01	2.009990e+04
90001	450.855297	70.000000	9.506725e-01	6.743000e-02	-2.644400e-01	2.722742e+04
90001	454.991584	70.000000	9.736200e-01	1.059775e-01	-1.568025e-01	4.706040e+04
90001	459.204469	70.000000	9.829675e-01	1.392700e-01	-5.319500e-02	9.329883e+04
90001	463.496099	70.000000	9.823387e-01	1.596175e-01	2.794000e-02	1.108528e+05
90001	467.868704	70.000000	9.772838e-01	1.694425e-01	9.825500e-02	9.953593e+04
90001	472.324597	70.000000	9.670850e-01	1.753900e-01	1.629425e-01	9.900881e+04
90001	476.866179	70.000000	9.556763e-01	1.737625e-01	2.211350e-01	1.007138e+05
90001	481.495948	70.000000	9.432337e-01	1.673300e-01	2.745825e-01	1.022489e+05
90001	486.216496	70.000000	9.307238e-01	1.577375e-01	3.199925e-01	8.988561e+04
90001	491.030521	70.000000	9.165925e-01	1.451975e-01	3.663225e-01	1.120112e+05
90001	495.940826	70.000000	9.012250e-01	1.282475e-01	4.068350e-01	9.471595e+04
90001	500.950330	70.000000	8.931237e-01	1.072850e-01	4.517750e-01	1.438411e+05
90001	506.062068	70.000000	8.759225e-01	8.550500e-02	4.885200e-01	1.404428e+05
90001	511.279202	70.000000	8.565738e-01	5.984750e-02	5.247525e-01	1.541481e+05
90001	516.605028	70.000000	8.336975e-01	3.231750e-02	5.610125e-01	1.245165e+05
90001	522.042975	70.000000	8.084000e-01	2.432500e-03	5.949425e-01	1.304507e+05
90001	527.596624	70.000000	7.831625e-01	-2.633250e-02	6.272725e-01	1.243314e+05
90001	533.269706	70.000000	7.538575e-01	-5.783000e-02	6.594500e-01	1.101228e+05
90001	539.066116	70.000000	7.194763e-01	-9.024500e-02	6.916375e-01	1.154086e+05
90001	544.989919	70.000000	6.831538e-01	-1.227050e-01	7.209550e-01	1.176428e+05
90001	551.045363	70.000000	6.454450e-01	-1.526625e-01	7.497425e-01	1.172816e+05
90001	557.236884	70.000000	6.022450e-01	-1.827325e-01	7.766300e-01	1.023972e+05
90001	563.569121	70.000000	5.552650e-01	-2.119475e-01	8.025425e-01	1.014007e+05
90001	570.046927	70.000000	5.060950e-01	-2.395300e-01	8.263175e-01	1.035304e+05
90001	576.675380	70.000000	4.522075e-01	-2.650175e-01	8.485650e-01	1.025166e+05
90001	583.459796	70.000000	3.958675e-01	-2.874850e-01	8.686975e-01	8.239368e+04
90001	590.405746	70.000000	3.375200e-01	-3.062300e-01	8.850200e-01	8.023281e+04
90001	597.519068	70.000000	2.741625e-01	-3.226525e-01	9.006125e-01	7.859750e+04
90001	604.805886	70.000000	2.091700e-01	-3.353275e-01	9.133525e-01	8.805287e+04
90001	612.272625	70.000000	1.453500e-01	-3.438700e-01	9.226850e-01	7.768340e+04
90001	619.926033	70.000000	7.809250e-02	-3.483200e-01	9.284700e-01	8.134809e+04
90001	627.773198	70.000000	1.182250e-02	-3.477500e-01	9.311200e-01	8.622606e+04
90001	635.821572	70.000000	-5.356875e-02	-3.431400e-01	9.299025e-01	6.652890e+04
90001	644.078995	70.000000	-1.193350e-01	-3.344525e-01	9.282375e-01	7.515669e+04
90001	652.553719	70.000000	-1.815850e-01	-3.216900e-01	9.209650e-01	7.512913e+04
90001	661.254435	70.000000	-2.449300e-01	-3.055650e-01	9.124750e-01	8.871861e+04
90001	670.190306	70.000000	-3.030288e-01	-2.873800e-01	9.015425e-01	8.586243e+04
90001	679.370995	70.000000	-3.599575e-01	-2.655025e-01	8.872450e-01	1.021659e+05
90001	688.806703	70.000000	-4.126500e-01	-2.405400e-01	8.722600e-01	1.090655e+05
90001	698.508206	70.000000	-4.636338e-01	-2.151675e-01	8.517500e-01	9.181984e+04
90001	708.486895	70.000000	-5.102463e-01	-1.859175e-01	8.310875e-01	1.035857e+05
90001	718.754821	70.000000	-5.531975e-01	-1.567500e-01	8.080650e-01	1.027068e+05
90001	729.324745	70.000000	-5.939087e-01	-1.251525e-01	7.872400e-01	1.312852e+05
90001	740.210189	70.000000	-6.309262e-01	-9.354250e-02	7.615125e-01	1.235373e+05
90001	751.425495	70.000000	-6.644212e-01	-6.304500e-02	7.349125e-01	1.041580e+05
90001	762.985887	70.000000	-6.967200e-01	-3.308250e-02	7.053600e-01	1.242115e+05
90001	774.907541	70.000000	-7.233125e-01	-4.270000e-03	6.788325e-01	1.415004e+05
90001	787.207661	70.000000	-7.494025e-01	2.473000e-02	6.490125e-01	1.224326e+05
90001	799.904559	70.000000	-7.738400e-01	5.516500e-02	6.183050e-01	1.147660e+05
90001	813.017748	70.000000	-7.943650e-01	8.098750e-02	5.863475e-01	1.108185e+05
90001	826.568044	70.000000	-8.169950e-01	1.074075e-01	5.533725e-01	1.419672e+05
90001	840.577672	70.000000	-8.317100e-01	1.197125e-01	5.186575e-01	3.109451e+04
90001	855.070390	70.000000	-8.504238e-01	1.524450e-01	4.693075e-01	8.419253e+04
90001	870.071625	70.000000	-8.701737e-01	1.712750e-01	4.296625e-01	2.515840e+05
90001	885.608619	70.000000	-8.952475e-01	1.918450e-01	4.072825e-01	1.594852e+05
90001	901.710593	70.000000	-9.146488e-01	2.101350e-01	3.557500e-01	1.543618e+05
90001	918.408938	70.000000	-9.293050e-01	2.261000e-01	3.090900e-01	1.595094e+05
90001	935.737408	70.000000	-9.426250e-01	2.387600e-01	2.426850e-01	1.117295e+05
90001	953.732358	70.000000	-9.538112e-01	2.469950e-01	1.850700e-01	9.980139e+04
90001	972.432993	70.000000	-9.629850e-01	2.547650e-01	1.112775e-01	1.455018e+05
90001	991.881653	70.000000	-9.646750e-01	2.588125e-01	3.343250e-02	1.401713e+05
90001	1012.124136	70.000000	-9.439700e-01	2.497175e-01	-3.462750e-02	8.222129e+04
90001	1033.210055	70.000000	-8.323613e-01	1.931625e-01	-3.275000e-04	7.091613e+04
90001	1055.193248	70.000000	-6.288625e-01	8.551500e-02	1.840700e-01	6.212459e+04
90001	1078.132231	70.000000	-4.575887e-01	5.045000e-03	3.480225e-01	6.147362e+04
90001	1102.090725	70.000000	-3.494887e-01	-4.031000e-02	4.271900e-01	7.721210e+04
90001	1127.138242	70.000000	-2.675137e-01	-6.681250e-02	4.742075e-01	2.182146e+05
90001	1153.350759	70.000000	-1.969637e-01	-8.798500e-02	4.987025e-01	1.791794e+05
90001	1180.811491	70.000000	-1.331850e-01	-9.235250e-02	5.095900e-01	1.143363e+05
90001	1209.611772	70.000000	-6.753750e-02	-1.016875e-01	5.108725e-01	1.004088e+05
90001	1239.852066	70.000000	-4.166250e-03	-1.018625e-01	5.115950e-01	1.848314e+05
90001	1271.643145	70.000000	5.961000e-02	-9.956750e-02	5.090600e-01	4.529005e+05
90001	1305.107438	70.000000	1.221012e-01	-9.216250e-02	5.164450e-01	1.176131e+05
90001	1340.380612	70.000000	1.819187e-01	-8.136000e-02	5.185200e-01	1.238155e+05
90001	1377.613407	70.000000	2.437513e-01	-6.286500e-02	5.216375e-01	1.373069e+05
90001	1416.973790	70.000000	2.948737e-01	-5.641000e-02	5.249850e-01	7.727711e+04
90001	1458.649489	70.000000	3.385950e-01	-3.469250e-02	5.312525e-01	1.158428e+05
90001	1502.850989	70.000000	3.848362e-01	-2.148500e-02	5.430200e-01	6.765557e+04
90001	1549.815082	70.000000	4.214550e-01	-5.337500e-03	5.478675e-01	9.181281e+04
90001	1599.809117	70.000000	4.544725e-01	6.052500e-03	5.611125e-01	8.844446e+04
90001	1653.136088	70.000000	4.830637e-01	2.275750e-02	5.654200e-01	1.173377e+05
90001	1710.140781	70.000000	5.084087e-01	3.304000e-02	5.797250e-01	3.740888e+04
90001	1771.217237	70.000000	5.298425e-01	4.560000e-02	5.864100e-01	2.185738e+05
90001	1836.817876	70.000000	5.579800e-01	5.684250e-02	5.917700e-01	1.316595e+05
90001	1907.464717	70.000000	5.553100e-01	5.087750e-02	6.070950e-01	3.626534e+05
90001	1983.763306	70.000000	5.672912e-01	5.533500e-02	6.195575e-01	2.379984e+04
90001	2066.420110	70.000000	5.687825e-01	5.183000e-02	6.216750e-01	3.614659e+04
90001	190.746472	75.000000	2.101737e-01	6.309850e-01	7.031800e-01	4.346352e+04
90001	191.482945	75.000000	1.992600e-01	6.152550e-01	7.311325e-01	5.601683e+04
90001	192.225127	75.000000	1.809300e-01	6.089050e-01	7.433000e-01	1.027123e+05
90001	192.973084	75.000000	1.663413e-01	5.867350e-01	7.712150e-01	4.929829e+04
90001	193.726885	75.000000	1.395725e-01	5.837775e-01	7.751775e-01	4.554463e+04
90001	194.486599	75.000000	1.209163e-01	5.734775e-01	7.867000e-01	3.565250e+04
90001	195.252294	75.000000	9.296875e-02	5.587800e-01	8.027250e-01	3.139681e+04
90001	196.024042	75.000000	6.327875e-02	5.561550e-01	8.080350e-01	1.352959e+04
90001	196.801915	75.000000	2.284000e-02	5.516550e-01	8.138800e-01	2.627706e+04
90001	197.585987	75.000000	-8.473750e-03	5.548800e-01	8.183975e-01	4.688512e+04
90001	198.376331	75.000000	-5.043125e-02	5.513875e-01	8.156075e-01	2.430041e+04
90001	199.173023	75.000000	-9.101000e-02	5.587950e-01	8.027200e-01	1.562954e+04
90001	199.976140	75.000000	-1.310437e-01	5.593825e-01	7.960575e-01	2.542491e+04
90001	200.785760	75.000000	-1.695775e-01	5.663925e-01	7.762225e-01	2.147633e+04
90001	201.601962	75.000000	-2.076088e-01	5.778025e-01	7.562875e-01	2.000232e+04
90001	202.424827	75.000000	-2.424850e-01	5.970200e-01	7.350650e-01	1.959199e+04
90001	203.254437	75.000000	-2.757763e-01	6.225600e-01	6.905875e-01	1.148761e+04
90001	204.090875	75.000000	-3.038763e-01	6.423425e-01	6.625225e-01	1.270841e+04
90001	204.934226	75.000000	-3.286625e-01	6.600100e-01	6.187525e-01	1.362646e+04
90001	205.784575	75.000000	-3.435812e-01	6.910750e-01	5.724350e-01	1.032582e+04
90001	206.642011	75.000000	-3.583975e-01	7.255550e-01	5.250525e-01	1.215707e+04
90001	207.506622	75.000000	-3.623912e-01	7.530050e-01	4.713875e-01	1.136013e+04
90001	208.378498	75.000000	-3.541575e-01	7.888675e-01	4.163825e-01	7.800829e+03
90001	209.257733	75.000000	-3.372825e-01	8.175100e-01	3.559575e-01	6.955513e+03
90001	210.144418	75.000000	-3.084800e-01	8.605475e-01	3.080575e-01	9.676843e+03
90001	211.038650	75.000000	-2.659400e-01	8.918175e-01	2.361550e-01	1.412316e+04
90001	211.940524	75.000000	-2.157575e-01	9.215250e-01	1.916200e-01	1.158018e+04
90001	212.850140	75.000000	-1.492975e-01	9.391375e-01	1.539550e-01	1.225338e+04
90001	213.767598	75.000000	-7.438125e-02	9.550500e-01	1.183050e-01	7.561484e+03
90001	214.692998	75.000000	7.186250e-03	9.622750e-01	8.764750e-02	1.098334e+04
90001	215.626446	75.000000	9.948875e-02	9.507200e-01	8.087750e-02	6.042214e+03
90001	216.568046	75.000000	1.801737e-01	9.467150e-01	7.901500e-02	8.996576e+03
90001	217.517906	75.000000	2.591550e-01	9.365100e-01	1.061650e-01	1.074984e+04
90001	218.476135	75.000000	3.264500e-01	9.115200e-01	1.333650e-01	1.169681e+04
90001	219.442844	75.000000	3.876225e-01	8.919550e-01	1.569200e-01	2.422102e+04
90001	220.418145	75.000000	4.423175e-01	8.568575e-01	1.984025e-01	1.822633e+04
90001	221.402155	75.000000	4.897200e-01	8.281275e-01	2.408650e-01	3.084686e+04
90001	222.394989	75.000000	5.245250e-01	7.884075e-01	2.759975e-01	1.590545e+04
90001	223.396769	75.000000	5.545075e-01	7.542825e-01	3.145225e-01	2.755113e+04
90001	224.407614	75.000000	5.776700e-01	7.174550e-01	3.488000e-01	4.362150e+04
90001	225.427648	75.000000	5.967837e-01	6.760350e-01	3.866175e-01	3.163371e+04
90001	226.456998	75.000000	6.117088e-01	6.331850e-01	4.294625e-01	3.060031e+04
90001	227.495792	75.000000	6.255813e-01	6.078275e-01	4.639425e-01	3.137590e+04
90001	228.544160	75.000000	6.358737e-01	5.682650e-01	5.054775e-01	3.729939e+04
90001	229.602234	75.000000	6.407200e-01	5.126725e-01	5.452625e-01	3.263941e+04
90001	230.670152	75.000000	6.389775e-01	4.688175e-01	5.825025e-01	4.820271e+04
90001	231.748050	75.000000	6.344787e-01	4.165675e-01	6.211100e-01	3.413958e+04
90001	232.836069	75.000000	6.226962e-01	3.584075e-01	6.716550e-01	2.556669e+04
90001	233.934352	75.000000	6.014050e-01	3.049350e-01	7.076775e-01	2.518676e+04
90001	235.043046	75.000000	5.740900e-01	2.492050e-01	7.580375e-01	2.769339e+04
90001	236.162298	75.000000	5.336475e-01	1.906875e-01	7.967825e-01	2.773987e+04
90001	237.292261	75.000000	4.847125e-01	1.170850e-01	8.245150e-01	8.752344e+03
90001	238.433090	75.000000	4.213488e-01	5.881750e-02	8.713625e-01	1.323631e+04
90001	239.584940	75.000000	3.479025e-01	1.586250e-02	8.987200e-01	7.889038e+03
90001	240.747974	75.000000	2.580925e-01	-4.938000e-02	9.263250e-01	7.330002e+03
90001	241.922354	75.000000	1.561763e-01	-8.283750e-02	9.467200e-01	5.336458e+03
90001	243.108248	75.000000	4.854875e-02	-1.166175e-01	9.554300e-01	6.962658e+03
90001	244.305826	75.000000	-6.358250e-02	-1.494450e-01	9.550575e-01	8.016312e+03
90001	245.515261	75.000000	-1.763325e-01	-1.563950e-01	9.246975e-01	5.967259e+03
90001	246.736730	75.000000	-2.883325e-01	-1.501375e-01	8.961125e-01	6.187748e+03
90001	247.970413	75.000000	-3.945500e-01	-1.295750e-01	8.602050e-01	4.211676e+03
90001	249.216496	75.000000	-4.924563e-01	-1.101900e-01	8.132375e-01	5.573039e+03
90001	250.475165	75.000000	-5.780388e-01	-7.639250e-02	7.669575e-01	8.351574e+03
90001	251.746612	75.000000	-6.570437e-01	-2.941500e-02	7.026900e-01	1.226790e+04
90001	253.031034	75.000000	-7.235825e-01	1.007250e-02	6.357800e-01	7.086933e+03
90001	254.328629	75.000000	-7.785887e-01	6.605000e-02	5.702150e-01	2.085553e+04
90001	255.639601	75.000000	-8.236775e-01	1.136450e-01	4.990675e-01	3.505007e+04
90001	256.964159	75.000000	-8.573525e-01	1.569850e-01	4.310300e-01	1.564288e+04
90001	258.302514	75.000000	-8.823238e-01	1.981675e-01	3.612275e-01	1.933771e+04
90001	259.654883	75.000000	-9.011513e-01	2.402775e-01	2.916475e-01	1.660861e+04
90001	261.021488	75.000000	-9.155163e-01	2.699650e-01	2.173050e-01	1.358928e+04
90001	262.402554	75.000000	-9.263338e-01	2.932475e-01	1.403500e-01	1.414224e+04
90001	263.798312	75.000000	-9.314862e-01	2.968800e-01	6.562000e-02	1.123612e+04
90001	265.208998	75.000000	-9.316237e-01	2.970725e-01	-3.374750e-02	9.048192e+03
90001	266.634853	75.000000	-9.238113e-01	2.893975e-01	-1.400650e-01	9.615814e+03
90001	268.076122	75.000000	-9.002888e-01	2.686750e-01	-2.620075e-01	9.176802e+03
90001	269.533058	75.000000	-8.493400e-01	2.258125e-01	-4.022525e-01	3.447879e+03
90001	271.005916	75.000000	-7.456563e-01	1.715875e-01	-5.736975e-01	1.535780e+03
90001	272.494960	75.000000	-5.703937e-01	1.170075e-01	-7.313600e-01	9.676309e+02
90001	274.000457	75.000000	-3.119038e-01	6.647250e-02	-8.527225e-01	1.113603e+03
90001	275.522681	75.000000	1.776625e-02	5.270000e-02	-8.941875e-01	3.535863e+03
90001	277.061914	75.000000	3.200462e-01	7.941750e-02	-8.172200e-01	2.270115e+03
90001	278.618442	75.000000	5.713112e-01	1.527500e-01	-6.845075e-01	8.124763e+03
90001	280.192557	75.000000	7.264275e-01	2.363750e-01	-5.320425e-01	3.210384e+03
90001	281.784560	75.000000	8.143813e-01	3.174350e-01	-3.768375e-01	4.027882e+03
90001	283.394758	75.000000	8.524087e-01	3.771950e-01	-2.495400e-01	7.639570e+03
90001	285.023463	75.000000	8.643788e-01	4.331500e-01	-1.415225e-01	1.988588e+04
90001	286.670998	75.000000	8.611825e-01	4.606800e-01	-6.202500e-02	2.132191e+04
90001	288.337690	75.000000	8.598250e-01	4.865375e-01	2.482500e-03	4.084410e+04
90001	290.023875	75.000000	8.591363e-01	4.922600e-01	6.905500e-02	4.476529e+04
90001	291.729898	75.000000	8.571863e-01	4.906025e-01	1.130600e-01	5.797946e+04
90001	293.456110	75.000000	8.567263e-01	4.815850e-01	1.565800e-01	9.577168e+04
90001	295.202873	75.000000	8.594662e-01	4.640700e-01	1.947475e-01	1.399903e+05
90001	296.970555	75.000000	8.640037e-01	4.398350e-01	2.298500e-01	1.149900e+05
90001	298.759534	75.000000	8.691162e-01	4.109950e-01	2.668400e-01	1.100048e+05
90001	300.570198	75.000000	8.738625e-01	3.753450e-01	2.998225e-01	8.653055e+04
90001	302.402943	75.000000	8.782000e-01	3.358725e-01	3.336975e-01	6.660092e+04
90001	304.258176	75.000000	8.804650e-01	2.888875e-01	3.711650e-01	7.151007e+04
90001	306.136313	75.000000	8.790750e-01	2.405175e-01	4.063075e-01	5.449525e+04
90001	308.037780	75.000000	8.733313e-01	1.864275e-01	4.442575e-01	4.251223e+04
90001	309.963016	75.000000	8.612438e-01	1.259200e-01	4.846325e-01	3.631610e+04
90001	311.912469	75.000000	8.434487e-01	6.149750e-02	5.246750e-01	3.373926e+04
90001	313.886599	75.000000	8.149275e-01	-8.175000e-03	5.690825e-01	2.399382e+04
90001	315.885877	75.000000	7.761900e-01	-8.091750e-02	6.131975e-01	2.256567e+04
90001	317.910786	75.000000	7.224263e-01	-1.562475e-01	6.595225e-01	2.143740e+04
90001	319.961823	75.000000	6.552113e-01	-2.317300e-01	7.031400e-01	2.351694e+04
90001	322.039498	75.000000	5.742338e-01	-3.021500e-01	7.427025e-01	2.120504e+04
90001	324.144331	75.000000	4.861362e-01	-3.600450e-01	7.769150e-01	2.345656e+04
90001	326.276859	75.000000	3.822463e-01	-4.128425e-01	8.068525e-01	2.657786e+04
90001	328.437633	75.000000	2.630287e-01	-4.555125e-01	8.311000e-01	2.496701e+04
90001	330.627218	75.000000	1.437475e-01	-4.814450e-01	8.453400e-01	2.422148e+04
90001	332.846192	75.000000	1.047125e-02	-4.933700e-01	8.501125e-01	2.369920e+04
90001	335.095153	75.000000	-1.153500e-01	-4.894075e-01	8.462975e-01	2.290902e+04
90001	337.374712	75.000000	-2.412075e-01	-4.682975e-01	8.319150e-01	2.271930e+04
90001	339.685498	75.000000	-3.616188e-01	-4.309100e-01	8.094225e-01	2.111436e+04
90001	342.028156	75.000000	-4.683187e-01	-3.830875e-01	7.795225e-01	2.132968e+04
90001	344.403352	75.000000	-5.608025e-01	-3.261775e-01	7.444725e-01	2.513240e+04
90001	346.811767	75.000000	-6.356913e-01	-2.682325e-01	7.079650e-01	2.954448e+04
90001	349.254103	75.000000	-7.001850e-01	-2.077500e-01	6.700875e-01	3.613872e+04
90001	351.731083	75.000000	-7.527463e-01	-1.448300e-01	6.292225e-01	4.776274e+04
90001	354.243447	75.000000	-7.976087e-01	-8.254250e-02	5.856750e-01	5.379415e+04
90001	356.791961	75.000000	-8.314725e-01	-2.483500e-02	5.445750e-01	8.359165e+04
90001	359.377410	75.000000	-8.596913e-01	3.022000e-02	4.996625e-01	1.022754e+05
90001	362.000603	75.000000	-8.811800e-01	8.188500e-02	4.553625e-01	1.656852e+05
90001	364.662372	75.000000	-8.976875e-01	1.290550e-01	4.119925e-01	3.980393e+05
90001	367.363575	75.000000	-9.089062e-01	1.721575e-01	3.696025e-01	1.873604e+05
90001	370.105094	75.000000	-9.166900e-01	2.142300e-01	3.260025e-01	1.662900e+05
90001	372.887839	75.000000	-9.224162e-01	2.512250e-01	2.804050e-01	1.041301e+05
90001	375.712747	75.000000	-9.266063e-01	2.811375e-01	2.369850e-01	9.149439e+04
90001	378.580784	75.000000	-9.298300e-01	3.022625e-01	1.935225e-01	8.089962e+04
90001	381.492943	75.000000	-9.337863e-01	3.179300e-01	1.464125e-01	6.988938e+04
90001	384.450253	75.000000	-9.384950e-01	3.247525e-01	9.382250e-02	5.623785e+04
90001	387.453771	75.000000	-9.428788e-01	3.235975e-01	3.735000e-02	4.946593e+04
90001	390.504588	75.000000	-9.463625e-01	3.129525e-01	-3.081500e-02	4.319114e+04
90001	393.603830	75.000000	-9.461587e-01	2.955025e-01	-1.170825e-01	4.321927e+04
90001	396.752661	75.000000	-9.356500e-01	2.668825e-01	-2.160025e-01	4.166896e+04
90001	399.952279	75.000000	-9.091788e-01	2.312700e-01	-3.316800e-01	2.501598e+04
90001	403.203924	75.000000	-8.549562e-01	1.858350e-01	-4.679950e-01	1.289481e+04
90001	406.508874	75.000000	-7.677213e-01	1.394025e-01	-6.078750e-01	7.498093e+03
90001	409.868452	75.000000	-6.301638e-01	9.455750e-02	-7.516200e-01	5.886233e+03
90001	413.284022	75.000000	-4.373525e-01	6.051750e-02	-8.749500e-01	6.227995e+03
90001	416.756997	75.000000	-1.860088e-01	4.798000e-02	-9.533900e-01	1.004514e+04
90001	420.288836	75.000000	7.629875e-02	6.383500e-02	-9.610150e-01	2.081958e+04
90001	423.881048	75.000000	3.275375e-01	1.093025e-01	-9.010725e-01	3.314060e+04
90001	427.535195	75.000000	5.217350e-01	1.670950e-01	-7.962050e-01	1.605896e+04
90001	431.252893	75.000000	6.670038e-01	2.294300e-01	-6.699600e-01	1.527636e+04
90001	435.035813	75.000000	7.688225e-01	2.937600e-01	-5.314525e-01	1.874502e+04
90001	438.885687	75.000000	8.311750e-01	3.492475e-01	-3.962850e-01	2.786624e+04
90001	442.804309	75.000000	8.632962e-01	3.925700e-01	-2.806750e-01	4.140602e+04
90001	446.793537	75.000000	8.778200e-01	4.232525e-01	-1.800425e-01	4.995651e+04
90001	450.855297	75.000000	8.818537e-01	4.474650e-01	-9.677250e-02	5.997155e+04
90001	454.991584	75.000000	8.784163e-01	4.644950e-01	-1.697750e-02	6.222187e+04
90001	459.204469	75.000000	8.715612e-01	4.736300e-01	5.413250e-02	6.649100e+04
90001	463.496099	75.000000	8.643200e-01	4.765300e-01	1.142050e-01	5.912402e+04
90001	467.868704	75.000000	8.574363e-01	4.808025e-01	1.666050e-01	7.886220e+04
90001	472.324597	75.000000	8.484937e-01	4.738725e-01	2.128725e-01	9.498738e+04
90001	476.866179	75.000000	8.397625e-01	4.655850e-01	2.590125e-01	1.034013e+05
90001	481.495948	75.000000	8.319350e-01	4.550650e-01	3.027300e-01	1.039571e+05
90001	486.216496	75.000000	8.241325e-01	4.421125e-01	3.401025e-01	1.567578e+05
90001	491.030521	75.000000	8.162725e-01	4.270375e-01	3.805450e-01	1.156306e+05
90001	495.940826	75.000000	8.065475e-01	4.080400e-01	4.172950e-01	1.329494e+05
90001	500.950330	75.000000	8.044813e-01	3.896350e-01	4.599225e-01	1.682945e+05
90001	506.062068	75.000000	7.938350e-01	3.671550e-01	4.971725e-01	1.809425e+05
90001	511.279202	75.000000	7.807388e-01	3.418650e-01	5.340075e-01	1.668228e+05
90001	516.605028	75.000000	7.638325e-01	3.144575e-01	5.722775e-01	1.543525e+05
90001	522.042975	75.000000	7.445225e-01	2.852250e-01	6.101400e-01	1.586142e+05
90001	527.596624	75.000000	7.233325e-01	2.565575e-01	6.463100e-01	1.762946e+05
90001	533.269706	75.000000	6.978337e-01	2.258075e-01	6.845450e-01	1.366562e+05
90001	539.066116	75.000000	6.664300e-01	1.935125e-01	7.230650e-01	1.271599e+05
90001	544.989919	75.000000	6.324313e-01	1.616650e-01	7.594325e-01	1.188928e+05
90001	551.045363	75.000000	5.949900e-01	1.317550e-01	7.930500e-01	1.170893e+05
90001	557.236884	75.000000	5.515425e-01	1.017900e-01	8.281075e-01	1.086995e+05
90001	563.569121	75.000000	5.026287e-01	7.333250e-02	8.591675e-01	8.620678e+04
90001	570.046927	75.000000	4.501750e-01	4.731250e-02	8.898800e-01	8.458826e+04
90001	576.675380	75.000000	3.919588e-01	2.314000e-02	9.169050e-01	8.118108e+04
90001	583.459796	75.000000	3.300700e-01	2.980000e-03	9.397225e-01	7.989128e+04
90001	590.405746	75.000000	2.655550e-01	-1.298000e-02	9.596175e-01	7.393371e+04
90001	597.519068	75.000000	1.959675e-01	-2.585500e-02	9.752050e-01	8.019704e+04
90001	604.805886	75.000000	1.243388e-01	-3.310500e-02	9.865800e-01	7.083842e+04
90001	612.272625	75.000000	5.380500e-02	-3.660000e-02	9.930600e-01	7.383226e+04
90001	619.926033	75.000000	-1.889625e-02	-3.382750e-02	9.937775e-01	6.361606e+04
90001	627.773198	75.000000	-8.902500e-02	-2.618500e-02	9.893375e-01	6.758780e+04
90001	635.821572	75.000000	-1.578875e-01	-1.457500e-02	9.806000e-01	6.808163e+04
90001	644.078995	75.000000	-2.242750e-01	9.100000e-04	9.679700e-01	7.202213e+04
90001	652.553719	75.000000	-2.854300e-01	2.011500e-02	9.506550e-01	8.681036e+04
90001	661.254435	75.000000	-3.455375e-01	4.335000e-02	9.296150e-01	8.241384e+04
90001	670.190306	75.000000	-3.989763e-01	6.817250e-02	9.063850e-01	8.816513e+04
90001	679.370995	75.000000	-4.497350e-01	9.517500e-02	8.793750e-01	9.121651e+04
90001	688.806703	75.000000	-4.943550e-01	1.248175e-01	8.516850e-01	1.015212e+05
90001	698.508206	75.000000	-5.357575e-01	1.553025e-01	8.210500e-01	1.079825e+05
90001	708.486895	75.000000	-5.717412e-01	1.844325e-01	7.895300e-01	1.196604e+05
90001	718.754821	75.000000	-6.043550e-01	2.150400e-01	7.580625e-01	1.343275e+05
90001	729.324745	75.000000	-6.331925e-01	2.455225e-01	7.247825e-01	1.206094e+05
90001	740.210189	75.000000	-6.569475e-01	2.743125e-01	6.930925e-01	1.192727e+05
90001	751.425495	75.000000	-6.781075e-01	3.014625e-01	6.594225e-01	1.639611e+05
90001	762.985887	75.000000	-6.986450e-01	3.310475e-01	6.228525e-01	1.739909e+05
90001	774.907541	75.000000	-7.133150e-01	3.527900e-01	5.906000e-01	1.779154e+05
90001	787.207661	75.000000	-7.283412e-01	3.784450e-01	5.530250e-01	9.688196e+04
90001	799.904559	75.000000	-7.412925e-01	4.028125e-01	5.186400e-01	1.812413e+05
90001	813.017748	75.000000	-7.528375e-01	4.217050e-01	4.850050e-01	1.264450e+05
90001	826.568044	75.000000	-7.642463e-01	4.438350e-01	4.488175e-01	1.470141e+05
90001	840.577672	75.000000	-7.776925e-01	4.535800e-01	4.230150e-01	2.746222e+05
90001	855.070390	75.000000	-7.822975e-01	4.710375e-01	3.666600e-01	1.954486e+05
90001	870.071625	75.000000	-7.923188e-01	4.889925e-01	3.272325e-01	1.484818e+05
90001	885.608619	75.000000	-8.086737e-01	5.176225e-01	3.001900e-01	2.477834e+05
90001	901.710593	75.000000	-8.188100e-01	5.296075e-01	2.467475e-01	2.269121e+05
90001	918.408938	75.000000	-8.249800e-01	5.416975e-01	2.017800e-01	2.100833e+05
90001	935.737408	75.000000	-8.303763e-01	5.497600e-01	1.394150e-01	2.434797e+05
90001	953.732358	75.000000	-8.337937e-01	5.578800e-01	8.122750e-02	1.625373e+05
90001	972.432993	75.000000	-8.334500e-01	5.614875e-01	1.037500e-02	1.819093e+05
90001	991.881653	75.000000	-8.255962e-01	5.661175e-01	-6.359250e-02	2.372304e+05
90001	1012.124136	75.000000	-8.002000e-01	5.590550e-01	-1.294050e-01	1.630412e+05
90001	1033.210055	75.000000	-7.021700e-01	5.099000e-01	-1.063375e-01	1.359092e+05
90001	1055.193248	75.000000	-5.231737e-01	4.080075e-01	6.945500e-02	2.221562e+05
90001	1078.132231	75.000000	-3.665975e-01	3.176050e-01	2.398975e-01	1.157321e+05
90001	1102.090725	75.000000	-2.666437e-01	2.682550e-01	3.272900e-01	1.290385e+05
90001	1127.138242	75.000000	-1.923612e-01	2.368925e-01	3.817425e-01	1.371383e+05
90001	1153.350759	75.000000	-1.295475e-01	2.169575e-01	4.089025e-01	1.431703e+05
90001	1180.811491	75.000000	-7.406375e-02	2.104550e-01	4.227550e-01	1.289868e+05
90001	1209.611772	75.000000	-1.819125e-02	2.062775e-01	4.279000e-01	1.669750e+05
90001	1239.852066	75.000000	3.700625e-02	2.076900e-01	4.269925e-01	1.420095e+05
90001	1271.643145	75.000000	9.021375e-02	2.140875e-01	4.268700e-01	1.076568e+05
90001	1305.107438	75.000000	1.419388e-01	2.231200e-01	4.340750e-01	7.234076e+04
90001	1340.380612	75.000000	1.912588e-01	2.368375e-01	4.352875e-01	6.290941e+04
90001	1377.613407	75.000000	2.363512e-01	2.567375e-01	4.377175e-01	1.194416e+05
90001	1416.973790	75.000000	2.822775e-01	2.659825e-01	4.484975e-01	7.178188e+04
90001	1458.649489	75.000000	3.144163e-01	2.803350e-01	4.479625e-01	9.939581e+04
90001	1502.850989	75.000000	3.515763e-01	2.991150e-01	4.619250e-01	1.025339e+05
90001	1549.815082	75.000000	3.790888e-01	3.131250e-01	4.666675e-01	8.506107e+04
90001	1599.809117	75.000000	4.066612e-01	3.265250e-01	4.854700e-01	6.713265e+04
90001	1653.136088	75.000000	4.288925e-01	3.420750e-01	4.946475e-01	6.297729e+04
90001	1710.140781	75.000000	4.490362e-01	3.492775e-01	5.076875e-01	1.313184e+05
90001	1771.217237	75.000000	4.641450e-01	3.559050e-01	5.142475e-01	1.403736e+05
90001	1836.817876	75.000000	4.745025e-01	3.879275e-01	5.280200e-01	6.048950e+04
90001	1907.464717	75.000000	4.868150e-01	3.673250e-01	5.424675e-01	2.902964e+04
90001	1983.763306	75.000000	4.975300e-01	3.626275e-01	5.459975e-01	3.281997e+04
90001	2066.420110	75.000000	5.029888e-01	3.704125e-01	5.632375e-01	3.624662e+04
