20001	190.000000	6.000000	0.256817	0.000000	0.000000	9.163002e+01
20001	191.000000	6.000000	0.235223	0.000000	0.000000	1.511960e+02
20001	192.000000	6.000000	0.227176	0.000000	0.000000	5.141921e+02
20001	193.000000	6.000000	0.220788	0.000000	0.000000	3.130358e+02
20001	194.000000	6.000000	0.204719	0.000000	0.000000	5.558646e+02
20001	195.000000	6.000000	0.190726	0.000000	0.000000	1.277161e+03
20001	196.000000	6.000000	0.135459	0.000000	0.000000	1.152931e+03
20001	197.000000	6.000000	0.115177	0.000000	0.000000	3.413583e+03
20001	198.000000	6.000000	0.092779	0.000000	0.000000	6.565501e+03
20001	199.000000	6.000000	0.090171	0.000000	0.000000	1.823534e+03
20001	200.000000	6.000000	0.098014	0.000000	0.000000	2.187917e+03
20001	201.000000	6.000000	0.080096	0.000000	0.000000	2.926452e+03
20001	202.000000	6.000000	0.069367	0.000000	0.000000	1.148980e+04
20001	203.000000	6.000000	0.048166	0.000000	0.000000	1.966969e+04
20001	204.000000	6.000000	0.033938	0.000000	0.000000	6.976227e+03
20001	205.000000	6.000000	0.012378	0.000000	0.000000	7.109803e+03
20001	206.000000	6.000000	0.005536	0.000000	0.000000	1.162188e+04
20001	207.000000	6.000000	0.001514	0.000000	0.000000	7.854797e+03
20001	208.000000	6.000000	0.010684	0.000000	0.000000	2.003573e+04
20001	209.000000	6.000000	0.039072	0.000000	0.000000	7.044953e+04
20001	210.000000	6.000000	0.046367	0.000000	0.000000	1.253083e+05
20001	211.000000	6.000000	0.065562	0.000000	0.000000	2.203113e+04
20001	212.000000	6.000000	0.077306	0.000000	0.000000	6.615734e+04
20001	213.000000	6.000000	0.098898	0.000000	0.000000	2.577337e+04
20001	214.000000	6.000000	0.124343	0.000000	0.000000	8.062041e+04
20001	215.000000	6.000000	0.150587	0.000000	0.000000	8.430070e+04
20001	216.000000	6.000000	0.182679	0.000000	0.000000	5.819623e+04
20001	217.000000	6.000000	0.209370	0.000000	0.000000	7.034905e+04
20001	218.000000	6.000000	0.236009	0.000000	0.000000	6.831830e+04
20001	219.000000	6.000000	0.258916	0.000000	0.000000	4.951056e+04
20001	220.000000	6.000000	0.281786	0.000000	0.000000	2.627277e+04
20001	221.000000	6.000000	0.301470	0.000000	0.000000	1.561624e+05
20001	222.000000	6.000000	0.316050	0.000000	0.000000	1.480566e+05
20001	223.000000	6.000000	0.331729	0.000000	0.000000	1.588812e+05
20001	224.000000	6.000000	0.343328	0.000000	0.000000	2.304328e+05
20001	225.000000	6.000000	0.351226	0.000000	0.000000	7.217753e+04
20001	226.000000	6.000000	0.360128	0.000000	0.000000	7.041472e+05
20001	227.000000	6.000000	0.366944	0.000000	0.000000	1.838179e+05
20001	228.000000	6.000000	0.367903	0.000000	0.000000	1.209881e+05
20001	229.000000	6.000000	0.369473	0.000000	0.000000	6.610376e+04
20001	230.000000	6.000000	0.369322	0.000000	0.000000	8.628992e+04
20001	231.000000	6.000000	0.368282	0.000000	0.000000	2.474865e+05
20001	232.000000	6.000000	0.365009	0.000000	0.000000	4.127597e+05
20001	233.000000	6.000000	0.360127	0.000000	0.000000	3.234782e+05
20001	234.000000	6.000000	0.353308	0.000000	0.000000	1.191382e+05
20001	235.000000	6.000000	0.345576	0.000000	0.000000	8.045798e+04
20001	236.000000	6.000000	0.336291	0.000000	0.000000	2.340559e+05
20001	237.000000	6.000000	0.325582	0.000000	0.000000	1.517006e+05
20001	238.000000	6.000000	0.314484	0.000000	0.000000	3.265359e+05
20001	239.000000	6.000000	0.301244	0.000000	0.000000	1.489015e+05
20001	240.000000	6.000000	0.287891	0.000000	0.000000	1.591084e+05
20001	241.000000	6.000000	0.273897	0.000000	0.000000	1.795685e+05
20001	242.000000	6.000000	0.258919	0.000000	0.000000	1.249410e+05
20001	243.000000	6.000000	0.245217	0.000000	0.000000	8.737578e+04
20001	244.000000	6.000000	0.232103	0.000000	0.000000	7.290194e+04
20001	245.000000	6.000000	0.218173	0.000000	0.000000	8.859104e+04
20001	246.000000	6.000000	0.205504	0.000000	0.000000	1.578441e+05
20001	247.000000	6.000000	0.194367	0.000000	0.000000	1.976950e+05
20001	248.000000	6.000000	0.182886	0.000000	0.000000	1.815747e+05
20001	249.000000	6.000000	0.175130	0.000000	0.000000	1.602532e+05
20001	250.000000	6.000000	0.168695	0.000000	0.000000	1.850310e+05
20001	251.000000	6.000000	0.164788	0.000000	0.000000	1.483237e+05
20001	252.000000	6.000000	0.163503	0.000000	0.000000	1.633946e+05
20001	253.000000	6.000000	0.167669	0.000000	0.000000	2.503872e+05
20001	254.000000	6.000000	0.171611	0.000000	0.000000	7.889991e+05
20001	255.000000	6.000000	0.178292	0.000000	0.000000	3.532025e+05
20001	256.000000	6.000000	0.189390	0.000000	0.000000	1.104004e+06
20001	257.000000	6.000000	0.200848	0.000000	0.000000	4.109358e+05
20001	258.000000	6.000000	0.216127	0.000000	0.000000	3.489847e+05
20001	259.000000	6.000000	0.233174	0.000000	0.000000	2.835954e+05
20001	260.000000	6.000000	0.251923	0.000000	0.000000	2.307361e+05
20001	261.000000	6.000000	0.270733	0.000000	0.000000	2.709243e+05
20001	262.000000	6.000000	0.290342	0.000000	0.000000	3.880182e+05
20001	263.000000	6.000000	0.310550	0.000000	0.000000	3.739015e+05
20001	264.000000	6.000000	0.331850	0.000000	0.000000	1.576996e+05
20001	265.000000	6.000000	0.351587	0.000000	0.000000	1.817683e+05
20001	266.000000	6.000000	0.370901	0.000000	0.000000	2.891740e+05
20001	267.000000	6.000000	0.388848	0.000000	0.000000	1.047414e+05
20001	268.000000	6.000000	0.407866	0.000000	0.000000	8.431235e+04
20001	269.000000	6.000000	0.425843	0.000000	0.000000	1.956577e+05
20001	270.000000	6.000000	0.442669	0.000000	0.000000	3.478503e+05
20001	271.000000	6.000000	0.458390	0.000000	0.000000	8.776959e+05
20001	272.000000	6.000000	0.472176	0.000000	0.000000	1.653466e+06
20001	273.000000	6.000000	0.486186	0.000000	0.000000	9.994989e+05
20001	274.000000	6.000000	0.498092	0.000000	0.000000	1.501348e+05
20001	275.000000	6.000000	0.508368	0.000000	0.000000	9.606940e+04
20001	276.000000	6.000000	0.518250	0.000000	0.000000	7.026658e+04
20001	277.000000	6.000000	0.527469	0.000000	0.000000	8.446098e+04
20001	278.000000	6.000000	0.536702	0.000000	0.000000	7.685265e+04
20001	279.000000	6.000000	0.545937	0.000000	0.000000	6.246839e+04
20001	280.000000	6.000000	0.551255	0.000000	0.000000	4.907582e+04
20001	281.000000	6.000000	0.555519	0.000000	0.000000	1.381615e+05
20001	282.000000	6.000000	0.562904	0.000000	0.000000	1.684914e+05
20001	283.000000	6.000000	0.567793	0.000000	0.000000	6.071138e+04
20001	284.000000	6.000000	0.569280	0.000000	0.000000	3.371876e+04
20001	285.000000	6.000000	0.573078	0.000000	0.000000	4.583103e+04
20001	286.000000	6.000000	0.573166	0.000000	0.000000	5.728002e+04
20001	287.000000	6.000000	0.574056	0.000000	0.000000	5.591006e+04
20001	288.000000	6.000000	0.573786	0.000000	0.000000	4.480492e+04
20001	289.000000	6.000000	0.574525	0.000000	0.000000	3.926644e+04
20001	290.000000	6.000000	0.574219	0.000000	0.000000	1.403501e+05
20001	291.000000	6.000000	0.569839	0.000000	0.000000	1.019311e+05
20001	292.000000	6.000000	0.568122	0.000000	0.000000	1.116919e+05
20001	293.000000	6.000000	0.563316	0.000000	0.000000	4.768147e+04
20001	294.000000	6.000000	0.557941	0.000000	0.000000	4.871471e+04
20001	295.000000	6.000000	0.553017	0.000000	0.000000	1.422908e+05
20001	296.000000	6.000000	0.547146	0.000000	0.000000	7.532580e+04
20001	297.000000	6.000000	0.541824	0.000000	0.000000	4.205857e+04
20001	298.000000	6.000000	0.535195	0.000000	0.000000	5.947747e+04
20001	299.000000	6.000000	0.528295	0.000000	0.000000	1.295923e+05
20001	300.000000	6.000000	0.520075	0.000000	0.000000	1.011805e+05
20001	301.000000	6.000000	0.513098	0.000000	0.000000	5.754771e+04
20001	302.000000	6.000000	0.504597	0.000000	0.000000	6.559167e+04
20001	303.000000	6.000000	0.495281	0.000000	0.000000	6.169672e+04
20001	304.000000	6.000000	0.487079	0.000000	0.000000	5.448711e+04
20001	305.000000	6.000000	0.477544	0.000000	0.000000	6.854530e+04
20001	306.000000	6.000000	0.469453	0.000000	0.000000	4.570038e+04
20001	307.000000	6.000000	0.460208	0.000000	0.000000	5.831777e+04
20001	308.000000	6.000000	0.449034	0.000000	0.000000	6.112336e+04
20001	309.000000	6.000000	0.439596	0.000000	0.000000	1.142000e+05
20001	310.000000	6.000000	0.430054	0.000000	0.000000	1.142393e+05
20001	311.000000	6.000000	0.418660	0.000000	0.000000	1.164371e+05
20001	312.000000	6.000000	0.406534	0.000000	0.000000	8.431779e+04
20001	313.000000	6.000000	0.395918	0.000000	0.000000	8.717775e+04
20001	314.000000	6.000000	0.385236	0.000000	0.000000	1.016177e+05
20001	315.000000	6.000000	0.373780	0.000000	0.000000	7.665305e+04
20001	316.000000	6.000000	0.362413	0.000000	0.000000	5.648874e+04
20001	317.000000	6.000000	0.352523	0.000000	0.000000	1.153162e+05
20001	318.000000	6.000000	0.341963	0.000000	0.000000	1.587635e+05
20001	319.000000	6.000000	0.330218	0.000000	0.000000	8.695245e+04
20001	320.000000	6.000000	0.320108	0.000000	0.000000	3.492786e+05
20001	321.000000	6.000000	0.311654	0.000000	0.000000	2.054066e+05
20001	322.000000	6.000000	0.302145	0.000000	0.000000	1.546017e+05
20001	323.000000	6.000000	0.292462	0.000000	0.000000	1.592438e+05
20001	324.000000	6.000000	0.282939	0.000000	0.000000	2.086055e+05
20001	325.000000	6.000000	0.273913	0.000000	0.000000	7.264418e+05
20001	326.000000	6.000000	0.264901	0.000000	0.000000	3.385364e+05
20001	327.000000	6.000000	0.257626	0.000000	0.000000	1.651363e+05
20001	328.000000	6.000000	0.249850	0.000000	0.000000	2.894710e+05
20001	329.000000	6.000000	0.245383	0.000000	0.000000	3.229324e+05
20001	330.000000	6.000000	0.238309	0.000000	0.000000	2.850076e+05
20001	331.000000	6.000000	0.232069	0.000000	0.000000	2.197797e+05
20001	332.000000	6.000000	0.229142	0.000000	0.000000	1.751458e+05
20001	333.000000	6.000000	0.227101	0.000000	0.000000	1.059881e+05
20001	334.000000	6.000000	0.223485	0.000000	0.000000	1.203930e+05
20001	335.000000	6.000000	0.219311	0.000000	0.000000	3.164812e+05
20001	336.000000	6.000000	0.217188	0.000000	0.000000	7.693435e+04
20001	337.000000	6.000000	0.216301	0.000000	0.000000	1.633420e+05
20001	338.000000	6.000000	0.215073	0.000000	0.000000	1.774320e+05
20001	339.000000	6.000000	0.215165	0.000000	0.000000	1.853798e+05
20001	340.000000	6.000000	0.216015	0.000000	0.000000	3.778362e+05
20001	341.000000	6.000000	0.217006	0.000000	0.000000	1.866049e+05
20001	342.000000	6.000000	0.218864	0.000000	0.000000	4.281766e+05
20001	343.000000	6.000000	0.221962	0.000000	0.000000	1.674900e+05
20001	344.000000	6.000000	0.224598	0.000000	0.000000	4.362261e+05
20001	345.000000	6.000000	0.227281	0.000000	0.000000	2.779887e+05
20001	346.000000	6.000000	0.232124	0.000000	0.000000	4.172259e+05
20001	347.000000	6.000000	0.236709	0.000000	0.000000	1.836247e+05
20001	348.000000	6.000000	0.238735	0.000000	0.000000	1.723909e+05
20001	349.000000	6.000000	0.244016	0.000000	0.000000	8.942135e+05
20001	350.000000	6.000000	0.250824	0.000000	0.000000	5.322398e+05
20001	351.000000	6.000000	0.256413	0.000000	0.000000	3.845838e+05
20001	352.000000	6.000000	0.261716	0.000000	0.000000	5.673595e+05
20001	353.000000	6.000000	0.268108	0.000000	0.000000	3.050399e+05
20001	354.000000	6.000000	0.274791	0.000000	0.000000	6.168097e+05
20001	355.000000	6.000000	0.280046	0.000000	0.000000	1.705031e+06
20001	356.000000	6.000000	0.286052	0.000000	0.000000	5.989119e+05
20001	357.000000	6.000000	0.294643	0.000000	0.000000	3.483802e+05
20001	358.000000	6.000000	0.302881	0.000000	0.000000	7.261938e+05
20001	359.000000	6.000000	0.309858	0.000000	0.000000	1.242860e+06
20001	360.000000	6.000000	0.316327	0.000000	0.000000	3.167219e+05
20001	361.000000	6.000000	0.323561	0.000000	0.000000	3.331700e+05
20001	362.000000	6.000000	0.330715	0.000000	0.000000	4.949878e+05
20001	363.000000	6.000000	0.337756	0.000000	0.000000	1.031785e+06
20001	364.000000	6.000000	0.345788	0.000000	0.000000	3.698858e+05
20001	365.000000	6.000000	0.352574	0.000000	0.000000	3.515020e+05
20001	366.000000	6.000000	0.359720	0.000000	0.000000	1.433925e+06
20001	367.000000	6.000000	0.366990	0.000000	0.000000	4.264411e+05
20001	368.000000	6.000000	0.372958	0.000000	0.000000	4.193790e+05
20001	369.000000	6.000000	0.379201	0.000000	0.000000	7.162177e+05
20001	370.000000	6.000000	0.386223	0.000000	0.000000	3.826377e+05
20001	371.000000	6.000000	0.392204	0.000000	0.000000	1.793025e+05
20001	372.000000	6.000000	0.398453	0.000000	0.000000	1.583939e+05
20001	373.000000	6.000000	0.404226	0.000000	0.000000	1.374260e+06
20001	374.000000	6.000000	0.408637	0.000000	0.000000	1.918050e+05
20001	375.000000	6.000000	0.413857	0.000000	0.000000	1.409491e+05
20001	376.000000	6.000000	0.417837	0.000000	0.000000	2.570557e+05
20001	377.000000	6.000000	0.421937	0.000000	0.000000	1.267852e+05
20001	378.000000	6.000000	0.427445	0.000000	0.000000	8.679949e+04
20001	379.000000	6.000000	0.429699	0.000000	0.000000	2.648618e+05
20001	380.000000	6.000000	0.431330	0.000000	0.000000	2.840770e+05
20001	381.000000	6.000000	0.434831	0.000000	0.000000	4.639751e+05
20001	382.000000	6.000000	0.437710	0.000000	0.000000	9.295388e+04
20001	383.000000	6.000000	0.439184	0.000000	0.000000	1.159304e+05
20001	384.000000	6.000000	0.440544	0.000000	0.000000	2.212617e+05
20001	385.000000	6.000000	0.444815	0.000000	0.000000	5.860149e+05
20001	386.000000	6.000000	0.444873	0.000000	0.000000	2.273579e+05
20001	387.000000	6.000000	0.445263	0.000000	0.000000	3.283505e+05
20001	388.000000	6.000000	0.447887	0.000000	0.000000	4.713564e+05
20001	389.000000	6.000000	0.448165	0.000000	0.000000	2.553083e+05
20001	390.000000	6.000000	0.448330	0.000000	0.000000	2.349269e+05
20001	391.000000	6.000000	0.449333	0.000000	0.000000	1.577857e+05
20001	392.000000	6.000000	0.450119	0.000000	0.000000	2.249754e+05
20001	393.000000	6.000000	0.450238	0.000000	0.000000	4.153926e+05
20001	394.000000	6.000000	0.450364	0.000000	0.000000	9.836836e+05
20001	395.000000	6.000000	0.450633	0.000000	0.000000	2.861562e+05
20001	396.000000	6.000000	0.450645	0.000000	0.000000	2.991638e+05
20001	397.000000	6.000000	0.449517	0.000000	0.000000	3.507821e+05
20001	398.000000	6.000000	0.450442	0.000000	0.000000	2.262860e+05
20001	399.000000	6.000000	0.450818	0.000000	0.000000	2.073177e+05
20001	400.000000	6.000000	0.449704	0.000000	0.000000	1.657672e+05
20001	401.000000	6.000000	0.449569	0.000000	0.000000	1.690456e+05
20001	402.000000	6.000000	0.449486	0.000000	0.000000	1.276639e+05
20001	403.000000	6.000000	0.449002	0.000000	0.000000	1.539223e+05
20001	404.000000	6.000000	0.447922	0.000000	0.000000	3.211735e+05
20001	405.000000	6.000000	0.447909	0.000000	0.000000	4.304741e+05
20001	406.000000	6.000000	0.446753	0.000000	0.000000	2.149290e+05
20001	407.000000	6.000000	0.445245	0.000000	0.000000	2.274603e+05
20001	408.000000	6.000000	0.444886	0.000000	0.000000	1.718222e+05
20001	409.000000	6.000000	0.444034	0.000000	0.000000	1.741755e+05
20001	410.000000	6.000000	0.442797	0.000000	0.000000	1.111620e+05
20001	411.000000	6.000000	0.441117	0.000000	0.000000	1.138185e+05
20001	412.000000	6.000000	0.440600	0.000000	0.000000	1.567232e+05
20001	413.000000	6.000000	0.439821	0.000000	0.000000	1.641536e+05
20001	414.000000	6.000000	0.437433	0.000000	0.000000	1.850835e+05
20001	415.000000	6.000000	0.434847	0.000000	0.000000	1.672700e+05
20001	416.000000	6.000000	0.433418	0.000000	0.000000	2.065583e+05
20001	417.000000	6.000000	0.432219	0.000000	0.000000	2.423298e+05
20001	418.000000	6.000000	0.430978	0.000000	0.000000	2.422842e+05
20001	419.000000	6.000000	0.429106	0.000000	0.000000	2.167204e+05
20001	420.000000	6.000000	0.427609	0.000000	0.000000	4.855126e+05
20001	421.000000	6.000000	0.425325	0.000000	0.000000	3.500346e+05
20001	422.000000	6.000000	0.422853	0.000000	0.000000	2.429679e+05
20001	423.000000	6.000000	0.420877	0.000000	0.000000	1.482247e+05
20001	424.000000	6.000000	0.418371	0.000000	0.000000	2.168103e+05
20001	425.000000	6.000000	0.416055	0.000000	0.000000	2.414677e+05
20001	426.000000	6.000000	0.414112	0.000000	0.000000	2.075984e+05
20001	427.000000	6.000000	0.412104	0.000000	0.000000	1.705357e+05
20001	428.000000	6.000000	0.410262	0.000000	0.000000	1.525089e+05
20001	429.000000	6.000000	0.407708	0.000000	0.000000	1.460143e+05
20001	430.000000	6.000000	0.405412	0.000000	0.000000	1.557041e+05
20001	431.000000	6.000000	0.402494	0.000000	0.000000	1.567945e+05
20001	432.000000	6.000000	0.399650	0.000000	0.000000	2.240677e+05
20001	433.000000	6.000000	0.396544	0.000000	0.000000	1.504402e+05
20001	434.000000	6.000000	0.393768	0.000000	0.000000	1.577478e+05
20001	435.000000	6.000000	0.391195	0.000000	0.000000	1.883978e+05
20001	436.000000	6.000000	0.388265	0.000000	0.000000	2.853928e+05
20001	437.000000	6.000000	0.385892	0.000000	0.000000	2.823405e+05
20001	438.000000	6.000000	0.382672	0.000000	0.000000	2.024562e+05
20001	439.000000	6.000000	0.379344	0.000000	0.000000	2.582262e+05
20001	440.000000	6.000000	0.376726	0.000000	0.000000	2.213685e+05
20001	441.000000	6.000000	0.373216	0.000000	0.000000	2.234727e+05
20001	442.000000	6.000000	0.369461	0.000000	0.000000	1.792389e+05
20001	443.000000	6.000000	0.366232	0.000000	0.000000	1.773591e+05
20001	444.000000	6.000000	0.363194	0.000000	0.000000	1.583970e+05
20001	445.000000	6.000000	0.359892	0.000000	0.000000	1.752737e+05
20001	446.000000	6.000000	0.356619	0.000000	0.000000	2.009098e+05
20001	447.000000	6.000000	0.353541	0.000000	0.000000	2.318587e+05
20001	448.000000	6.000000	0.350177	0.000000	0.000000	2.519378e+05
20001	449.000000	6.000000	0.346198	0.000000	0.000000	1.917881e+05
20001	450.000000	6.000000	0.342747	0.000000	0.000000	2.251816e+05
20001	451.000000	6.000000	0.339282	0.000000	0.000000	3.249967e+05
20001	452.000000	6.000000	0.335669	0.000000	0.000000	2.946246e+05
20001	453.000000	6.000000	0.331731	0.000000	0.000000	1.985332e+05
20001	454.000000	6.000000	0.328419	0.000000	0.000000	1.925300e+05
20001	455.000000	6.000000	0.325384	0.000000	0.000000	2.123509e+05
20001	456.000000	6.000000	0.321979	0.000000	0.000000	3.209916e+05
20001	457.000000	6.000000	0.317937	0.000000	0.000000	2.618851e+05
20001	458.000000	6.000000	0.313820	0.000000	0.000000	1.977346e+05
20001	459.000000	6.000000	0.310028	0.000000	0.000000	3.280044e+05
20001	460.000000	6.000000	0.306312	0.000000	0.000000	2.652032e+05
20001	461.000000	6.000000	0.303026	0.000000	0.000000	2.718840e+05
20001	462.000000	6.000000	0.299336	0.000000	0.000000	2.755563e+05
20001	463.000000	6.000000	0.295572	0.000000	0.000000	2.996457e+05
20001	464.000000	6.000000	0.291787	0.000000	0.000000	2.495030e+05
20001	465.000000	6.000000	0.287697	0.000000	0.000000	2.215882e+05
20001	466.000000	6.000000	0.283636	0.000000	0.000000	2.257332e+05
20001	467.000000	6.000000	0.279514	0.000000	0.000000	2.690220e+05
20001	468.000000	6.000000	0.275693	0.000000	0.000000	3.254522e+05
20001	469.000000	6.000000	0.271951	0.000000	0.000000	2.575166e+05
20001	470.000000	6.000000	0.268089	0.000000	0.000000	2.937890e+05
20001	471.000000	6.000000	0.264338	0.000000	0.000000	3.251392e+05
20001	472.000000	6.000000	0.260629	0.000000	0.000000	3.732782e+05
20001	473.000000	6.000000	0.256800	0.000000	0.000000	3.290746e+05
20001	474.000000	6.000000	0.252604	0.000000	0.000000	3.375464e+05
20001	475.000000	6.000000	0.248697	0.000000	0.000000	3.132326e+05
20001	476.000000	6.000000	0.244947	0.000000	0.000000	3.359652e+05
20001	477.000000	6.000000	0.241217	0.000000	0.000000	3.119991e+05
20001	478.000000	6.000000	0.237778	0.000000	0.000000	4.127661e+05
20001	479.000000	6.000000	0.233952	0.000000	0.000000	5.610564e+05
20001	480.000000	6.000000	0.229797	0.000000	0.000000	5.406012e+05
20001	481.000000	6.000000	0.226203	0.000000	0.000000	4.819223e+05
20001	482.000000	6.000000	0.222573	0.000000	0.000000	4.934248e+05
20001	483.000000	6.000000	0.218676	0.000000	0.000000	4.427529e+05
20001	484.000000	6.000000	0.214830	0.000000	0.000000	4.149086e+05
20001	485.000000	6.000000	0.211159	0.000000	0.000000	4.044033e+05
20001	486.000000	6.000000	0.207654	0.000000	0.000000	4.115527e+05
20001	487.000000	6.000000	0.204115	0.000000	0.000000	3.704796e+05
20001	488.000000	6.000000	0.200670	0.000000	0.000000	3.747473e+05
20001	489.000000	6.000000	0.197165	0.000000	0.000000	4.265190e+05
20001	490.000000	6.000000	0.193590	0.000000	0.000000	4.836880e+05
20001	491.000000	6.000000	0.190203	0.000000	0.000000	4.709377e+05
20001	492.000000	6.000000	0.186750	0.000000	0.000000	5.345325e+05
20001	493.000000	6.000000	0.183137	0.000000	0.000000	6.166626e+05
20001	494.000000	6.000000	0.179869	0.000000	0.000000	6.546709e+05
20001	495.000000	6.000000	0.176639	0.000000	0.000000	6.069962e+05
20001	496.000000	6.000000	0.173486	0.000000	0.000000	6.486922e+05
20001	497.000000	6.000000	0.170085	0.000000	0.000000	5.916839e+05
20001	498.000000	6.000000	0.166831	0.000000	0.000000	5.791932e+05
20001	499.000000	6.000000	0.163695	0.000000	0.000000	4.917135e+05
20001	500.000000	6.000000	0.160784	0.000000	0.000000	6.388921e+05
20001	501.000000	6.000000	0.157789	0.000000	0.000000	5.605721e+05
20001	502.000000	6.000000	0.154824	0.000000	0.000000	5.460213e+05
20001	503.000000	6.000000	0.151943	0.000000	0.000000	5.553176e+05
20001	504.000000	6.000000	0.149205	0.000000	0.000000	5.950356e+05
20001	505.000000	6.000000	0.146313	0.000000	0.000000	5.813896e+05
20001	506.000000	6.000000	0.143619	0.000000	0.000000	7.435751e+05
20001	507.000000	6.000000	0.140979	0.000000	0.000000	7.154545e+05
20001	508.000000	6.000000	0.138406	0.000000	0.000000	7.851043e+05
20001	509.000000	6.000000	0.135814	0.000000	0.000000	1.077909e+06
20001	510.000000	6.000000	0.133352	0.000000	0.000000	8.930156e+05
20001	511.000000	6.000000	0.130877	0.000000	0.000000	1.117459e+06
20001	512.000000	6.000000	0.128813	0.000000	0.000000	9.182746e+05
20001	513.000000	6.000000	0.126485	0.000000	0.000000	8.229568e+05
20001	514.000000	6.000000	0.124213	0.000000	0.000000	1.016653e+06
20001	515.000000	6.000000	0.122027	0.000000	0.000000	1.164369e+06
20001	516.000000	6.000000	0.119908	0.000000	0.000000	1.441692e+06
20001	517.000000	6.000000	0.117999	0.000000	0.000000	1.252821e+06
20001	518.000000	6.000000	0.116076	0.000000	0.000000	1.224921e+06
20001	519.000000	6.000000	0.114303	0.000000	0.000000	1.324220e+06
20001	520.000000	6.000000	0.112369	0.000000	0.000000	1.202251e+06
20001	521.000000	6.000000	0.110743	0.000000	0.000000	1.311533e+06
20001	522.000000	6.000000	0.109100	0.000000	0.000000	1.285341e+06
20001	523.000000	6.000000	0.107498	0.000000	0.000000	1.453324e+06
20001	524.000000	6.000000	0.106025	0.000000	0.000000	1.212038e+06
20001	525.000000	6.000000	0.104394	0.000000	0.000000	1.710834e+06
20001	526.000000	6.000000	0.103024	0.000000	0.000000	1.531856e+06
20001	527.000000	6.000000	0.101777	0.000000	0.000000	1.525244e+06
20001	528.000000	6.000000	0.100630	0.000000	0.000000	1.913413e+06
20001	529.000000	6.000000	0.099461	0.000000	0.000000	1.793523e+06
20001	530.000000	6.000000	0.098436	0.000000	0.000000	1.880774e+06
20001	531.000000	6.000000	0.097419	0.000000	0.000000	2.495604e+06
20001	532.000000	6.000000	0.096332	0.000000	0.000000	2.121830e+06
20001	533.000000	6.000000	0.095424	0.000000	0.000000	2.208892e+06
20001	534.000000	6.000000	0.094655	0.000000	0.000000	2.690177e+06
20001	535.000000	6.000000	0.093843	0.000000	0.000000	2.380994e+06
20001	536.000000	6.000000	0.093242	0.000000	0.000000	2.862188e+06
20001	537.000000	6.000000	0.092756	0.000000	0.000000	2.893026e+06
20001	538.000000	6.000000	0.092244	0.000000	0.000000	3.074216e+06
20001	539.000000	6.000000	0.091696	0.000000	0.000000	3.268442e+06
20001	540.000000	6.000000	0.091265	0.000000	0.000000	3.391546e+06
20001	541.000000	6.000000	0.090901	0.000000	0.000000	3.386313e+06
20001	542.000000	6.000000	0.090615	0.000000	0.000000	2.558788e+06
20001	543.000000	6.000000	0.090328	0.000000	0.000000	2.688605e+06
20001	544.000000	6.000000	0.090224	0.000000	0.000000	2.342244e+06
20001	545.000000	6.000000	0.090332	0.000000	0.000000	3.245279e+06
20001	546.000000	6.000000	0.090269	0.000000	0.000000	3.997536e+06
20001	547.000000	6.000000	0.090323	0.000000	0.000000	6.093415e+06
20001	548.000000	6.000000	0.090352	0.000000	0.000000	3.739176e+06
20001	549.000000	6.000000	0.090193	0.000000	0.000000	3.966041e+06
20001	550.000000	6.000000	0.090549	0.000000	0.000000	5.052099e+06
20001	551.000000	6.000000	0.090819	0.000000	0.000000	4.587805e+06
20001	552.000000	6.000000	0.090977	0.000000	0.000000	4.096884e+06
20001	553.000000	6.000000	0.091297	0.000000	0.000000	4.105104e+06
20001	554.000000	6.000000	0.091883	0.000000	0.000000	4.756756e+06
20001	555.000000	6.000000	0.092340	0.000000	0.000000	4.381768e+06
20001	556.000000	6.000000	0.092795	0.000000	0.000000	3.703898e+06
20001	557.000000	6.000000	0.093422	0.000000	0.000000	3.675330e+06
20001	558.000000	6.000000	0.094020	0.000000	0.000000	4.696598e+06
20001	559.000000	6.000000	0.094595	0.000000	0.000000	5.265989e+06
20001	560.000000	6.000000	0.095273	0.000000	0.000000	3.758276e+06
20001	561.000000	6.000000	0.096061	0.000000	0.000000	4.205527e+06
20001	562.000000	6.000000	0.096795	0.000000	0.000000	5.543463e+06
20001	563.000000	6.000000	0.097613	0.000000	0.000000	4.377421e+06
20001	564.000000	6.000000	0.098608	0.000000	0.000000	4.552597e+06
20001	565.000000	6.000000	0.099388	0.000000	0.000000	4.060840e+06
20001	566.000000	6.000000	0.100271	0.000000	0.000000	4.001833e+06
20001	567.000000	6.000000	0.101304	0.000000	0.000000	4.190212e+06
20001	568.000000	6.000000	0.102222	0.000000	0.000000	2.869019e+06
20001	569.000000	6.000000	0.103314	0.000000	0.000000	2.972876e+06
20001	570.000000	6.000000	0.104445	0.000000	0.000000	3.931380e+06
20001	571.000000	6.000000	0.105481	0.000000	0.000000	5.183319e+06
20001	572.000000	6.000000	0.106541	0.000000	0.000000	2.900078e+06
20001	573.000000	6.000000	0.107790	0.000000	0.000000	2.633766e+06
20001	574.000000	6.000000	0.108911	0.000000	0.000000	3.264704e+06
20001	575.000000	6.000000	0.109970	0.000000	0.000000	4.892177e+06
20001	576.000000	6.000000	0.111304	0.000000	0.000000	4.157091e+06
20001	577.000000	6.000000	0.112708	0.000000	0.000000	3.172850e+06
20001	578.000000	6.000000	0.113970	0.000000	0.000000	3.212847e+06
20001	579.000000	6.000000	0.115350	0.000000	0.000000	2.959476e+06
20001	580.000000	6.000000	0.116700	0.000000	0.000000	2.160162e+06
20001	581.000000	6.000000	0.118016	0.000000	0.000000	4.110517e+06
20001	582.000000	6.000000	0.119416	0.000000	0.000000	5.238188e+06
20001	583.000000	6.000000	0.120894	0.000000	0.000000	3.208515e+06
20001	584.000000	6.000000	0.122214	0.000000	0.000000	2.718788e+06
20001	585.000000	6.000000	0.123868	0.000000	0.000000	2.602637e+06
20001	586.000000	6.000000	0.125358	0.000000	0.000000	3.827082e+06
20001	587.000000	6.000000	0.126910	0.000000	0.000000	3.414972e+06
20001	588.000000	6.000000	0.128346	0.000000	0.000000	3.180192e+06
20001	589.000000	6.000000	0.129781	0.000000	0.000000	4.281142e+06
20001	590.000000	6.000000	0.131351	0.000000	0.000000	3.535708e+06
20001	591.000000	6.000000	0.132755	0.000000	0.000000	2.360200e+06
20001	592.000000	6.000000	0.134339	0.000000	0.000000	2.310102e+06
20001	593.000000	6.000000	0.135914	0.000000	0.000000	2.714268e+06
20001	594.000000	6.000000	0.137531	0.000000	0.000000	2.886662e+06
20001	595.000000	6.000000	0.139286	0.000000	0.000000	3.098603e+06
20001	596.000000	6.000000	0.140794	0.000000	0.000000	2.429140e+06
20001	597.000000	6.000000	0.142574	0.000000	0.000000	4.079909e+06
20001	598.000000	6.000000	0.144028	0.000000	0.000000	4.911638e+06
20001	599.000000	6.000000	0.145596	0.000000	0.000000	5.280159e+06
20001	600.000000	6.000000	0.147365	0.000000	0.000000	2.244720e+06
20001	601.000000	6.000000	0.148842	0.000000	0.000000	2.248593e+06
20001	602.000000	6.000000	0.150473	0.000000	0.000000	2.880350e+06
20001	603.000000	6.000000	0.152066	0.000000	0.000000	2.330408e+06
20001	604.000000	6.000000	0.153833	0.000000	0.000000	1.439641e+06
20001	605.000000	6.000000	0.155443	0.000000	0.000000	1.426351e+06
20001	606.000000	6.000000	0.157137	0.000000	0.000000	1.751555e+06
20001	607.000000	6.000000	0.158897	0.000000	0.000000	1.713523e+06
20001	608.000000	6.000000	0.160682	0.000000	0.000000	1.504248e+06
20001	609.000000	6.000000	0.162417	0.000000	0.000000	1.735834e+06
20001	610.000000	6.000000	0.163878	0.000000	0.000000	2.328066e+06
20001	611.000000	6.000000	0.165521	0.000000	0.000000	1.735651e+06
20001	612.000000	6.000000	0.167169	0.000000	0.000000	1.302843e+06
20001	613.000000	6.000000	0.168866	0.000000	0.000000	2.312691e+06
20001	614.000000	6.000000	0.170488	0.000000	0.000000	2.075848e+06
20001	615.000000	6.000000	0.172043	0.000000	0.000000	1.571771e+06
20001	616.000000	6.000000	0.173621	0.000000	0.000000	1.341948e+06
20001	617.000000	6.000000	0.175293	0.000000	0.000000	1.605467e+06
20001	618.000000	6.000000	0.176969	0.000000	0.000000	1.509518e+06
20001	619.000000	6.000000	0.178719	0.000000	0.000000	1.023307e+06
20001	620.000000	6.000000	0.180403	0.000000	0.000000	1.219762e+06
20001	621.000000	6.000000	0.181906	0.000000	0.000000	1.728749e+06
20001	622.000000	6.000000	0.183585	0.000000	0.000000	1.326294e+06
20001	623.000000	6.000000	0.185247	0.000000	0.000000	8.940339e+05
20001	624.000000	6.000000	0.186794	0.000000	0.000000	1.136323e+06
20001	625.000000	6.000000	0.188370	0.000000	0.000000	1.123675e+06
20001	626.000000	6.000000	0.189927	0.000000	0.000000	1.274688e+06
20001	627.000000	6.000000	0.191494	0.000000	0.000000	1.019921e+06
20001	628.000000	6.000000	0.193208	0.000000	0.000000	2.193385e+06
20001	629.000000	6.000000	0.195081	0.000000	0.000000	1.839982e+06
20001	630.000000	6.000000	0.196523	0.000000	0.000000	1.191711e+06
20001	631.000000	6.000000	0.198104	0.000000	0.000000	9.521418e+05
20001	632.000000	6.000000	0.199650	0.000000	0.000000	9.935021e+05
20001	633.000000	6.000000	0.201121	0.000000	0.000000	7.809436e+05
20001	634.000000	6.000000	0.202990	0.000000	0.000000	4.821727e+05
20001	635.000000	6.000000	0.204296	0.000000	0.000000	4.720620e+05
20001	636.000000	6.000000	0.205643	0.000000	0.000000	1.622011e+06
20001	637.000000	6.000000	0.207231	0.000000	0.000000	6.055705e+05
20001	638.000000	6.000000	0.208831	0.000000	0.000000	6.105934e+05
20001	639.000000	6.000000	0.210744	0.000000	0.000000	8.073413e+05
20001	640.000000	6.000000	0.212071	0.000000	0.000000	8.345585e+05
20001	641.000000	6.000000	0.213429	0.000000	0.000000	9.694712e+05
20001	642.000000	6.000000	0.214820	0.000000	0.000000	1.386870e+06
20001	643.000000	6.000000	0.216813	0.000000	0.000000	7.516945e+05
20001	644.000000	6.000000	0.218103	0.000000	0.000000	7.153156e+05
20001	645.000000	6.000000	0.219247	0.000000	0.000000	6.598231e+05
20001	646.000000	6.000000	0.220494	0.000000	0.000000	9.453966e+05
20001	647.000000	6.000000	0.221961	0.000000	0.000000	1.093274e+06
20001	648.000000	6.000000	0.223786	0.000000	0.000000	2.502462e+06
20001	649.000000	6.000000	0.225388	0.000000	0.000000	1.071179e+06
20001	650.000000	6.000000	0.226976	0.000000	0.000000	1.021035e+06
20001	651.000000	6.000000	0.228045	0.000000	0.000000	1.261740e+06
20001	652.000000	6.000000	0.229670	0.000000	0.000000	8.255073e+05
20001	653.000000	6.000000	0.230965	0.000000	0.000000	1.015885e+06
20001	654.000000	6.000000	0.231751	0.000000	0.000000	1.302775e+06
20001	655.000000	6.000000	0.232990	0.000000	0.000000	7.525694e+05
20001	656.000000	6.000000	0.234441	0.000000	0.000000	6.511793e+05
20001	657.000000	6.000000	0.235607	0.000000	0.000000	7.467877e+05
20001	658.000000	6.000000	0.236785	0.000000	0.000000	1.022672e+06
20001	659.000000	6.000000	0.238204	0.000000	0.000000	1.580872e+06
20001	660.000000	6.000000	0.239771	0.000000	0.000000	6.893878e+05
20001	661.000000	6.000000	0.240811	0.000000	0.000000	6.668966e+05
20001	662.000000	6.000000	0.241943	0.000000	0.000000	7.636157e+05
20001	663.000000	6.000000	0.243710	0.000000	0.000000	7.567329e+05
20001	664.000000	6.000000	0.245085	0.000000	0.000000	8.985788e+05
20001	665.000000	6.000000	0.245880	0.000000	0.000000	7.322647e+05
20001	666.000000	6.000000	0.247140	0.000000	0.000000	7.217810e+05
20001	667.000000	6.000000	0.248720	0.000000	0.000000	6.295073e+05
20001	668.000000	6.000000	0.249927	0.000000	0.000000	3.486126e+05
20001	669.000000	6.000000	0.251009	0.000000	0.000000	8.138672e+05
20001	670.000000	6.000000	0.252163	0.000000	0.000000	8.868875e+05
20001	671.000000	6.000000	0.253446	0.000000	0.000000	6.536194e+05
20001	672.000000	6.000000	0.254198	0.000000	0.000000	5.746964e+05
20001	673.000000	6.000000	0.255259	0.000000	0.000000	7.101771e+05
20001	674.000000	6.000000	0.256553	0.000000	0.000000	5.682978e+05
20001	675.000000	6.000000	0.258148	0.000000	0.000000	4.757810e+05
20001	676.000000	6.000000	0.259158	0.000000	0.000000	7.327917e+05
20001	677.000000	6.000000	0.260253	0.000000	0.000000	6.212939e+05
20001	678.000000	6.000000	0.261587	0.000000	0.000000	6.132450e+05
20001	679.000000	6.000000	0.262420	0.000000	0.000000	7.784637e+05
20001	680.000000	6.000000	0.263154	0.000000	0.000000	9.304327e+05
20001	681.000000	6.000000	0.264357	0.000000	0.000000	1.277758e+06
20001	682.000000	6.000000	0.265488	0.000000	0.000000	7.904648e+05
20001	683.000000	6.000000	0.266618	0.000000	0.000000	8.593589e+05
20001	684.000000	6.000000	0.267944	0.000000	0.000000	1.200941e+06
20001	685.000000	6.000000	0.268841	0.000000	0.000000	6.125462e+05
20001	686.000000	6.000000	0.269465	0.000000	0.000000	5.794598e+05
20001	687.000000	6.000000	0.270458	0.000000	0.000000	7.514158e+05
20001	688.000000	6.000000	0.271665	0.000000	0.000000	6.809766e+05
20001	689.000000	6.000000	0.272448	0.000000	0.000000	8.532019e+05
20001	690.000000	6.000000	0.273128	0.000000	0.000000	5.292926e+05
20001	691.000000	6.000000	0.274223	0.000000	0.000000	6.664705e+05
20001	692.000000	6.000000	0.275423	0.000000	0.000000	5.854038e+05
20001	693.000000	6.000000	0.276171	0.000000	0.000000	1.168300e+06
20001	694.000000	6.000000	0.276902	0.000000	0.000000	1.458540e+06
20001	695.000000	6.000000	0.278038	0.000000	0.000000	1.143441e+06
20001	696.000000	6.000000	0.279056	0.000000	0.000000	8.836597e+05
20001	697.000000	6.000000	0.279533	0.000000	0.000000	6.250491e+05
20001	698.000000	6.000000	0.280410	0.000000	0.000000	4.669886e+05
20001	699.000000	6.000000	0.281618	0.000000	0.000000	4.062692e+05
20001	700.000000	6.000000	0.282078	0.000000	0.000000	4.151335e+05
20001	701.000000	6.000000	0.282969	0.000000	0.000000	4.200886e+05
20001	702.000000	6.000000	0.284205	0.000000	0.000000	4.897350e+05
20001	703.000000	6.000000	0.284904	0.000000	0.000000	9.465827e+05
20001	704.000000	6.000000	0.285476	0.000000	0.000000	8.849100e+05
20001	705.000000	6.000000	0.286385	0.000000	0.000000	4.906593e+05
20001	706.000000	6.000000	0.287149	0.000000	0.000000	4.086846e+05
20001	707.000000	6.000000	0.287650	0.000000	0.000000	4.075072e+05
20001	708.000000	6.000000	0.287909	0.000000	0.000000	5.547946e+05
20001	709.000000	6.000000	0.289350	0.000000	0.000000	3.971809e+05
20001	710.000000	6.000000	0.290332	0.000000	0.000000	4.047251e+05
20001	711.000000	6.000000	0.290867	0.000000	0.000000	3.408357e+05
20001	712.000000	6.000000	0.292052	0.000000	0.000000	2.823838e+05
20001	713.000000	6.000000	0.292854	0.000000	0.000000	3.323110e+05
20001	714.000000	6.000000	0.293247	0.000000	0.000000	4.485008e+05
20001	715.000000	6.000000	0.293882	0.000000	0.000000	9.637904e+05
20001	716.000000	6.000000	0.294342	0.000000	0.000000	1.216742e+06
20001	717.000000	6.000000	0.295250	0.000000	0.000000	4.944807e+05
20001	718.000000	6.000000	0.295879	0.000000	0.000000	4.024146e+05
20001	719.000000	6.000000	0.296743	0.000000	0.000000	3.327322e+05
20001	720.000000	6.000000	0.297421	0.000000	0.000000	2.766124e+05
20001	721.000000	6.000000	0.297563	0.000000	0.000000	2.863518e+05
20001	722.000000	6.000000	0.298157	0.000000	0.000000	5.169119e+05
20001	723.000000	6.000000	0.298912	0.000000	0.000000	6.392982e+05
20001	724.000000	6.000000	0.299043	0.000000	0.000000	7.053828e+05
20001	725.000000	6.000000	0.299635	0.000000	0.000000	4.071621e+05
20001	726.000000	6.000000	0.300458	0.000000	0.000000	3.359882e+05
20001	727.000000	6.000000	0.300921	0.000000	0.000000	3.642444e+05
20001	728.000000	6.000000	0.301425	0.000000	0.000000	9.236688e+05
20001	729.000000	6.000000	0.302292	0.000000	0.000000	9.397175e+05
20001	730.000000	6.000000	0.302769	0.000000	0.000000	5.002008e+05
20001	731.000000	6.000000	0.302868	0.000000	0.000000	2.697971e+05
20001	732.000000	6.000000	0.303365	0.000000	0.000000	3.261111e+05
20001	733.000000	6.000000	0.303945	0.000000	0.000000	3.320348e+05
20001	734.000000	6.000000	0.304581	0.000000	0.000000	2.486477e+05
20001	735.000000	6.000000	0.305127	0.000000	0.000000	3.288283e+05
20001	736.000000	6.000000	0.306077	0.000000	0.000000	3.741857e+05
20001	737.000000	6.000000	0.306842	0.000000	0.000000	4.587144e+05
20001	738.000000	6.000000	0.307510	0.000000	0.000000	4.022935e+05
20001	739.000000	6.000000	0.307358	0.000000	0.000000	4.367668e+05
20001	740.000000	6.000000	0.307801	0.000000	0.000000	3.624904e+05
20001	741.000000	6.000000	0.308084	0.000000	0.000000	3.058448e+05
20001	742.000000	6.000000	0.307700	0.000000	0.000000	2.585344e+05
20001	743.000000	6.000000	0.308195	0.000000	0.000000	1.897033e+05
20001	744.000000	6.000000	0.309181	0.000000	0.000000	3.201739e+05
20001	745.000000	6.000000	0.309965	0.000000	0.000000	5.357151e+05
20001	746.000000	6.000000	0.310289	0.000000	0.000000	2.701399e+05
20001	747.000000	6.000000	0.310985	0.000000	0.000000	2.316601e+05
20001	748.000000	6.000000	0.311036	0.000000	0.000000	2.411498e+05
20001	749.000000	6.000000	0.310962	0.000000	0.000000	2.504756e+05
20001	750.000000	6.000000	0.311286	0.000000	0.000000	2.804995e+05
20001	751.000000	6.000000	0.311402	0.000000	0.000000	3.093240e+05
20001	752.000000	6.000000	0.311583	0.000000	0.000000	3.593088e+05
20001	753.000000	6.000000	0.312406	0.000000	0.000000	3.236383e+05
20001	754.000000	6.000000	0.313080	0.000000	0.000000	2.921756e+05
20001	755.000000	6.000000	0.314381	0.000000	0.000000	2.322085e+05
20001	756.000000	6.000000	0.313336	0.000000	0.000000	1.563459e+05
20001	757.000000	6.000000	0.313108	0.000000	0.000000	1.855600e+05
20001	758.000000	6.000000	0.314493	0.000000	0.000000	3.040411e+05
20001	759.000000	6.000000	0.314243	0.000000	0.000000	3.090080e+05
20001	760.000000	6.000000	0.314281	0.000000	0.000000	2.957571e+05
20001	761.000000	6.000000	0.314577	0.000000	0.000000	1.785466e+05
20001	762.000000	6.000000	0.314956	0.000000	0.000000	2.615660e+05
20001	763.000000	6.000000	0.315585	0.000000	0.000000	2.578380e+05
20001	764.000000	6.000000	0.316134	0.000000	0.000000	1.645406e+05
20001	765.000000	6.000000	0.316796	0.000000	0.000000	3.433542e+05
20001	766.000000	6.000000	0.316435	0.000000	0.000000	2.174702e+05
20001	767.000000	6.000000	0.316212	0.000000	0.000000	1.672687e+05
20001	768.000000	6.000000	0.315922	0.000000	0.000000	2.994940e+05
20001	769.000000	6.000000	0.316055	0.000000	0.000000	2.209500e+05
20001	770.000000	6.000000	0.316506	0.000000	0.000000	2.798684e+05
20001	771.000000	6.000000	0.317024	0.000000	0.000000	5.536856e+05
20001	772.000000	6.000000	0.317134	0.000000	0.000000	2.094518e+05
20001	773.000000	6.000000	0.317277	0.000000	0.000000	1.856167e+05
20001	774.000000	6.000000	0.317381	0.000000	0.000000	3.032039e+05
20001	775.000000	6.000000	0.317636	0.000000	0.000000	2.626461e+05
20001	776.000000	6.000000	0.317822	0.000000	0.000000	4.472723e+05
20001	777.000000	6.000000	0.318103	0.000000	0.000000	4.705079e+05
20001	778.000000	6.000000	0.318531	0.000000	0.000000	2.937563e+05
20001	779.000000	6.000000	0.318682	0.000000	0.000000	1.983937e+05
20001	780.000000	6.000000	0.318822	0.000000	0.000000	3.034105e+05
20001	781.000000	6.000000	0.318689	0.000000	0.000000	2.422616e+05
20001	782.000000	6.000000	0.318556	0.000000	0.000000	4.491806e+05
20001	783.000000	6.000000	0.318124	0.000000	0.000000	1.024095e+06
20001	784.000000	6.000000	0.317779	0.000000	0.000000	5.336871e+05
20001	785.000000	6.000000	0.317903	0.000000	0.000000	2.761718e+05
20001	786.000000	6.000000	0.318757	0.000000	0.000000	1.560459e+05
20001	787.000000	6.000000	0.318574	0.000000	0.000000	1.610439e+05
20001	788.000000	6.000000	0.318825	0.000000	0.000000	1.799925e+05
20001	789.000000	6.000000	0.319191	0.000000	0.000000	2.176787e+05
20001	790.000000	6.000000	0.319202	0.000000	0.000000	2.822242e+05
20001	791.000000	6.000000	0.319721	0.000000	0.000000	3.013674e+05
20001	792.000000	6.000000	0.320057	0.000000	0.000000	3.277692e+05
20001	793.000000	6.000000	0.319632	0.000000	0.000000	4.096117e+05
20001	794.000000	6.000000	0.319324	0.000000	0.000000	2.699441e+05
20001	795.000000	6.000000	0.319523	0.000000	0.000000	1.438976e+05
20001	796.000000	6.000000	0.318776	0.000000	0.000000	3.307774e+05
20001	797.000000	6.000000	0.319185	0.000000	0.000000	8.717879e+05
20001	798.000000	6.000000	0.319905	0.000000	0.000000	4.216121e+05
20001	799.000000	6.000000	0.320862	0.000000	0.000000	3.007554e+05
20001	800.000000	6.000000	0.320558	0.000000	0.000000	1.202515e+05
20001	801.000000	6.000000	0.319219	0.000000	0.000000	2.556491e+05
20001	802.000000	6.000000	0.319302	0.000000	0.000000	3.136070e+05
20001	803.000000	6.000000	0.319198	0.000000	0.000000	1.522782e+05
20001	804.000000	6.000000	0.318740	0.000000	0.000000	2.633936e+05
20001	805.000000	6.000000	0.319230	0.000000	0.000000	2.109583e+05
20001	806.000000	6.000000	0.320371	0.000000	0.000000	1.866465e+05
20001	807.000000	6.000000	0.320199	0.000000	0.000000	3.781986e+05
20001	808.000000	6.000000	0.318590	0.000000	0.000000	2.973869e+05
20001	809.000000	6.000000	0.318911	0.000000	0.000000	2.606088e+05
20001	810.000000	6.000000	0.319000	0.000000	0.000000	1.751852e+05
20001	811.000000	6.000000	0.319183	0.000000	0.000000	1.810471e+05
20001	812.000000	6.000000	0.319429	0.000000	0.000000	1.362941e+05
20001	813.000000	6.000000	0.318851	0.000000	0.000000	2.115990e+05
20001	814.000000	6.000000	0.319653	0.000000	0.000000	1.423738e+05
20001	815.000000	6.000000	0.319045	0.000000	0.000000	2.243468e+05
20001	816.000000	6.000000	0.318870	0.000000	0.000000	3.319271e+05
20001	817.000000	6.000000	0.319430	0.000000	0.000000	4.110676e+05
20001	818.000000	6.000000	0.319260	0.000000	0.000000	5.077793e+05
20001	819.000000	6.000000	0.318329	0.000000	0.000000	3.017336e+05
20001	820.000000	6.000000	0.318114	0.000000	0.000000	2.283654e+05
20001	821.000000	6.000000	0.317760	0.000000	0.000000	2.196704e+05
20001	822.000000	6.000000	0.317255	0.000000	0.000000	1.991071e+05
20001	823.000000	6.000000	0.318288	0.000000	0.000000	2.575638e+05
20001	824.000000	6.000000	0.318281	0.000000	0.000000	2.177296e+05
20001	825.000000	6.000000	0.318568	0.000000	0.000000	1.588988e+05
20001	826.000000	6.000000	0.318008	0.000000	0.000000	1.664542e+05
20001	827.000000	6.000000	0.317941	0.000000	0.000000	1.434819e+05
20001	828.000000	6.000000	0.318652	0.000000	0.000000	1.248198e+05
20001	829.000000	6.000000	0.317618	0.000000	0.000000	2.518673e+05
20001	830.000000	6.000000	0.316518	0.000000	0.000000	3.219221e+05
20001	831.000000	6.000000	0.317553	0.000000	0.000000	2.475611e+05
20001	832.000000	6.000000	0.317238	0.000000	0.000000	1.804567e+05
20001	833.000000	6.000000	0.315754	0.000000	0.000000	8.775846e+04
20001	834.000000	6.000000	0.315269	0.000000	0.000000	6.017655e+04
20001	835.000000	6.000000	0.316108	0.000000	0.000000	7.780830e+04
20001	836.000000	6.000000	0.316128	0.000000	0.000000	1.399503e+05
20001	837.000000	6.000000	0.315584	0.000000	0.000000	1.939075e+05
20001	838.000000	6.000000	0.316020	0.000000	0.000000	1.800573e+05
20001	839.000000	6.000000	0.315393	0.000000	0.000000	1.087839e+05
20001	840.000000	6.000000	0.315397	0.000000	0.000000	5.408640e+04
20001	841.000000	6.000000	0.315119	0.000000	0.000000	1.216115e+05
20001	842.000000	6.000000	0.315378	0.000000	0.000000	1.700425e+05
20001	843.000000	6.000000	0.315922	0.000000	0.000000	1.205929e+05
20001	844.000000	6.000000	0.314421	0.000000	0.000000	1.625184e+05
20001	845.000000	6.000000	0.314574	0.000000	0.000000	1.179224e+05
20001	846.000000	6.000000	0.314674	0.000000	0.000000	7.093722e+04
20001	847.000000	6.000000	0.313191	0.000000	0.000000	9.110356e+04
20001	848.000000	6.000000	0.312835	0.000000	0.000000	8.595155e+04
20001	849.000000	6.000000	0.313781	0.000000	0.000000	7.357240e+04
20001	850.000000	6.000000	0.313081	0.000000	0.000000	5.758610e+04
20001	851.000000	6.000000	0.313987	0.000000	0.000000	1.063142e+05
20001	852.000000	6.000000	0.314929	0.000000	0.000000	8.701025e+04
20001	853.000000	6.000000	0.313079	0.000000	0.000000	8.588771e+04
20001	854.000000	6.000000	0.311214	0.000000	0.000000	3.137005e+05
20001	855.000000	6.000000	0.310318	0.000000	0.000000	9.090842e+04
20001	856.000000	6.000000	0.310511	0.000000	0.000000	6.850222e+04
20001	857.000000	6.000000	0.310165	0.000000	0.000000	7.316683e+04
20001	858.000000	6.000000	0.310687	0.000000	0.000000	1.816107e+05
20001	859.000000	6.000000	0.312085	0.000000	0.000000	3.179104e+05
20001	860.000000	6.000000	0.311294	0.000000	0.000000	3.657850e+05
20001	861.000000	6.000000	0.310151	0.000000	0.000000	3.673612e+05
20001	862.000000	6.000000	0.309285	0.000000	0.000000	1.633849e+05
20001	863.000000	6.000000	0.308845	0.000000	0.000000	1.273655e+05
20001	864.000000	6.000000	0.307321	0.000000	0.000000	1.212204e+05
20001	865.000000	6.000000	0.307171	0.000000	0.000000	2.956934e+05
20001	866.000000	6.000000	0.308568	0.000000	0.000000	1.782088e+05
20001	867.000000	6.000000	0.308960	0.000000	0.000000	2.022469e+05
20001	868.000000	6.000000	0.308436	0.000000	0.000000	6.040119e+05
20001	869.000000	6.000000	0.307109	0.000000	0.000000	2.659410e+05
20001	870.000000	6.000000	0.306541	0.000000	0.000000	7.649497e+04
20001	871.000000	6.000000	0.306421	0.000000	0.000000	7.542361e+04
20001	872.000000	6.000000	0.305992	0.000000	0.000000	1.688732e+05
20001	873.000000	6.000000	0.306914	0.000000	0.000000	5.896423e+05
20001	874.000000	6.000000	0.306362	0.000000	0.000000	6.429103e+05
20001	875.000000	6.000000	0.305607	0.000000	0.000000	4.305236e+05
20001	876.000000	6.000000	0.307223	0.000000	0.000000	1.245455e+05
20001	877.000000	6.000000	0.307607	0.000000	0.000000	8.569351e+04
20001	878.000000	6.000000	0.305938	0.000000	0.000000	2.321407e+05
20001	879.000000	6.000000	0.305289	0.000000	0.000000	1.868456e+05
20001	880.000000	6.000000	0.305484	0.000000	0.000000	2.870169e+05
20001	881.000000	6.000000	0.303211	0.000000	0.000000	6.541388e+04
20001	882.000000	6.000000	0.302302	0.000000	0.000000	9.112287e+04
20001	883.000000	6.000000	0.303969	0.000000	0.000000	1.340401e+05
20001	884.000000	6.000000	0.305872	0.000000	0.000000	1.881320e+05
20001	885.000000	6.000000	0.304208	0.000000	0.000000	1.831042e+05
20001	886.000000	6.000000	0.303522	0.000000	0.000000	3.446242e+05
20001	887.000000	6.000000	0.303442	0.000000	0.000000	4.539912e+05
20001	888.000000	6.000000	0.302831	0.000000	0.000000	2.878219e+05
20001	889.000000	6.000000	0.301786	0.000000	0.000000	1.510854e+05
20001	890.000000	6.000000	0.300710	0.000000	0.000000	2.008047e+05
20001	891.000000	6.000000	0.300720	0.000000	0.000000	2.301223e+05
20001	892.000000	6.000000	0.300504	0.000000	0.000000	3.106757e+05
20001	893.000000	6.000000	0.300397	0.000000	0.000000	2.072789e+05
20001	894.000000	6.000000	0.299964	0.000000	0.000000	1.945947e+05
20001	895.000000	6.000000	0.299579	0.000000	0.000000	1.663578e+05
20001	896.000000	6.000000	0.299718	0.000000	0.000000	1.599433e+05
20001	897.000000	6.000000	0.299181	0.000000	0.000000	1.521567e+05
20001	898.000000	6.000000	0.298375	0.000000	0.000000	8.083183e+04
20001	899.000000	6.000000	0.297250	0.000000	0.000000	6.943745e+04
20001	900.000000	6.000000	0.296284	0.000000	0.000000	1.338515e+05
20001	901.000000	6.000000	0.296985	0.000000	0.000000	6.217536e+05
20001	902.000000	6.000000	0.296869	0.000000	0.000000	2.210223e+05
20001	903.000000	6.000000	0.296345	0.000000	0.000000	1.761766e+05
20001	904.000000	6.000000	0.296316	0.000000	0.000000	1.972581e+05
20001	905.000000	6.000000	0.295692	0.000000	0.000000	1.823921e+05
20001	906.000000	6.000000	0.295042	0.000000	0.000000	2.022826e+05
20001	907.000000	6.000000	0.294833	0.000000	0.000000	4.345201e+05
20001	908.000000	6.000000	0.295457	0.000000	0.000000	7.702478e+04
20001	909.000000	6.000000	0.294373	0.000000	0.000000	7.555300e+04
20001	910.000000	6.000000	0.293246	0.000000	0.000000	9.192861e+04
20001	911.000000	6.000000	0.292603	0.000000	0.000000	1.618063e+05
20001	912.000000	6.000000	0.292628	0.000000	0.000000	3.041216e+05
20001	913.000000	6.000000	0.292209	0.000000	0.000000	2.868768e+05
20001	914.000000	6.000000	0.291804	0.000000	0.000000	2.354118e+05
20001	915.000000	6.000000	0.291658	0.000000	0.000000	2.138237e+05
20001	916.000000	6.000000	0.291334	0.000000	0.000000	1.890410e+05
20001	917.000000	6.000000	0.290579	0.000000	0.000000	1.899846e+05
20001	918.000000	6.000000	0.289743	0.000000	0.000000	1.676015e+05
20001	919.000000	6.000000	0.289646	0.000000	0.000000	1.916606e+05
20001	920.000000	6.000000	0.289597	0.000000	0.000000	2.458816e+05
20001	921.000000	6.000000	0.288473	0.000000	0.000000	2.993729e+05
20001	922.000000	6.000000	0.287838	0.000000	0.000000	2.590683e+05
20001	923.000000	6.000000	0.287689	0.000000	0.000000	3.594130e+05
20001	924.000000	6.000000	0.286736	0.000000	0.000000	2.010053e+05
20001	925.000000	6.000000	0.286192	0.000000	0.000000	1.917998e+05
20001	926.000000	6.000000	0.286366	0.000000	0.000000	2.010108e+05
20001	927.000000	6.000000	0.285819	0.000000	0.000000	2.873588e+05
20001	928.000000	6.000000	0.285435	0.000000	0.000000	1.729723e+05
20001	929.000000	6.000000	0.284861	0.000000	0.000000	1.816836e+05
20001	930.000000	6.000000	0.284598	0.000000	0.000000	2.780547e+05
20001	931.000000	6.000000	0.283868	0.000000	0.000000	2.779219e+05
20001	932.000000	6.000000	0.282909	0.000000	0.000000	4.645664e+05
20001	933.000000	6.000000	0.283313	0.000000	0.000000	2.854549e+05
20001	934.000000	6.000000	0.282984	0.000000	0.000000	2.251076e+05
20001	935.000000	6.000000	0.281662	0.000000	0.000000	2.279419e+05
20001	936.000000	6.000000	0.281327	0.000000	0.000000	2.597913e+05
20001	937.000000	6.000000	0.280845	0.000000	0.000000	2.386369e+05
20001	938.000000	6.000000	0.280371	0.000000	0.000000	2.603888e+05
20001	939.000000	6.000000	0.280270	0.000000	0.000000	2.197307e+05
20001	940.000000	6.000000	0.279870	0.000000	0.000000	4.761183e+05
20001	941.000000	6.000000	0.279451	0.000000	0.000000	4.272474e+05
20001	942.000000	6.000000	0.279050	0.000000	0.000000	2.568349e+05
20001	943.000000	6.000000	0.278186	0.000000	0.000000	2.444599e+05
20001	944.000000	6.000000	0.277250	0.000000	0.000000	2.051737e+05
20001	945.000000	6.000000	0.277017	0.000000	0.000000	2.511000e+05
20001	946.000000	6.000000	0.277182	0.000000	0.000000	2.931439e+05
20001	947.000000	6.000000	0.276858	0.000000	0.000000	2.729741e+05
20001	948.000000	6.000000	0.275971	0.000000	0.000000	5.333623e+05
20001	949.000000	6.000000	0.275255	0.000000	0.000000	3.772722e+05
20001	950.000000	6.000000	0.274337	0.000000	0.000000	2.738366e+05
20001	951.000000	6.000000	0.274197	0.000000	0.000000	2.824088e+05
20001	952.000000	6.000000	0.272821	0.000000	0.000000	1.910208e+05
20001	953.000000	6.000000	0.272764	0.000000	0.000000	2.340209e+05
20001	954.000000	6.000000	0.273183	0.000000	0.000000	4.499662e+05
20001	955.000000	6.000000	0.272535	0.000000	0.000000	2.504379e+05
20001	956.000000	6.000000	0.271928	0.000000	0.000000	2.017586e+05
20001	957.000000	6.000000	0.271329	0.000000	0.000000	1.691277e+05
20001	958.000000	6.000000	0.269817	0.000000	0.000000	2.067727e+05
20001	959.000000	6.000000	0.269192	0.000000	0.000000	2.560697e+05
20001	960.000000	6.000000	0.269651	0.000000	0.000000	2.215832e+05
20001	961.000000	6.000000	0.269047	0.000000	0.000000	1.246689e+05
20001	962.000000	6.000000	0.268265	0.000000	0.000000	1.167607e+05
20001	963.000000	6.000000	0.268033	0.000000	0.000000	1.529446e+05
20001	964.000000	6.000000	0.268641	0.000000	0.000000	1.649617e+05
20001	965.000000	6.000000	0.267708	0.000000	0.000000	1.828309e+05
20001	966.000000	6.000000	0.266516	0.000000	0.000000	2.060365e+05
20001	967.000000	6.000000	0.265724	0.000000	0.000000	1.512398e+05
20001	968.000000	6.000000	0.265828	0.000000	0.000000	2.331625e+05
20001	969.000000	6.000000	0.264098	0.000000	0.000000	4.009933e+05
20001	970.000000	6.000000	0.263439	0.000000	0.000000	3.023128e+05
20001	971.000000	6.000000	0.264184	0.000000	0.000000	3.209096e+05
20001	972.000000	6.000000	0.263972	0.000000	0.000000	1.292877e+05
20001	973.000000	6.000000	0.263383	0.000000	0.000000	1.911993e+05
20001	974.000000	6.000000	0.263305	0.000000	0.000000	2.009926e+05
20001	975.000000	6.000000	0.262147	0.000000	0.000000	1.992628e+05
20001	976.000000	6.000000	0.260319	0.000000	0.000000	2.004869e+05
20001	977.000000	6.000000	0.261220	0.000000	0.000000	1.527693e+05
20001	978.000000	6.000000	0.261130	0.000000	0.000000	1.043147e+05
20001	979.000000	6.000000	0.259973	0.000000	0.000000	1.938225e+05
20001	980.000000	6.000000	0.258439	0.000000	0.000000	1.278117e+05
20001	981.000000	6.000000	0.258680	0.000000	0.000000	2.686630e+05
20001	982.000000	6.000000	0.259061	0.000000	0.000000	3.511142e+05
20001	983.000000	6.000000	0.258526	0.000000	0.000000	4.239313e+05
20001	984.000000	6.000000	0.256678	0.000000	0.000000	1.536797e+05
20001	985.000000	6.000000	0.256648	0.000000	0.000000	4.413226e+05
20001	986.000000	6.000000	0.256104	0.000000	0.000000	2.156576e+05
20001	987.000000	6.000000	0.255047	0.000000	0.000000	1.152050e+05
20001	988.000000	6.000000	0.254572	0.000000	0.000000	1.377443e+05
20001	989.000000	6.000000	0.254058	0.000000	0.000000	4.674303e+05
20001	990.000000	6.000000	0.253746	0.000000	0.000000	3.710296e+06
20001	991.000000	6.000000	0.254019	0.000000	0.000000	9.885965e+05
20001	992.000000	6.000000	0.253846	0.000000	0.000000	4.751943e+05
20001	993.000000	6.000000	0.252498	0.000000	0.000000	5.232974e+05
20001	994.000000	6.000000	0.252091	0.000000	0.000000	2.433882e+05
20001	995.000000	6.000000	0.252069	0.000000	0.000000	8.227529e+04
20001	996.000000	6.000000	0.252347	0.000000	0.000000	7.823755e+04
20001	997.000000	6.000000	0.251115	0.000000	0.000000	9.260493e+04
20001	998.000000	6.000000	0.250808	0.000000	0.000000	1.653617e+05
20001	999.000000	6.000000	0.250049	0.000000	0.000000	1.969686e+05
20001	1000.000000	6.000000	0.249341	0.000000	0.000000	1.427812e+05
