10	84
10.02	99
10.04	83
10.06	77
10.08	89
10.1	104
10.12	89
10.14	77
10.16	84
10.18	81
10.2	89
10.22	81
10.24	96
10.26	87
10.28	78
10.3	87
10.32	80
10.34	90
10.36	83
10.38	81
10.4	79
10.42	93
10.44	80
10.46	77
10.48	79
10.5	71
10.52	91
10.54	80
10.56	75
10.58	88
10.6	76
10.62	62
10.64	78
10.66	77
10.68	64
10.7	82
10.72	78
10.74	88
10.76	67
10.78	67
10.8	74
10.82	90
10.84	72
10.86	82
10.88	77
10.9	89
10.92	81
10.94	73
10.96	89
10.98	79
11	80
11.02	79
11.04	63
11.06	87
11.08	84
11.1	83
11.12	84
11.14	77
11.16	83
11.18	71
11.2	84
11.22	84
11.24	76
11.26	76
11.28	72
11.3	68
11.32	79
11.34	73
11.36	72
11.38	52
11.4	77
11.42	68
11.44	72
11.46	67
11.48	66
11.5	84
11.52	72
11.54	84
11.56	79
11.58	82
11.6	72
11.62	66
11.64	76
11.66	84
11.68	78
11.7	67
11.72	77
11.74	71
11.76	71
11.78	63
11.8	68
11.82	77
11.84	63
11.86	64
11.88	86
11.9	72
11.92	61
11.94	77
11.96	71
11.98	69
12	71
12.02	63
12.04	88
12.06	70
12.08	63
12.1	63
12.12	57
12.14	69
12.16	83
12.18	71
12.2	65
12.22	63
12.24	76
12.26	72
12.28	59
12.3	57
12.32	57
12.34	62
12.36	74
12.38	53
12.4	63
12.42	63
12.44	55
12.46	69
12.48	67
12.5	66
12.52	56
12.54	68
12.56	57
12.58	56
12.6	62
12.62	79
12.64	61
12.66	72
12.68	82
12.7	68
12.72	66
12.74	58
12.76	74
12.78	56
12.8	68
12.82	62
12.84	60
12.86	66
12.88	71
12.9	60
12.92	61
12.94	74
12.96	73
12.98	53
13	49
13.02	56
13.04	71
13.06	72
13.08	63
13.1	51
13.12	58
13.14	57
13.16	63
13.18	57
13.2	51
13.22	63
13.24	63
13.26	64
13.28	64
13.3	57
13.32	63
13.34	63
13.36	64
13.38	55
13.4	51
13.42	56
13.44	68
13.46	67
13.48	59
13.5	52
13.52	60
13.54	50
13.56	68
13.58	59
13.6	47
13.62	57
13.64	51
13.66	53
13.68	51
13.7	53
13.72	35
13.74	43
13.76	53
13.78	52
13.8	54
13.82	59
13.84	53
13.86	45
13.88	55
13.9	60
13.92	53
13.94	57
13.96	69
13.98	58
14	50
14.02	57
14.04	60
14.06	50
14.08	42
14.1	67
14.12	49
14.14	67
14.16	57
14.18	50
14.2	49
14.22	53
14.24	42
14.26	50
14.28	48
14.3	46
14.32	49
14.34	56
14.36	43
14.38	49
14.4	48
14.42	41
14.44	48
14.46	50
14.48	51
14.5	47
14.52	55
14.54	53
14.56	47
14.58	49
14.6	64
14.62	60
14.64	49
14.66	71
14.68	62
14.7	50
14.72	53
14.74	47
14.76	36
14.78	48
14.8	48
14.82	46
14.84	55
14.86	55
14.88	40
14.9	49
14.92	60
14.94	55
14.96	53
14.98	44
15	49
15.02	44
15.04	46
15.06	43
15.08	51
15.1	42
15.12	43
15.14	49
15.16	57
15.18	38
15.2	54
15.22	47
15.24	54
15.26	48
15.28	40
15.3	41
15.32	63
15.34	46
15.36	44
15.38	49
15.4	46
15.42	53
15.44	41
15.46	46
15.48	40
15.5	47
15.52	46
15.54	44
15.56	51
15.58	59
15.6	47
15.62	59
15.64	48
15.66	41
15.68	49
15.7	40
15.72	50
15.74	50
15.76	47
15.78	38
15.8	39
15.82	62
15.84	51
15.86	37
15.88	50
15.9	41
15.92	37
15.94	40
15.96	47
15.98	57
16	43
16.02	53
16.04	50
16.06	47
16.08	51
16.1	42
16.12	40
16.14	49
16.16	52
16.18	53
16.2	40
16.22	46
16.24	48
16.26	46
16.28	44
16.3	41
16.32	39
16.34	41
16.36	49
16.38	45
16.4	41
16.42	46
16.44	49
16.46	43
16.48	44
16.5	49
16.52	51
16.54	51
16.56	40
16.58	47
16.6	39
16.62	44
16.64	40
16.66	37
16.68	41
16.7	43
16.72	47
16.74	38
16.76	52
16.78	50
16.8	42
16.82	46
16.84	49
16.86	45
16.88	35
16.9	49
16.92	44
16.94	48
16.96	44
16.98	46
17	45
17.02	39
17.04	54
17.06	38
17.08	36
17.1	51
17.12	44
17.14	42
17.16	51
17.18	36
17.2	37
17.22	45
17.24	36
17.26	31
17.28	47
17.3	42
17.32	43
17.34	45
17.36	51
17.38	39
17.4	37
17.42	44
17.44	52
17.46	34
17.48	49
17.5	52
17.52	39
17.54	46
17.56	41
17.58	45
17.6	38
17.62	47
17.64	42
17.66	43
17.68	33
17.7	42
17.72	42
17.74	33
17.76	30
17.78	38
17.8	42
17.82	43
17.84	47
17.86	46
17.88	42
17.9	32
17.92	56
17.94	35
17.96	34
17.98	39
18	49
18.02	43
18.04	43
18.06	45
18.08	40
18.1	38
18.12	47
18.14	48
18.16	51
18.18	41
18.2	36
18.22	49
18.24	44
18.26	30
18.28	37
18.3	42
18.32	41
18.34	44
18.36	33
18.38	40
18.4	45
18.42	36
18.44	44
18.46	41
18.48	45
18.5	54
18.52	41
18.54	45
18.56	34
18.58	31
18.6	40
18.62	44
18.64	34
18.66	38
18.68	49
18.7	40
18.72	43
18.74	36
18.76	29
18.78	34
18.8	39
18.82	33
18.84	44
18.86	24
18.88	45
18.9	30
18.92	46
18.94	36
18.96	39
18.98	48
19	35
19.02	38
19.04	47
19.06	42
19.08	52
19.1	31
19.12	49
19.14	41
19.16	43
19.18	32
19.2	37
19.22	41
19.24	40
19.26	38
19.28	38
19.3	27
19.32	46
19.34	35
19.36	37
19.38	38
19.4	36
19.42	34
19.44	39
19.46	24
19.48	42
19.5	41
19.52	27
19.54	33
19.56	36
19.58	52
19.6	45
19.62	49
19.64	40
19.66	44
19.68	46
19.7	38
19.72	40
19.74	36
19.76	38
19.78	36
19.8	43
19.82	35
19.84	44
19.86	34
19.88	41
19.9	45
19.92	41
19.94	47
19.96	34
19.98	42
20	37
20.02	28
20.04	31
20.06	44
20.08	39
20.1	41
20.12	39
20.14	36
20.16	39
20.18	43
20.2	40
20.22	37
20.24	40
20.26	38
20.28	34
20.3	34
20.32	43
20.34	42
20.36	31
20.38	31
20.4	40
20.42	41
20.44	35
20.46	41
20.48	46
20.5	25
20.52	34
20.54	34
20.56	30
20.58	38
20.6	45
20.62	35
20.64	32
20.66	39
20.68	39
20.7	40
20.72	32
20.74	38
20.76	42
20.78	22
20.8	33
20.82	39
20.84	39
20.86	39
20.88	43
20.9	34
20.92	40
20.94	37
20.96	40
20.98	28
21	36
21.02	45
21.04	34
21.06	37
21.08	32
21.1	30
21.12	40
21.14	39
21.16	44
21.18	33
21.2	31
21.22	38
21.24	32
21.26	31
21.28	35
21.3	39
21.32	52
21.34	27
21.36	51
21.38	28
21.4	23
21.42	39
21.44	40
21.46	36
21.48	35
21.5	42
21.52	52
21.54	36
21.56	33
21.58	36
21.6	29
21.62	32
21.64	31
21.66	29
21.68	38
21.7	36
21.72	41
21.74	32
21.76	37
21.78	35
21.8	32
21.82	32
21.84	43
21.86	35
21.88	48
21.9	26
21.92	32
21.94	50
21.96	39
21.98	35
22	36
22.02	35
22.04	32
22.06	36
22.08	35
22.1	37
22.12	33
22.14	34
22.16	44
22.18	31
22.2	37
22.22	40
22.24	34
22.26	31
22.28	27
22.3	40
22.32	35
22.34	35
22.36	38
22.38	40
22.4	28
22.42	28
22.44	35
22.46	36
22.48	37
22.5	35
22.52	34
22.54	45
22.56	32
22.58	44
22.6	38
22.62	40
22.64	31
22.66	22
22.68	36
22.7	33
22.72	36
22.74	33
22.76	38
22.78	33
22.8	36
22.82	29
22.84	33
22.86	31
22.88	41
22.9	28
22.92	33
22.94	39
22.96	34
22.98	33
23	35
23.02	38
23.04	37
23.06	41
23.08	44
23.1	35
23.12	40
23.14	32
23.16	30
23.18	26
23.2	30
23.22	34
23.24	46
23.26	29
23.28	41
23.3	34
23.32	38
23.34	30
23.36	31
23.38	34
23.4	31
23.42	42
23.44	33
23.46	33
23.48	40
23.5	28
23.52	22
23.54	21
23.56	37
23.58	33
23.6	27
23.62	33
23.64	34
23.66	35
23.68	38
23.7	29
23.72	38
23.74	43
23.76	41
23.78	26
23.8	29
23.82	28
23.84	19
23.86	38
23.88	25
23.9	31
23.92	33
23.94	30
23.96	33
23.98	27
24	35
24.02	28
24.04	35
24.06	29
24.08	29
24.1	28
24.12	28
24.14	31
24.16	34
24.18	31
24.2	26
24.22	24
24.24	34
24.26	35
24.28	30
24.3	32
24.32	37
24.34	33
24.36	34
24.38	23
24.4	24
24.42	32
24.44	26
24.46	34
24.48	43
24.5	37
24.52	37
24.54	34
24.56	35
24.58	26
24.6	23
24.62	26
24.64	29
24.66	23
24.68	31
24.7	32
24.72	32
24.74	35
24.76	29
24.78	42
24.8	38
24.82	31
24.84	21
24.86	37
24.88	25
24.9	26
24.92	31
24.94	31
24.96	29
24.98	28
25	24
25.02	19
25.04	31
25.06	34
25.08	32
25.1	26
25.12	28
25.14	25
25.16	32
25.18	30
25.2	29
25.22	37
25.24	37
25.26	24
25.28	22
25.3	41
25.32	30
25.34	30
25.36	33
25.38	26
25.4	29
25.42	29
25.44	26
25.46	21
25.48	24
25.5	27
25.52	33
25.54	34
25.56	27
25.58	29
25.6	28
25.62	26
25.64	34
25.66	28
25.68	27
25.7	24
25.72	24
25.74	32
25.76	22
25.78	27
25.8	21
25.82	36
25.84	30
25.86	32
25.88	23
25.9	30
25.92	29
25.94	30
25.96	33
25.98	24
26	33
26.02	23
26.04	29
26.06	26
26.08	25
26.1	36
26.12	31
26.14	25
26.16	28
26.18	32
26.2	34
26.22	35
26.24	24
26.26	25
26.28	35
26.3	26
26.32	21
26.34	26
26.36	25
26.38	28
26.4	24
26.42	29
26.44	29
26.46	30
26.48	25
26.5	31
26.52	31
26.54	19
26.56	21
26.58	22
26.6	28
26.62	28
26.64	29
26.66	30
26.68	33
26.7	35
26.72	21
26.74	23
26.76	22
26.78	26
26.8	30
26.82	22
26.84	32
26.86	30
26.88	21
26.9	27
26.92	32
26.94	27
26.96	20
26.98	28
27	27
27.02	20
27.04	19
27.06	25
27.08	23
27.1	24
27.12	24
27.14	27
27.16	21
27.18	20
27.2	26
27.22	24
27.24	19
27.26	25
27.28	29
27.3	25
27.32	28
27.34	30
27.36	26
27.38	22
27.4	33
27.42	21
27.44	21
27.46	26
27.48	18
27.5	15
27.52	18
27.54	26
27.56	25
27.58	18
27.6	22
27.62	21
27.64	23
27.66	22
27.68	26
27.7	23
27.72	32
27.74	23
27.76	21
27.78	21
27.8	26
27.82	28
27.84	21
27.86	24
27.88	26
27.9	25
27.92	22
27.94	26
27.96	20
27.98	30
28	26
28.02	29
28.04	20
28.06	17
28.08	19
28.1	28
28.12	29
28.14	23
28.16	19
28.18	23
28.2	23
28.22	18
28.24	20
28.26	22
28.28	24
28.3	20
28.32	23
28.34	21
28.36	19
28.38	21
28.4	22
28.42	24
28.44	20
28.46	26
28.48	27
28.5	27
28.52	21
28.54	26
28.56	26
28.58	25
28.6	25
28.62	11
28.64	20
28.66	17
28.68	25
28.7	24
28.72	14
28.74	20
28.76	23
28.78	15
28.8	23
28.82	26
28.84	19
28.86	23
28.88	23
28.9	32
28.92	20
28.94	15
28.96	22
28.98	19
29	20
29.02	18
29.04	25
29.06	18
29.08	25
29.1	23
29.12	23
29.14	20
29.16	18
29.18	22
29.2	29
29.22	20
29.24	26
29.26	18
29.28	18
29.3	16
29.32	15
29.34	28
29.36	20
29.38	26
29.4	25
29.42	28
29.44	17
29.46	12
29.48	16
29.5	20
29.52	14
29.54	21
29.56	17
29.58	18
29.6	18
29.62	17
29.64	19
29.66	19
29.68	17
29.7	15
29.72	14
29.74	16
29.76	21
29.78	16
29.8	18
29.82	23
29.84	21
29.86	28
29.88	16
29.9	16
29.92	23
29.94	22
29.96	19
29.98	12
30	16
30.02	15
30.04	20
30.06	14
30.08	14
30.1	20
30.12	23
30.14	25
30.16	15
30.18	16
30.2	16
30.22	16
30.24	19
30.26	18
30.28	21
30.3	23
30.32	23
30.34	28
30.36	18
30.38	19
30.4	12
30.42	18
30.44	13
30.46	19
30.48	15
30.5	21
30.52	15
30.54	18
30.56	20
30.58	15
30.6	17
30.62	28
30.64	24
30.66	16
30.68	14
30.7	16
30.72	12
30.74	15
30.76	18
30.78	16
30.8	17
30.82	19
30.84	15
30.86	24
30.88	20
30.9	17
30.92	19
30.94	21
30.96	16
30.98	17
31	12
31.02	9
31.04	11
31.06	14
31.08	22
31.1	8
31.12	20
31.14	20
31.16	15
31.18	20
31.2	12
31.22	19
31.24	14
31.26	15
31.28	14
31.3	14
31.32	13
31.34	16
31.36	20
31.38	19
31.4	11
31.42	11
31.44	16
31.46	25
31.48	17
31.5	18
31.52	21
31.54	14
31.56	16
31.58	16
31.6	12
31.62	15
31.64	18
31.66	18
31.68	13
31.7	13
31.72	12
31.74	16
31.76	17
31.78	19
31.8	19
31.82	13
31.84	14
31.86	22
31.88	15
31.9	20
31.92	13
31.94	13
31.96	13
31.98	15
32	16
32.02	17
32.04	12
32.06	15
32.08	11
32.1	14
32.12	12
32.14	11
32.16	19
32.18	10
32.2	16
32.22	20
32.24	16
32.26	15
32.28	25
32.3	11
32.32	11
32.34	11
32.36	13
32.38	21
32.4	10
32.42	18
32.44	21
32.46	10
32.48	17
32.5	17
32.52	15
32.54	14
32.56	13
32.58	12
32.6	9
32.62	13
32.64	17
32.66	16
32.68	10
32.7	10
32.72	16
32.74	7
32.76	22
32.78	10
32.8	13
32.82	18
32.84	10
32.86	14
32.88	18
32.9	13
32.92	17
32.94	11
32.96	14
32.98	15
33	11
33.02	11
33.04	12
33.06	15
33.08	12
33.1	13
33.12	10
33.14	7
33.16	9
33.18	18
33.2	20
33.22	16
33.24	13
33.26	11
33.28	7
33.3	18
33.32	16
33.34	14
33.36	9
33.38	12
33.4	13
33.42	12
33.44	20
33.46	12
33.48	13
33.5	10
33.52	11
33.54	11
33.56	14
33.58	13
33.6	16
33.62	13
33.64	23
33.66	25
33.68	12
33.7	13
33.72	15
33.74	17
33.76	10
33.78	13
33.8	16
33.82	8
33.84	19
33.86	11
33.88	7
33.9	13
33.92	7
33.94	15
33.96	13
33.98	11
34	13
34.02	15
34.04	10
34.06	12
34.08	11
34.1	12
34.12	13
34.14	8
34.16	15
34.18	13
34.2	8
34.22	10
34.24	11
34.26	13
34.28	12
34.3	15
34.32	10
34.34	12
34.36	14
34.38	16
34.4	12
34.42	8
34.44	14
34.46	11
34.48	14
34.5	11
34.52	22
34.54	11
34.56	13
34.58	4
34.6	13
34.62	12
34.64	13
34.66	14
34.68	13
34.7	11
34.72	13
34.74	9
34.76	11
34.78	6
34.8	10
34.82	11
34.84	12
34.86	7
34.88	13
34.9	9
34.92	15
34.94	11
34.96	10
34.98	10
35	10
35.02	7
35.04	14
35.06	15
35.08	11
35.1	9
35.12	10
35.14	18
35.16	10
35.18	20
35.2	9
35.22	16
35.24	11
35.26	18
35.28	13
35.3	13
35.32	14
35.34	15
35.36	12
35.38	14
35.4	9
35.42	15
35.44	8
35.46	12
35.48	5
35.5	10
35.52	10
35.54	14
35.56	12
35.58	6
35.6	10
35.62	13
35.64	8
35.66	11
35.68	11
35.7	10
35.72	9
35.74	9
35.76	5
35.78	8
35.8	8
35.82	15
35.84	19
35.86	15
35.88	14
35.9	15
35.92	10
35.94	8
35.96	10
35.98	6
36	13
36.02	11
36.04	13
36.06	15
36.08	14
36.1	14
36.12	9
36.14	12
36.16	16
36.18	14
36.2	16
36.22	6
36.24	12
36.26	14
36.28	8
36.3	12
36.32	11
36.34	7
36.36	14
36.38	9
36.4	13
36.42	12
36.44	8
36.46	9
36.48	14
36.5	7
36.52	5
36.54	8
36.56	9
36.58	6
36.6	13
36.62	12
36.64	12
36.66	14
36.68	18
36.7	9
36.72	12
36.74	12
36.76	13
36.78	7
36.8	9
36.82	11
36.84	15
36.86	9
36.88	9
36.9	15
36.92	13
36.94	9
36.96	16
36.98	12
37	10
37.02	10
37.04	9
37.06	13
37.08	9
37.1	6
37.12	12
37.14	19
37.16	11
37.18	14
37.2	9
37.22	16
37.24	9
37.26	3
37.28	11
37.3	7
37.32	7
37.34	5
37.36	12
37.38	12
37.4	7
37.42	7
37.44	12
37.46	12
37.48	15
37.5	14
37.52	3
37.54	11
37.56	12
37.58	11
37.6	8
37.62	10
37.64	5
37.66	7
37.68	14
37.7	9
37.72	6
37.74	9
37.76	10
37.78	7
37.8	14
37.82	11
37.84	8
37.86	5
37.88	5
37.9	6
37.92	11
37.94	7
37.96	6
37.98	17
38	8
38.02	7
38.04	13
38.06	9
38.08	8
38.1	6
38.12	10
38.14	9
38.16	7
38.18	11
38.2	8
38.22	9
38.24	5
38.26	7
38.28	11
38.3	7
38.32	13
38.34	5
38.36	5
38.38	6
38.4	10
38.42	12
38.44	6
38.46	10
38.48	10
38.5	8
38.52	9
38.54	10
38.56	9
38.58	7
38.6	8
38.62	8
38.64	10
38.66	13
38.68	9
38.7	8
38.72	11
38.74	5
38.76	7
38.78	3
38.8	5
38.82	6
38.84	13
38.86	8
38.88	9
38.9	6
38.92	8
38.94	10
38.96	9
38.98	9
39	9
39.02	9
39.04	8
39.06	6
39.08	9
39.1	7
39.12	8
39.14	6
39.16	7
39.18	11
39.2	14
39.22	7
39.24	10
39.26	13
39.28	7
39.3	7
39.32	6
39.34	10
39.36	11
39.38	6
39.4	7
39.42	8
39.44	7
39.46	8
39.48	3
39.5	9
39.52	8
39.54	4
39.56	7
39.58	4
39.6	18
39.62	9
39.64	15
39.66	5
39.68	5
39.7	14
39.72	10
39.74	12
39.76	6
39.78	9
39.8	4
39.82	9
39.84	13
39.86	4
39.88	10
39.9	8
39.92	5
39.94	8
39.96	7
39.98	4
40	4
40.02	6
40.04	10
40.06	4
40.08	8
40.1	8
40.12	7
40.14	3
40.16	4
40.18	10
40.2	5
40.22	4
40.24	5
40.26	9
40.28	7
40.3	6
40.32	12
40.34	4
40.36	6
40.38	5
40.4	7
40.42	8
40.44	7
40.46	8
40.48	10
40.5	8
40.52	8
40.54	6
40.56	10
40.58	4
40.6	6
40.62	8
40.64	11
40.66	8
40.68	7
40.7	8
40.72	9
40.74	5
40.76	5
40.78	4
40.8	6
40.82	7
40.84	13
40.86	8
40.88	2
40.9	2
40.92	5
40.94	11
40.96	9
40.98	12
41	12
41.02	10
41.04	6
41.06	7
41.08	9
41.1	5
41.12	6
41.14	5
41.16	8
41.18	6
41.2	9
41.22	10
41.24	10
41.26	9
41.28	5
41.3	12
41.32	14
41.34	12
41.36	4
41.38	7
41.4	3
41.42	7
41.44	5
41.46	7
41.48	7
41.5	8
41.52	6
41.54	15
41.56	7
41.58	8
41.6	7
41.62	8
41.64	6
41.66	6
41.68	7
41.7	7
41.72	6
41.74	7
41.76	8
41.78	6
41.8	6
41.82	9
41.84	7
41.86	12
41.88	8
41.9	10
41.92	5
41.94	7
41.96	11
41.98	6
42	7
42.02	4
42.04	7
42.06	4
42.08	4
42.1	3
42.12	9
42.14	2
42.16	8
42.18	5
42.2	7
42.22	10
42.24	10
42.26	7
42.28	8
42.3	5
42.32	5
42.34	8
42.36	5
42.38	6
42.4	11
42.42	7
42.44	7
42.46	7
42.48	10
42.5	9
42.52	9
42.54	3
42.56	8
42.58	9
42.6	10
42.62	9
42.64	4
42.66	5
42.68	6
42.7	8
42.72	7
42.74	7
42.76	3
42.78	9
42.8	6
42.82	8
42.84	7
42.86	7
42.88	5
42.9	13
42.92	2
42.94	1
42.96	4
42.98	7
43	12
43.02	9
43.04	5
43.06	2
43.08	7
43.1	4
43.12	8
43.14	8
43.16	4
43.18	7
43.2	5
43.22	6
43.24	7
43.26	6
43.28	2
43.3	6
43.32	7
43.34	7
43.36	10
43.38	8
43.4	4
43.42	6
43.44	7
43.46	6
43.48	9
43.5	10
43.52	4
43.54	5
43.56	10
43.58	6
43.6	5
43.62	6
43.64	7
43.66	7
43.68	6
43.7	4
43.72	5
43.74	6
43.76	8
43.78	9
43.8	5
43.82	8
43.84	5
43.86	10
43.88	10
43.9	9
43.92	7
43.94	7
43.96	14
43.98	9
44	10
44.02	10
44.04	4
44.06	6
44.08	8
44.1	6
44.12	7
44.14	2
44.16	5
44.18	9
44.2	4
44.22	6
44.24	8
44.26	8
44.28	7
44.3	4
44.32	8
44.34	11
44.36	4
44.38	3
44.4	4
44.42	8
44.44	5
44.46	7
44.48	8
44.5	6
44.52	8
44.54	7
44.56	5
44.58	6
44.6	7
44.62	9
44.64	8
44.66	10
44.68	9
44.7	6
44.72	6
44.74	9
44.76	5
44.78	7
44.8	10
44.82	2
44.84	12
44.86	11
44.88	6
44.9	8
44.92	7
44.94	12
44.96	11
44.98	14
45	8
45.02	12
45.04	6
45.06	6
45.08	5
45.1	5
45.12	7
45.14	7
45.16	6
45.18	7
45.2	9
45.22	7
45.24	9
45.26	9
45.28	11
45.3	9
45.32	6
45.34	5
45.36	7
45.38	7
45.4	5
45.42	7
45.44	10
45.46	7
45.48	10
45.5	9
45.52	7
45.54	10
45.56	13
45.58	7
45.6	7
45.62	12
45.64	6
45.66	9
45.68	7
45.7	2
45.72	8
45.74	5
45.76	3
45.78	9
45.8	7
45.82	5
45.84	7
45.86	7
45.88	9
45.9	8
45.92	11
45.94	11
45.96	11
45.98	5
46	6
46.02	7
46.04	11
46.06	5
46.08	9
46.1	8
46.12	13
46.14	14
46.16	11
46.18	6
46.2	7
46.22	8
46.24	7
46.26	15
46.28	10
46.3	5
46.32	8
46.34	7
46.36	6
46.38	7
46.4	8
46.42	4
46.44	9
46.46	5
46.48	5
46.5	11
46.52	7
46.54	7
46.56	7
46.58	8
46.6	6
46.62	7
46.64	10
46.66	4
46.68	6
46.7	4
46.72	5
46.74	9
46.76	8
46.78	9
46.8	6
46.82	5
46.84	5
46.86	5
46.88	4
46.9	4
46.92	3
46.94	6
46.96	9
46.98	6
47	4
47.02	5
47.04	3
47.06	6
47.08	1
47.1	11
47.12	6
47.14	5
47.16	6
47.18	8
47.2	5
47.22	7
47.24	5
47.26	11
47.28	4
47.3	5
47.32	10
47.34	7
47.36	5
47.38	10
47.4	11
47.42	7
47.44	6
47.46	10
47.48	3
47.5	6
47.52	5
47.54	9
47.56	7
47.58	5
47.6	5
47.62	7
47.64	10
47.66	8
47.68	5
47.7	8
47.72	7
47.74	7
47.76	5
47.78	6
47.8	3
47.82	6
47.84	7
47.86	2
47.88	4
47.9	5
47.92	10
47.94	5
47.96	2
47.98	9
48	12
48.02	7
48.04	4
48.06	3
48.08	6
48.1	2
48.12	1
48.14	8
48.16	6
48.18	4
48.2	3
48.22	5
48.24	5
48.26	5
48.28	2
48.3	5
48.32	4
48.34	5
48.36	7
48.38	8
48.4	2
48.42	8
48.44	7
48.46	5
48.48	8
48.5	7
48.52	7
48.54	3
48.56	6
48.58	8
48.6	8
48.62	8
48.64	10
48.66	3
48.68	2
48.7	2
48.72	6
48.74	8
48.76	9
48.78	8
48.8	8
48.82	6
48.84	7
48.86	5
48.88	7
48.9	5
48.92	8
48.94	5
48.96	5
48.98	6
49	6
49.02	5
49.04	7
49.06	7
49.08	4
49.1	2
49.12	4
49.14	6
49.16	7
49.18	4
49.2	10
49.22	4
49.24	5
49.26	7
49.28	3
49.3	5
49.32	5
49.34	5
49.36	9
49.38	4
49.4	4
49.42	3
49.44	6
49.46	4
49.48	5
49.5	8
49.52	6
49.54	4
49.56	5
49.58	7
49.6	4
49.62	4
49.64	1
49.66	6
49.68	4
49.7	10
49.72	7
49.74	3
49.76	4
49.78	5
49.8	5
49.82	9
49.84	11
49.86	9
49.88	6
49.9	6
49.92	8
49.94	5
49.96	6
49.98	4
50	9
50.02	5
50.04	7
50.06	6
50.08	5
50.1	8
50.12	8
50.14	6
50.16	6
50.18	2
50.2	6
50.22	7
50.24	7
50.26	5
50.28	8
50.3	7
50.32	8
50.34	5
50.36	6
50.38	10
50.4	7
50.42	6
50.44	8
50.46	2
50.48	4
50.5	5
50.52	7
50.54	10
50.56	10
50.58	6
50.6	7
50.62	7
50.64	15
50.66	10
50.68	8
50.7	8
50.72	8
50.74	12
50.76	6
50.78	8
50.8	3
50.82	7
50.84	7
50.86	8
50.88	7
50.9	7
50.92	4
50.94	3
50.96	4
50.98	8
51	3
51.02	5
51.04	5
51.06	5
51.08	16
51.1	4
51.12	5
51.14	5
51.16	5
51.18	6
51.2	6
51.22	7
51.24	8
51.26	4
51.28	13
51.3	7
51.32	10
51.34	6
51.36	5
51.38	8
51.4	9
51.42	8
51.44	6
51.46	8
51.48	8
51.5	10
51.52	10
51.54	4
51.56	8
51.58	9
51.6	13
51.62	7
51.64	10
51.66	5
51.68	7
51.7	8
51.72	6
51.74	4
51.76	5
51.78	7
51.8	11
51.82	10
51.84	5
51.86	10
51.88	9
51.9	8
51.92	22
51.94	25
51.96	39
51.98	55
52	74
52.02	88
52.04	90
52.06	118
52.08	125
52.1	141
52.12	142
52.14	163
52.16	172
52.18	186
52.2	201
52.22	200
52.24	206
52.26	208
52.28	210
52.3	220
52.32	194
52.34	206
52.36	197
52.38	186
52.4	168
52.42	164
52.44	152
52.46	141
52.48	120
52.5	123
52.52	87
52.54	86
52.56	65
52.58	42
52.6	33
52.62	20
52.64	15
52.66	15
52.68	11
52.7	10
52.72	10
52.74	9
52.76	10
52.78	8
52.8	11
52.82	10
52.84	7
52.86	5
52.88	9
52.9	10
52.92	9
52.94	7
52.96	6
52.98	11
53	9
53.02	9
53.04	5
53.06	7
53.08	10
53.1	10
53.12	9
53.14	12
53.16	12
53.18	11
53.2	8
53.22	11
53.24	9
53.26	12
53.28	10
53.3	10
53.32	12
53.34	20
53.36	11
53.38	12
53.4	12
53.42	11
53.44	9
53.46	11
53.48	10
53.5	12
53.52	7
53.54	11
53.56	17
53.58	11
53.6	12
53.62	6
53.64	8
53.66	11
53.68	9
53.7	13
53.72	11
53.74	13
53.76	8
53.78	6
53.8	10
53.82	10
53.84	12
53.86	14
53.88	14
53.9	11
53.92	13
53.94	10
53.96	19
53.98	10
54	10
54.02	13
54.04	12
54.06	13
54.08	11
54.1	18
54.12	15
54.14	11
54.16	13
54.18	12
54.2	17
54.22	13
54.24	9
54.26	8
54.28	11
54.3	13
54.32	12
54.34	11
54.36	14
54.38	18
54.4	11
54.42	12
54.44	12
54.46	12
54.48	10
54.5	9
54.52	11
54.54	11
54.56	15
54.58	7
54.6	14
54.62	8
54.64	11
54.66	17
54.68	6
54.7	8
54.72	8
54.74	6
54.76	10
54.78	13
54.8	16
54.82	14
54.84	14
54.86	9
54.88	13
54.9	15
54.92	15
54.94	13
54.96	17
54.98	9
55	13
55.02	10
55.04	7
55.06	8
55.08	12
55.1	10
55.12	13
55.14	12
55.16	10
55.18	13
55.2	18
55.22	10
55.24	7
55.26	10
55.28	11
55.3	14
55.32	15
55.34	9
55.36	12
55.38	14
55.4	19
55.42	6
55.44	14
55.46	8
55.48	10
55.5	10
55.52	11
55.54	10
55.56	16
55.58	17
55.6	11
55.62	11
55.64	14
55.66	12
55.68	7
55.7	10
55.72	13
55.74	10
55.76	12
55.78	11
55.8	15
55.82	9
55.84	12
55.86	10
55.88	6
55.9	16
55.92	12
55.94	11
55.96	8
55.98	12
56	14
56.02	10
56.04	6
56.06	13
56.08	10
56.1	13
56.12	11
56.14	13
56.16	6
56.18	5
56.2	7
56.22	11
56.24	10
56.26	10
56.28	14
56.3	9
56.32	5
56.34	9
56.36	8
56.38	7
56.4	3
56.42	4
56.44	1
56.46	11
56.48	8
56.5	7
56.52	7
56.54	4
56.56	6
56.58	12
56.6	8
56.62	4
56.64	8
56.66	7
56.68	10
56.7	5
56.72	12
56.74	7
56.76	7
56.78	5
56.8	8
56.82	6
56.84	11
56.86	3
56.88	8
56.9	2
56.92	10
56.94	7
56.96	7
56.98	9
57	4
57.02	5
57.04	13
57.06	5
57.08	7
57.1	7
57.12	9
57.14	10
57.16	6
57.18	5
57.2	10
57.22	6
57.24	3
57.26	8
57.28	7
57.3	4
57.32	10
57.34	3
57.36	5
57.38	9
57.4	8
57.42	7
57.44	6
57.46	11
57.48	6
57.5	6
57.52	9
57.54	4
57.56	10
57.58	5
57.6	7
57.62	9
57.64	4
57.66	2
57.68	7
57.7	5
57.72	5
57.74	9
57.76	10
57.78	6
57.8	11
57.82	7
57.84	9
57.86	8
57.88	6
57.9	6
57.92	5
57.94	5
57.96	5
57.98	13
58	8
58.02	5
58.04	6
58.06	7
58.08	5
58.1	6
58.12	8
58.14	5
58.16	8
58.18	1
58.2	5
58.22	1
58.24	7
58.26	7
58.28	2
58.3	8
58.32	9
58.34	8
58.36	5
58.38	11
58.4	5
58.42	9
58.44	4
58.46	10
58.48	7
58.5	5
58.52	6
58.54	8
58.56	4
58.58	4
58.6	8
58.62	4
58.64	7
58.66	7
58.68	5
58.7	6
58.72	9
58.74	9
58.76	7
58.78	7
58.8	4
58.82	5
58.84	7
58.86	6
58.88	6
58.9	8
58.92	6
58.94	2
58.96	3
58.98	4
59	4
59.02	3
59.04	6
59.06	3
59.08	8
59.1	4
59.12	5
59.14	2
59.16	5
59.18	6
59.2	7
59.22	11
59.24	4
59.26	7
59.28	3
59.3	3
59.32	5
59.34	5
59.36	11
59.38	6
59.4	7
59.42	4
59.44	7
59.46	12
59.48	7
59.5	3
59.52	5
59.54	7
59.56	4
59.58	3
59.6	5
59.62	4
59.64	3
59.66	4
59.68	6
59.7	4
59.72	6
59.74	7
59.76	4
59.78	11
59.8	3
59.82	8
59.84	1
59.86	7
59.88	3
59.9	6
59.92	8
59.94	6
59.96	6
59.98	2
60	2
60.02	3
60.04	2
60.06	4
60.08	3
60.1	3
60.12	6
60.14	8
60.16	4
60.18	7
60.2	6
60.22	6
60.24	7
60.26	5
60.28	4
60.3	6
60.32	4
60.34	4
60.36	2
60.38	4
60.4	4
60.42	5
60.44	5
60.46	2
60.48	7
60.5	5
60.52	6
60.54	4
60.56	3
60.58	4
60.6	4
60.62	5
60.64	6
60.66	5
60.68	9
60.7	2
60.72	6
60.74	3
60.76	3
60.78	2
60.8	4
60.82	3
60.84	7
60.86	3
60.88	3
60.9	3
60.92	7
60.94	3
60.96	4
60.98	1
61	1
61.02	6
61.04	2
61.06	2
61.08	4
61.1	10
61.12	5
61.14	6
61.16	5
61.18	1
61.2	5
61.22	6
61.24	4
61.26	5
61.28	3
61.3	3
61.32	5
61.34	6
61.36	5
61.38	7
61.4	4
61.42	6
61.44	5
61.46	7
61.48	4
61.5	3
61.52	6
61.54	4
61.56	6
61.58	14
61.6	4
61.62	2
61.64	8
61.66	8
61.68	6
61.7	2
61.72	5
61.74	10
61.76	3
61.78	3
61.8	8
61.82	8
61.84	9
61.86	3
61.88	3
61.9	3
61.92	6
61.94	5
61.96	7
61.98	1
62	2
62.02	10
62.04	6
62.06	4
62.08	6
62.1	5
62.12	7
62.14	7
62.16	7
62.18	10
62.2	1
62.22	5
62.24	4
62.26	4
62.28	7
62.3	11
62.32	9
62.34	5
62.36	6
62.38	7
62.4	6
62.42	4
62.44	4
62.46	9
62.48	3
62.5	4
62.52	5
62.54	6
62.56	2
62.58	3
62.6	9
62.62	5
62.64	7
62.66	9
62.68	6
62.7	5
62.72	9
62.74	8
62.76	2
62.78	3
62.8	8
62.82	2
62.84	4
62.86	5
62.88	5
62.9	5
62.92	6
62.94	7
62.96	2
62.98	6
63	6
63.02	4
63.04	2
63.06	2
63.08	4
63.1	2
63.12	5
63.14	6
63.16	3
63.18	5
63.2	3
63.22	3
63.24	2
63.26	6
63.28	3
63.3	3
63.32	4
63.34	7
63.36	7
63.38	3
63.4	6
63.42	7
63.44	1
63.46	3
63.48	4
63.5	0.000000
63.52	5
63.54	5
63.56	4
63.58	5
63.6	3
63.62	5
63.64	4
63.66	4
63.68	3
63.7	4
63.72	5
63.74	5
63.76	12
63.78	7
63.8	5
63.82	6
63.84	6
63.86	4
63.88	5
63.9	4
63.92	7
63.94	2
63.96	8
63.98	6
64	3
64.02	2
64.04	3
64.06	3
64.08	4
64.1	4
64.12	5
64.14	3
64.16	3
64.18	2
64.2	7
64.22	6
64.24	7
64.26	4
64.28	6
64.3	3
64.32	6
64.34	6
64.36	6
64.38	9
64.4	7
64.42	2
64.44	8
64.46	3
64.48	7
64.5	10
64.52	6
64.54	2
64.56	5
64.58	4
64.6	5
64.62	5
64.64	2
64.66	3
64.68	9
64.7	5
64.72	8
64.74	2
64.76	2
64.78	4
64.8	2
64.82	4
64.84	3
64.86	4
64.88	4
64.9	5
64.92	4
64.94	3
64.96	5
64.98	4
65	2
65.02	4
65.04	4
65.06	3
65.08	3
65.1	1
65.12	3
65.14	9
65.16	5
65.18	4
65.2	4
65.22	4
65.24	4
65.26	5
65.28	5
65.3	3
65.32	4
65.34	2
65.36	4
65.38	5
65.4	3
65.42	7
65.44	4
65.46	0.000000
65.48	0.000000
65.5	1
65.52	3
65.54	0.000000
65.56	1
65.58	3
65.6	1
65.62	5
65.64	3
65.66	6
65.68	6
65.7	3
65.72	3
65.74	4
65.76	5
65.78	3
65.8	5
65.82	7
65.84	4
65.86	5
65.88	4
65.9	2
65.92	2
65.94	4
65.96	6
65.98	4
66	2
66.02	4
66.04	3
66.06	5
66.08	3
66.1	6
66.12	2
66.14	1
66.16	4
66.18	6
66.2	3
66.22	2
66.24	4
66.26	3
66.28	3
66.3	7
66.32	4
66.34	3
66.36	5
66.38	6
66.4	4
66.42	5
66.44	4
66.46	3
66.48	3
66.5	5
66.52	5
66.54	5
66.56	2
66.58	5
66.6	6
66.62	5
66.64	2
66.66	4
66.68	1
66.7	3
66.72	7
66.74	6
66.76	3
66.78	3
66.8	6
66.82	7
66.84	4
66.86	3
66.88	4
66.9	4
66.92	5
66.94	4
66.96	4
66.98	6
67	2
67.02	2
67.04	6
67.06	6
67.08	3
67.1	3
67.12	3
67.14	2
67.16	4
67.18	1
67.2	6
67.22	4
67.24	4
67.26	6
67.28	0.000000
67.3	3
67.32	6
67.34	2
67.36	9
67.38	8
67.4	7
67.42	6
67.44	5
67.46	3
67.48	5
67.5	5
67.52	8
67.54	7
67.56	8
67.58	11
67.6	2
67.62	8
67.64	10
67.66	6
67.68	1
67.7	7
67.72	6
67.74	5
67.76	6
67.78	6
67.8	7
67.82	3
67.84	5
67.86	4
67.88	5
67.9	4
67.92	8
67.94	5
67.96	4
67.98	5
68	4
68.02	4
68.04	4
68.06	9
68.08	4
68.1	5
68.12	7
68.14	6
68.16	4
68.18	3
68.2	5
68.22	6
68.24	5
68.26	7
68.28	5
68.3	3
68.32	5
68.34	5
68.36	3
68.38	3
68.4	4
68.42	5
68.44	2
68.46	5
68.48	4
68.5	4
68.52	4
68.54	5
68.56	3
68.58	4
68.6	7
68.62	6
68.64	4
68.66	6
68.68	3
68.7	7
68.72	1
68.74	2
68.76	1
68.78	4
68.8	4
68.82	0.000000
68.84	2
68.86	3
68.88	2
68.9	3
68.92	1
68.94	5
68.96	5
68.98	5
69	5
69.02	3
69.04	4
69.06	4
69.08	5
69.1	4
69.12	5
69.14	4
69.16	3
69.18	2
69.2	6
69.22	3
69.24	4
69.26	6
69.28	6
69.3	4
69.32	6
69.34	2
69.36	5
69.38	2
69.4	3
69.42	2
69.44	6
69.46	6
69.48	9
69.5	3
69.52	4
69.54	6
69.56	1
69.58	2
69.6	4
69.62	2
69.64	6
69.66	4
69.68	2
69.7	5
69.72	3
69.74	6
69.76	10
69.78	5
69.8	1
69.82	0.000000
69.84	6
69.86	4
69.88	4
69.9	3
69.92	3
69.94	4
69.96	7
69.98	4
70	2
70.02	2
70.04	4
70.06	4
70.08	5
70.1	6
70.12	6
70.14	3
70.16	4
70.18	5
70.2	7
70.22	4
70.24	4
70.26	3
70.28	4
70.3	2
70.32	4
70.34	4
70.36	5
70.38	4
70.4	6
70.42	1
70.44	3
70.46	2
70.48	6
70.5	5
70.52	3
70.54	4
70.56	5
70.58	4
70.6	2
70.62	3
70.64	4
70.66	4
70.68	2
70.7	1
70.72	4
70.74	4
70.76	4
70.78	1
70.8	1
70.82	4
70.84	1
70.86	4
70.88	1
70.9	4
70.92	1
70.94	4
70.96	5
70.98	4
71	3
71.02	5
71.04	6
71.06	5
71.08	2
71.1	2
71.12	2
71.14	6
71.16	6
71.18	1
71.2	3
71.22	7
71.24	5
71.26	3
71.28	1
71.3	5
71.32	4
71.34	5
71.36	4
71.38	6
71.4	1
71.42	1
71.44	3
71.46	2
71.48	2
71.5	3
71.52	6
71.54	2
71.56	5
71.58	0.000000
71.6	4
71.62	6
71.64	3
71.66	1
71.68	2
71.7	4
71.72	7
71.74	4
71.76	3
71.78	4
71.8	2
71.82	7
71.84	5
71.86	5
71.88	4
71.9	3
71.92	3
71.94	4
71.96	2
71.98	4
72	5
72.02	7
72.04	3
72.06	4
72.08	4
72.1	1
72.12	3
72.14	2
72.16	6
72.18	2
72.2	2
72.22	4
72.24	0.000000
72.26	4
72.28	4
72.3	2
72.32	2
72.34	1
72.36	4
72.38	4
72.4	5
72.42	3
72.44	4
72.46	6
72.48	6
72.5	4
72.52	5
72.54	6
72.56	5
72.58	3
72.6	8
72.62	4
72.64	6
72.66	4
72.68	4
72.7	0.000000
72.72	4
72.74	6
72.76	2
72.78	3
72.8	3
72.82	6
72.84	6
72.86	3
72.88	3
72.9	4
72.92	2
72.94	2
72.96	4
72.98	2
73	4
73.02	4
73.04	3
73.06	8
73.08	3
73.1	1
73.12	2
73.14	4
73.16	6
73.18	3
73.2	5
73.22	5
73.24	4
73.26	7
73.28	4
73.3	4
73.32	4
73.34	8
73.36	4
73.38	2
73.4	3
73.42	2
73.44	4
73.46	4
73.48	2
73.5	5
73.52	4
73.54	2
73.56	7
73.58	6
73.6	2
73.62	4
73.64	4
73.66	2
73.68	4
73.7	1
73.72	6
73.74	5
73.76	5
73.78	4
73.8	1
73.82	3
73.84	5
73.86	8
73.88	3
73.9	4
73.92	2
73.94	3
73.96	1
73.98	5
74	1
74.02	2
74.04	2
74.06	4
74.08	6
74.1	3
74.12	2
74.14	3
74.16	2
74.18	2
74.2	3
74.22	2
74.24	2
74.26	1
74.28	1
74.3	4
74.32	2
74.34	1
74.36	2
74.38	3
74.4	4
74.42	3
74.44	2
74.46	4
74.48	5
74.5	0.000000
74.52	5
74.54	2
74.56	3
74.58	4
74.6	1
74.62	10
74.64	2
74.66	2
74.68	1
74.7	0.000000
74.72	0.000000
74.74	2
74.76	2
74.78	7
74.8	2
74.82	1
74.84	2
74.86	1
74.88	4
74.9	2
74.92	4
74.94	5
74.96	4
74.98	0.000000
75	4
75.02	1
75.04	5
75.06	2
75.08	4
75.1	2
75.12	1
75.14	2
75.16	3
75.18	6
75.2	3
75.22	4
75.24	1
75.26	2
75.28	0.000000
75.3	0.000000
75.32	5
75.34	3
75.36	2
75.38	4
75.4	6
75.42	3
75.44	3
75.46	5
75.48	4
75.5	1
75.52	2
75.54	1
75.56	0.000000
75.58	5
75.6	0.000000
75.62	1
75.64	4
75.66	5
75.68	6
75.7	2
75.72	3
75.74	2
75.76	4
75.78	1
75.8	1
75.82	2
75.84	6
75.86	2
75.88	4
75.9	3
75.92	2
75.94	1
75.96	1
75.98	2
76	1
76.02	2
76.04	1
76.06	3
76.08	1
76.1	3
76.12	0.000000
76.14	1
76.16	2
76.18	6
76.2	6
76.22	3
76.24	3
76.26	8
76.28	3
76.3	3
76.32	1
76.34	2
76.36	1
76.38	2
76.4	2
76.42	2
76.44	4
76.46	3
76.48	3
76.5	2
76.52	5
76.54	2
76.56	1
76.58	2
76.6	2
76.62	3
76.64	4
76.66	3
76.68	4
76.7	3
76.72	4
76.74	5
76.76	6
76.78	2
76.8	4
76.82	4
76.84	3
76.86	3
76.88	3
76.9	5
76.92	8
76.94	4
76.96	0.000000
76.98	3
77	2
77.02	4
77.04	4
77.06	1
77.08	3
77.1	4
77.12	6
77.14	3
77.16	6
77.18	4
77.2	3
77.22	3
77.24	3
77.26	3
77.28	2
77.3	2
77.32	3
77.34	3
77.36	2
77.38	1
77.4	3
77.42	4
77.44	5
77.46	1
77.48	1
77.5	6
77.52	3
77.54	2
77.56	1
77.58	2
77.6	1
77.62	2
77.64	5
77.66	8
77.68	5
77.7	5
77.72	5
77.74	1
77.76	6
77.78	6
77.8	2
77.82	2
77.84	5
77.86	3
77.88	2
77.9	5
77.92	6
77.94	2
77.96	4
77.98	5
78	4
78.02	4
78.04	5
78.06	1
78.08	2
78.1	1
78.12	3
78.14	4
78.16	2
78.18	0.000000
78.2	4
78.22	1
78.24	4
78.26	6
78.28	1
78.3	2
78.32	2
78.34	3
78.36	5
78.38	5
78.4	4
78.42	4
78.44	3
78.46	3
78.48	10
78.5	4
78.52	5
78.54	6
78.56	5
78.58	5
78.6	4
78.62	1
78.64	9
78.66	3
78.68	5
78.7	4
78.72	3
78.74	4
78.76	3
78.78	5
78.8	3
78.82	3
78.84	4
78.86	4
78.88	4
78.9	2
78.92	4
78.94	7
78.96	2
78.98	4
79	5
79.02	7
79.04	4
79.06	3
79.08	2
79.1	7
79.12	3
79.14	8
79.16	8
79.18	3
79.2	0.000000
79.22	2
79.24	1
79.26	2
79.28	5
79.3	7
79.32	1
79.34	6
79.36	6
79.38	6
79.4	4
79.42	4
79.44	8
79.46	2
79.48	3
79.5	2
79.52	4
79.54	1
79.56	2
79.58	1
79.6	2
79.62	4
79.64	2
79.66	6
79.68	3
79.7	4
79.72	6
79.74	5
79.76	4
79.78	1
79.8	3
79.82	3
79.84	1
79.86	4
79.88	4
79.9	1
79.92	2
79.94	4
79.96	4
79.98	2
80	2
80.02	5
80.04	0.000000
80.06	4
80.08	8
80.1	5
80.12	5
80.14	2
80.16	3
80.18	4
80.2	2
80.22	7
80.24	1
80.26	4
80.28	5
80.3	3
80.32	2
80.34	5
80.36	0.000000
80.38	1
80.4	6
80.42	4
80.44	4
80.46	3
80.48	3
80.5	4
80.52	3
80.54	1
80.56	2
80.58	2
80.6	6
80.62	4
80.64	4
80.66	2
80.68	2
80.7	1
80.72	1
80.74	6
80.76	6
80.78	5
80.8	7
80.82	3
80.84	1
80.86	2
80.88	6
80.9	2
80.92	3
80.94	1
80.96	6
80.98	4
81	5
81.02	5
81.04	2
81.06	1
81.08	0.000000
81.1	4
81.12	5
81.14	4
81.16	5
81.18	4
81.2	3
81.22	2
81.24	6
81.26	1
81.28	3
81.3	7
81.32	1
81.34	4
81.36	2
81.38	1
81.4	3
81.42	4
81.44	3
81.46	3
81.48	3
81.5	2
81.52	2
81.54	4
81.56	7
81.58	5
81.6	3
81.62	3
81.64	2
81.66	3
81.68	3
81.7	3
81.72	3
81.74	4
81.76	1
81.78	3
81.8	4
81.82	4
81.84	3
81.86	7
81.88	2
81.9	3
81.92	7
81.94	4
81.96	5
81.98	8
82	5
82.02	2
82.04	3
82.06	2
82.08	4
82.1	2
82.12	2
82.14	5
82.16	2
82.18	3
82.2	4
82.22	3
82.24	2
82.26	0.000000
82.28	4
82.3	1
82.32	2
82.34	2
82.36	3
82.38	2
82.4	4
82.42	4
82.44	2
82.46	5
82.48	4
82.5	4
82.52	2
82.54	2
82.56	0.000000
82.58	4
82.6	4
82.62	3
82.64	5
82.66	10
82.68	5
82.7	6
82.72	2
82.74	4
82.76	4
82.78	2
82.8	4
82.82	1
82.84	1
82.86	4
82.88	3
82.9	1
82.92	5
82.94	3
82.96	3
82.98	2
83	1
83.02	4
83.04	3
83.06	4
83.08	4
83.1	2
83.12	2
83.14	3
83.16	6
83.18	2
83.2	3
83.22	5
83.24	1
83.26	1
83.28	3
83.3	4
83.32	3
83.34	5
83.36	6
83.38	7
83.4	3
83.42	3
83.44	2
83.46	3
83.48	0.000000
83.5	0.000000
83.52	4
83.54	2
83.56	4
83.58	4
83.6	4
83.62	6
83.64	4
83.66	6
83.68	6
83.7	4
83.72	4
83.74	2
83.76	4
83.78	7
83.8	3
83.82	3
83.84	4
83.86	6
83.88	4
83.9	3
83.92	4
83.94	5
83.96	4
83.98	6
84	2
84.02	2
84.04	4
84.06	2
84.08	6
84.1	4
84.12	6
84.14	4
84.16	0.000000
84.18	1
84.2	3
84.22	4
84.24	5
84.26	9
84.28	7
84.3	8
84.32	5
84.34	6
84.36	9
84.38	5
84.4	6
84.42	2
84.44	4
84.46	9
84.48	7
84.5	4
84.52	3
84.54	3
84.56	4
84.58	1
84.6	8
84.62	2
84.64	6
84.66	4
84.68	0.000000
84.7	2
84.72	2
84.74	1
84.76	3
84.78	7
84.8	9
84.82	3
84.84	2
84.86	4
84.88	4
84.9	3
84.92	3
84.94	4
84.96	1
84.98	5
85	2
85.02	1
85.04	0.000000
85.06	3
85.08	2
85.1	4
85.12	3
85.14	5
85.16	3
85.18	0.000000
85.2	0.000000
85.22	2
85.24	3
85.26	4
85.28	1
85.3	1
85.32	5
85.34	6
85.36	2
85.38	4
85.4	3
85.42	0.000000
85.44	2
85.46	2
85.48	3
85.5	4
85.52	3
85.54	1
85.56	1
85.58	4
85.6	3
85.62	2
85.64	0.000000
85.66	2
85.68	1
85.7	3
85.72	3
85.74	2
85.76	3
85.78	1
85.8	1
85.82	1
85.84	3
85.86	1
85.88	3
85.9	6
85.92	2
85.94	2
85.96	3
85.98	2
86	3
86.02	4
86.04	5
86.06	2
86.08	3
86.1	5
86.12	1
86.14	0.000000
86.16	1
86.18	0.000000
86.2	4
86.22	4
86.24	3
86.26	3
86.28	1
86.3	2
86.32	3
86.34	1
86.36	0.000000
86.38	3
86.4	3
86.42	2
86.44	1
86.46	1
86.48	5
86.5	0.000000
86.52	0.000000
86.54	3
86.56	4
86.58	3
86.6	3
86.62	4
86.64	6
86.66	3
86.68	4
86.7	4
86.72	1
86.74	1
86.76	2
86.78	4
86.8	2
86.82	1
86.84	3
86.86	4
86.88	6
86.9	3
86.92	4
86.94	4
86.96	3
86.98	1
87	1
87.02	2
87.04	2
87.06	3
87.08	2
87.1	4
87.12	2
87.14	1
87.16	2
87.18	1
87.2	3
87.22	5
87.24	7
87.26	3
87.28	5
87.3	3
87.32	2
87.34	5
87.36	5
87.38	5
87.4	3
87.42	4
87.44	2
87.46	2
87.48	0.000000
87.5	3
87.52	7
87.54	8
87.56	5
87.58	4
87.6	5
87.62	5
87.64	6
87.66	7
87.68	11
87.7	9
87.72	5
87.74	6
87.76	3
87.78	4
87.8	5
87.82	1
87.84	3
87.86	3
87.88	2
87.9	0.000000
87.92	6
87.94	8
87.96	5
87.98	4
88	2
88.02	3
88.04	3
88.06	4
88.08	2
88.1	2
88.12	3
88.14	3
88.16	5
88.18	6
88.2	4
88.22	2
88.24	3
88.26	4
88.28	5
88.3	1
88.32	4
88.34	5
88.36	3
88.38	4
88.4	3
88.42	2
88.44	4
88.46	5
88.48	2
88.5	3
88.52	6
88.54	4
88.56	1
88.58	2
88.6	3
88.62	3
88.64	5
88.66	2
88.68	3
88.7	6
88.72	3
88.74	5
88.76	4
88.78	2
88.8	6
88.82	2
88.84	2
88.86	1
88.88	1
88.9	1
88.92	5
88.94	3
88.96	6
88.98	3
89	4
89.02	4
89.04	3
89.06	4
89.08	5
89.1	2
89.12	2
89.14	3
89.16	3
89.18	6
89.2	5
89.22	2
89.24	3
89.26	3
89.28	3
89.3	1
89.32	6
89.34	2
89.36	1
89.38	1
89.4	1
89.42	3
89.44	0.000000
89.46	3
89.48	2
89.5	3
89.52	8
89.54	3
89.56	6
89.58	0.000000
89.6	3
89.62	4
89.64	2
89.66	4
89.68	2
89.7	2
89.72	3
89.74	4
89.76	5
89.78	5
89.8	5
89.82	5
89.84	4
89.86	2
89.88	5
89.9	4
89.92	6
89.94	3
89.96	1
89.98	1
90	3
