10	98
10.02	106
10.04	119
10.06	99
10.08	101
10.1	86
10.12	82
10.14	110
10.16	92
10.18	99
10.2	107
10.22	96
10.24	89
10.26	94
10.28	83
10.3	91
10.32	99
10.34	84
10.36	113
10.38	86
10.4	102
10.42	86
10.44	79
10.46	88
10.48	88
10.5	91
10.52	91
10.54	81
10.56	79
10.58	82
10.6	106
10.62	110
10.64	92
10.66	92
10.68	92
10.7	91
10.72	89
10.74	84
10.76	80
10.78	105
10.8	91
10.82	98
10.84	89
10.86	96
10.88	73
10.9	102
10.92	86
10.94	82
10.96	96
10.98	83
11	88
11.02	85
11.04	76
11.06	103
11.08	82
11.1	89
11.12	78
11.14	92
11.16	79
11.18	79
11.2	88
11.22	80
11.24	95
11.26	90
11.28	77
11.3	92
11.32	87
11.34	77
11.36	80
11.38	86
11.4	75
11.42	72
11.44	81
11.46	92
11.48	76
11.5	86
11.52	76
11.54	84
11.56	91
11.58	61
11.6	73
11.62	63
11.64	79
11.66	72
11.68	81
11.7	82
11.72	80
11.74	88
11.76	80
11.78	79
11.8	75
11.82	78
11.84	56
11.86	71
11.88	94
11.9	76
11.92	61
11.94	80
11.96	71
11.98	89
12	81
12.02	76
12.04	57
12.06	76
12.08	73
12.1	80
12.12	78
12.14	85
12.16	60
12.18	73
12.2	71
12.22	79
12.24	75
12.26	69
12.28	73
12.3	81
12.32	68
12.34	69
12.36	68
12.38	61
12.4	75
12.42	88
12.44	78
12.46	77
12.48	77
12.5	77
12.52	67
12.54	57
12.56	62
12.58	76
12.6	64
12.62	65
12.64	67
12.66	68
12.68	54
12.7	80
12.72	78
12.74	76
12.76	80
12.78	63
12.8	55
12.82	71
12.84	96
12.86	59
12.88	69
12.9	76
12.92	63
12.94	61
12.96	65
12.98	63
13	73
13.02	69
13.04	97
13.06	83
13.08	70
13.1	59
13.12	62
13.14	69
13.16	64
13.18	71
13.2	69
13.22	73
13.24	69
13.26	69
13.28	66
13.3	62
13.32	61
13.34	67
13.36	76
13.38	74
13.4	71
13.42	68
13.44	75
13.46	69
13.48	70
13.5	69
13.52	69
13.54	66
13.56	71
13.58	67
13.6	80
13.62	54
13.64	69
13.66	54
13.68	66
13.7	68
13.72	62
13.74	58
13.76	64
13.78	51
13.8	57
13.82	56
13.84	64
13.86	66
13.88	63
13.9	56
13.92	56
13.94	59
13.96	63
13.98	68
14	69
14.02	59
14.04	45
14.06	58
14.08	64
14.1	59
14.12	62
14.14	57
14.16	65
14.18	59
14.2	63
14.22	73
14.24	50
14.26	58
14.28	62
14.3	58
14.32	62
14.34	59
14.36	61
14.38	68
14.4	57
14.42	57
14.44	54
14.46	60
14.48	65
14.5	57
14.52	65
14.54	60
14.56	59
14.58	67
14.6	66
14.62	65
14.64	56
14.66	50
14.68	59
14.7	58
14.72	54
14.74	48
14.76	53
14.78	51
14.8	53
14.82	48
14.84	57
14.86	54
14.88	62
14.9	51
14.92	55
14.94	57
14.96	53
14.98	47
15	58
15.02	54
15.04	55
15.06	51
15.08	51
15.1	50
15.12	69
15.14	43
15.16	33
15.18	55
15.2	53
15.22	59
15.24	63
15.26	53
15.28	61
15.3	54
15.32	51
15.34	57
15.36	51
15.38	64
15.4	49
15.42	48
15.44	68
15.46	60
15.48	61
15.5	60
15.52	56
15.54	55
15.56	49
15.58	59
15.6	56
15.62	52
15.64	55
15.66	51
15.68	46
15.7	50
15.72	63
15.74	44
15.76	52
15.78	56
15.8	48
15.82	54
15.84	56
15.86	64
15.88	62
15.9	52
15.92	48
15.94	48
15.96	60
15.98	50
16	57
16.02	34
16.04	58
16.06	55
16.08	58
16.1	43
16.12	62
16.14	57
16.16	48
16.18	54
16.2	55
16.22	64
16.24	63
16.26	49
16.28	38
16.3	48
16.32	51
16.34	62
16.36	53
16.38	58
16.4	57
16.42	50
16.44	49
16.46	55
16.48	52
16.5	44
16.52	47
16.54	53
16.56	51
16.58	49
16.6	55
16.62	51
16.64	50
16.66	51
16.68	38
16.7	43
16.72	36
16.74	48
16.76	48
16.78	46
16.8	40
16.82	44
16.84	53
16.86	45
16.88	53
16.9	49
16.92	48
16.94	57
16.96	49
16.98	51
17	50
17.02	43
17.04	46
17.06	47
17.08	49
17.1	45
17.12	47
17.14	47
17.16	31
17.18	54
17.2	48
17.22	38
17.24	40
17.26	43
17.28	43
17.3	48
17.32	46
17.34	52
17.36	53
17.38	37
17.4	47
17.42	41
17.44	41
17.46	58
17.48	44
17.5	39
17.52	50
17.54	38
17.56	48
17.58	45
17.6	52
17.62	44
17.64	53
17.66	41
17.68	48
17.7	37
17.72	49
17.74	38
17.76	45
17.78	50
17.8	42
17.82	43
17.84	37
17.86	43
17.88	47
17.9	48
17.92	51
17.94	52
17.96	51
17.98	41
18	35
18.02	42
18.04	45
18.06	40
18.08	43
18.1	45
18.12	32
18.14	51
18.16	36
18.18	32
18.2	45
18.22	47
18.24	54
18.26	47
18.28	41
18.3	55
18.32	36
18.34	47
18.36	33
18.38	55
18.4	38
18.42	38
18.44	39
18.46	30
18.48	48
18.5	34
18.52	37
18.54	37
18.56	35
18.58	42
18.6	38
18.62	45
18.64	49
18.66	43
18.68	45
18.7	22
18.72	49
18.74	47
18.76	42
18.78	41
18.8	38
18.82	31
18.84	41
18.86	44
18.88	42
18.9	38
18.92	37
18.94	43
18.96	48
18.98	41
19	48
19.02	41
19.04	31
19.06	41
19.08	36
19.1	38
19.12	64
19.14	37
19.16	29
19.18	43
19.2	28
19.22	40
19.24	42
19.26	48
19.28	41
19.3	44
19.32	41
19.34	37
19.36	47
19.38	35
19.4	27
19.42	30
19.44	37
19.46	42
19.48	35
19.5	48
19.52	35
19.54	38
19.56	45
19.58	49
19.6	42
19.62	56
19.64	38
19.66	32
19.68	46
19.7	32
19.72	43
19.74	48
19.76	44
19.78	33
19.8	36
19.82	39
19.84	29
19.86	43
19.88	37
19.9	51
19.92	42
19.94	26
19.96	33
19.98	28
20	37
20.02	45
20.04	46
20.06	39
20.08	36
20.1	42
20.12	41
20.14	41
20.16	49
20.18	35
20.2	39
20.22	44
20.24	37
20.26	42
20.28	43
20.3	37
20.32	38
20.34	39
20.36	37
20.38	36
20.4	31
20.42	38
20.44	39
20.46	47
20.48	48
20.5	35
20.52	37
20.54	42
20.56	39
20.58	33
20.6	28
20.62	40
20.64	34
20.66	35
20.68	27
20.7	28
20.72	35
20.74	42
20.76	46
20.78	40
20.8	43
20.82	31
20.84	45
20.86	50
20.88	29
20.9	37
20.92	38
20.94	44
20.96	35
20.98	37
21	36
21.02	23
21.04	34
21.06	37
21.08	41
21.1	45
21.12	35
21.14	39
21.16	27
21.18	39
21.2	42
21.22	46
21.24	43
21.26	45
21.28	46
21.3	33
21.32	35
21.34	31
21.36	41
21.38	38
21.4	42
21.42	37
21.44	23
21.46	32
21.48	31
21.5	44
21.52	42
21.54	36
21.56	35
21.58	38
21.6	17
21.62	38
21.64	37
21.66	40
21.68	26
21.7	28
21.72	33
21.74	45
21.76	26
21.78	34
21.8	34
21.82	25
21.84	36
21.86	41
21.88	41
21.9	38
21.92	39
21.94	41
21.96	46
21.98	42
22	42
22.02	31
22.04	49
22.06	42
22.08	43
22.1	34
22.12	34
22.14	37
22.16	44
22.18	33
22.2	32
22.22	37
22.24	35
22.26	34
22.28	28
22.3	44
22.32	35
22.34	33
22.36	43
22.38	43
22.4	32
22.42	33
22.44	39
22.46	38
22.48	35
22.5	38
22.52	31
22.54	43
22.56	41
22.58	24
22.6	32
22.62	25
22.64	47
22.66	28
22.68	32
22.7	27
22.72	28
22.74	41
22.76	46
22.78	29
22.8	40
22.82	26
22.84	34
22.86	39
22.88	29
22.9	32
22.92	44
22.94	40
22.96	40
22.98	43
23	34
23.02	31
23.04	28
23.06	37
23.08	45
23.1	33
23.12	42
23.14	34
23.16	36
23.18	33
23.2	32
23.22	47
23.24	43
23.26	34
23.28	25
23.3	39
23.32	28
23.34	33
23.36	35
23.38	25
23.4	37
23.42	25
23.44	29
23.46	28
23.48	33
23.5	33
23.52	34
23.54	42
23.56	33
23.58	37
23.6	29
23.62	31
23.64	32
23.66	39
23.68	41
23.7	32
23.72	36
23.74	43
23.76	25
23.78	38
23.8	31
23.82	39
23.84	46
23.86	37
23.88	32
23.9	30
23.92	26
23.94	36
23.96	31
23.98	23
24	36
24.02	34
24.04	35
24.06	27
24.08	33
24.1	35
24.12	34
24.14	28
24.16	33
24.18	37
24.2	36
24.22	43
24.24	34
24.26	26
24.28	27
24.3	29
24.32	33
24.34	34
24.36	26
24.38	41
24.4	30
24.42	40
24.44	28
24.46	25
24.48	34
24.5	36
24.52	41
24.54	36
24.56	35
24.58	37
24.6	30
24.62	27
24.64	33
24.66	25
24.68	31
24.7	27
24.72	40
24.74	39
24.76	27
24.78	23
24.8	35
24.82	36
24.84	37
24.86	23
24.88	40
24.9	30
24.92	34
24.94	27
24.96	29
24.98	32
25	27
25.02	32
25.04	33
25.06	30
25.08	43
25.1	27
25.12	41
25.14	35
25.16	30
25.18	36
25.2	25
25.22	28
25.24	32
25.26	32
25.28	35
25.3	32
25.32	27
25.34	39
25.36	21
25.38	21
25.4	25
25.42	27
25.44	26
25.46	36
25.48	35
25.5	34
25.52	27
25.54	26
25.56	32
25.58	33
25.6	28
25.62	32
25.64	36
25.66	33
25.68	30
25.7	40
25.72	41
25.74	31
25.76	41
25.78	25
25.8	32
25.82	42
25.84	38
25.86	27
25.88	30
25.9	33
25.92	32
25.94	31
25.96	26
25.98	38
26	30
26.02	23
26.04	34
26.06	30
26.08	21
26.1	28
26.12	26
26.14	27
26.16	41
26.18	31
26.2	31
26.22	28
26.24	30
26.26	30
26.28	28
26.3	42
26.32	27
26.34	38
26.36	38
26.38	31
26.4	27
26.42	39
26.44	34
26.46	25
26.48	29
26.5	27
26.52	30
26.54	31
26.56	31
26.58	41
26.6	28
26.62	27
26.64	24
26.66	23
26.68	34
26.7	31
26.72	27
26.74	26
26.76	24
26.78	26
26.8	27
26.82	25
26.84	28
26.86	27
26.88	28
26.9	34
26.92	30
26.94	28
26.96	29
26.98	21
27	22
27.02	32
27.04	36
27.06	28
27.08	32
27.1	33
27.12	26
27.14	36
27.16	26
27.18	20
27.2	30
27.22	21
27.24	30
27.26	27
27.28	39
27.3	36
27.32	24
27.34	21
27.36	33
27.38	31
27.4	37
27.42	30
27.44	30
27.46	21
27.48	18
27.5	25
27.52	21
27.54	23
27.56	32
27.58	28
27.6	20
27.62	40
27.64	35
27.66	27
27.68	31
27.7	22
27.72	28
27.74	22
27.76	27
27.78	26
27.8	31
27.82	15
27.84	38
27.86	36
27.88	35
27.9	25
27.92	25
27.94	26
27.96	27
27.98	36
28	27
28.02	27
28.04	20
28.06	39
28.08	36
28.1	18
28.12	27
28.14	30
28.16	27
28.18	34
28.2	40
28.22	25
28.24	30
28.26	34
28.28	28
28.3	30
28.32	32
28.34	29
28.36	39
28.38	27
28.4	28
28.42	24
28.44	29
28.46	33
28.48	23
28.5	31
28.52	26
28.54	29
28.56	17
28.58	18
28.6	30
28.62	26
28.64	31
28.66	29
28.68	26
28.7	20
28.72	22
28.74	24
28.76	24
28.78	27
28.8	28
28.82	20
28.84	33
28.86	28
28.88	24
28.9	23
28.92	22
28.94	31
28.96	29
28.98	16
29	25
29.02	31
29.04	27
29.06	21
29.08	24
29.1	19
29.12	22
29.14	31
29.16	24
29.18	18
29.2	24
29.22	25
29.24	19
29.26	22
29.28	20
29.3	20
29.32	30
29.34	21
29.36	23
29.38	39
29.4	15
29.42	21
29.44	27
29.46	23
29.48	24
29.5	31
29.52	25
29.54	28
29.56	19
29.58	29
29.6	12
29.62	25
29.64	33
29.66	29
29.68	21
29.7	32
29.72	27
29.74	27
29.76	26
29.78	25
29.8	24
29.82	9
29.84	19
29.86	21
29.88	19
29.9	25
29.92	30
29.94	14
29.96	28
29.98	25
30	23
30.02	22
30.04	22
30.06	24
30.08	21
30.1	25
30.12	23
30.14	22
30.16	19
30.18	18
30.2	25
30.22	23
30.24	22
30.26	24
30.28	20
30.3	20
30.32	20
30.34	14
30.36	21
30.38	16
30.4	29
30.42	19
30.44	23
30.46	25
30.48	27
30.5	23
30.52	19
30.54	27
30.56	21
30.58	20
30.6	26
30.62	20
30.64	22
30.66	20
30.68	26
30.7	21
30.72	16
30.74	16
30.76	22
30.78	23
30.8	24
30.82	25
30.84	18
30.86	20
30.88	25
30.9	29
30.92	16
30.94	26
30.96	27
30.98	21
31	20
31.02	22
31.04	17
31.06	19
31.08	15
31.1	17
31.12	20
31.14	23
31.16	23
31.18	25
31.2	25
31.22	15
31.24	17
31.26	18
31.28	21
31.3	27
31.32	28
31.34	17
31.36	21
31.38	22
31.4	18
31.42	18
31.44	20
31.46	14
31.48	21
31.5	22
31.52	27
31.54	19
31.56	21
31.58	20
31.6	18
31.62	15
31.64	18
31.66	15
31.68	21
31.7	24
31.72	18
31.74	20
31.76	10
31.78	19
31.8	16
31.82	14
31.84	22
31.86	19
31.88	9
31.9	21
31.92	20
31.94	21
31.96	13
31.98	22
32	26
32.02	18
32.04	20
32.06	16
32.08	14
32.1	17
32.12	19
32.14	14
32.16	18
32.18	15
32.2	25
32.22	15
32.24	15
32.26	18
32.28	9
32.3	25
32.32	17
32.34	18
32.36	20
32.38	15
32.4	18
32.42	14
32.44	21
32.46	15
32.48	23
32.5	26
32.52	23
32.54	18
32.56	22
32.58	9
32.6	18
32.62	19
32.64	22
32.66	17
32.68	18
32.7	18
32.72	19
32.74	20
32.76	19
32.78	23
32.8	21
32.82	23
32.84	17
32.86	12
32.88	21
32.9	18
32.92	26
32.94	19
32.96	31
32.98	21
33	24
33.02	16
33.04	12
33.06	16
33.08	11
33.1	13
33.12	22
33.14	19
33.16	23
33.18	21
33.2	18
33.22	14
33.24	16
33.26	20
33.28	12
33.3	23
33.32	16
33.34	20
33.36	20
33.38	19
33.4	16
33.42	13
33.44	15
33.46	17
33.48	11
33.5	13
33.52	16
33.54	18
33.56	19
33.58	15
33.6	23
33.62	15
33.64	17
33.66	11
33.68	15
33.7	18
33.72	7
33.74	12
33.76	16
33.78	12
33.8	15
33.82	15
33.84	12
33.86	14
33.88	15
33.9	18
33.92	21
33.94	10
33.96	20
33.98	12
34	17
34.02	18
34.04	17
34.06	21
34.08	16
34.1	14
34.12	15
34.14	20
34.16	16
34.18	18
34.2	19
34.22	17
34.24	21
34.26	14
34.28	18
34.3	12
34.32	11
34.34	12
34.36	22
34.38	17
34.4	20
34.42	15
34.44	18
34.46	12
34.48	14
34.5	14
34.52	19
34.54	16
34.56	11
34.58	22
34.6	19
34.62	10
34.64	15
34.66	13
34.68	21
34.7	15
34.72	16
34.74	13
34.76	16
34.78	15
34.8	10
34.82	17
34.84	16
34.86	19
34.88	23
34.9	19
34.92	25
34.94	15
34.96	15
34.98	12
35	12
35.02	11
35.04	16
35.06	12
35.08	26
35.1	15
35.12	12
35.14	19
35.16	13
35.18	12
35.2	22
35.22	16
35.24	19
35.26	17
35.28	15
35.3	14
35.32	14
35.34	15
35.36	12
35.38	12
35.4	12
35.42	12
35.44	19
35.46	16
35.48	12
35.5	14
35.52	20
35.54	12
35.56	11
35.58	15
35.6	19
35.62	21
35.64	17
35.66	19
35.68	15
35.7	19
35.72	10
35.74	23
35.76	18
35.78	8
35.8	12
35.82	13
35.84	14
35.86	9
35.88	17
35.9	15
35.92	9
35.94	11
35.96	16
35.98	13
36	10
36.02	20
36.04	18
36.06	14
36.08	18
36.1	15
36.12	13
36.14	17
36.16	20
36.18	25
36.2	17
36.22	17
36.24	12
36.26	19
36.28	10
36.3	15
36.32	13
36.34	11
36.36	10
36.38	9
36.4	23
36.42	10
36.44	10
36.46	11
36.48	11
36.5	11
36.52	14
36.54	11
36.56	15
36.58	15
36.6	19
36.62	8
36.64	10
36.66	9
36.68	12
36.7	11
36.72	12
36.74	13
36.76	12
36.78	10
36.8	16
36.82	13
36.84	14
36.86	15
36.88	14
36.9	11
36.92	11
36.94	20
36.96	9
36.98	11
37	16
37.02	17
37.04	9
37.06	12
37.08	13
37.1	10
37.12	10
37.14	9
37.16	10
37.18	8
37.2	10
37.22	13
37.24	13
37.26	19
37.28	16
37.3	11
37.32	12
37.34	13
37.36	11
37.38	11
37.4	7
37.42	13
37.44	15
37.46	7
37.48	10
37.5	13
37.52	14
37.54	19
37.56	11
37.58	16
37.6	15
37.62	13
37.64	21
37.66	10
37.68	12
37.7	15
37.72	11
37.74	6
37.76	12
37.78	14
37.8	17
37.82	16
37.84	8
37.86	14
37.88	14
37.9	9
37.92	6
37.94	12
37.96	9
37.98	20
38	10
38.02	14
38.04	9
38.06	8
38.08	12
38.1	10
38.12	6
38.14	8
38.16	11
38.18	15
38.2	10
38.22	11
38.24	7
38.26	8
38.28	11
38.3	8
38.32	7
38.34	13
38.36	12
38.38	9
38.4	5
38.42	16
38.44	15
38.46	7
38.48	10
38.5	7
38.52	9
38.54	9
38.56	10
38.58	17
38.6	9
38.62	11
38.64	9
38.66	7
38.68	13
38.7	7
38.72	7
38.74	10
38.76	9
38.78	11
38.8	4
38.82	6
38.84	13
38.86	15
38.88	10
38.9	14
38.92	8
38.94	8
38.96	16
38.98	10
39	10
39.02	11
39.04	18
39.06	11
39.08	9
39.1	19
39.12	9
39.14	9
39.16	14
39.18	7
39.2	9
39.22	10
39.24	7
39.26	8
39.28	12
39.3	8
39.32	10
39.34	13
39.36	11
39.38	11
39.4	11
39.42	13
39.44	14
39.46	7
39.48	7
39.5	6
39.52	16
39.54	10
39.56	6
39.58	8
39.6	11
39.62	7
39.64	8
39.66	5
39.68	10
39.7	6
39.72	6
39.74	8
39.76	9
39.78	11
39.8	8
39.82	11
39.84	11
39.86	9
39.88	8
39.9	12
39.92	9
39.94	8
39.96	8
39.98	10
40	9
40.02	11
40.04	10
40.06	12
40.08	11
40.1	10
40.12	13
40.14	8
40.16	10
40.18	12
40.2	9
40.22	9
40.24	10
40.26	7
40.28	10
40.3	5
40.32	9
40.34	11
40.36	10
40.38	12
40.4	13
40.42	5
40.44	11
40.46	14
40.48	9
40.5	10
40.52	9
40.54	10
40.56	13
40.58	10
40.6	8
40.62	8
40.64	12
40.66	6
40.68	10
40.7	7
40.72	9
40.74	7
40.76	9
40.78	10
40.8	12
40.82	14
40.84	10
40.86	4
40.88	15
40.9	10
40.92	6
40.94	4
40.96	10
40.98	5
41	5
41.02	12
41.04	6
41.06	12
41.08	10
41.1	12
41.12	7
41.14	5
41.16	7
41.18	11
41.2	4
41.22	12
41.24	6
41.26	8
41.28	8
41.3	7
41.32	5
41.34	7
41.36	5
41.38	10
41.4	7
41.42	7
41.44	17
41.46	8
41.48	8
41.5	9
41.52	7
41.54	10
41.56	13
41.58	13
41.6	8
41.62	11
41.64	4
41.66	9
41.68	12
41.7	18
41.72	9
41.74	7
41.76	12
41.78	9
41.8	17
41.82	8
41.84	14
41.86	14
41.88	13
41.9	10
41.92	4
41.94	9
41.96	5
41.98	10
42	14
42.02	12
42.04	6
42.06	12
42.08	11
42.1	10
42.12	12
42.14	7
42.16	9
42.18	5
42.2	10
42.22	12
42.24	12
42.26	9
42.28	7
42.3	8
42.32	11
42.34	11
42.36	12
42.38	11
42.4	12
42.42	12
42.44	12
42.46	20
42.48	12
42.5	10
42.52	8
42.54	10
42.56	18
42.58	12
42.6	12
42.62	7
42.64	6
42.66	8
42.68	12
42.7	12
42.72	10
42.74	7
42.76	9
42.78	6
42.8	12
42.82	12
42.84	15
42.86	12
42.88	5
42.9	9
42.92	8
42.94	4
42.96	11
42.98	10
43	4
43.02	4
43.04	11
43.06	8
43.08	10
43.1	8
43.12	8
43.14	5
43.16	6
43.18	8
43.2	10
43.22	13
43.24	10
43.26	10
43.28	8
43.3	5
43.32	13
43.34	9
43.36	6
43.38	8
43.4	6
43.42	14
43.44	13
43.46	13
43.48	7
43.5	10
43.52	13
43.54	7
43.56	8
43.58	8
43.6	7
43.62	7
43.64	9
43.66	7
43.68	8
43.7	5
43.72	10
43.74	11
43.76	9
43.78	6
43.8	11
43.82	13
43.84	12
43.86	13
43.88	9
43.9	9
43.92	9
43.94	8
43.96	6
43.98	8
44	8
44.02	6
44.04	9
44.06	5
44.08	8
44.1	8
44.12	8
44.14	6
44.16	13
44.18	10
44.2	10
44.22	10
44.24	6
44.26	5
44.28	6
44.3	7
44.32	9
44.34	7
44.36	10
44.38	8
44.4	13
44.42	9
44.44	9
44.46	12
44.48	8
44.5	10
44.52	7
44.54	12
44.56	4
44.58	7
44.6	9
44.62	8
44.64	8
44.66	10
44.68	8
44.7	11
44.72	14
44.74	10
44.76	10
44.78	13
44.8	12
44.82	9
44.84	10
44.86	15
44.88	8
44.9	12
44.92	12
44.94	5
44.96	12
44.98	9
45	12
45.02	12
45.04	6
45.06	10
45.08	8
45.1	10
45.12	5
45.14	8
45.16	10
45.18	9
45.2	8
45.22	10
45.24	7
45.26	6
45.28	12
45.3	11
45.32	3
45.34	6
45.36	6
45.38	13
45.4	9
45.42	9
45.44	6
45.46	5
45.48	5
45.5	9
45.52	7
45.54	9
45.56	11
45.58	8
45.6	6
45.62	13
45.64	13
45.66	10
45.68	5
45.7	12
45.72	10
45.74	10
45.76	10
45.78	11
45.8	6
45.82	16
45.84	6
45.86	10
45.88	7
45.9	9
45.92	10
45.94	15
45.96	6
45.98	9
46	9
46.02	9
46.04	7
46.06	9
46.08	10
46.1	12
46.12	12
46.14	11
46.16	7
46.18	13
46.2	15
46.22	11
46.24	11
46.26	13
46.28	5
46.3	8
46.32	12
46.34	4
46.36	8
46.38	5
46.4	8
46.42	12
46.44	7
46.46	16
46.48	5
46.5	15
46.52	9
46.54	17
46.56	11
46.58	12
46.6	9
46.62	6
46.64	16
46.66	10
46.68	7
46.7	17
46.72	7
46.74	7
46.76	8
46.78	4
46.8	9
46.82	6
46.84	5
46.86	8
46.88	8
46.9	8
46.92	13
46.94	10
46.96	12
46.98	7
47	10
47.02	16
47.04	15
47.06	10
47.08	9
47.1	13
47.12	10
47.14	8
47.16	13
47.18	11
47.2	9
47.22	9
47.24	7
47.26	10
47.28	15
47.3	10
47.32	9
47.34	9
47.36	9
47.38	8
47.4	6
47.42	11
47.44	8
47.46	9
47.48	11
47.5	5
47.52	8
47.54	7
47.56	6
47.58	15
47.6	9
47.62	11
47.64	9
47.66	9
47.68	7
47.7	12
47.72	12
47.74	10
47.76	8
47.78	10
47.8	4
47.82	9
47.84	10
47.86	9
47.88	7
47.9	8
47.92	8
47.94	10
47.96	7
47.98	11
48	4
48.02	14
48.04	9
48.06	5
48.08	7
48.1	14
48.12	9
48.14	6
48.16	10
48.18	9
48.2	11
48.22	11
48.24	10
48.26	5
48.28	11
48.3	5
48.32	11
48.34	11
48.36	16
48.38	9
48.4	7
48.42	7
48.44	6
48.46	10
48.48	9
48.5	10
48.52	9
48.54	15
48.56	14
48.58	5
48.6	3
48.62	13
48.64	5
48.66	9
48.68	9
48.7	6
48.72	9
48.74	8
48.76	8
48.78	8
48.8	10
48.82	7
48.84	8
48.86	10
48.88	10
48.9	13
48.92	8
48.94	10
48.96	6
48.98	12
49	4
49.02	6
49.04	10
49.06	8
49.08	7
49.1	8
49.12	4
49.14	9
49.16	10
49.18	11
49.2	11
49.22	5
49.24	5
49.26	7
49.28	7
49.3	8
49.32	13
49.34	5
49.36	9
49.38	10
49.4	6
49.42	8
49.44	7
49.46	4
49.48	9
49.5	5
49.52	7
49.54	9
49.56	10
49.58	9
49.6	7
49.62	7
49.64	7
49.66	12
49.68	5
49.7	7
49.72	5
49.74	8
49.76	6
49.78	8
49.8	8
49.82	7
49.84	6
49.86	8
49.88	7
49.9	5
49.92	10
49.94	6
49.96	8
49.98	7
50	7
50.02	6
50.04	7
50.06	13
50.08	8
50.1	9
50.12	7
50.14	7
50.16	6
50.18	10
50.2	6
50.22	10
50.24	18
50.26	12
50.28	7
50.3	10
50.32	5
50.34	6
50.36	7
50.38	9
50.4	6
50.42	14
50.44	13
50.46	4
50.48	12
50.5	5
50.52	7
50.54	9
50.56	7
50.58	12
50.6	11
50.62	15
50.64	5
50.66	11
50.68	13
50.7	7
50.72	11
50.74	13
50.76	5
50.78	8
50.8	9
50.82	11
50.84	12
50.86	8
50.88	5
50.9	11
50.92	6
50.94	14
50.96	8
50.98	9
51	10
51.02	13
51.04	11
51.06	9
51.08	11
51.1	5
51.12	11
51.14	12
51.16	14
51.18	10
51.2	12
51.22	10
51.24	7
51.26	5
51.28	11
51.3	6
51.32	7
51.34	10
51.36	9
51.38	8
51.4	9
51.42	9
51.44	14
51.46	5
51.48	10
51.5	5
51.52	1
51.54	13
51.56	5
51.58	6
51.6	5
51.62	2
51.64	8
51.66	14
51.68	11
51.7	13
51.72	14
51.74	8
51.76	13
51.78	6
51.8	8
51.82	6
51.84	9
51.86	11
51.88	6
51.9	8
51.92	15
51.94	7
51.96	14
51.98	15
52	11
52.02	9
52.04	5
52.06	12
52.08	6
52.1	13
52.12	3
52.14	12
52.16	9
52.18	10
52.2	7
52.22	10
52.24	9
52.26	9
52.28	11
52.3	8
52.32	11
52.34	9
52.36	9
52.38	9
52.4	6
52.42	9
52.44	13
52.46	9
52.48	18
52.5	9
52.52	11
52.54	13
52.56	6
52.58	13
52.6	15
52.62	24
52.64	46
52.66	55
52.68	89
52.7	119
52.72	141
52.74	149
52.76	201
52.78	226
52.8	241
52.82	253
52.84	302
52.86	337
52.88	348
52.9	352
52.92	348
52.94	359
52.96	367
52.98	355
53	344
53.02	337
53.04	357
53.06	364
53.08	346
53.1	297
53.12	279
53.14	267
53.16	241
53.18	224
53.2	191
53.22	162
53.24	138
53.26	119
53.28	73
53.3	55
53.32	40
53.34	24
53.36	13
53.38	13
53.4	20
53.42	5
53.44	9
53.46	8
53.48	9
53.5	14
53.52	12
53.54	10
53.56	12
53.58	16
53.6	11
53.62	11
53.64	7
53.66	9
53.68	8
53.7	9
53.72	11
53.74	10
53.76	14
53.78	8
53.8	13
53.82	14
53.84	7
53.86	15
53.88	14
53.9	13
53.92	16
53.94	18
53.96	15
53.98	8
54	8
54.02	12
54.04	13
54.06	12
54.08	10
54.1	10
54.12	17
54.14	12
54.16	20
54.18	13
54.2	11
54.22	17
54.24	9
54.26	15
54.28	15
54.3	18
54.32	21
54.34	11
54.36	19
54.38	19
54.4	9
54.42	11
54.44	14
54.46	15
54.48	16
54.5	16
54.52	14
54.54	18
54.56	18
54.58	11
54.6	10
54.62	13
54.64	15
54.66	24
54.68	12
54.7	17
54.72	15
54.74	12
54.76	20
54.78	14
54.8	10
54.82	13
54.84	9
54.86	21
54.88	13
54.9	14
54.92	15
54.94	13
54.96	14
54.98	18
55	14
55.02	18
55.04	26
55.06	17
55.08	15
55.1	12
55.12	18
55.14	11
55.16	13
55.18	22
55.2	16
55.22	18
55.24	21
55.26	10
55.28	19
55.3	17
55.32	18
55.34	16
55.36	19
55.38	15
55.4	17
55.42	19
55.44	11
55.46	24
55.48	17
55.5	15
55.52	15
55.54	16
55.56	17
55.58	15
55.6	16
55.62	15
55.64	16
55.66	16
55.68	15
55.7	15
55.72	15
55.74	14
55.76	19
55.78	20
55.8	16
55.82	13
55.84	17
55.86	17
55.88	13
55.9	13
55.92	19
55.94	14
55.96	15
55.98	18
56	15
56.02	20
56.04	14
56.06	18
56.08	19
56.1	15
56.12	13
56.14	12
56.16	13
56.18	23
56.2	15
56.22	14
56.24	15
56.26	13
56.28	22
56.3	13
56.32	16
56.34	12
56.36	12
56.38	11
56.4	18
56.42	16
56.44	24
56.46	17
56.48	16
56.5	16
56.52	17
56.54	8
56.56	8
56.58	11
56.6	9
56.62	12
56.64	14
56.66	13
56.68	12
56.7	13
56.72	13
56.74	15
56.76	8
56.78	18
56.8	15
56.82	19
56.84	9
56.86	11
56.88	8
56.9	14
56.92	10
56.94	12
56.96	9
56.98	12
57	12
57.02	18
57.04	18
57.06	13
57.08	12
57.1	7
57.12	14
57.14	14
57.16	7
57.18	5
57.2	9
57.22	11
57.24	7
57.26	10
57.28	11
57.3	9
57.32	4
57.34	11
57.36	10
57.38	11
57.4	14
57.42	11
57.44	10
57.46	9
57.48	7
57.5	10
57.52	12
57.54	12
57.56	12
57.58	9
57.6	8
57.62	12
57.64	12
57.66	8
57.68	4
57.7	10
57.72	13
57.74	7
57.76	11
57.78	6
57.8	13
57.82	12
57.84	9
57.86	4
57.88	8
57.9	8
57.92	6
57.94	8
57.96	7
57.98	11
58	15
58.02	1
58.04	0.000000
58.06	7
58.08	6
58.1	2
58.12	4
58.14	5
58.16	12
58.18	6
58.2	16
58.22	8
58.24	5
58.26	6
58.28	7
58.3	4
58.32	5
58.34	9
58.36	8
58.38	8
58.4	11
58.42	8
58.44	6
58.46	7
58.48	6
58.5	9
58.52	7
58.54	10
58.56	4
58.58	6
58.6	4
58.62	7
58.64	8
58.66	6
58.68	8
58.7	10
58.72	7
58.74	9
58.76	6
58.78	6
58.8	4
58.82	6
58.84	6
58.86	6
58.88	13
58.9	5
58.92	7
58.94	3
58.96	12
58.98	5
59	2
59.02	10
59.04	11
59.06	5
59.08	11
59.1	2
59.12	13
59.14	7
59.16	7
59.18	4
59.2	4
59.22	6
59.24	4
59.26	11
59.28	3
59.3	6
59.32	9
59.34	2
59.36	3
59.38	5
59.4	11
59.42	7
59.44	7
59.46	9
59.48	8
59.5	8
59.52	8
59.54	7
59.56	8
59.58	10
59.6	4
59.62	7
59.64	8
59.66	12
59.68	7
59.7	10
59.72	3
59.74	3
59.76	8
59.78	7
59.8	3
59.82	6
59.84	2
59.86	10
59.88	8
59.9	8
59.92	5
59.94	10
59.96	5
59.98	10
60	11
60.02	5
60.04	5
60.06	7
60.08	6
60.1	5
60.12	7
60.14	5
60.16	6
60.18	3
60.2	2
60.22	6
60.24	4
60.26	5
60.28	4
60.3	7
60.32	10
60.34	6
60.36	8
60.38	7
60.4	5
60.42	7
60.44	2
60.46	4
60.48	3
60.5	7
60.52	7
60.54	4
60.56	4
60.58	5
60.6	8
60.62	5
60.64	10
60.66	6
60.68	7
60.7	11
60.72	11
60.74	6
60.76	7
60.78	6
60.8	6
60.82	10
60.84	7
60.86	8
60.88	3
60.9	8
60.92	11
60.94	6
60.96	5
60.98	6
61	8
61.02	8
61.04	11
61.06	7
61.08	8
61.1	9
61.12	7
61.14	3
61.16	5
61.18	4
61.2	8
61.22	7
61.24	5
61.26	6
61.28	7
61.3	7
61.32	10
61.34	4
61.36	10
61.38	4
61.4	12
61.42	8
61.44	12
61.46	5
61.48	2
61.5	6
61.52	9
61.54	7
61.56	9
61.58	11
61.6	6
61.62	5
61.64	8
61.66	4
61.68	4
61.7	8
61.72	10
61.74	5
61.76	9
61.78	6
61.8	10
61.82	11
61.84	7
61.86	7
61.88	8
61.9	5
61.92	7
61.94	9
61.96	5
61.98	8
62	8
62.02	6
62.04	5
62.06	6
62.08	2
62.1	5
62.12	7
62.14	2
62.16	7
62.18	6
62.2	4
62.22	4
62.24	8
62.26	5
62.28	4
62.3	5
62.32	6
62.34	4
62.36	9
62.38	10
62.4	2
62.42	10
62.44	4
62.46	4
62.48	6
62.5	3
62.52	5
62.54	5
62.56	7
62.58	8
62.6	6
62.62	9
62.64	6
62.66	4
62.68	3
62.7	4
62.72	8
62.74	4
62.76	6
62.78	6
62.8	4
62.82	7
62.84	10
62.86	5
62.88	7
62.9	10
62.92	11
62.94	3
62.96	4
62.98	7
63	10
63.02	8
63.04	3
63.06	10
63.08	4
63.1	2
63.12	4
63.14	9
63.16	7
63.18	2
63.2	3
63.22	6
63.24	9
63.26	4
63.28	4
63.3	1
63.32	3
63.34	7
63.36	3
63.38	4
63.4	9
63.42	8
63.44	3
63.46	1
63.48	4
63.5	5
63.52	3
63.54	5
63.56	6
63.58	8
63.6	9
63.62	4
63.64	5
63.66	4
63.68	10
63.7	6
63.72	7
63.74	2
63.76	3
63.78	4
63.8	4
63.82	7
63.84	6
63.86	6
63.88	6
63.9	6
63.92	8
63.94	5
63.96	7
63.98	6
64	4
64.02	3
64.04	8
64.06	5
64.08	4
64.1	5
64.12	6
64.14	5
64.16	4
64.18	5
64.2	3
64.22	7
64.24	2
64.26	2
64.28	5
64.3	6
64.32	8
64.34	6
64.36	7
64.38	7
64.4	3
64.42	5
64.44	2
64.46	3
64.48	5
64.5	3
64.52	7
64.54	5
64.56	4
64.58	9
64.6	4
64.62	4
64.64	6
64.66	1
64.68	4
64.7	5
64.72	6
64.74	5
64.76	6
64.78	3
64.8	3
64.82	5
64.84	3
64.86	5
64.88	4
64.9	7
64.92	3
64.94	5
64.96	3
64.98	6
65	10
65.02	11
65.04	4
65.06	5
65.08	6
65.1	9
65.12	4
65.14	4
65.16	4
65.18	4
65.2	9
65.22	4
65.24	6
65.26	8
65.28	10
65.3	7
65.32	7
65.34	4
65.36	6
65.38	11
65.4	9
65.42	3
65.44	4
65.46	2
65.48	10
65.5	5
65.52	9
65.54	7
65.56	12
65.58	6
65.6	8
65.62	2
65.64	5
65.66	4
65.68	5
65.7	6
65.72	7
65.74	3
65.76	3
65.78	8
65.8	4
65.82	6
65.84	6
65.86	4
65.88	8
65.9	6
65.92	3
65.94	10
65.96	9
65.98	8
66	9
66.02	8
66.04	5
66.06	6
66.08	6
66.1	4
66.12	1
66.14	5
66.16	9
66.18	3
66.2	6
66.22	4
66.24	8
66.26	4
66.28	5
66.3	6
66.32	8
66.34	5
66.36	7
66.38	4
66.4	5
66.42	11
66.44	5
66.46	3
66.48	3
66.5	5
66.52	3
66.54	4
66.56	3
66.58	4
66.6	5
66.62	8
66.64	3
66.66	3
66.68	5
66.7	4
66.72	5
66.74	5
66.76	3
66.78	4
66.8	4
66.82	3
66.84	6
66.86	6
66.88	4
66.9	4
66.92	5
66.94	2
66.96	3
66.98	6
67	2
67.02	2
67.04	2
67.06	7
67.08	6
67.1	3
67.12	4
67.14	4
67.16	7
67.18	6
67.2	4
67.22	3
67.24	4
67.26	4
67.28	3
67.3	4
67.32	5
67.34	5
67.36	4
67.38	4
67.4	6
67.42	3
67.44	4
67.46	3
67.48	3
67.5	4
67.52	5
67.54	1
67.56	8
67.58	10
67.6	5
67.62	4
67.64	3
67.66	5
67.68	6
67.7	4
67.72	6
67.74	4
67.76	4
67.78	8
67.8	6
67.82	5
67.84	3
67.86	2
67.88	3
67.9	0.000000
67.92	3
67.94	4
67.96	6
67.98	2
68	6
68.02	4
68.04	5
68.06	6
68.08	3
68.1	4
68.12	3
68.14	5
68.16	6
68.18	3
68.2	2
68.22	7
68.24	2
68.26	2
68.28	5
68.3	3
68.32	4
68.34	2
68.36	6
68.38	5
68.4	6
68.42	5
68.44	12
68.46	4
68.48	2
68.5	5
68.52	6
68.54	2
68.56	5
68.58	5
68.6	3
68.62	4
68.64	4
68.66	7
68.68	1
68.7	5
68.72	7
68.74	4
68.76	2
68.78	5
68.8	3
68.82	6
68.84	7
68.86	3
68.88	7
68.9	2
68.92	2
68.94	3
68.96	3
68.98	3
69	2
69.02	3
69.04	6
69.06	3
69.08	8
69.1	1
69.12	5
69.14	8
69.16	5
69.18	4
69.2	5
69.22	5
69.24	1
69.26	5
69.28	9
69.3	5
69.32	1
69.34	8
69.36	3
69.38	3
69.4	3
69.42	5
69.44	4
69.46	3
69.48	3
69.5	3
69.52	3
69.54	3
69.56	5
69.58	4
69.6	2
69.62	7
69.64	4
69.66	5
69.68	1
69.7	2
69.72	2
69.74	3
69.76	3
69.78	3
69.8	3
69.82	4
69.84	1
69.86	3
69.88	1
69.9	4
69.92	4
69.94	3
69.96	4
69.98	4
70	2
70.02	4
70.04	4
70.06	5
70.08	7
70.1	8
70.12	3
70.14	7
70.16	6
70.18	5
70.2	1
70.22	3
70.24	3
70.26	5
70.28	1
70.3	5
70.32	4
70.34	6
70.36	6
70.38	4
70.4	3
70.42	5
70.44	3
70.46	4
70.48	8
70.5	4
70.52	4
70.54	6
70.56	5
70.58	4
70.6	4
70.62	7
70.64	4
70.66	3
70.68	6
70.7	5
70.72	6
70.74	7
70.76	6
70.78	3
70.8	7
70.82	4
70.84	7
70.86	3
70.88	5
70.9	6
70.92	5
70.94	7
70.96	7
70.98	6
71	2
71.02	2
71.04	6
71.06	4
71.08	4
71.1	4
71.12	1
71.14	8
71.16	3
71.18	6
71.2	8
71.22	6
71.24	5
71.26	4
71.28	4
71.3	3
71.32	4
71.34	5
71.36	8
71.38	7
71.4	4
71.42	8
71.44	2
71.46	4
71.48	3
71.5	4
71.52	5
71.54	3
71.56	3
71.58	3
71.6	5
71.62	5
71.64	10
71.66	5
71.68	6
71.7	5
71.72	2
71.74	7
71.76	6
71.78	4
71.8	6
71.82	11
71.84	2
71.86	6
71.88	8
71.9	2
71.92	4
71.94	4
71.96	2
71.98	5
72	7
72.02	8
72.04	7
72.06	5
72.08	10
72.1	2
72.12	9
72.14	6
72.16	6
72.18	7
72.2	6
72.22	4
72.24	2
72.26	4
72.28	5
72.3	6
72.32	6
72.34	4
72.36	8
72.38	8
72.4	6
72.42	4
72.44	6
72.46	5
72.48	5
72.5	8
72.52	7
72.54	5
72.56	3
72.58	4
72.6	5
72.62	7
72.64	8
72.66	12
72.68	6
72.7	5
72.72	3
72.74	3
72.76	6
72.78	8
72.8	4
72.82	7
72.84	7
72.86	6
72.88	6
72.9	5
72.92	4
72.94	2
72.96	3
72.98	5
73	0.000000
73.02	3
73.04	7
73.06	3
73.08	6
73.1	10
73.12	4
73.14	6
73.16	5
73.18	6
73.2	3
73.22	3
73.24	6
73.26	6
73.28	7
73.3	3
73.32	2
73.34	1
73.36	4
73.38	3
73.4	4
73.42	6
73.44	6
73.46	4
73.48	5
73.5	6
73.52	4
73.54	6
73.56	3
73.58	5
73.6	4
73.62	3
73.64	7
73.66	9
73.68	5
73.7	1
73.72	4
73.74	6
73.76	3
73.78	5
73.8	6
73.82	7
73.84	4
73.86	1
73.88	5
73.9	3
73.92	4
73.94	7
73.96	1
73.98	3
74	11
74.02	4
74.04	6
74.06	1
74.08	4
74.1	3
74.12	6
74.14	4
74.16	3
74.18	1
74.2	2
74.22	4
74.24	2
74.26	2
74.28	4
74.3	3
74.32	3
74.34	10
74.36	3
74.38	6
74.4	4
74.42	6
74.44	2
74.46	4
74.48	3
74.5	6
74.52	6
74.54	5
74.56	2
74.58	2
74.6	3
74.62	4
74.64	2
74.66	6
74.68	4
74.7	5
74.72	6
74.74	5
74.76	4
74.78	3
74.8	5
74.82	5
74.84	5
74.86	4
74.88	6
74.9	0.000000
74.92	7
74.94	5
74.96	1
74.98	3
75	6
75.02	7
75.04	2
75.06	5
75.08	8
75.1	3
75.12	6
75.14	3
75.16	7
75.18	9
75.2	1
75.22	4
75.24	2
75.26	5
75.28	4
75.3	2
75.32	4
75.34	5
75.36	5
75.38	4
75.4	7
75.42	3
75.44	4
75.46	4
75.48	3
75.5	4
75.52	2
75.54	1
75.56	4
75.58	6
75.6	5
75.62	8
75.64	5
75.66	3
75.68	8
75.7	4
75.72	1
75.74	3
75.76	4
75.78	1
75.8	8
75.82	6
75.84	1
75.86	2
75.88	4
75.9	3
75.92	1
75.94	5
75.96	2
75.98	2
76	8
76.02	4
76.04	3
76.06	4
76.08	6
76.1	3
76.12	1
76.14	0.000000
76.16	2
76.18	6
76.2	4
76.22	2
76.24	6
76.26	4
76.28	3
76.3	3
76.32	2
76.34	4
76.36	4
76.38	6
76.4	3
76.42	4
76.44	3
76.46	5
76.48	6
76.5	7
76.52	5
76.54	1
76.56	3
76.58	1
76.6	2
76.62	2
76.64	3
76.66	8
76.68	5
76.7	3
76.72	1
76.74	8
76.76	5
76.78	6
76.8	6
76.82	1
76.84	1
76.86	1
76.88	1
76.9	2
76.92	4
76.94	4
76.96	4
76.98	4
77	3
77.02	4
77.04	2
77.06	5
77.08	5
77.1	6
77.12	6
77.14	8
77.16	6
77.18	5
77.2	4
77.22	4
77.24	3
77.26	5
77.28	6
77.3	2
77.32	6
77.34	3
77.36	8
77.38	2
77.4	8
77.42	4
77.44	5
77.46	2
77.48	2
77.5	4
77.52	4
77.54	2
77.56	5
77.58	5
77.6	2
77.62	7
77.64	2
77.66	7
77.68	1
77.7	7
77.72	2
77.74	5
77.76	8
77.78	4
77.8	6
77.82	3
77.84	4
77.86	5
77.88	6
77.9	2
77.92	5
77.94	5
77.96	4
77.98	2
78	3
78.02	3
78.04	6
78.06	2
78.08	4
78.1	1
78.12	2
78.14	6
78.16	8
78.18	5
78.2	3
78.22	5
78.24	6
78.26	3
78.28	4
78.3	5
78.32	6
78.34	6
78.36	1
78.38	5
78.4	3
78.42	6
78.44	4
78.46	3
78.48	3
78.5	7
78.52	4
78.54	9
78.56	6
78.58	4
78.6	2
78.62	5
78.64	2
78.66	3
78.68	3
78.7	6
78.72	3
78.74	2
78.76	3
78.78	2
78.8	5
78.82	3
78.84	9
78.86	5
78.88	3
78.9	3
78.92	2
78.94	4
78.96	5
78.98	3
79	6
79.02	7
79.04	4
79.06	5
79.08	5
79.1	2
79.12	7
79.14	7
79.16	3
79.18	4
79.2	8
79.22	7
79.24	5
79.26	4
79.28	2
79.3	4
79.32	7
79.34	4
79.36	8
79.38	7
79.4	6
79.42	5
79.44	9
79.46	4
79.48	5
79.5	3
79.52	3
79.54	7
79.56	3
79.58	5
79.6	7
79.62	5
79.64	3
79.66	6
79.68	2
79.7	5
79.72	5
79.74	9
79.76	8
79.78	4
79.8	3
79.82	9
79.84	6
79.86	4
79.88	5
79.9	6
79.92	6
79.94	7
79.96	4
79.98	3
80	9
80.02	2
80.04	4
80.06	3
80.08	7
80.1	9
80.12	10
80.14	3
80.16	4
80.18	3
80.2	4
80.22	4
80.24	6
80.26	7
80.28	2
80.3	7
80.32	2
80.34	4
80.36	1
80.38	2
80.4	2
80.42	4
80.44	3
80.46	5
80.48	4
80.5	3
80.52	2
80.54	5
80.56	8
80.58	8
80.6	2
80.62	3
80.64	3
80.66	3
80.68	6
80.7	7
80.72	5
80.74	4
80.76	2
80.78	4
80.8	3
80.82	6
80.84	5
80.86	2
80.88	0.000000
80.9	2
80.92	4
80.94	3
80.96	3
80.98	3
81	5
81.02	4
81.04	2
81.06	3
81.08	2
81.1	4
81.12	6
81.14	6
81.16	2
81.18	5
81.2	2
81.22	5
81.24	2
81.26	7
81.28	5
81.3	5
81.32	5
81.34	1
81.36	4
81.38	3
81.4	9
81.42	3
81.44	6
81.46	1
81.48	7
81.5	5
81.52	11
81.54	7
81.56	3
81.58	1
81.6	5
81.62	3
81.64	3
81.66	5
81.68	5
81.7	3
81.72	1
81.74	8
81.76	4
81.78	2
81.8	5
81.82	2
81.84	8
81.86	3
81.88	5
81.9	3
81.92	6
81.94	2
81.96	1
81.98	2
82	7
82.02	6
82.04	4
82.06	3
82.08	3
82.1	1
82.12	5
82.14	3
82.16	4
82.18	4
82.2	4
82.22	7
82.24	4
82.26	1
82.28	8
82.3	3
82.32	3
82.34	2
82.36	3
82.38	3
82.4	3
82.42	5
82.44	5
82.46	5
82.48	6
82.5	5
82.52	3
82.54	5
82.56	6
82.58	2
82.6	0.000000
82.62	5
82.64	2
82.66	8
82.68	4
82.7	3
82.72	2
82.74	3
82.76	2
82.78	0.000000
82.8	6
82.82	4
82.84	2
82.86	7
82.88	4
82.9	2
82.92	8
82.94	4
82.96	2
82.98	5
83	6
83.02	4
83.04	6
83.06	4
83.08	7
83.1	4
83.12	2
83.14	4
83.16	4
83.18	5
83.2	5
83.22	7
83.24	3
83.26	2
83.28	5
83.3	4
83.32	11
83.34	3
83.36	3
83.38	3
83.4	4
83.42	2
83.44	3
83.46	1
83.48	5
83.5	10
83.52	7
83.54	5
83.56	9
83.58	4
83.6	3
83.62	2
83.64	7
83.66	1
83.68	5
83.7	7
83.72	3
83.74	6
83.76	6
83.78	6
83.8	3
83.82	10
83.84	1
83.86	4
83.88	6
83.9	4
83.92	5
83.94	2
83.96	11
83.98	6
84	5
84.02	5
84.04	4
84.06	4
84.08	7
84.1	5
84.12	7
84.14	7
84.16	8
84.18	9
84.2	7
84.22	6
84.24	10
84.26	3
84.28	5
84.3	4
84.32	1
84.34	5
84.36	5
84.38	3
84.4	4
84.42	5
84.44	7
84.46	4
84.48	8
84.5	7
84.52	6
84.54	5
84.56	7
84.58	4
84.6	7
84.62	5
84.64	7
84.66	5
84.68	8
84.7	6
84.72	9
84.74	5
84.76	8
84.78	6
84.8	3
84.82	6
84.84	5
84.86	3
84.88	4
84.9	5
84.92	2
84.94	1
84.96	3
84.98	5
85	4
85.02	4
85.04	9
85.06	7
85.08	4
85.1	10
85.12	5
85.14	7
85.16	2
85.18	1
85.2	3
85.22	6
85.24	4
85.26	4
85.28	2
85.3	4
85.32	2
85.34	6
85.36	5
85.38	8
85.4	5
85.42	4
85.44	3
85.46	2
85.48	2
85.5	6
85.52	4
85.54	5
85.56	4
85.58	3
85.6	4
85.62	6
85.64	5
85.66	2
85.68	3
85.7	1
85.72	3
85.74	3
85.76	3
85.78	3
85.8	3
85.82	9
85.84	3
85.86	2
85.88	3
85.9	2
85.92	5
85.94	6
85.96	7
85.98	1
86	3
86.02	3
86.04	4
86.06	5
86.08	3
86.1	3
86.12	1
86.14	1
86.16	10
86.18	5
86.2	4
86.22	3
86.24	3
86.26	7
86.28	7
86.3	5
86.32	5
86.34	4
86.36	4
86.38	5
86.4	4
86.42	10
86.44	4
86.46	4
86.48	7
86.5	5
86.52	3
86.54	6
86.56	1
86.58	2
86.6	5
86.62	6
86.64	3
86.66	2
86.68	4
86.7	7
86.72	2
86.74	5
86.76	2
86.78	3
86.8	7
86.82	3
86.84	6
86.86	2
86.88	4
86.9	6
86.92	2
86.94	5
86.96	0.000000
86.98	4
87	4
87.02	7
87.04	4
87.06	9
87.08	6
87.1	4
87.12	5
87.14	6
87.16	3
87.18	8
87.2	7
87.22	4
87.24	4
87.26	8
87.28	7
87.3	12
87.32	10
87.34	5
87.36	6
87.38	4
87.4	5
87.42	3
87.44	3
87.46	6
87.48	3
87.5	3
87.52	5
87.54	9
87.56	3
87.58	4
87.6	4
87.62	3
87.64	1
87.66	3
87.68	3
87.7	6
87.72	2
87.74	5
87.76	6
87.78	3
87.8	3
87.82	1
87.84	5
87.86	5
87.88	5
87.9	5
87.92	10
87.94	8
87.96	4
87.98	3
88	7
88.02	6
88.04	4
88.06	3
88.08	5
88.1	7
88.12	5
88.14	3
88.16	5
88.18	4
88.2	5
88.22	5
88.24	2
88.26	2
88.28	5
88.3	6
88.32	3
88.34	7
88.36	2
88.38	5
88.4	7
88.42	5
88.44	5
88.46	2
88.48	3
88.5	5
88.52	7
88.54	6
88.56	5
88.58	1
88.6	3
88.62	4
88.64	4
88.66	5
88.68	3
88.7	6
88.72	2
88.74	1
88.76	2
88.78	4
88.8	3
88.82	4
88.84	7
88.86	8
88.88	4
88.9	7
88.92	3
88.94	6
88.96	7
88.98	7
89	1
89.02	2
89.04	5
89.06	5
89.08	3
89.1	3
89.12	2
89.14	5
89.16	5
89.18	5
89.2	3
89.22	4
89.24	9
89.26	1
89.28	5
89.3	4
89.32	5
89.34	4
89.36	6
89.38	9
89.4	4
89.42	2
89.44	6
89.46	3
89.48	5
89.5	6
89.52	2
89.54	1
89.56	4
89.58	6
89.6	3
89.62	5
89.64	8
89.66	5
89.68	3
89.7	5
89.72	3
89.74	2
89.76	6
89.78	6
89.8	2
89.82	3
89.84	3
89.86	3
89.88	7
89.9	4
89.92	4
89.94	4
89.96	5
89.98	4
90		2
