10	77
10.02	74
10.04	87
10.06	66
10.08	85
10.1	87
10.12	84
10.14	92
10.16	87
10.18	77
10.2	75
10.22	99
10.24	72
10.26	91
10.28	87
10.3	77
10.32	70
10.34	88
10.36	83
10.38	86
10.4	75
10.42	71
10.44	77
10.46	77
10.48	83
10.5	84
10.52	70
10.54	87
10.56	73
10.58	67
10.6	76
10.62	68
10.64	66
10.66	86
10.68	55
10.7	71
10.72	71
10.74	86
10.76	69
10.78	79
10.8	70
10.82	90
10.84	68
10.86	70
10.88	67
10.9	83
10.92	59
10.94	79
10.96	70
10.98	65
11	70
11.02	76
11.04	70
11.06	75
11.08	84
11.1	80
11.12	79
11.14	75
11.16	70
11.18	72
11.2	75
11.22	80
11.24	83
11.26	82
11.28	78
11.3	67
11.32	66
11.34	78
11.36	82
11.38	62
11.4	76
11.42	68
11.44	77
11.46	65
11.48	74
11.5	69
11.52	73
11.54	72
11.56	65
11.58	70
11.6	61
11.62	68
11.64	73
11.66	82
11.68	62
11.7	81
11.72	71
11.74	83
11.76	78
11.78	72
11.8	73
11.82	73
11.84	89
11.86	84
11.88	64
11.9	86
11.92	52
11.94	67
11.96	70
11.98	73
12	71
12.02	70
12.04	69
12.06	62
12.08	64
12.1	62
12.12	59
12.14	72
12.16	58
12.18	78
12.2	56
12.22	66
12.24	68
12.26	69
12.28	75
12.3	64
12.32	69
12.34	61
12.36	58
12.38	63
12.4	73
12.42	63
12.44	56
12.46	72
12.48	72
12.5	61
12.52	67
12.54	56
12.56	69
12.58	72
12.6	66
12.62	65
12.64	59
12.66	59
12.68	62
12.7	71
12.72	53
12.74	52
12.76	61
12.78	60
12.8	57
12.82	53
12.84	61
12.86	71
12.88	69
12.9	58
12.92	64
12.94	56
12.96	59
12.98	62
13	61
13.02	51
13.04	53
13.06	54
13.08	50
13.1	66
13.12	60
13.14	65
13.16	60
13.18	60
13.2	64
13.22	71
13.24	54
13.26	59
13.28	64
13.3	61
13.32	61
13.34	49
13.36	59
13.38	52
13.4	57
13.42	69
13.44	67
13.46	61
13.48	61
13.5	44
13.52	64
13.54	45
13.56	60
13.58	67
13.6	55
13.62	60
13.64	65
13.66	48
13.68	60
13.7	53
13.72	58
13.74	66
13.76	52
13.78	63
13.8	53
13.82	59
13.84	57
13.86	50
13.88	63
13.9	74
13.92	56
13.94	39
13.96	58
13.98	48
14	51
14.02	48
14.04	62
14.06	55
14.08	61
14.1	66
14.12	63
14.14	55
14.16	49
14.18	43
14.2	50
14.22	48
14.24	52
14.26	56
14.28	57
14.3	44
14.32	55
14.34	48
14.36	59
14.38	67
14.4	49
14.42	59
14.44	56
14.46	57
14.48	54
14.5	61
14.52	55
14.54	47
14.56	55
14.58	45
14.6	56
14.62	47
14.64	60
14.66	52
14.68	45
14.7	46
14.72	47
14.74	44
14.76	43
14.78	51
14.8	42
14.82	42
14.84	59
14.86	56
14.88	49
14.9	41
14.92	41
14.94	58
14.96	49
14.98	59
15	56
15.02	57
15.04	49
15.06	42
15.08	52
15.1	52
15.12	54
15.14	53
15.16	44
15.18	43
15.2	52
15.22	55
15.24	37
15.26	43
15.28	38
15.3	56
15.32	57
15.34	51
15.36	48
15.38	50
15.4	52
15.42	43
15.44	51
15.46	51
15.48	45
15.5	42
15.52	50
15.54	44
15.56	54
15.58	51
15.6	45
15.62	50
15.64	41
15.66	46
15.68	47
15.7	51
15.72	51
15.74	56
15.76	44
15.78	43
15.8	48
15.82	41
15.84	45
15.86	47
15.88	50
15.9	58
15.92	53
15.94	40
15.96	49
15.98	48
16	43
16.02	37
16.04	37
16.06	39
16.08	44
16.1	41
16.12	40
16.14	40
16.16	45
16.18	42
16.2	53
16.22	50
16.24	44
16.26	40
16.28	43
16.3	43
16.32	45
16.34	50
16.36	46
16.38	39
16.4	45
16.42	42
16.44	38
16.46	40
16.48	50
16.5	41
16.52	35
16.54	50
16.56	47
16.58	36
16.6	45
16.62	44
16.64	32
16.66	49
16.68	54
16.7	33
16.72	44
16.74	48
16.76	47
16.78	42
16.8	43
16.82	50
16.84	38
16.86	51
16.88	49
16.9	32
16.92	39
16.94	40
16.96	34
16.98	44
17	45
17.02	41
17.04	46
17.06	51
17.08	50
17.1	40
17.12	42
17.14	39
17.16	33
17.18	45
17.2	38
17.22	38
17.24	26
17.26	30
17.28	42
17.3	42
17.32	42
17.34	37
17.36	39
17.38	42
17.4	39
17.42	45
17.44	39
17.46	40
17.48	35
17.5	43
17.52	36
17.54	37
17.56	38
17.58	39
17.6	38
17.62	52
17.64	54
17.66	43
17.68	48
17.7	48
17.72	43
17.74	46
17.76	42
17.78	38
17.8	37
17.82	35
17.84	33
17.86	44
17.88	45
17.9	34
17.92	39
17.94	33
17.96	44
17.98	34
18	42
18.02	43
18.04	52
18.06	36
18.08	36
18.1	42
18.12	31
18.14	49
18.16	30
18.18	36
18.2	41
18.22	37
18.24	37
18.26	45
18.28	34
18.3	40
18.32	42
18.34	32
18.36	40
18.38	28
18.4	34
18.42	26
18.44	47
18.46	32
18.48	43
18.5	44
18.52	35
18.54	41
18.56	33
18.58	46
18.6	46
18.62	46
18.64	38
18.66	41
18.68	44
18.7	39
18.72	33
18.74	35
18.76	38
18.78	27
18.8	35
18.82	54
18.84	37
18.86	30
18.88	34
18.9	25
18.92	34
18.94	47
18.96	36
18.98	33
19	28
19.02	34
19.04	30
19.06	32
19.08	44
19.1	29
19.12	47
19.14	37
19.16	32
19.18	44
19.2	33
19.22	45
19.24	28
19.26	39
19.28	29
19.3	33
19.32	32
19.34	28
19.36	34
19.38	34
19.4	21
19.42	34
19.44	41
19.46	32
19.48	33
19.5	30
19.52	30
19.54	38
19.56	34
19.58	45
19.6	34
19.62	31
19.64	38
19.66	33
19.68	24
19.7	37
19.72	42
19.74	38
19.76	22
19.78	34
19.8	40
19.82	37
19.84	33
19.86	32
19.88	29
19.9	38
19.92	28
19.94	37
19.96	40
19.98	35
20	31
20.02	32
20.04	33
20.06	30
20.08	30
20.1	33
20.12	40
20.14	30
20.16	32
20.18	36
20.2	30
20.22	32
20.24	35
20.26	33
20.28	32
20.3	29
20.32	32
20.34	31
20.36	35
20.38	28
20.4	26
20.42	34
20.44	27
20.46	33
20.48	30
20.5	35
20.52	27
20.54	29
20.56	33
20.58	32
20.6	32
20.62	28
20.64	25
20.66	23
20.68	34
20.7	34
20.72	32
20.74	20
20.76	30
20.78	30
20.8	28
20.82	26
20.84	30
20.86	29
20.88	23
20.9	36
20.92	37
20.94	45
20.96	30
20.98	38
21	29
21.02	28
21.04	30
21.06	32
21.08	25
21.1	21
21.12	22
21.14	30
21.16	24
21.18	25
21.2	29
21.22	26
21.24	26
21.26	25
21.28	26
21.3	27
21.32	26
21.34	28
21.36	23
21.38	31
21.4	36
21.42	22
21.44	28
21.46	21
21.48	29
21.5	23
21.52	33
21.54	32
21.56	27
21.58	30
21.6	27
21.62	23
21.64	25
21.66	28
21.68	20
21.7	36
21.72	29
21.74	27
21.76	19
21.78	25
21.8	27
21.82	34
21.84	26
21.86	34
21.88	26
21.9	28
21.92	28
21.94	31
21.96	26
21.98	41
22	24
22.02	31
22.04	27
22.06	35
22.08	21
22.1	26
22.12	35
22.14	25
22.16	38
22.18	25
22.2	21
22.22	24
22.24	28
22.26	26
22.28	25
22.3	31
22.32	24
22.34	17
22.36	29
22.38	24
22.4	36
22.42	21
22.44	33
22.46	29
22.48	27
22.5	25
22.52	26
22.54	34
22.56	28
22.58	24
22.6	39
22.62	33
22.64	36
22.66	23
22.68	29
22.7	29
22.72	32
22.74	17
22.76	28
22.78	34
22.8	28
22.82	24
22.84	30
22.86	34
22.88	35
22.9	26
22.92	25
22.94	25
22.96	30
22.98	23
23	22
23.02	24
23.04	17
23.06	24
23.08	15
23.1	20
23.12	19
23.14	22
23.16	26
23.18	28
23.2	24
23.22	28
23.24	27
23.26	21
23.28	25
23.3	21
23.32	22
23.34	25
23.36	24
23.38	21
23.4	33
23.42	14
23.44	31
23.46	21
23.48	25
23.5	30
23.52	29
23.54	31
23.56	15
23.58	25
23.6	24
23.62	24
23.64	22
23.66	28
23.68	21
23.7	32
23.72	20
23.74	33
23.76	26
23.78	30
23.8	20
23.82	25
23.84	33
23.86	24
23.88	26
23.9	32
23.92	29
23.94	24
23.96	31
23.98	24
24	26
24.02	23
24.04	27
24.06	23
24.08	24
24.1	22
24.12	35
24.14	16
24.16	29
24.18	27
24.2	27
24.22	26
24.24	28
24.26	25
24.28	35
24.3	22
24.32	26
24.34	27
24.36	22
24.38	24
24.4	31
24.42	24
24.44	21
24.46	36
24.48	30
24.5	33
24.52	35
24.54	26
24.56	26
24.58	25
24.6	34
24.62	31
24.64	34
24.66	26
24.68	33
24.7	33
24.72	31
24.74	40
24.76	26
24.78	38
24.8	35
24.82	43
24.84	40
24.86	30
24.88	35
24.9	50
24.92	53
24.94	45
24.96	71
24.98	80
25	80
25.02	74
25.04	79
25.06	70
25.08	113
25.1	120
25.12	122
25.14	125
25.16	126
25.18	113
25.2	120
25.22	127
25.24	134
25.26	139
25.28	125
25.3	109
25.32	149
25.34	133
25.36	142
25.38	115
25.4	118
25.42	115
25.44	117
25.46	119
25.48	88
25.5	89
25.52	69
25.54	89
25.56	61
25.58	76
25.6	55
25.62	50
25.64	47
25.66	47
25.68	38
25.7	29
25.72	30
25.74	27
25.76	27
25.78	21
25.8	31
25.82	29
25.84	27
25.86	34
25.88	30
25.9	30
25.92	31
25.94	30
25.96	36
25.98	30
26	23
26.02	22
26.04	37
26.06	28
26.08	32
26.1	26
26.12	18
26.14	21
26.16	23
26.18	29
26.2	17
26.22	15
26.24	13
26.26	26
26.28	21
26.3	28
26.32	21
26.34	16
26.36	22
26.38	26
26.4	23
26.42	15
26.44	16
26.46	12
26.48	16
26.5	18
26.52	21
26.54	19
26.56	23
26.58	23
26.6	22
26.62	22
26.64	10
26.66	18
26.68	25
26.7	23
26.72	14
26.74	16
26.76	18
26.78	26
26.8	15
26.82	23
26.84	27
26.86	14
26.88	30
26.9	22
26.92	16
26.94	24
26.96	26
26.98	20
27	18
27.02	24
27.04	21
27.06	17
27.08	22
27.1	22
27.12	20
27.14	16
27.16	18
27.18	21
27.2	18
27.22	15
27.24	20
27.26	18
27.28	26
27.3	13
27.32	21
27.34	23
27.36	14
27.38	19
27.4	24
27.42	19
27.44	12
27.46	20
27.48	30
27.5	11
27.52	17
27.54	18
27.56	12
27.58	26
27.6	24
27.62	18
27.64	19
27.66	11
27.68	19
27.7	12
27.72	8
27.74	23
27.76	16
27.78	19
27.8	14
27.82	20
27.84	24
27.86	13
27.88	10
27.9	19
27.92	15
27.94	18
27.96	16
27.98	17
28	20
28.02	17
28.04	22
28.06	11
28.08	18
28.1	14
28.12	17
28.14	12
28.16	15
28.18	14
28.2	14
28.22	17
28.24	18
28.26	21
28.28	19
28.3	24
28.32	16
28.34	16
28.36	10
28.38	20
28.4	24
28.42	15
28.44	17
28.46	13
28.48	17
28.5	14
28.52	16
28.54	25
28.56	25
28.58	14
28.6	19
28.62	17
28.64	15
28.66	20
28.68	22
28.7	18
28.72	13
28.74	24
28.76	21
28.78	12
28.8	21
28.82	14
28.84	15
28.86	16
28.88	15
28.9	17
28.92	17
28.94	12
28.96	15
28.98	16
29	22
29.02	22
29.04	23
29.06	14
29.08	11
29.1	13
29.12	17
29.14	20
29.16	15
29.18	15
29.2	18
29.22	22
29.24	18
29.26	23
29.28	16
29.3	9
29.32	17
29.34	15
29.36	18
29.38	17
29.4	15
29.42	15
29.44	9
29.46	17
29.48	12
29.5	14
29.52	22
29.54	8
29.56	25
29.58	21
29.6	12
29.62	13
29.64	15
29.66	11
29.68	16
29.7	10
29.72	12
29.74	18
29.76	10
29.78	14
29.8	11
29.82	16
29.84	16
29.86	13
29.88	14
29.9	14
29.92	14
29.94	14
29.96	14
29.98	16
30	13
30.02	18
30.04	10
30.06	13
30.08	12
30.1	14
30.12	14
30.14	21
30.16	9
30.18	11
30.2	10
30.22	15
30.24	8
30.26	19
30.28	11
30.3	15
30.32	10
30.34	15
30.36	11
30.38	13
30.4	17
30.42	19
30.44	10
30.46	17
30.48	15
30.5	12
30.52	18
30.54	12
30.56	9
30.58	15
30.6	14
30.62	18
30.64	8
30.66	15
30.68	21
30.7	10
30.72	10
30.74	12
30.76	25
30.78	15
30.8	10
30.82	11
30.84	16
30.86	17
30.88	16
30.9	9
30.92	18
30.94	13
30.96	11
30.98	8
31	10
31.02	12
31.04	14
31.06	11
31.08	11
31.1	13
31.12	13
31.14	14
31.16	12
31.18	13
31.2	15
31.22	14
31.24	12
31.26	14
31.28	18
31.3	12
31.32	8
31.34	15
31.36	10
31.38	10
31.4	13
31.42	16
31.44	10
31.46	12
31.48	6
31.5	10
31.52	10
31.54	16
31.56	14
31.58	17
31.6	17
31.62	12
31.64	11
31.66	15
31.68	11
31.7	10
31.72	12
31.74	8
31.76	9
31.78	13
31.8	8
31.82	5
31.84	13
31.86	8
31.88	12
31.9	12
31.92	11
31.94	13
31.96	12
31.98	13
32	10
32.02	15
32.04	15
32.06	11
32.08	16
32.1	15
32.12	9
32.14	8
32.16	10
32.18	14
32.2	13
32.22	12
32.24	15
32.26	16
32.28	14
32.3	13
32.32	17
32.34	15
32.36	15
32.38	11
32.4	16
32.42	8
32.44	8
32.46	18
32.48	13
32.5	10
32.52	11
32.54	12
32.56	7
32.58	11
32.6	11
32.62	16
32.64	7
32.66	14
32.68	15
32.7	8
32.72	19
32.74	11
32.76	14
32.78	13
32.8	16
32.82	9
32.84	11
32.86	16
32.88	14
32.9	10
32.92	12
32.94	8
32.96	8
32.98	8
33	12
33.02	12
33.04	12
33.06	12
33.08	14
33.1	13
33.12	11
33.14	10
33.16	12
33.18	9
33.2	14
33.22	16
33.24	17
33.26	12
33.28	14
33.3	9
33.32	12
33.34	8
33.36	12
33.38	9
33.4	13
33.42	13
33.44	8
33.46	10
33.48	9
33.5	15
33.52	13
33.54	16
33.56	14
33.58	14
33.6	12
33.62	16
33.64	9
33.66	10
33.68	10
33.7	13
33.72	12
33.74	11
33.76	5
33.78	13
33.8	16
33.82	9
33.84	9
33.86	13
33.88	9
33.9	8
33.92	9
33.94	8
33.96	8
33.98	13
34	11
34.02	11
34.04	15
34.06	13
34.08	10
34.1	14
34.12	16
34.14	12
34.16	7
34.18	9
34.2	6
34.22	13
34.24	14
34.26	12
34.28	12
34.3	11
34.32	11
34.34	6
34.36	10
34.38	9
34.4	11
34.42	10
34.44	7
34.46	6
34.48	13
34.5	6
34.52	6
34.54	10
34.56	10
34.58	10
34.6	10
34.62	8
34.64	9
34.66	18
34.68	18
34.7	7
34.72	14
34.74	10
34.76	11
34.78	9
34.8	13
34.82	9
34.84	7
34.86	8
34.88	7
34.9	11
34.92	13
34.94	12
34.96	15
34.98	12
35	5
35.02	9
35.04	7
35.06	14
35.08	8
35.1	9
35.12	11
35.14	8
35.16	8
35.18	8
35.2	11
35.22	10
35.24	10
35.26	7
35.28	5
35.3	11
35.32	9
35.34	10
35.36	10
35.38	15
35.4	11
35.42	11
35.44	11
35.46	5
35.48	11
35.5	10
35.52	10
35.54	11
35.56	8
35.58	14
35.6	6
35.62	16
35.64	9
35.66	6
35.68	13
35.7	16
35.72	9
35.74	11
35.76	15
35.78	8
35.8	12
35.82	12
35.84	12
35.86	11
35.88	9
35.9	13
35.92	9
35.94	6
35.96	7
35.98	17
36	11
36.02	3
36.04	10
36.06	12
36.08	8
36.1	9
36.12	16
36.14	15
36.16	19
36.18	13
36.2	10
36.22	13
36.24	14
36.26	10
36.28	7
36.3	12
36.32	7
36.34	9
36.36	12
36.38	5
36.4	13
36.42	6
36.44	15
36.46	10
36.48	9
36.5	12
36.52	13
36.54	8
36.56	6
36.58	10
36.6	16
36.62	13
36.64	11
36.66	9
36.68	5
36.7	7
36.72	16
36.74	13
36.76	21
36.78	12
36.8	10
36.82	10
36.84	13
36.86	6
36.88	10
36.9	21
36.92	11
36.94	17
36.96	7
36.98	17
37	11
37.02	10
37.04	11
37.06	14
37.08	9
37.1	10
37.12	11
37.14	12
37.16	13
37.18	12
37.2	6
37.22	13
37.24	11
37.26	8
37.28	8
37.3	12
37.32	16
37.34	8
37.36	15
37.38	9
37.4	15
37.42	7
37.44	12
37.46	10
37.48	13
37.5	18
37.52	12
37.54	10
37.56	11
37.58	7
37.6	9
37.62	12
37.64	20
37.66	20
37.68	12
37.7	7
37.72	21
37.74	16
37.76	10
37.78	15
37.8	13
37.82	12
37.84	8
37.86	17
37.88	12
37.9	10
37.92	13
37.94	8
37.96	6
37.98	11
38	9
38.02	14
38.04	13
38.06	16
38.08	9
38.1	17
38.12	12
38.14	18
38.16	14
38.18	19
38.2	15
38.22	17
38.24	20
38.26	12
38.28	12
38.3	12
38.32	21
38.34	15
38.36	15
38.38	17
38.4	19
38.42	16
38.44	18
38.46	18
38.48	13
38.5	16
38.52	18
38.54	9
38.56	17
38.58	16
38.6	16
38.62	17
38.64	22
38.66	12
38.68	14
38.7	13
38.72	15
38.74	18
38.76	10
38.78	10
38.8	15
38.82	13
38.84	12
38.86	10
38.88	13
38.9	8
38.92	10
38.94	14
38.96	9
38.98	8
39	14
39.02	12
39.04	11
39.06	10
39.08	10
39.1	6
39.12	12
39.14	16
39.16	13
39.18	8
39.2	9
39.22	8
39.24	11
39.26	8
39.28	12
39.3	11
39.32	6
39.34	10
39.36	7
39.38	7
39.4	9
39.42	5
39.44	8
39.46	9
39.48	11
39.5	11
39.52	8
39.54	12
39.56	9
39.58	14
39.6	13
39.62	7
39.64	8
39.66	6
39.68	5
39.7	5
39.72	5
39.74	8
39.76	8
39.78	5
39.8	3
39.82	9
39.84	8
39.86	3
39.88	6
39.9	5
39.92	9
39.94	11
39.96	12
39.98	7
40	4
40.02	4
40.04	6
40.06	9
40.08	8
40.1	6
40.12	7
40.14	10
40.16	6
40.18	6
40.2	9
40.22	13
40.24	8
40.26	4
40.28	5
40.3	6
40.32	10
40.34	15
40.36	8
40.38	13
40.4	4
40.42	10
40.44	9
40.46	6
40.48	6
40.5	6
40.52	7
40.54	7
40.56	5
40.58	8
40.6	7
40.62	11
40.64	9
40.66	7
40.68	5
40.7	3
40.72	6
40.74	4
40.76	7
40.78	6
40.8	3
40.82	3
40.84	8
40.86	6
40.88	4
40.9	6
40.92	8
40.94	6
40.96	8
40.98	6
41	3
41.02	6
41.04	9
41.06	5
41.08	3
41.1	2
41.12	6
41.14	7
41.16	3
41.18	10
41.2	6
41.22	7
41.24	4
41.26	10
41.28	5
41.3	4
41.32	5
41.34	5
41.36	14
41.38	5
41.4	6
41.42	6
41.44	2
41.46	4
41.48	3
41.5	6
41.52	9
41.54	3
41.56	8
41.58	6
41.6	8
41.62	6
41.64	9
41.66	5
41.68	12
41.7	12
41.72	3
41.74	4
41.76	5
41.78	5
41.8	7
41.82	9
41.84	9
41.86	10
41.88	3
41.9	4
41.92	5
41.94	6
41.96	3
41.98	7
42	5
42.02	5
42.04	4
42.06	4
42.08	8
42.1	10
42.12	7
42.14	8
42.16	3
42.18	6
42.2	7
42.22	4
42.24	7
42.26	5
42.28	5
42.3	2
42.32	8
42.34	11
42.36	6
42.38	7
42.4	8
42.42	10
42.44	10
42.46	2
42.48	3
42.5	3
42.52	7
42.54	3
42.56	8
42.58	8
42.6	12
42.62	8
42.64	6
42.66	7
42.68	7
42.7	4
42.72	2
42.74	4
42.76	8
42.78	4
42.8	8
42.82	5
42.84	3
42.86	4
42.88	7
42.9	4
42.92	7
42.94	4
42.96	5
42.98	2
43	11
43.02	7
43.04	10
43.06	6
43.08	9
43.1	9
43.12	5
43.14	4
43.16	4
43.18	3
43.2	4
43.22	4
43.24	10
43.26	7
43.28	3
43.3	9
43.32	5
43.34	4
43.36	3
43.38	5
43.4	4
43.42	4
43.44	9
43.46	9
43.48	3
43.5	5
43.52	6
43.54	2
43.56	5
43.58	10
43.6	7
43.62	8
43.64	6
43.66	3
43.68	5
43.7	5
43.72	5
43.74	4
43.76	3
43.78	2
43.8	4
43.82	4
43.84	9
43.86	6
43.88	7
43.9	5
43.92	4
43.94	8
43.96	7
43.98	4
44	10
44.02	9
44.04	9
44.06	8
44.08	5
44.1	3
44.12	6
44.14	10
44.16	5
44.18	7
44.2	4
44.22	5
44.24	5
44.26	3
44.28	3
44.3	3
44.32	3
44.34	10
44.36	7
44.38	2
44.4	7
44.42	8
44.44	7
44.46	0.000000
44.48	5
44.5	3
44.52	8
44.54	5
44.56	4
44.58	4
44.6	7
44.62	6
44.64	4
44.66	7
44.68	3
44.7	8
44.72	8
44.74	11
44.76	7
44.78	4
44.8	3
44.82	5
44.84	4
44.86	5
44.88	5
44.9	1
44.92	3
44.94	8
44.96	5
44.98	6
45	4
45.02	6
45.04	6
45.06	5
45.08	7
45.1	3
45.12	4
45.14	3
45.16	3
45.18	6
45.2	8
45.22	4
45.24	3
45.26	10
45.28	3
45.3	4
45.32	6
45.34	6
45.36	5
45.38	8
45.4	7
45.42	6
45.44	6
45.46	4
45.48	7
45.5	9
45.52	8
45.54	4
45.56	6
45.58	4
45.6	5
45.62	9
45.64	6
45.66	7
45.68	8
45.7	6
45.72	6
45.74	2
45.76	8
45.78	5
45.8	7
45.82	7
45.84	2
45.86	6
45.88	3
45.9	6
45.92	5
45.94	4
45.96	1
45.98	4
46	7
46.02	6
46.04	6
46.06	6
46.08	6
46.1	7
46.12	6
46.14	6
46.16	7
46.18	6
46.2	5
46.22	7
46.24	8
46.26	9
46.28	4
46.3	7
46.32	1
46.34	6
46.36	7
46.38	4
46.4	7
46.42	3
46.44	6
46.46	8
46.48	4
46.5	8
46.52	6
46.54	6
46.56	5
46.58	5
46.6	6
46.62	6
46.64	4
46.66	9
46.68	11
46.7	12
46.72	6
46.74	5
46.76	5
46.78	4
46.8	9
46.82	10
46.84	4
46.86	7
46.88	8
46.9	8
46.92	8
46.94	3
46.96	9
46.98	7
47	3
47.02	5
47.04	7
47.06	7
47.08	6
47.1	11
47.12	2
47.14	10
47.16	8
47.18	6
47.2	5
47.22	3
47.24	8
47.26	8
47.28	12
47.3	5
47.32	6
47.34	6
47.36	9
47.38	8
47.4	4
47.42	10
47.44	9
47.46	5
47.48	9
47.5	11
47.52	12
47.54	10
47.56	5
47.58	5
47.6	8
47.62	4
47.64	11
47.66	16
47.68	12
47.7	19
47.72	14
47.74	13
47.76	18
47.78	17
47.8	16
47.82	13
47.84	17
47.86	30
47.88	22
47.9	27
47.92	17
47.94	33
47.96	30
47.98	24
48	29
48.02	22
48.04	28
48.06	32
48.08	22
48.1	23
48.12	38
48.14	35
48.16	23
48.18	25
48.2	25
48.22	28
48.24	25
48.26	27
48.28	15
48.3	24
48.32	14
48.34	14
48.36	11
48.38	18
48.4	15
48.42	8
48.44	11
48.46	9
48.48	10
48.5	4
48.52	7
48.54	13
48.56	12
48.58	10
48.6	10
48.62	8
48.64	9
48.66	10
48.68	3
48.7	6
48.72	5
48.74	10
48.76	5
48.78	7
48.8	6
48.82	4
48.84	1
48.86	3
48.88	4
48.9	7
48.92	6
48.94	5
48.96	10
48.98	5
49	4
49.02	7
49.04	9
49.06	7
49.08	6
49.1	3
49.12	7
49.14	8
49.16	3
49.18	6
49.2	9
49.22	5
49.24	3
49.26	4
49.28	5
49.3	6
49.32	9
49.34	6
49.36	6
49.38	3
49.4	8
49.42	4
49.44	6
49.46	8
49.48	6
49.5	3
49.52	2
49.54	8
49.56	6
49.58	4
49.6	2
49.62	3
49.64	4
49.66	9
49.68	8
49.7	6
49.72	15
49.74	7
49.76	7
49.78	1
49.8	8
49.82	8
49.84	7
49.86	3
49.88	7
49.9	2
49.92	3
49.94	10
49.96	1
49.98	5
50	3
50.02	4
50.04	7
50.06	3
50.08	6
50.1	4
50.12	4
50.14	8
50.16	5
50.18	5
50.2	2
50.22	7
50.24	5
50.26	4
50.28	4
50.3	8
50.32	4
50.34	3
50.36	1
50.38	5
50.4	9
50.42	4
50.44	6
50.46	6
50.48	6
50.5	5
50.52	7
50.54	6
50.56	4
50.58	5
50.6	3
50.62	4
50.64	6
50.66	3
50.68	2
50.7	8
50.72	8
50.74	10
50.76	5
50.78	6
50.8	9
50.82	8
50.84	4
50.86	8
50.88	8
50.9	10
50.92	4
50.94	7
50.96	9
50.98	8
51	8
51.02	4
51.04	10
51.06	4
51.08	12
51.1	5
51.12	8
51.14	6
51.16	6
51.18	5
51.2	7
51.22	5
51.24	4
51.26	6
51.28	2
51.3	2
51.32	4
51.34	6
51.36	7
51.38	7
51.4	6
51.42	8
51.44	8
51.46	3
51.48	7
51.5	6
51.52	5
51.54	3
51.56	8
51.58	6
51.6	6
51.62	8
51.64	8
51.66	6
51.68	6
51.7	9
51.72	7
51.74	4
51.76	5
51.78	7
51.8	4
51.82	9
51.84	8
51.86	4
51.88	4
51.9	6
51.92	6
51.94	9
51.96	8
51.98	7
52	5
52.02	10
52.04	7
52.06	5
52.08	8
52.1	5
52.12	6
52.14	11
52.16	13
52.18	42
52.2	43
52.22	65
52.24	73
52.26	99
52.28	118
52.3	131
52.32	148
52.34	161
52.36	155
52.38	210
52.4	178
52.42	192
52.44	190
52.46	219
52.48	196
52.5	214
52.52	201
52.54	211
52.56	215
52.58	204
52.6	189
52.62	195
52.64	173
52.66	134
52.68	122
52.7	117
52.72	132
52.74	93
52.76	71
52.78	53
52.8	60
52.82	38
52.84	18
52.86	17
52.88	14
52.9	14
52.92	14
52.94	14
52.96	10
52.98	15
53	7
53.02	9
53.04	6
53.06	10
53.08	7
53.1	14
53.12	13
53.14	6
53.16	13
53.18	9
53.2	11
53.22	6
53.24	12
53.26	9
53.28	4
53.3	6
53.32	6
53.34	14
53.36	9
53.38	7
53.4	8
53.42	5
53.44	7
53.46	7
53.48	10
53.5	7
53.52	8
53.54	11
53.56	9
53.58	11
53.6	6
53.62	12
53.64	14
53.66	11
53.68	12
53.7	8
53.72	14
53.74	12
53.76	14
53.78	17
53.8	11
53.82	10
53.84	15
53.86	19
53.88	12
53.9	18
53.92	14
53.94	8
53.96	11
53.98	17
54	13
54.02	13
54.04	15
54.06	17
54.08	17
54.1	16
54.12	11
54.14	15
54.16	18
54.18	19
54.2	19
54.22	16
54.24	13
54.26	19
54.28	19
54.3	12
54.32	16
54.34	18
54.36	24
54.38	18
54.4	18
54.42	10
54.44	21
54.46	17
54.48	13
54.5	18
54.52	23
54.54	14
54.56	15
54.58	14
54.6	16
54.62	13
54.64	17
54.66	22
54.68	18
54.7	16
54.72	12
54.74	20
54.76	19
54.78	22
54.8	24
54.82	19
54.84	24
54.86	20
54.88	20
54.9	27
54.92	25
54.94	22
54.96	29
54.98	24
55	38
55.02	29
55.04	33
55.06	31
55.08	23
55.1	28
55.12	41
55.14	39
55.16	27
55.18	25
55.2	37
55.22	31
55.24	34
55.26	25
55.28	23
55.3	22
55.32	20
55.34	25
55.36	25
55.38	25
55.4	17
55.42	18
55.44	27
55.46	17
55.48	17
55.5	20
55.52	22
55.54	19
55.56	11
55.58	15
55.6	21
55.62	18
55.64	10
55.66	15
55.68	13
55.7	14
55.72	15
55.74	13
55.76	9
55.78	8
55.8	12
55.82	15
55.84	21
55.86	12
55.88	8
55.9	8
55.92	17
55.94	14
55.96	8
55.98	9
56	10
56.02	15
56.04	7
56.06	8
56.08	12
56.1	13
56.12	10
56.14	11
56.16	12
56.18	15
56.2	8
56.22	5
56.24	9
56.26	13
56.28	9
56.3	6
56.32	11
56.34	6
56.36	10
56.38	11
56.4	5
56.42	7
56.44	11
56.46	6
56.48	11
56.5	12
56.52	20
56.54	8
56.56	5
56.58	6
56.6	7
56.62	7
56.64	9
56.66	10
56.68	6
56.7	5
56.72	8
56.74	11
56.76	9
56.78	12
56.8	9
56.82	2
56.84	9
56.86	5
56.88	1
56.9	8
56.92	9
56.94	13
56.96	6
56.98	5
57	4
57.02	5
57.04	6
57.06	2
57.08	7
57.1	4
57.12	4
57.14	5
57.16	4
57.18	2
57.2	8
57.22	4
57.24	3
57.26	4
57.28	5
57.3	3
57.32	10
57.34	6
57.36	8
57.38	2
57.4	6
57.42	8
57.44	4
57.46	12
57.48	6
57.5	8
57.52	7
57.54	2
57.56	7
57.58	9
57.6	4
57.62	2
57.64	1
57.66	4
57.68	7
57.7	5
57.72	7
57.74	4
57.76	5
57.78	4
57.8	9
57.82	10
57.84	6
57.86	2
57.88	4
57.9	3
57.92	3
57.94	3
57.96	4
57.98	2
58	3
58.02	4
58.04	4
58.06	5
58.08	5
58.1	4
58.12	2
58.14	6
58.16	6
58.18	4
58.2	6
58.22	7
58.24	6
58.26	7
58.28	3
58.3	6
58.32	10
58.34	2
58.36	6
58.38	7
58.4	3
58.42	7
58.44	3
58.46	4
58.48	5
58.5	3
58.52	10
58.54	4
58.56	1
58.58	4
58.6	1
58.62	3
58.64	8
58.66	4
58.68	2
58.7	6
58.72	6
58.74	3
58.76	3
58.78	3
58.8	3
58.82	4
58.84	5
58.86	7
58.88	3
58.9	6
58.92	4
58.94	5
58.96	1
58.98	4
59	0.000000
59.02	3
59.04	4
59.06	3
59.08	9
59.1	5
59.12	2
59.14	11
59.16	7
59.18	5
59.2	3
59.22	5
59.24	7
59.26	5
59.28	3
59.3	7
59.32	7
59.34	8
59.36	5
59.38	10
59.4	6
59.42	6
59.44	7
59.46	3
59.48	5
59.5	7
59.52	7
59.54	7
59.56	5
59.58	4
59.6	5
59.62	3
59.64	4
59.66	9
59.68	8
59.7	5
59.72	6
59.74	6
59.76	7
59.78	7
59.8	7
59.82	4
59.84	10
59.86	4
59.88	6
59.9	4
59.92	8
59.94	8
59.96	5
59.98	4
60	5
60.02	5
60.04	2
60.06	7
60.08	2
60.1	6
60.12	5
60.14	3
60.16	8
60.18	8
60.2	3
60.22	6
60.24	6
60.26	4
60.28	9
60.3	2
60.32	4
60.34	5
60.36	2
60.38	7
60.4	6
60.42	3
60.44	3
60.46	7
60.48	3
60.5	4
60.52	8
60.54	5
60.56	3
60.58	2
60.6	2
60.62	4
60.64	6
60.66	4
60.68	6
60.7	2
60.72	7
60.74	1
60.76	5
60.78	3
60.8	6
60.82	6
60.84	4
60.86	1
60.88	4
60.9	2
60.92	0.000000
60.94	1
60.96	0.000000
60.98	4
61	2
61.02	1
61.04	5
61.06	4
61.08	1
61.1	3
61.12	3
61.14	5
61.16	7
61.18	5
61.2	9
61.22	5
61.24	3
61.26	2
61.28	5
61.3	3
61.32	5
61.34	4
61.36	1
61.38	1
61.4	1
61.42	4
61.44	4
61.46	1
61.48	3
61.5	3
61.52	6
61.54	3
61.56	3
61.58	6
61.6	2
61.62	3
61.64	5
61.66	3
61.68	5
61.7	5
61.72	5
61.74	1
61.76	4
61.78	4
61.8	3
61.82	6
61.84	2
61.86	6
61.88	5
61.9	9
61.92	4
61.94	3
61.96	4
61.98	5
62	7
62.02	6
62.04	4
62.06	9
62.08	6
62.1	3
62.12	11
62.14	7
62.16	7
62.18	9
62.2	8
62.22	4
62.24	5
62.26	8
62.28	8
62.3	10
62.32	7
62.34	9
62.36	4
62.38	6
62.4	6
62.42	6
62.44	9
62.46	3
62.48	11
62.5	8
62.52	14
62.54	10
62.56	11
62.58	5
62.6	9
62.62	13
62.64	14
62.66	10
62.68	12
62.7	8
62.72	11
62.74	15
62.76	10
62.78	14
62.8	8
62.82	11
62.84	9
62.86	11
62.88	9
62.9	15
62.92	13
62.94	9
62.96	9
62.98	7
63	9
63.02	9
63.04	10
63.06	7
63.08	8
63.1	6
63.12	8
63.14	11
63.16	8
63.18	4
63.2	5
63.22	2
63.24	11
63.26	7
63.28	7
63.3	7
63.32	4
63.34	8
63.36	5
63.38	6
63.4	3
63.42	7
63.44	2
63.46	8
63.48	6
63.5	4
63.52	5
63.54	5
63.56	2
63.58	2
63.6	3
63.62	8
63.64	1
63.66	2
63.68	4
63.7	3
63.72	3
63.74	3
63.76	5
63.78	6
63.8	2
63.82	2
63.84	3
63.86	2
63.88	2
63.9	3
63.92	4
63.94	6
63.96	6
63.98	7
64	4
64.02	6
64.04	5
64.06	3
64.08	2
64.1	5
64.12	5
64.14	2
64.16	4
64.18	2
64.2	4
64.22	4
64.24	5
64.26	1
64.28	2
64.3	1
64.32	4
64.34	6
64.36	2
64.38	2
64.4	8
64.42	3
64.44	2
64.46	5
64.48	2
64.5	5
64.52	5
64.54	5
64.56	2
64.58	3
64.6	4
64.62	3
64.64	3
64.66	4
64.68	1
64.7	5
64.72	2
64.74	4
64.76	4
64.78	3
64.8	0.000000
64.82	3
64.84	1
64.86	2
64.88	3
64.9	3
64.92	1
64.94	1
64.96	3
64.98	2
65	0.000000
65.02	5
65.04	6
65.06	2
65.08	6
65.1	2
65.12	2
65.14	2
65.16	3
65.18	3
65.2	1
65.22	1
65.24	3
65.26	5
65.28	7
65.3	4
65.32	2
65.34	3
65.36	2
65.38	3
65.4	2
65.42	2
65.44	1
65.46	1
65.48	3
65.5	5
65.52	5
65.54	3
65.56	2
65.58	2
65.6	5
65.62	3
65.64	2
65.66	2
65.68	8
65.7	4
65.72	5
65.74	2
65.76	1
65.78	5
65.8	4
65.82	3
65.84	5
65.86	6
65.88	3
65.9	3
65.92	3
65.94	6
65.96	5
65.98	8
66	3
66.02	5
66.04	2
66.06	5
66.08	3
66.1	3
66.12	3
66.14	3
66.16	2
66.18	1
66.2	5
66.22	4
66.24	3
66.26	2
66.28	6
66.3	1
66.32	3
66.34	4
66.36	4
66.38	3
66.4	1
66.42	3
66.44	2
66.46	3
66.48	1
66.5	0.000000
66.52	3
66.54	4
66.56	5
66.58	1
66.6	2
66.62	2
66.64	6
66.66	4
66.68	3
66.7	2
66.72	2
66.74	2
66.76	2
66.78	4
66.8	3
66.82	2
66.84	3
66.86	4
66.88	4
66.9	1
66.92	3
66.94	4
66.96	3
66.98	3
67	4
67.02	9
67.04	2
67.06	2
67.08	4
67.1	1
67.12	1
67.14	3
67.16	4
67.18	3
67.2	5
67.22	5
67.24	2
67.26	5
67.28	1
67.3	4
67.32	6
67.34	2
67.36	0.000000
67.38	1
67.4	4
67.42	3
67.44	3
67.46	2
67.48	1
67.5	1
67.52	3
67.54	4
67.56	1
67.58	3
67.6	5
67.62	3
67.64	4
67.66	5
67.68	4
67.7	2
67.72	4
67.74	4
67.76	3
67.78	2
67.8	1
67.82	4
67.84	3
67.86	4
67.88	3
67.9	1
67.92	5
67.94	5
67.96	5
67.98	3
68	5
68.02	0.000000
68.04	6
68.06	5
68.08	1
68.1	2
68.12	4
68.14	2
68.16	1
68.18	7
68.2	2
68.22	5
68.24	4
68.26	3
68.28	2
68.3	4
68.32	7
68.34	4
68.36	7
68.38	10
68.4	5
68.42	3
68.44	2
68.46	4
68.48	5
68.5	4
68.52	0.000000
68.54	2
68.56	2
68.58	3
68.6	1
68.62	3
68.64	3
68.66	4
68.68	5
68.7	6
68.72	4
68.74	7
68.76	3
68.78	4
68.8	5
68.82	7
68.84	8
68.86	6
68.88	3
68.9	1
68.92	3
68.94	2
68.96	5
68.98	11
69	11
69.02	3
69.04	4
69.06	13
69.08	4
69.1	5
69.12	7
69.14	4
69.16	5
69.18	7
69.2	7
69.22	5
69.24	5
69.26	5
69.28	4
69.3	6
69.32	3
69.34	7
69.36	1
69.38	5
69.4	2
69.42	0.000000
69.44	3
69.46	4
69.48	4
69.5	4
69.52	4
69.54	3
69.56	4
69.58	7
69.6	4
69.62	7
69.64	6
69.66	5
69.68	2
69.7	4
69.72	6
69.74	7
69.76	4
69.78	4
69.8	3
69.82	5
69.84	3
69.86	3
69.88	3
69.9	5
69.92	4
69.94	4
69.96	6
69.98	8
70	7
70.02	6
70.04	5
70.06	3
70.08	8
70.1	6
70.12	9
70.14	5
70.16	4
70.18	12
70.2	4
70.22	8
70.24	10
70.26	9
70.28	3
70.3	9
70.32	10
70.34	4
70.36	11
70.38	6
70.4	9
70.42	6
70.44	3
70.46	6
70.48	8
70.5	6
70.52	6
70.54	9
70.56	11
70.58	3
70.6	6
70.62	6
70.64	2
70.66	1
70.68	8
70.7	7
70.72	2
70.74	5
70.76	6
70.78	2
70.8	5
70.82	8
70.84	4
70.86	2
70.88	3
70.9	8
70.92	4
70.94	2
70.96	7
70.98	3
71	8
71.02	6
71.04	5
71.06	0.000000
71.08	2
71.1	2
71.12	1
71.14	2
71.16	4
71.18	3
71.2	2
71.22	5
71.24	3
71.26	4
71.28	0.000000
71.3	3
71.32	3
71.34	3
71.36	0.000000
71.38	7
71.4	2
71.42	2
71.44	5
71.46	3
71.48	4
71.5	3
71.52	2
71.54	1
71.56	6
71.58	5
71.6	2
71.62	0.000000
71.64	4
71.66	4
71.68	1
71.7	2
71.72	5
71.74	3
71.76	2
71.78	1
71.8	3
71.82	2
71.84	1
71.86	1
71.88	3
71.9	3
71.92	3
71.94	3
71.96	5
71.98	4
72	0.000000
72.02	5
72.04	3
72.06	5
72.08	6
72.1	3
72.12	5
72.14	4
72.16	5
72.18	4
72.2	6
72.22	2
72.24	3
72.26	6
72.28	8
72.3	1
72.32	2
72.34	3
72.36	1
72.38	4
72.4	5
72.42	1
72.44	4
72.46	2
72.48	3
72.5	4
72.52	2
72.54	4
72.56	5
72.58	6
72.6	5
72.62	4
72.64	5
72.66	2
72.68	4
72.7	3
72.72	4
72.74	2
72.76	4
72.78	1
72.8	3
72.82	2
72.84	3
72.86	3
72.88	5
72.9	3
72.92	0.000000
72.94	2
72.96	4
72.98	4
73	7
73.02	2
73.04	2
73.06	2
73.08	3
73.1	3
73.12	1
73.14	4
73.16	4
73.18	5
73.2	5
73.22	5
73.24	3
73.26	2
73.28	2
73.3	3
73.32	3
73.34	2
73.36	3
73.38	1
73.4	2
73.42	2
73.44	7
73.46	4
73.48	4
73.5	4
73.52	2
73.54	3
73.56	1
73.58	3
73.6	1
73.62	1
73.64	2
73.66	6
73.68	3
73.7	5
73.72	0.000000
73.74	1
73.76	3
73.78	1
73.8	6
73.82	5
73.84	2
73.86	2
73.88	1
73.9	3
73.92	3
73.94	2
73.96	2
73.98	3
74	5
74.02	9
74.04	4
74.06	6
74.08	6
74.1	2
74.12	6
74.14	1
74.16	4
74.18	2
74.2	4
74.22	2
74.24	3
74.26	5
74.28	3
74.3	4
74.32	2
74.34	3
74.36	2
74.38	3
74.4	5
74.42	6
74.44	6
74.46	3
74.48	2
74.5	3
74.52	4
74.54	5
74.56	1
74.58	4
74.6	5
74.62	5
74.64	6
74.66	5
74.68	3
74.7	7
74.72	5
74.74	7
74.76	8
74.78	6
74.8	8
74.82	10
74.84	2
74.86	3
74.88	6
74.9	12
74.92	7
74.94	7
74.96	7
74.98	9
75	9
75.02	6
75.04	5
75.06	12
75.08	4
75.1	6
75.12	3
75.14	5
75.16	6
75.18	10
75.2	7
75.22	6
75.24	7
75.26	5
75.28	4
75.3	5
75.32	10
75.34	6
75.36	7
75.38	6
75.4	9
75.42	4
75.44	5
75.46	6
75.48	2
75.5	2
75.52	5
75.54	4
75.56	3
75.58	3
75.6	5
75.62	7
75.64	2
75.66	4
75.68	1
75.7	7
75.72	2
75.74	4
75.76	3
75.78	3
75.8	5
75.82	4
75.84	10
75.86	6
75.88	4
75.9	4
75.92	2
75.94	3
75.96	6
75.98	6
76	1
76.02	6
76.04	4
76.06	10
76.08	3
76.1	8
76.12	4
76.14	5
76.16	2
76.18	2
76.2	7
76.22	3
76.24	5
76.26	5
76.28	6
76.3	5
76.32	5
76.34	7
76.36	4
76.38	6
76.4	4
76.42	5
76.44	2
76.46	0.000000
76.48	4
76.5	7
76.52	6
76.54	6
76.56	3
76.58	3
76.6	1
76.62	6
76.64	7
76.66	4
76.68	0.000000
76.7	1
76.72	4
76.74	3
76.76	2
76.78	3
76.8	2
76.82	2
76.84	1
76.86	2
76.88	4
76.9	6
76.92	4
76.94	3
76.96	4
76.98	3
77	3
77.02	3
77.04	1
77.06	3
77.08	5
77.1	3
77.12	1
77.14	4
77.16	1
77.18	1
77.2	4
77.22	5
77.24	3
77.26	2
77.28	2
77.3	2
77.32	2
77.34	4
77.36	4
77.38	3
77.4	2
77.42	6
77.44	1
77.46	3
77.48	2
77.5	2
77.52	1
77.54	1
77.56	2
77.58	2
77.6	2
77.62	3
77.64	4
77.66	4
77.68	2
77.7	2
77.72	2
77.74	2
77.76	2
77.78	4
77.8	4
77.82	3
77.84	1
77.86	1
77.88	2
77.9	3
77.92	5
77.94	2
77.96	2
77.98	3
78	2
78.02	3
78.04	1
78.06	3
78.08	5
78.1	5
78.12	2
78.14	4
78.16	2
78.18	0.000000
78.2	1
78.22	1
78.24	5
78.26	0.000000
78.28	1
78.3	3
78.32	2
78.34	3
78.36	4
78.38	6
78.4	1
78.42	2
78.44	0.000000
78.46	2
78.48	1
78.5	5
78.52	1
78.54	5
78.56	2
78.58	5
78.6	2
78.62	3
78.64	1
78.66	1
78.68	4
78.7	2
78.72	2
78.74	4
78.76	1
78.78	4
78.8	3
78.82	3
78.84	1
78.86	6
78.88	5
78.9	1
78.92	7
78.94	4
78.96	6
78.98	3
79	3
79.02	4
79.04	1
79.06	6
79.08	4
79.1	3
79.12	1
79.14	2
79.16	3
79.18	1
79.2	0.000000
79.22	0.000000
79.24	2
79.26	4
79.28	4
79.3	2
79.32	1
79.34	4
79.36	1
79.38	0.000000
79.4	3
79.42	1
79.44	2
79.46	3
79.48	3
79.5	0.000000
79.52	4
79.54	3
79.56	3
79.58	1
79.6	6
79.62	1
79.64	4
79.66	3
79.68	3
79.7	1
79.72	4
79.74	2
79.76	2
79.78	1
79.8	5
79.82	3
79.84	1
79.86	3
79.88	2
79.9	2
79.92	3
79.94	4
79.96	5
79.98	1
80	0.000000
80.02	7
80.04	5
80.06	0.000000
80.08	1
80.1	2
80.12	3
80.14	4
80.16	1
80.18	3
80.2	2
80.22	4
80.24	3
80.26	2
80.28	5
80.3	1
80.32	2
80.34	4
80.36	9
80.38	3
80.4	1
80.42	7
80.44	2
80.46	3
80.48	4
80.5	3
80.52	2
80.54	3
80.56	3
80.58	0.000000
80.6	2
80.62	1
80.64	5
80.66	4
80.68	2
80.7	1
80.72	3
80.74	5
80.76	6
80.78	4
80.8	6
80.82	4
80.84	2
80.86	3
80.88	7
80.9	3
80.92	2
80.94	7
80.96	1
80.98	4
81	6
81.02	0.000000
81.04	0.000000
81.06	1
81.08	4
81.1	5
81.12	8
81.14	5
81.16	4
81.18	4
81.2	1
81.22	3
81.24	2
81.26	2
81.28	1
81.3	3
81.32	2
81.34	2
81.36	3
81.38	4
81.4	5
81.42	5
81.44	1
81.46	4
81.48	3
81.5	1
81.52	4
81.54	5
81.56	4
81.58	6
81.6	4
81.62	2
81.64	1
81.66	6
81.68	5
81.7	5
81.72	2
81.74	3
81.76	4
81.78	6
81.8	3
81.82	6
81.84	3
81.86	4
81.88	3
81.9	6
81.92	5
81.94	5
81.96	3
81.98	5
82	2
82.02	8
82.04	5
82.06	4
82.08	7
82.1	7
82.12	7
82.14	9
82.16	2
82.18	7
82.2	7
82.22	1
82.24	3
82.26	3
82.28	4
82.3	2
82.32	2
82.34	1
82.36	7
82.38	5
82.4	6
82.42	7
82.44	6
82.46	6
82.48	7
82.5	3
82.52	6
82.54	5
82.56	5
82.58	4
82.6	5
82.62	7
82.64	4
82.66	4
82.68	2
82.7	6
82.72	8
82.74	5
82.76	11
82.78	5
82.8	9
82.82	4
82.84	8
82.86	5
82.88	5
82.9	6
82.92	5
82.94	4
82.96	3
82.98	3
83	3
83.02	8
83.04	6
83.06	8
83.08	6
83.1	7
83.12	6
83.14	3
83.16	4
83.18	4
83.2	4
83.22	2
83.24	6
83.26	6
83.28	6
83.3	5
83.32	7
83.34	5
83.36	6
83.38	4
83.4	5
83.42	2
83.44	4
83.46	6
83.48	3
83.5	5
83.52	3
83.54	6
83.56	2
83.58	4
83.6	8
83.62	4
83.64	5
83.66	2
83.68	3
83.7	3
83.72	7
83.74	4
83.76	2
83.78	1
83.8	2
83.82	0.000000
83.84	2
83.86	2
83.88	2
83.9	3
83.92	2
83.94	1
83.96	2
83.98	3
84	3
84.02	2
84.04	3
84.06	3
84.08	4
84.1	5
84.12	1
84.14	2
84.16	6
84.18	5
84.2	2
84.22	5
84.24	5
84.26	4
84.28	2
84.3	3
84.32	5
84.34	1
84.36	4
84.38	1
84.4	0.000000
84.42	4
84.44	2
84.46	3
84.48	3
84.5	4
84.52	4
84.54	2
84.56	1
84.58	1
84.6	0.000000
84.62	3
84.64	1
84.66	2
84.68	5
84.7	2
84.72	6
84.74	4
84.76	2
84.78	0.000000
84.8	2
84.82	3
84.84	2
84.86	2
84.88	3
84.9	4
84.92	3
84.94	5
84.96	0.000000
84.98	2
85	5
85.02	2
85.04	2
85.06	1
85.08	2
85.1	2
85.12	2
85.14	4
85.16	2
85.18	1
85.2	1
85.22	6
85.24	4
85.26	1
85.28	4
85.3	0.000000
85.32	1
85.34	5
85.36	2
85.38	2
85.4	1
85.42	1
85.44	2
85.46	10
85.48	3
85.5	5
85.52	4
85.54	3
85.56	2
85.58	8
85.6	5
85.62	6
85.64	5
85.66	7
85.68	4
85.7	3
85.72	4
85.74	2
85.76	3
85.78	4
85.8	2
85.82	3
85.84	3
85.86	6
85.88	2
85.9	2
85.92	4
85.94	7
85.96	5
85.98	3
86	6
86.02	1
86.04	3
86.06	4
86.08	4
86.1	4
86.12	2
86.14	4
86.16	8
86.18	2
86.2	3
86.22	3
86.24	5
86.26	4
86.28	3
86.3	4
86.32	5
86.34	4
86.36	3
86.38	4
86.4	2
86.42	1
86.44	1
86.46	4
86.48	3
86.5	3
86.52	5
86.54	3
86.56	1
86.58	2
86.6	5
86.62	4
86.64	8
86.66	2
86.68	3
86.7	2
86.72	6
86.74	7
86.76	3
86.78	2
86.8	7
86.82	4
86.84	2
86.86	6
86.88	1
86.9	4
86.92	4
86.94	6
86.96	3
86.98	5
87	3
87.02	7
87.04	2
87.06	2
87.08	3
87.1	3
87.12	7
87.14	4
87.16	4
87.18	1
87.2	3
87.22	3
87.24	5
87.26	5
87.28	4
87.3	1
87.32	2
87.34	4
87.36	5
87.38	4
87.4	2
87.42	1
87.44	3
87.46	4
87.48	1
87.5	2
87.52	4
87.54	6
87.56	1
87.58	6
87.6	2
87.62	2
87.64	1
87.66	3
87.68	3
87.7	4
87.72	4
87.74	3
87.76	3
87.78	4
87.8	2
87.82	8
87.84	3
87.86	3
87.88	3
87.9	1
87.92	5
87.94	3
87.96	1
87.98	2
88	1
88.02	0.000000
88.04	0.000000
88.06	1
88.08	2
88.1	2
88.12	3
88.14	1
88.16	1
88.18	3
88.2	1
88.22	2
88.24	1
88.26	3
88.28	1
88.3	0.000000
88.32	0.000000
88.34	1
88.36	2
88.38	5
88.4	2
88.42	1
88.44	2
88.46	2
88.48	6
88.5	5
88.52	1
88.54	2
88.56	5
88.58	3
88.6	4
88.62	2
88.64	3
88.66	4
88.68	5
88.7	4
88.72	1
88.74	2
88.76	4
88.78	2
88.8	3
88.82	2
88.84	1
88.86	2
88.88	5
88.9	4
88.92	5
88.94	1
88.96	0.000000
88.98	7
89	3
89.02	2
89.04	2
89.06	3
89.08	5
89.1	1
89.12	1
89.14	1
89.16	2
89.18	3
89.2	3
89.22	1
89.24	3
89.26	4
89.28	1
89.3	5
89.32	1
89.34	2
89.36	2
89.38	3
89.4	2
89.42	3
89.44	1
89.46	2
89.48	1
89.5	4
89.52	0.000000
89.54	1
89.56	1
89.58	6
89.6	4
89.62	0.000000
89.64	7
89.66	5
89.68	5
89.7	4
89.72	0.000000
89.74	4
89.76	2
89.78	3
89.8	1
89.82	2
89.84	2
89.86	2
89.88	3
89.9	2
89.92	6
89.94	4
89.96	2
89.98	3
90	4
