-19.7726	-3.94E-05
-19.7545	-3.84E-05
-19.7364	-3.77E-05
-19.7114	-3.75E-05
-19.6865	-3.71E-05
-19.6615	-3.71E-05
-19.6365	-3.67E-05
-19.6115	-3.69E-05
-19.5865	-3.69E-05
-19.5615	-3.65E-05
-19.5399	-3.67E-05
-19.5149	-3.65E-05
-19.4865	-3.67E-05
-19.4649	-3.64E-05
-19.4399	-3.65E-05
-19.4149	-3.65E-05
-19.3899	-3.64E-05
-19.3615	-3.67E-05
-19.3365	-3.65E-05
-19.3149	-3.64E-05
-19.2899	-3.64E-05
-19.2649	-3.64E-05
-19.2399	-3.67E-05
-19.2115	-3.64E-05
-19.1865	-3.65E-05
-19.1615	-3.65E-05
-19.1399	-3.64E-05
-19.115	-3.62E-05
-19.0899	-3.65E-05
-19.0615	-3.64E-05
-19.0399	-3.64E-05
-19.0115	-3.64E-05
-18.9865	-3.64E-05
-18.9479	-3.73E-05
-18.9365	-3.65E-05
-18.9115	-3.64E-05
-18.8899	-3.65E-05
-18.865	-3.62E-05
-18.8399	-3.64E-05
-18.815	-3.62E-05
-18.7866	-3.62E-05
-18.765	-3.62E-05
-18.74	-3.6E-05
-18.715	-3.58E-05
-18.6866	-3.58E-05
-18.665	-3.6E-05
-18.64	-3.6E-05
-18.615	-3.62E-05
-18.5866	-3.58E-05
-18.5616	-3.58E-05
-18.5399	-3.64E-05
-18.515	-3.58E-05
-18.49	-3.6E-05
-18.465	-3.58E-05
-18.44	-3.6E-05
-18.415	-3.62E-05
-18.39	-3.56E-05
-18.365	-3.58E-05
-18.34	-3.56E-05
-18.315	-3.58E-05
-18.29	-3.6E-05
-18.265	-3.56E-05
-18.24	-3.58E-05
-18.2116	-3.56E-05
-18.1866	-3.58E-05
-18.1616	-3.58E-05
-18.14	-3.56E-05
-18.115	-3.58E-05
-18.09	-3.56E-05
-18.065	-3.56E-05
-18.04	-3.56E-05
-18.0151	-3.54E-05
-17.99	-3.56E-05
-17.9651	-3.54E-05
-17.9401	-3.54E-05
-17.9151	-3.54E-05
-17.89	-3.56E-05
-17.8651	-3.54E-05
-17.84	-3.56E-05
-17.8151	-3.54E-05
-17.7901	-3.54E-05
-17.7651	-3.54E-05
-17.7401	-3.54E-05
-17.7151	-3.54E-05
-17.6901	-3.54E-05
-17.6651	-3.52E-05
-17.6401	-3.54E-05
-17.6151	-3.52E-05
-17.5901	-3.54E-05
-17.5651	-3.54E-05
-17.5401	-3.52E-05
-17.5151	-3.54E-05
-17.4901	-3.52E-05
-17.4651	-3.52E-05
-17.4401	-3.52E-05
-17.4117	-3.52E-05
-17.3901	-3.54E-05
-17.3583	-3.54E-05
-17.3401	-3.52E-05
-17.3151	-3.5E-05
-17.2901	-3.5E-05
-17.2651	-3.52E-05
-17.2401	-3.5E-05
-17.2151	-3.52E-05
-17.1901	-3.5E-05
-17.1651	-3.52E-05
-17.1435	-3.5E-05
-17.1151	-3.5E-05
-17.0901	-3.48E-05
-17.0651	-3.52E-05
-17.0401	-3.5E-05
-17.0151	-3.48E-05
-16.9867	-3.52E-05
-16.9651	-3.5E-05
-16.9401	-3.48E-05
-16.9151	-3.52E-05
-16.8901	-3.46E-05
-16.8651	-3.46E-05
-16.8401	-3.5E-05
-16.8151	-3.48E-05
-16.7901	-3.5E-05
-16.7651	-3.48E-05
-16.7401	-3.46E-05
-16.7151	-3.48E-05
-16.6901	-3.5E-05
-16.6651	-3.46E-05
-16.6401	-3.48E-05
-16.6151	-3.46E-05
-16.5901	-3.46E-05
-16.5651	-3.46E-05
-16.5401	-3.46E-05
-16.5151	-3.46E-05
-16.4901	-3.48E-05
-16.4685	-3.46E-05
-16.4401	-3.46E-05
-16.4151	-3.46E-05
-16.3901	-3.48E-05
-16.3651	-3.46E-05
-16.3401	-3.46E-05
-16.3151	-3.46E-05
-16.2901	-3.46E-05
-16.2651	-3.46E-05
-16.2401	-3.45E-05
-16.2151	-3.45E-05
-16.1901	-3.45E-05
-16.1651	-3.45E-05
-16.1401	-3.45E-05
-16.1151	-3.45E-05
-16.0901	-3.45E-05
-16.0652	-3.43E-05
-16.0401	-3.45E-05
-16.0151	-3.46E-05
-15.9901	-3.45E-05
-15.9651	-3.46E-05
-15.9402	-3.41E-05
-15.9152	-3.41E-05
-15.8902	-3.43E-05
-15.8652	-3.43E-05
-15.8402	-3.43E-05
-15.8151	-3.45E-05
-15.7901	-3.45E-05
-15.7583	-3.52E-05
-15.7402	-3.43E-05
-15.7152	-3.43E-05
-15.6902	-3.43E-05
-15.6652	-3.41E-05
-15.6402	-3.41E-05
-15.6152	-3.43E-05
-15.5902	-3.43E-05
-15.5652	-3.43E-05
-15.5402	-3.41E-05
-15.5152	-3.39E-05
-15.4902	-3.41E-05
-15.4652	-3.41E-05
-15.4402	-3.41E-05
-15.4152	-3.41E-05
-15.3902	-3.43E-05
-15.3652	-3.39E-05
-15.3402	-3.41E-05
-15.3152	-3.39E-05
-15.2902	-3.39E-05
-15.2686	-3.39E-05
-15.2402	-3.41E-05
-15.2152	-3.39E-05
-15.1902	-3.39E-05
-15.1652	-3.37E-05
-15.1437	-3.35E-05
-15.1152	-3.37E-05
-15.0902	-3.39E-05
-15.0652	-3.41E-05
-15.0402	-3.39E-05
-15.0152	-3.37E-05
-14.9936	-3.37E-05
-14.9652	-3.39E-05
-14.9436	-3.37E-05
-14.9152	-3.37E-05
-14.8903	-3.35E-05
-14.8687	-3.35E-05
-14.8403	-3.35E-05
-14.8152	-3.37E-05
-14.7902	-3.37E-05
-14.7652	-3.37E-05
-14.7403	-3.33E-05
-14.7153	-3.35E-05
-14.6903	-3.35E-05
-14.6653	-3.31E-05
-14.6402	-3.37E-05
-14.6153	-3.35E-05
-14.5903	-3.35E-05
-14.5653	-3.33E-05
-14.5437	-3.35E-05
-14.5187	-3.35E-05
-14.4903	-3.35E-05
-14.4653	-3.35E-05
-14.4403	-3.33E-05
-14.4153	-3.31E-05
-14.3903	-3.33E-05
-14.3653	-3.33E-05
-14.3403	-3.33E-05
-14.3153	-3.33E-05
-14.2902	-3.37E-05
-14.2653	-3.35E-05
-14.2403	-3.33E-05
-14.2153	-3.35E-05
-14.1903	-3.31E-05
-14.1619	-3.35E-05
-14.1403	-3.31E-05
-14.1153	-3.29E-05
-14.0903	-3.33E-05
-14.0687	-3.31E-05
-14.0403	-3.29E-05
-14.0153	-3.31E-05
-13.9903	-3.31E-05
-13.9653	-3.29E-05
-13.9403	-3.28E-05
-13.9153	-3.31E-05
-13.8903	-3.29E-05
-13.8653	-3.29E-05
-13.8403	-3.31E-05
-13.8153	-3.29E-05
-13.7903	-3.31E-05
-13.7653	-3.28E-05
-13.7403	-3.29E-05
-13.7153	-3.29E-05
-13.6903	-3.28E-05
-13.6653	-3.28E-05
-13.6403	-3.29E-05
-13.6153	-3.29E-05
-13.5903	-3.29E-05
-13.5653	-3.31E-05
-13.5437	-3.26E-05
-13.5187	-3.28E-05
-13.4903	-3.28E-05
-13.4653	-3.29E-05
-13.4403	-3.29E-05
-13.4153	-3.28E-05
-13.3937	-3.31E-05
-13.3653	-3.28E-05
-13.3437	-3.28E-05
-13.3187	-3.26E-05
-13.2937	-3.28E-05
-13.2688	-3.24E-05
-13.2437	-3.28E-05
-13.2187	-3.28E-05
-13.1903	-3.26E-05
-13.1653	-3.26E-05
-13.1437	-3.26E-05
-13.1187	-3.26E-05
-13.0903	-3.28E-05
-13.0687	-3.26E-05
-13.0404	-3.24E-05
-13.0154	-3.24E-05
-12.9937	-3.26E-05
-12.9653	-3.26E-05
-12.9437	-3.26E-05
-12.9154	-3.22E-05
-12.8938	-3.24E-05
-12.8654	-3.24E-05
-12.8438	-3.24E-05
-12.8187	-3.26E-05
-12.7937	-3.28E-05
-12.7653	-3.26E-05
-12.7437	-3.26E-05
-12.7154	-3.18E-05
-12.6904	-3.22E-05
-12.6688	-3.22E-05
-12.6437	-3.26E-05
-12.6154	-3.24E-05
-12.5904	-3.22E-05
-12.5551	-3.31E-05
-12.5404	-3.24E-05
-12.5154	-3.22E-05
-12.4904	-3.22E-05
-12.4654	-3.22E-05
-12.4438	-3.22E-05
-12.4154	-3.2E-05
-12.3904	-3.22E-05
-12.3688	-3.2E-05
-12.3438	-3.2E-05
-12.3188	-3.2E-05
-12.2904	-3.22E-05
-12.2688	-3.2E-05
-12.2438	-3.22E-05
-12.2188	-3.22E-05
-12.1938	-3.2E-05
-12.1688	-3.2E-05
-12.1438	-3.16E-05
-12.1154	-3.2E-05
-12.0904	-3.2E-05
-12.0688	-3.18E-05
-12.0438	-3.2E-05
-12.0154	-3.18E-05
-11.9938	-3.2E-05
-11.9654	-3.18E-05
-11.9438	-3.18E-05
-11.9188	-3.18E-05
-11.8938	-3.16E-05
-11.8688	-3.18E-05
-11.8438	-3.2E-05
-11.8154	-3.18E-05
-11.7904	-3.18E-05
-11.7654	-3.2E-05
-11.7438	-3.16E-05
-11.7189	-3.16E-05
-11.6904	-3.16E-05
-11.6688	-3.16E-05
-11.6438	-3.18E-05
-11.6154	-3.16E-05
-11.5939	-3.16E-05
-11.5689	-3.14E-05
-11.5438	-3.16E-05
-11.5188	-3.16E-05
-11.4905	-3.12E-05
-11.4689	-3.14E-05
-11.4439	-3.12E-05
-11.4188	-3.16E-05
-11.3904	-3.16E-05
-11.3654	-3.18E-05
-11.3439	-3.14E-05
-11.3155	-3.14E-05
-11.2905	-3.16E-05
-11.2689	-3.14E-05
-11.2439	-3.14E-05
-11.2189	-3.16E-05
-11.1905	-3.14E-05
-11.1689	-3.14E-05
-11.1439	-3.14E-05
-11.1155	-3.12E-05
-11.0905	-3.14E-05
-11.0689	-3.1E-05
-11.0439	-3.12E-05
-11.0155	-3.14E-05
-10.9939	-3.1E-05
-10.9621	-3.14E-05
-10.9439	-3.1E-05
-10.9189	-3.09E-05
-10.8939	-3.12E-05
-10.8689	-3.1E-05
-10.8405	-3.1E-05
-10.8189	-3.1E-05
-10.7939	-3.12E-05
-10.7655	-3.12E-05
-10.7439	-3.1E-05
-10.7189	-3.09E-05
-10.6939	-3.1E-05
-10.6689	-3.09E-05
-10.6439	-3.09E-05
-10.6155	-3.1E-05
-10.5939	-3.09E-05
-10.5689	-3.1E-05
-10.5439	-3.1E-05
-10.5189	-3.09E-05
-10.4939	-3.09E-05
-10.4689	-3.09E-05
-10.4439	-3.09E-05
-10.4155	-3.07E-05
-10.3939	-3.09E-05
-10.3689	-3.09E-05
-10.3439	-3.09E-05
-10.3189	-3.07E-05
-10.2939	-3.1E-05
-10.2689	-3.07E-05
-10.2439	-3.09E-05
-10.2189	-3.07E-05
-10.1939	-3.07E-05
-10.1655	-3.1E-05
-10.144	-3.05E-05
-10.1189	-3.07E-05
-10.0939	-3.09E-05
-10.069	-3.05E-05
-10.0439	-3.07E-05
-10.019	-3.03E-05
-9.99394	-3.07E-05
-9.96899	-3.03E-05
-9.94396	-3.05E-05
-9.91899	-3.03E-05
-9.89396	-3.05E-05
-9.86894	-3.07E-05
-9.84397	-3.05E-05
-9.81896	-3.05E-05
-9.79397	-3.05E-05
-9.76896	-3.05E-05
-9.74397	-3.05E-05
-9.71901	-3.01E-05
-9.69399	-3.03E-05
-9.66901	-3.01E-05
-9.64056	-3.05E-05
-9.61899	-3.03E-05
-9.59399	-3.03E-05
-9.56899	-3.03E-05
-9.54401	-3.01E-05
-9.51901	-3.01E-05
-9.49403	-2.99E-05
-9.46901	-3.01E-05
-9.44401	-3.01E-05
-9.41901	-3.01E-05
-9.39399	-3.03E-05
-9.35874	-3.07E-05
-9.34399	-3.03E-05
-9.31901	-3.01E-05
-9.29401	-3.01E-05
-9.26901	-3.01E-05
-9.24405	-2.97E-05
-9.21901	-3.01E-05
-9.19401	-3.01E-05
-9.16899	-3.03E-05
-9.14403	-2.99E-05
-9.11905	-2.97E-05
-9.09403	-2.99E-05
-9.06903	-2.99E-05
-9.04403	-2.99E-05
-9.01901	-3.01E-05
-8.99403	-2.99E-05
-8.96903	-2.99E-05
-8.94405	-2.97E-05
-8.91905	-2.97E-05
-8.89403	-2.99E-05
-8.86907	-2.95E-05
-8.84405	-2.97E-05
-8.81905	-2.97E-05
-8.79405	-2.97E-05
-8.76907	-2.95E-05
-8.74407	-2.95E-05
-8.71905	-2.97E-05
-8.69405	-2.97E-05
-8.66907	-2.95E-05
-8.64407	-2.95E-05
-8.61905	-2.97E-05
-8.59067	-2.95E-05
-8.56567	-2.95E-05
-8.54405	-2.97E-05
-8.51907	-2.95E-05
-8.49407	-2.95E-05
-8.46909	-2.93E-05
-8.44409	-2.93E-05
-8.41905	-2.97E-05
-8.39405	-2.97E-05
-8.3691	-2.92E-05
-8.34409	-2.93E-05
-8.31907	-2.95E-05
-8.29409	-2.93E-05
-8.26909	-2.93E-05
-8.24407	-2.95E-05
-8.21907	-2.95E-05
-8.19409	-2.93E-05
-8.16909	-2.93E-05
-8.1441	-2.92E-05
-8.1191	-2.92E-05
-8.09409	-2.93E-05
-8.0691	-2.92E-05
-8.04409	-2.93E-05
-8.01909	-2.93E-05
-7.99409	-2.93E-05
-7.9691	-2.92E-05
-7.94409	-2.93E-05
-7.9191	-2.92E-05
-7.89412	-2.9E-05
-7.8691	-2.92E-05
-7.8441	-2.92E-05
-7.8191	-2.92E-05
-7.79412	-2.9E-05
-7.76229	-2.93E-05
-7.7474	-2.92E-05
-7.71914	-2.88E-05
-7.69412	-2.9E-05
-7.66914	-2.88E-05
-7.64412	-2.9E-05
-7.61914	-2.88E-05
-7.59412	-2.9E-05
-7.56914	-2.88E-05
-7.54414	-2.88E-05
-7.52244	-2.88E-05
-7.49414	-2.88E-05
-7.46916	-2.86E-05
-7.44416	-2.86E-05
-7.41914	-2.88E-05
-7.39417	-2.86E-05
-7.36912	-2.9E-05
-7.34414	-2.88E-05
-7.31919	-2.84E-05
-7.29417	-2.86E-05
-7.26917	-2.86E-05
-7.24416	-2.86E-05
-7.21916	-2.86E-05
-7.19416	-2.86E-05
-7.16917	-2.86E-05
-7.14746	-2.86E-05
-7.11916	-2.86E-05
-7.09416	-2.86E-05
-7.06916	-2.86E-05
-7.04417	-2.86E-05
-7.01919	-2.84E-05
-6.99416	-2.86E-05
-6.96579	-2.84E-05
-6.94749	-2.84E-05
-6.92249	-2.84E-05
-6.89421	-2.82E-05
-6.87251	-2.82E-05
-6.84419	-2.84E-05
-6.81919	-2.84E-05
-6.79419	-2.84E-05
-6.76921	-2.82E-05
-6.74751	-2.82E-05
-6.72251	-2.82E-05
-6.69749	-2.84E-05
-6.66921	-2.82E-05
-6.64749	-2.84E-05
-6.61921	-2.82E-05
-6.59423	-2.8E-05
-6.56919	-2.84E-05
-6.54753	-2.8E-05
-6.52251	-2.82E-05
-6.49423	-2.8E-05
-6.47255	-2.78E-05
-6.44751	-2.82E-05
-6.41925	-2.78E-05
-6.39755	-2.78E-05
-6.37253	-2.8E-05
-6.34425	-2.78E-05
-6.32255	-2.78E-05
-6.29425	-2.78E-05
-6.26923	-2.8E-05
-6.24425	-2.78E-05
-6.22255	-2.78E-05
-6.19423	-2.8E-05
-6.1555	-2.92E-05
-6.14421	-2.82E-05
-6.12255	-2.78E-05
-6.09425	-2.78E-05
-6.07255	-2.78E-05
-6.04425	-2.78E-05
-6.01925	-2.78E-05
-5.99757	-2.76E-05
-5.96925	-2.78E-05
-5.94755	-2.78E-05
-5.92259	-2.74E-05
-5.89427	-2.76E-05
-5.87259	-2.74E-05
-5.84757	-2.76E-05
-5.81929	-2.74E-05
-5.79425	-2.78E-05
-5.76927	-2.76E-05
-5.74759	-2.74E-05
-5.71929	-2.74E-05
-5.6943	-2.73E-05
-5.67259	-2.74E-05
-5.64759	-2.74E-05
-5.6226	-2.73E-05
-5.59759	-2.74E-05
-5.57259	-2.74E-05
-5.5476	-2.73E-05
-5.52259	-2.74E-05
-5.4976	-2.73E-05
-5.47259	-2.74E-05
-5.4476	-2.73E-05
-5.4226	-2.73E-05
-5.3943	-2.73E-05
-5.36929	-2.74E-05
-5.34762	-2.71E-05
-5.32262	-2.71E-05
-5.2943	-2.73E-05
-5.27262	-2.71E-05
-5.24432	-2.71E-05
-5.2226	-2.73E-05
-5.19762	-2.71E-05
-5.16936	-2.67E-05
-5.14764	-2.69E-05
-5.12259	-2.74E-05
-5.09762	-2.71E-05
-5.07266	-2.67E-05
-5.04764	-2.69E-05
-5.01932	-2.71E-05
-4.99766	-2.67E-05
-4.97264	-2.69E-05
-4.94764	-2.69E-05
-4.92266	-2.67E-05
-4.89764	-2.69E-05
-4.87266	-2.67E-05
-4.84766	-2.67E-05
-4.82266	-2.67E-05
-4.79764	-2.69E-05
-4.77266	-2.67E-05
-4.74768	-2.65E-05
-4.72266	-2.67E-05
-4.69434	-2.69E-05
-4.67269	-2.65E-05
-4.64766	-2.67E-05
-4.61936	-2.67E-05
-4.59434	-2.69E-05
-4.56594	-2.69E-05
-4.54766	-2.67E-05
-4.52269	-2.65E-05
-4.49768	-2.65E-05
-4.47271	-2.63E-05
-4.44766	-2.67E-05
-4.42271	-2.63E-05
-4.39773	-2.61E-05
-4.36941	-2.63E-05
-4.34771	-2.63E-05
-4.32271	-2.63E-05
-4.29771	-2.63E-05
-4.27269	-2.65E-05
-4.24773	-2.61E-05
-4.22271	-2.63E-05
-4.19771	-2.63E-05
-4.17271	-2.63E-05
-4.14773	-2.61E-05
-4.12273	-2.61E-05
-4.09773	-2.61E-05
-4.07273	-2.61E-05
-4.04773	-2.61E-05
-4.01943	-2.61E-05
-3.99773	-2.61E-05
-3.97273	-2.61E-05
-3.94773	-2.61E-05
-3.92275	-2.59E-05
-3.89773	-2.61E-05
-3.87275	-2.59E-05
-3.84775	-2.59E-05
-3.82273	-2.61E-05
-3.79773	-2.61E-05
-3.76943	-2.61E-05
-3.74777	-2.57E-05
-3.72279	-2.55E-05
-3.69775	-2.59E-05
-3.67275	-2.59E-05
-3.64777	-2.57E-05
-3.62277	-2.57E-05
-3.59775	-2.59E-05
-3.57275	-2.59E-05
-3.54777	-2.57E-05
-3.52279	-2.55E-05
-3.49777	-2.57E-05
-3.4728	-2.54E-05
-3.44779	-2.55E-05
-3.42277	-2.57E-05
-3.39777	-2.57E-05
-3.37277	-2.57E-05
-3.34779	-2.55E-05
-3.32279	-2.55E-05
-3.29779	-2.55E-05
-3.2728	-2.54E-05
-3.2478	-2.54E-05
-3.22279	-2.55E-05
-3.19779	-2.55E-05
-3.1728	-2.54E-05
-3.1478	-2.54E-05
-3.12282	-2.52E-05
-3.0978	-2.54E-05
-3.0728	-2.54E-05
-3.0478	-2.54E-05
-3.02284	-2.5E-05
-2.99782	-2.52E-05
-2.96267	-2.57E-05
-2.9478	-2.54E-05
-2.92282	-2.52E-05
-2.89782	-2.52E-05
-2.87622	-2.52E-05
-2.84784	-2.5E-05
-2.82284	-2.5E-05
-2.79782	-2.52E-05
-2.77284	-2.5E-05
-2.74784	-2.5E-05
-2.72286	-2.48E-05
-2.69786	-2.48E-05
-2.67288	-2.46E-05
-2.64782	-2.52E-05
-2.62286	-2.48E-05
-2.59784	-2.5E-05
-2.57286	-2.48E-05
-2.54788	-2.46E-05
-2.52288	-2.46E-05
-2.49786	-2.48E-05
-2.47288	-2.46E-05
-2.44788	-2.46E-05
-2.42288	-2.46E-05
-2.39788	-2.46E-05
-2.37631	-2.44E-05
-2.34788	-2.46E-05
-2.32291	-2.44E-05
-2.29791	-2.44E-05
-2.27293	-2.42E-05
-2.24791	-2.44E-05
-2.22291	-2.44E-05
-2.19791	-2.44E-05
-2.17288	-2.46E-05
-2.15131	-2.44E-05
-2.12288	-2.46E-05
-2.10133	-2.42E-05
-2.07637	-2.38E-05
-2.04793	-2.42E-05
-2.02295	-2.4E-05
-1.99793	-2.42E-05
-1.97293	-2.42E-05
-1.95135	-2.4E-05
-1.92297	-2.38E-05
-1.89797	-2.38E-05
-1.87637	-2.38E-05
-1.85137	-2.38E-05
-1.82295	-2.4E-05
-1.79797	-2.38E-05
-1.77297	-2.38E-05
-1.75138	-2.37E-05
-1.72295	-2.4E-05
-1.70137	-2.38E-05
-1.673	-2.35E-05
-1.64798	-2.37E-05
-1.62298	-2.37E-05
-1.598	-2.35E-05
-1.57298	-2.37E-05
-1.55138	-2.37E-05
-1.523	-2.35E-05
-1.49798	-2.37E-05
-1.47642	-2.33E-05
-1.45142	-2.33E-05
-1.4264	-2.35E-05
-1.398	-2.35E-05
-1.36967	-2.38E-05
-1.3514	-2.35E-05
-1.32642	-2.33E-05
-1.30144	-2.31E-05
-1.2764	-2.35E-05
-1.248	-2.35E-05
-1.22304	-2.31E-05
-1.19802	-2.33E-05
-1.17644	-2.31E-05
-1.15146	-2.29E-05
-1.12644	-2.31E-05
-1.09804	-2.31E-05
-1.07648	-2.27E-05
-1.04806	-2.29E-05
-1.02306	-2.29E-05
-0.998063	-2.29E-05
-0.973084	-2.27E-05
-0.948063	-2.29E-05
-0.926484	-2.27E-05
-0.901463	-2.29E-05
-0.876484	-2.27E-05
-0.851484	-2.27E-05
-0.823105	-2.25E-05
-0.798105	-2.25E-05
-0.776505	-2.25E-05
-0.751484	-2.27E-05
-0.726505	-2.25E-05
-0.698105	-2.25E-05
-0.676526	-2.23E-05
-0.648126	-2.23E-05
-0.626526	-2.23E-05
-0.598105	-2.25E-05
-0.573105	-2.25E-05
-0.551547	-2.21E-05
-0.526547	-2.21E-05
-0.501547	-2.21E-05
-0.476547	-2.21E-05
-0.451526	-2.23E-05
-0.426547	-2.21E-05
-0.401547	-2.21E-05
-0.376547	-2.21E-05
-0.351578	-2.18E-05
-0.326578	-2.18E-05
-0.301568	-2.19E-05
-0.276568	-2.19E-05
-0.251568	-2.19E-05
-0.226578	-2.18E-05
-0.201578	-2.18E-05
-0.176578	-2.18E-05
-0.151578	-2.18E-05
-0.126599	-2.16E-05
-0.10162	-2.14E-05
-0.0765992	-2.16E-05
-0.0515992	-2.16E-05
-0.0265782	-2.18E-05
-0.00157818	-2.18E-05
0.0234008	-2.16E-05
0.0484008	-2.16E-05
0.0733589	-2.12E-05
0.0983799	-2.14E-05
0.12338	-2.14E-05
0.151801	-2.16E-05
0.173359	-2.12E-05
0.19838	-2.14E-05
0.291405	-2.355E-05
0.258931	-2.57E-05
0.277	-2.35E-05
0.301895	-2.25E-05
0.323432	-2.19E-05
0.348401	-2.16E-05
0.373359	-2.12E-05
0.398338	-2.1E-05
0.423317	-2.08E-05
0.448317	-2.08E-05
0.469896	-2.06E-05
0.498296	-2.06E-05
0.519917	-2.08E-05
0.544917	-2.08E-05
0.569875	-2.04E-05
0.598296	-2.06E-05
0.623275	-2.04E-05
0.648254	-2.02E-05
0.669843	-2.01E-05
0.698275	-2.04E-05
0.719875	-2.04E-05
0.744844	-2.01E-05
0.773243	-2.01E-05
0.794875	-2.04E-05
0.819844	-2.01E-05
0.844854	-2.02E-05
0.873244	-2.01E-05
0.898243	-2.01E-05
0.919823	-1.99E-05
0.948243	-2.01E-05
0.969823	-1.99E-05
0.998223	-1.99E-05
1.02322	-1.99E-05
1.0448	-1.97E-05
1.0698	-1.97E-05
1.0948	-1.97E-05
1.11976	-1.93E-05
1.14472	-1.89E-05
1.16978	-1.95E-05
1.1982	-1.97E-05
1.22318	-1.95E-05
1.24478	-1.95E-05
1.26974	-1.91E-05
1.29476	-1.93E-05
1.31974	-1.91E-05
1.34474	-1.91E-05
1.36974	-1.91E-05
1.39474	-1.91E-05
1.41972	-1.89E-05
1.44472	-1.89E-05
1.46972	-1.89E-05
1.49465	-1.83E-05
1.51968	-1.85E-05
1.54472	-1.89E-05
1.56968	-1.85E-05
1.5947	-1.87E-05
1.61968	-1.85E-05
1.64468	-1.85E-05
1.66965	-1.83E-05
1.69465	-1.83E-05
1.71964	-1.82E-05
1.74468	-1.85E-05
1.76965	-1.83E-05
1.79468	-1.85E-05
1.82312	-1.89E-05
1.8446	-1.78E-05
1.86965	-1.83E-05
1.89464	-1.82E-05
1.91962	-1.8E-05
1.94462	-1.8E-05
1.96962	-1.8E-05
1.99462	-1.8E-05
2.0196	-1.78E-05
2.0446	-1.78E-05
2.0662	-1.78E-05
2.0946	-1.78E-05
2.11958	-1.76E-05
2.14456	-1.74E-05
2.16958	-1.76E-05
2.19458	-1.76E-05
2.21958	-1.76E-05
2.24116	-1.74E-05
2.26614	-1.72E-05
2.29452	-1.7E-05
2.31614	-1.72E-05
2.34116	-1.74E-05
2.3695	-1.68E-05
2.39454	-1.72E-05
2.41952	-1.7E-05
2.4445	-1.68E-05
2.46948	-1.66E-05
2.4945	-1.68E-05
2.51608	-1.66E-05
2.5445	-1.68E-05
2.56608	-1.66E-05
2.59446	-1.64E-05
2.6195	-1.68E-05
2.64106	-1.64E-05
2.66604	-1.63E-05
2.69104	-1.63E-05
2.71604	-1.63E-05
2.74446	-1.64E-05
2.76602	-1.61E-05
2.79102	-1.61E-05
2.816	-1.59E-05
2.84102	-1.61E-05
2.86598	-1.57E-05
2.891	-1.59E-05
2.916	-1.59E-05
2.94098	-1.57E-05
2.96594	-1.53E-05
2.99096	-1.55E-05
3.01596	-1.55E-05
3.04094	-1.53E-05
3.06592	-1.51E-05
3.09094	-1.53E-05
3.11594	-1.53E-05
3.14094	-1.53E-05
3.16594	-1.53E-05
3.1909	-1.49E-05
3.21588	-1.47E-05
3.24088	-1.47E-05
3.26587	-1.46E-05
3.29087	-1.46E-05
3.31587	-1.46E-05
3.34087	-1.46E-05
3.36585	-1.44E-05
3.39087	-1.46E-05
3.4261	-1.49E-05
3.44087	-1.46E-05
3.46582	-1.42E-05
3.49085	-1.44E-05
3.5158	-1.4E-05
3.53742	-1.42E-05
3.56582	-1.42E-05
3.5908	-1.4E-05
3.61578	-1.38E-05
3.6374	-1.4E-05
3.66236	-1.36E-05
3.69076	-1.36E-05
3.71574	-1.34E-05
3.73732	-1.32E-05
3.7623	-1.3E-05
3.79074	-1.34E-05
3.81574	-1.34E-05
3.8373	-1.3E-05
3.86228	-1.28E-05
3.88732	-1.32E-05
3.91228	-1.28E-05
3.93727	-1.27E-05
3.96225	-1.25E-05
3.99068	-1.28E-05
4.01225	-1.25E-05
4.03725	-1.25E-05
4.06223	-1.23E-05
4.09063	-1.23E-05
4.1122	-1.21E-05
4.13723	-1.23E-05
4.1622	-1.21E-05
4.1872	-1.21E-05
4.2156	-1.21E-05
4.23718	-1.19E-05
4.26214	-1.15E-05
4.28714	-1.15E-05
4.31216	-1.17E-05
4.33714	-1.15E-05
4.36212	-1.13E-05
4.38714	-1.15E-05
4.41214	-1.15E-05
4.4371	-1.11E-05
4.46207	-1.08E-05
4.48708	-1.09E-05
4.51207	-1.08E-05
4.53705	-1.06E-05
4.56205	-1.06E-05
4.58703	-1.04E-05
4.61203	-1.04E-05
4.63363	-1.04E-05
4.65858	-1E-05
4.68356	-9.8E-06
4.70856	-9.8E-06
4.737	-1.02E-05
4.75856	-9.8E-06
4.78696	-9.8E-06
4.81194	-9.6E-06
4.8335	-9.2E-06
4.8619	-9.2E-06
4.88692	-9.4E-06
4.90849	-9.1E-06
4.93347	-8.9E-06
4.95847	-8.9E-06
4.98687	-8.9E-06
5.01527	-8.9E-06
5.03341	-8.3E-06
5.05838	-8.1E-06
5.08338	-8.1E-06
5.10834	-7.7E-06
5.13334	-7.7E-06
5.15829	-7.2E-06
5.18329	-7.2E-06
5.20827	-7E-06
5.23321	-6.4E-06
5.25479	-6.2E-06
5.28319	-6.2E-06
5.30814	-5.8E-06
5.32974	-5.8E-06
5.35467	-5.1E-06
5.38307	-5.1E-06
5.40803	-4.7E-06
5.42959	-4.3E-06
5.45454	-3.9E-06
5.47951	-3.6E-06
5.50449	-3.4E-06
5.52943	-2.8E-06
5.55437	-2.2E-06
5.57932	-1.8E-06
5.60087	-1.3E-06
5.62583	-9E-07
5.65077	-3E-07
5.67572	1E-07
5.70066	7E-07
5.7256	1.3E-06
5.75048	2.4E-06
5.77548	2.4E-06
5.8004	3.2E-06
5.82193	3.9E-06
5.84684	4.7E-06
5.87177	5.4E-06
5.89328	6.2E-06
5.9182	7E-06
5.94309	8.1E-06
5.968	8.9E-06
5.99293	9.6E-06
6.01779	1.09E-05
6.03933	1.15E-05
6.06422	1.25E-05
6.08911	1.36E-05
6.11399	1.47E-05
6.13549	1.57E-05
6.16039	1.66E-05
6.18525	1.8E-05
6.20671	1.93E-05
6.23162	2.02E-05
6.25307	2.16E-05
6.27465	2.27E-05
6.29948	2.44E-05
6.32437	2.54E-05
6.34586	2.65E-05
6.3707	2.8E-05
6.39214	2.95E-05
6.41356	3.12E-05
6.43844	3.24E-05
6.45988	3.39E-05
6.48472	3.54E-05
6.50616	3.69E-05
6.53099	3.86E-05
6.56612	3.92E-05
6.57728	4.15E-05
6.5987	4.32E-05
6.62012	4.49E-05
6.64493	4.68E-05
6.66637	4.83E-05
6.69117	5.02E-05
6.71257	5.21E-05
6.73733	5.44E-05
6.75879	5.57E-05
6.78015	5.8E-05
6.80499	5.95E-05
6.82635	6.18E-05
6.8478	6.33E-05
6.87257	6.54E-05
6.8941	6.71E-05
6.91544	6.95E-05
6.93685	7.14E-05
6.95825	7.33E-05
6.97963	7.54E-05
7.00101	7.75E-05
7.02576	7.98E-05
7.04713	8.2E-05
7.06856	8.37E-05
7.08991	8.6E-05
7.11127	8.83E-05
7.13263	9.06E-05
7.15741	9.27E-05
7.17876	9.51E-05
7.20016	9.7E-05
7.2215	9.95E-05
7.24628	0.0001016
7.26775	0.0001038
7.28906	0.0001065
7.31044	0.0001086
7.3318	0.0001109
7.34973	0.0001135
7.37449	0.0001158
7.39243	0.0001183
7.41379	0.0001205
7.43511	0.0001232
7.45984	0.0001258
7.4812	0.0001281
7.50254	0.0001306
7.52386	0.0001332
7.5486	0.0001357
7.56992	0.0001384
7.59141	0.0001404
7.61268	0.0001435
7.63401	0.0001461
7.6553	0.000149
7.67665	0.0001514
7.69795	0.0001543
7.7193	0.0001567
7.73721	0.0001594
7.75853	0.0001621
7.77984	0.0001649
7.80112	0.0001679
7.82244	0.0001706
7.84372	0.0001736
7.86512	0.0001765
7.88985	0.0001791
7.91112	0.0001822
7.93243	0.000185
7.95714	0.0001878
7.97501	0.0001909
7.99627	0.0001941
8.01754	0.0001973
8.0354	0.0002005
8.05672	0.0002032
8.07456	0.0002066
8.09586	0.0002095
8.11712	0.0002127
8.13847	0.0002161
8.15973	0.0002193
8.18102	0.0002223
8.20224	0.0002259
8.22351	0.000229
8.24138	0.0002322
8.26266	0.0002352
8.28046	0.000239
8.30167	0.0002428
8.31951	0.0002462
8.33746	0.0002495
8.35871	0.0002529
8.37655	0.0002563
8.39775	0.0002601
8.41899	0.0002635
8.4402	0.0002673
8.4614	0.0002711
8.48262	0.0002747
8.50046	0.0002781
8.51826	0.0002819
8.53946	0.0002857
8.55735	0.0002897
8.57517	0.0002933
8.59639	0.0002969
8.61416	0.000301
8.63536	0.0003048
8.65656	0.0003086
8.67434	0.0003126
8.69555	0.0003164
8.7099	0.0003206
8.72783	0.0003242
8.7456	0.0003283
8.76336	0.0003325
8.78456	0.0003363
8.80572	0.0003405
8.82689	0.0003446
8.84805	0.0003488
8.86923	0.0003528
8.88701	0.0003568
8.90481	0.0003615
8.92257	0.0003657
8.93695	0.0003697
8.95468	0.0003742
8.97584	0.0003784
8.99699	0.0003827
9.01479	0.0003865
9.03251	0.0003911
9.05034	0.0003956
9.06465	0.0004002
9.08241	0.0004044
9.10018	0.0004085
9.11788	0.0004133
9.13565	0.0004174
9.15347	0.000422
9.1712	0.0004265
9.19582	0.0004301
9.20329	0.0004351
9.22102	0.0004396
9.23872	0.0004444
9.25985	0.0004489
9.27766	0.0004535
9.29543	0.0004576
9.31651	0.0004626
9.33084	0.0004671
9.34515	0.0004717
9.36284	0.0004766
9.3806	0.0004808
9.39834	0.0004861
9.41951	0.0004902
9.44061	0.000495
9.45834	0.0004995
9.47601	0.0005045
9.48696	0.0005088
9.50463	0.0005139
9.52242	0.0005187
9.54017	0.000523
9.56123	0.0005282
9.57898	0.0005325
9.59669	0.0005371
9.611	0.0005418
9.62529	0.0005467
9.6431	0.0005513
9.66077	0.0005564
9.67851	0.0005608
9.69621	0.0005655
9.71391	0.0005703
9.72824	0.0005748
9.74268	0.0005792
9.75696	0.0005841
9.77809	0.0005886
9.79583	0.000593
9.81355	0.0005976
9.83132	0.0006017
9.84904	0.0006063
9.86344	0.000611
9.8778	0.0006152
9.89558	0.0006192
9.91671	0.0006237
9.93787	0.0006279
9.95905	0.0006319
9.97336	0.0006366
9.99124	0.0006406
10.0057	0.0006442
10.0234	0.0006486
10.0411	0.0006529
10.0589	0.0006571
10.0767	0.0006609
10.0946	0.0006649
10.1089	0.0006692
10.1267	0.000673
10.1411	0.0006768
10.1589	0.000681
10.1767	0.0006848
10.1979	0.0006889
10.2157	0.0006929
10.2301	0.0006969
10.248	0.0007005
10.2624	0.0007041
10.2836	0.0007079
10.3014	0.0007113
10.3159	0.0007157
10.3371	0.0007195
10.3549	0.0007233
10.3693	0.0007272
10.3837	0.000731
10.3981	0.0007346
10.4193	0.0007386
10.4406	0.0007422
10.4584	0.0007458
10.4796	0.00075
10.4974	0.0007534
10.5118	0.0007574
10.5262	0.0007612
10.544	0.0007646
10.562	0.0007682
10.5831	0.0007724
10.6009	0.0007762
10.6188	0.0007796
10.6366	0.0007832
10.651	0.0007872
10.6655	0.0007906
10.6833	0.0007944
10.7011	0.0007982
10.7223	0.0008016
10.7401	0.0008054
10.7579	0.0008092
10.7758	0.0008126
10.7904	0.0008158
10.8081	0.0008198
10.8226	0.0008232
10.8438	0.000827
10.8617	0.00083
10.8761	0.0008336
10.8906	0.0008376
10.9084	0.0008414
10.9262	0.0008446
10.9406	0.0008484
10.9619	0.0008518
10.9831	0.0008554
11.001	0.0008586
11.0188	0.0008624
11.0367	0.000866
11.0511	0.0008693
11.0656	0.0008729
11.0834	0.0008765
11.1012	0.0008799
11.1225	0.0008835
11.1403	0.0008869
11.1514	0.0008905
11.1692	0.0008941
11.1837	0.0008975
11.2015	0.0009009
11.2194	0.0009041
11.2373	0.0009077
11.2551	0.0009113
11.2696	0.0009146
11.284	0.000918
11.3019	0.0009216
11.3197	0.0009248
11.3376	0.0009284
11.3555	0.0009318
11.3734	0.000935
11.3912	0.0009383
11.416	0.0009404
11.4201	0.0009447
11.4381	0.0009483
11.4593	0.0009517
11.4771	0.0009553
11.495	0.0009587
11.5094	0.0009618
11.5273	0.0009652
11.5417	0.0009684
11.5563	0.0009722
11.5741	0.0009752
11.5954	0.0009787
11.6132	0.0009819
11.6277	0.0009851
11.6421	0.0009887
11.6601	0.0009917
11.6745	0.0009951
11.6924	0.0009984
11.7102	0.0010018
11.7247	0.0010052
11.7426	0.0010084
11.7571	0.0010115
11.7716	0.0010147
11.7894	0.0010181
11.8073	0.0010213
11.8252	0.0010243
11.843	0.0010279
11.8576	0.0010308
11.872	0.0010342
11.8865	0.0010374
11.9078	0.0010405
11.9257	0.0010437
11.947	0.0010465
11.9615	0.0010499
11.976	0.0010532
11.9938	0.0010562
12.0083	0.0010596
12.0262	0.0010626
12.044	0.0010659
12.0586	0.0010689
12.0731	0.0010721
12.0875	0.0010752
12.102	0.0010784
12.1199	0.0010816
12.1379	0.0010844
12.1524	0.0010875
12.1668	0.0010905
12.1813	0.0010937
12.1992	0.0010966
12.2137	0.0010998
12.2317	0.0011028
12.2495	0.0011059
12.264	0.0011089
12.2785	0.0011119
12.293	0.001115
12.311	0.0011176
12.3289	0.0011205
12.3502	0.0011235
12.3647	0.0011265
12.3791	0.0011296
12.3936	0.0011326
12.4082	0.0011356
12.4261	0.0011385
12.444	0.0011411
12.4654	0.0011438
12.4764	0.001147
12.4876	0.0011499
12.5055	0.0011527
12.52	0.0011559
12.5379	0.0011586
12.5558	0.0011612
12.5737	0.0011645
12.5883	0.0011673
12.5994	0.0011696
12.6173	0.0011728
12.6352	0.0011755
12.6497	0.0011785
12.6643	0.001181
12.6788	0.001184
12.6934	0.0011865
12.7113	0.0011893
12.7292	0.0011921
12.7471	0.001195
12.7651	0.0011974
12.7796	0.0012003
12.7908	0.0012028
12.8052	0.0012058
12.8266	0.0012083
12.8411	0.0012111
12.8557	0.0012136
12.8668	0.0012166
12.8848	0.0012189
12.8993	0.0012217
12.9172	0.0012244
12.9319	0.0012266
12.9464	0.0012295
12.9609	0.0012318
12.9755	0.0012342
12.9866	0.0012373
13.0046	0.0012399
13.0191	0.0012422
13.0337	0.0012448
13.0482	0.0012475
13.0662	0.0012502
13.0807	0.0012528
13.1021	0.0012553
13.1166	0.0012577
13.1311	0.0012602
13.1457	0.0012629
13.1603	0.0012655
13.1749	0.0012676
13.1962	0.0012699
13.2073	0.0012727
13.2186	0.0012752
13.2365	0.0012778
13.251	0.0012803
13.269	0.0012826
13.2836	0.0012849
13.2947	0.0012871
13.3093	0.0012898
13.3273	0.0012919
13.3419	0.0012941
13.3564	0.0012968
13.3709	0.0012995
13.3856	0.0013015
13.4002	0.0013036
13.4181	0.0013061
13.4361	0.0013082
13.4575	0.0013099
13.4654	0.0013125
13.4798	0.0013154
13.4944	0.0013175
13.509	0.0013199
13.5236	0.0013216
13.5382	0.0013241
13.5528	0.0013264
13.5673	0.001329
13.5819	0.0013309
13.5966	0.0013332
13.6145	0.0013359
13.6291	0.0013377
13.6403	0.0013398
13.6548	0.0013423
13.6695	0.0013444
13.6841	0.0013467
13.6986	0.0013491
13.7098	0.0013512
13.7245	0.0013531
13.7425	0.0013554
13.7605	0.0013573
13.775	0.0013599
13.7896	0.0013618
13.8008	0.0013637
13.8188	0.001366
13.83	0.0013681
13.848	0.00137
13.8592	0.0013724
13.8739	0.0013745
13.8885	0.0013762
13.9065	0.0013783
13.921	0.0013804
13.9322	0.0013823
13.9469	0.0013848
13.9615	0.0013865
13.9761	0.0013884
13.9873	0.0013906
14.0019	0.0013929
14.0131	0.0013946
14.0312	0.0013963
14.0458	0.0013982
14.0637	0.0014007
14.0784	0.0014022
14.0896	0.0014045
14.1042	0.0014062
14.1188	0.0014079
14.1334	0.00141
14.1447	0.0014119
14.1559	0.0014142
14.1705	0.0014161
14.1851	0.0014178
14.1998	0.0014197
14.2144	0.0014216
14.2256	0.0014236
14.2402	0.0014253
14.255	0.0014269
14.2695	0.0014291
14.2841	0.0014308
14.2954	0.0014325
14.3099	0.0014346
14.3247	0.0014363
14.3393	0.0014382
14.3539	0.0014398
14.3719	0.0014413
14.3798	0.0014434
14.3944	0.0014453
14.409	0.0014471
14.4202	0.0014489
14.435	0.0014504
14.4462	0.0014523
14.4608	0.001454
14.4754	0.0014557
14.4867	0.0014578
14.5014	0.0014593
14.5126	0.0014608
14.5272	0.0014629
14.5418	0.0014642
14.5531	0.0014661
14.5678	0.0014672
14.5824	0.0014691
14.597	0.001471
14.6084	0.0014724
14.6196	0.0014741
14.6376	0.0014758
14.6489	0.0014773
14.6602	0.0014788
14.6714	0.0014807
14.6861	0.0014822
14.6973	0.0014836
14.7086	0.0014851
14.7199	0.0014868
14.7311	0.0014881
14.7458	0.0014898
14.7605	0.0014913
14.7718	0.0014925
14.783	0.0014938
14.7976	0.0014959
14.8124	0.0014972
14.8236	0.0014987
14.8348	0.0015006
14.8495	0.0015019
14.8608	0.0015033
14.8755	0.001505
14.8867	0.0015063
14.898	0.0015076
14.9093	0.001509
14.924	0.0015107
14.9352	0.001512
14.9466	0.0015133
14.9612	0.0015148
14.9759	0.0015164
14.9838	0.0015175
14.9951	0.001519
15.0063	0.0015207
15.021	0.001522
15.0356	0.0015234
15.047	0.0015247
15.0583	0.0015258
15.0729	0.0015272
15.0842	0.0015287
15.0921	0.00153
15.1034	0.0015317
15.1147	0.0015327
15.1261	0.0015336
15.1339	0.0015351
15.1451	0.0015368
15.1598	0.0015378
15.1748	0.0015372
15.1791	0.0015395
15.1904	0.0015412
15.2051	0.0015425
15.2164	0.0015438
15.2276	0.0015452
15.2423	0.0015463
15.2537	0.0015478
15.265	0.0015488
15.2763	0.0015499
15.2842	0.0015514
15.2989	0.0015522
15.3102	0.0015535
15.3214	0.0015548
15.3328	0.001556
15.3441	0.0015569
15.3554	0.0015584
15.3634	0.0015594
15.3746	0.0015605
15.3893	0.0015617
15.4006	0.001563
15.412	0.0015639
15.4233	0.0015651
15.4379	0.0015662
15.4458	0.0015672
15.4572	0.0015681
15.4651	0.0015692
15.4798	0.0015706
15.4912	0.0015715
15.4991	0.0015725
15.5103	0.0015738
15.5216	0.0015747
15.5331	0.0015753
15.5376	0.0015765
15.5522	0.001578
15.5637	0.0015785
15.5749	0.0015801
15.5862	0.0015808
15.5976	0.0015821
15.6089	0.0015829
15.6168	0.001584
15.6281	0.0015848
15.6395	0.0015859
15.6507	0.0015871
15.6587	0.0015878
15.6701	0.0015888
15.6814	0.0015897
15.6893	0.0015903
15.6973	0.0015912
15.7085	0.0015929
15.7233	0.0015937
15.7346	0.0015945
15.7426	0.0015956
15.7539	0.0015964
15.7652	0.0015969
15.7732	0.0015979
15.7811	0.0015988
15.7924	0.0016
15.8038	0.0016009
15.8151	0.0016019
15.823	0.0016026
15.8344	0.0016034
15.8458	0.0016041
15.8537	0.0016051
15.865	0.0016055
15.8764	0.0016066
15.8843	0.0016075
15.8956	0.0016083
15.907	0.0016094
15.9183	0.00161
15.9263	0.0016108
15.9343	0.0016113
15.9456	0.0016125
15.9535	0.0016132
15.9615	0.0016144
15.9728	0.0016149
15.9841	0.0016161
15.9922	0.0016166
16	0.0016178
16.0148	0.0016178
16.0227	0.0016187
16.0341	0.0016197
16.0455	0.0016203
16.0568	0.0016214
16.0614	0.0016218
16.0693	0.0016225
16.0806	0.0016235
16.0887	0.0016242
16.0966	0.0016246
16.1079	0.0016257
16.1159	0.0016265
16.1239	0.0016269
16.1352	0.0016276
16.1466	0.0016282
16.1546	0.001629
16.1659	0.0016295
16.1773	0.0016301
16.1853	0.0016309
16.1932	0.0016318
16.2012	0.0016326
16.2125	0.0016337
16.2238	0.0016339
16.2319	0.0016347
16.2398	0.0016352
16.2512	0.0016356
16.2558	0.0016364
16.2637	0.0016373
16.2784	0.0016377
16.2863	0.0016386
16.2978	0.0016392
16.3057	0.0016398
16.3171	0.0016403
16.3251	0.0016411
16.3296	0.0016419
16.341	0.0016422
16.3456	0.001643
16.3569	0.0016436
16.3649	0.0016443
16.3729	0.0016449
16.3808	0.0016453
16.3923	0.0016458
16.4002	0.0016468
16.4081	0.0016474
16.4196	0.0016479
16.4309	0.0016483
16.4355	0.0016489
16.4435	0.0016496
16.4549	0.0016496
16.4663	0.0016493
16.4675	0.0016504
16.4788	0.0016513
16.4867	0.0016519
16.4948	0.0016523
16.5027	0.0016531
16.5141	0.0016538
16.5256	0.0016538
16.5334	0.0016548
16.5448	0.0016551
16.5528	0.0016559
16.5574	0.0016563
16.5687	0.0016568
16.5802	0.0016576
16.5847	0.001658
16.5927	0.0016584
16.6041	0.0016591
16.6087	0.0016595
16.6166	0.0016599
16.6281	0.0016603
16.636	0.001661
16.6406	0.0016614
16.652	0.001662
16.6633	0.0016625
16.6713	0.0016627
16.6759	0.0016637
16.6873	0.001664
16.6952	0.0016644
16.7033	0.0016648
16.7146	0.0016654
16.7192	0.0016658
16.7273	0.0016661
16.7386	0.0016663
16.7466	0.0016671
16.7546	0.0016676
16.7626	0.001668
16.7739	0.0016686
16.7819	0.0016694
16.7899	0.0016697
16.7979	0.0016699
16.8093	0.0016703
16.8173	0.0016707
16.8286	0.0016714
16.8401	0.0016714
16.848	0.0016722
16.856	0.0016724
16.8675	0.0016728
16.8754	0.0016731
16.8834	0.0016735
16.8948	0.0016743
16.9027	0.0016749
16.9073	0.0016752
16.9188	0.0016754
16.9267	0.0016758
16.9313	0.0016764
16.9393	0.0016768
16.9507	0.0016771
16.9553	0.0016777
16.9633	0.0016779
16.9747	0.0016783
16.986	0.0016788
16.9907	0.0016792
17.002	0.0016798
17.0101	0.0016798
17.0181	0.0016796
17.0226	0.0016807
17.0341	0.0016813
17.0386	0.0016817
17.0466	0.0016819
17.0547	0.0016824
17.0626	0.0016826
17.0672	0.001683
17.0786	0.0016834
17.0866	0.001684
17.0945	0.0016845
17.1061	0.0016843
17.114	0.0016849
17.1186	0.0016853
17.1266	0.0016859
17.138	0.0016859
17.1427	0.0016862
17.1506	0.0016868
17.1619	0.0016872
17.1666	0.0016876
17.1746	0.0016879
17.1859	0.0016885
17.1906	0.0016885
17.202	0.0016889
17.2099	0.0016893
17.2146	0.0016898
17.2225	0.0016902
17.2306	0.00169
17.2386	0.001691
17.2431	0.0016912
17.2512	0.0016913
17.2592	0.0016917
17.2672	0.0016915
17.2752	0.0016921
17.2832	0.0016927
17.2911	0.0016931
17.2992	0.0016934
17.3106	0.0016936
17.3151	0.001694
17.3232	0.0016944
17.3312	0.0016948
17.3392	0.0016951
17.3438	0.0016953
17.3552	0.0016957
17.3598	0.0016959
17.3678	0.0016961
17.3792	0.0016965
17.3873	0.0016967
17.3952	0.001697
17.4032	0.0016976
17.4112	0.0016982
17.4158	0.0016984
17.4271	0.0016987
17.4318	0.0016987
17.4398	0.0016993
17.4479	0.0016993
17.4559	0.0016995
17.4604	0.0016999
17.4685	0.0017005
17.4798	0.0017006
17.4844	0.0017008
17.4925	0.0017008
17.5039	0.0017014
17.5085	0.0017014
17.5235	0.00170045
17.5214	0.0016995
17.5259	0.0017008
17.5373	0.0017012
17.5452	0.0017022
17.5533	0.001702
17.5578	0.0017025
17.5692	0.0017033
17.5772	0.0017037
17.5852	0.0017035
17.5932	0.0017041
17.6046	0.0017044
17.6092	0.0017046
17.6172	0.001705
17.6252	0.0017054
17.6299	0.0017052
17.6379	0.0017059
17.6458	0.0017063
17.6538	0.0017063
17.6619	0.0017065
17.6699	0.0017071
17.6778	0.0017073
17.6859	0.0017077
17.6973	0.0017078
17.7018	0.0017082
17.7099	0.0017084
17.7179	0.0017086
17.7226	0.0017086
17.7305	0.0017092
17.7385	0.0017094
17.7466	0.0017097
17.7546	0.0017099
17.766	0.0017094
17.7707	0.0017099
17.7752	0.0017107
17.7899	0.0017111
17.7946	0.0017113
17.7992	0.0017111
17.8072	0.0017114
17.8152	0.001712
17.8198	0.0017124
17.8313	0.0017124
17.8359	0.0017126
17.8439	0.0017128
17.8519	0.0017132
17.8633	0.0017132
17.8679	0.0017135
17.876	0.0017137
17.8839	0.0017139
17.8919	0.0017143
17.8966	0.0017143
17.9079	0.0017149
17.9159	0.0017149
17.9206	0.001715
17.9286	0.0017152
17.9367	0.0017154
17.9412	0.001716
17.9526	0.001716
17.9607	0.0017162
17.9653	0.0017164
17.9766	0.0017168
17.9847	0.0017169
17.9858	0.0017177
17.994	0.0017175
18.0054	0.0017171
18.0065	0.0017177
18.0146	0.0017181
18.0226	0.0017183
18.0271	0.0017187
18.0386	0.001719
18.0432	0.001719
18.0513	0.0017192
18.0593	0.0017192
18.0672	0.0017198
18.0719	0.0017204
18.0799	0.0017198
18.0879	0.0017204
18.0959	0.0017207
18.1039	0.0017209
18.1119	0.0017207
18.1166	0.0017213
18.1246	0.0017213
18.136	0.0017217
18.1406	0.0017221
18.1486	0.0017221
18.1567	0.0017221
18.1647	0.0017224
18.1693	0.0017224
18.1773	0.0017226
18.1819	0.001723
18.19	0.0017234
18.198	0.0017234
18.2025	0.0017236
18.2106	0.0017238
18.2186	0.001724
18.23	0.001724
18.2347	0.0017242
18.2426	0.0017247
18.2506	0.0017249
18.2587	0.0017251
18.2666	0.0017255
18.2746	0.0017255
18.2793	0.0017257
18.2873	0.0017257
18.2954	0.001726
18.3	0.0017262
18.3079	0.0017268
18.316	0.0017266
18.324	0.0017272
18.3319	0.0017274
18.3401	0.001727
18.3446	0.0017274
18.3527	0.0017276
18.3607	0.0017281
18.3687	0.0017281
18.3768	0.0017281
18.3813	0.0017285
18.3893	0.0017287
18.3974	0.0017289
18.4054	0.0017287
18.4134	0.0017289
18.418	0.0017295
18.4294	0.0017296
18.4375	0.0017296
18.4421	0.0017296
18.4501	0.0017298
18.4547	0.0017302
18.4661	0.0017306
18.4743	0.0017291
18.4721	0.00173
18.4834	0.0017304
18.4949	0.0017306
18.5029	0.0017306
18.5075	0.001731
18.5189	0.0017312
18.5235	0.0017314
18.5281	0.0017314
18.5362	0.0017317
18.5407	0.0017325
18.5489	0.0017319
18.5568	0.0017323
18.5648	0.0017327
18.5695	0.0017327
18.5809	0.0017329
18.5889	0.0017329
18.5935	0.0017331
18.6015	0.0017336
18.6095	0.0017334
18.6142	0.0017338
18.6222	0.0017338
18.6302	0.0017342
18.6382	0.0017342
18.6462	0.0017346
18.6509	0.0017344
18.6555	0.0017346
18.6669	0.0017346
18.6749	0.0017353
18.6795	0.0017351
18.6909	0.0017353
18.699	0.0017351
18.7002	0.0017353
18.7049	0.0017357
18.7128	0.0017361
18.7175	0.0017359
18.7255	0.0017365
18.7335	0.0017363
18.7382	0.0017363
18.7462	0.0017367
18.7575	0.0017369
18.7622	0.0017372
18.7702	0.0017374
18.7782	0.0017374
18.7828	0.0017378
18.7943	0.0017374
18.7989	0.0017378
18.8035	0.001738
18.8115	0.0017378
18.8196	0.0017384
18.8242	0.0017386
18.8356	0.0017386
18.8436	0.0017387
18.8516	0.0017391
18.8563	0.0017393
18.8677	0.0017391
18.8689	0.0017393
18.877	0.0017393
18.8849	0.0017401
18.8895	0.0017403
18.8976	0.0017401
18.9056	0.0017401
18.9103	0.0017401
18.9183	0.0017401
18.9297	0.0017401
18.9309	0.0017408
18.9389	0.001741
18.9503	0.001741
18.955	0.0017412
18.963	0.0017414
18.9709	0.0017416
18.9756	0.0017416
18.9836	0.001742
18.9917	0.0017418
18.9963	0.0017424
19.0043	0.0017422
19.0124	0.0017424
19.0169	0.0017425
19.0249	0.0017431
19.0364	0.0017429
19.041	0.0017429
19.0457	0.0017429
19.0537	0.0017433
19.0617	0.0017433
19.0663	0.0017435
19.0777	0.0017441
19.0823	0.0017441
19.0904	0.0017442
19.0984	0.0017441
19.1031	0.0017441
19.111	0.0017446
19.1191	0.0017442
19.1271	0.0017446
19.1317	0.0017448
19.1397	0.0017448
19.1478	0.001745
19.1524	0.0017446
19.1605	0.0017452
19.1684	0.0017458
19.173	0.0017458
19.1811	0.0017458
19.1925	0.001746
19.197	0.0017463
19.2052	0.0017461
19.2132	0.0017461
19.2178	0.0017465
19.2224	0.0017469
19.2304	0.0017465
19.2384	0.0017473
19.2465	0.0017469
19.251	0.0017473
19.2592	0.0017471
19.2671	0.0017473
19.2751	0.0017475
19.2798	0.0017475
19.2878	0.0017478
19.2958	0.0017482
19.3038	0.0017482
19.3085	0.001748
19.3166	0.001748
19.3245	0.0017486
19.3292	0.0017488
19.3372	0.001749
19.3418	0.0017486
19.3499	0.0017488
19.3579	0.001749
19.3658	0.0017492
19.374	0.001749
19.3889	0.0017478
19.3833	0.001749
19.3913	0.001749
19.3958	0.0017492
19.4039	0.0017492
19.4085	0.0017494
19.4165	0.0017499
19.4212	0.0017499
19.4292	0.0017499
19.4372	0.0017503
19.4418	0.0017507
19.4532	0.0017505
19.4613	0.0017507
19.4658	0.0017511
19.4738	0.0017511
19.4785	0.0017511
19.4865	0.0017511
19.4946	0.0017511
19.4992	0.0017516
19.5038	0.0017515
19.5153	0.0017516
19.5233	0.0017516
19.5279	0.001752
19.536	0.0017518
19.5439	0.0017524
19.5487	0.001752
19.5566	0.0017524
19.5646	0.0017522
19.5693	0.0017526
19.5773	0.0017526
19.5852	0.001753
19.59	0.0017528
19.598	0.0017526
19.6027	0.0017526
19.6106	0.0017533
19.6186	0.0017532
19.6267	0.0017533
19.6347	0.0017535
19.6427	0.0017537
19.6474	0.0017539
19.6554	0.0017539
19.6601	0.0017539
19.668	0.0017545
19.676	0.0017541
19.6841	0.0017547
19.6921	0.0017545
19.6967	0.0017545
19.7082	0.0017543
19.7128	0.0017547
19.7174	0.0017549
19.7254	0.0017552
19.7334	0.0017554
19.7381	0.0017551
19.7461	0.0017552
19.7575	0.0017558
19.7621	0.001756
19.7701	0.001756
19.7815	0.001756
19.7862	0.001756
19.7942	0.001756
19.8023	0.0017564
19.8103	0.0017562
19.8149	0.0017562
19.823	0.001756
19.831	0.001756
19.8355	0.0017568
19.8436	0.0017571
19.8482	0.001757
19.8563	0.001757
19.8643	0.001757
19.8723	0.0017575
19.8804	0.0017573
19.8883	0.0017581
19.893	0.0017577
19.901	0.0017579
19.9091	0.0017577
19.9137	0.0017579
19.9183	0.0017581
19.9263	0.0017585
19.931	0.0017583
19.9389	0.0017587
19.947	0.0017585
19.955	0.0017587
19.9631	0.0017587
19.9711	0.0017592
19.9757	0.001759
19.9837	0.0017592
19.9918	0.0017594
19.9964	0.0017594
20.0044	0.0017594
20.0125	0.0017596
20.017	0.0017598
20.0251	0.00176
20.0332	0.0017596
20.0411	0.0017598
20.0492	0.0017598
20.0573	0.0017594
20.0618	0.00176
20.0665	0.0017604
20.0745	0.0017604
20.0758	0.0017604
20.0837	0.0017606
20.0917	0.0017611
20.0964	0.0017609
20.1044	0.0017609
20.1124	0.0017609
20.1171	0.0017615
20.1285	0.0017611
20.1366	0.0017613
20.1412	0.0017613
20.1457	0.0017617
20.1573	0.0017615
20.1618	0.0017619
20.1665	0.0017621
20.1745	0.0017619
20.1791	0.0017623
20.1872	0.0017623
20.1986	0.0017621
20.2031	0.0017626
20.2113	0.0017624
