 1.24694565e+00 1.12102167e-06 -5.55264297e-07
 1.27186678e+00 1.11714626e-06 -5.50728916e-07
 1.29678787e+00 1.11234189e-06 -5.37571235e-07
 1.32170895e+00 1.10657571e-06 -5.15010913e-07
 1.34663132e+00 1.10018485e-06 -4.87747163e-07
 1.37155499e+00 1.09277718e-06 -4.53028926e-07
 1.39647992e+00 1.08467122e-06 -4.06462322e-07
 1.42140615e+00 1.07619814e-06 -3.49611849e-07
 1.44633502e+00 1.06665464e-06 -2.86885866e-07
 1.47126385e+00 1.05713476e-06 -2.10745797e-07
 1.49619002e+00 1.04722342e-06 -1.24611949e-07
 1.52111745e+00 1.03721071e-06 -2.77979962e-08
 1.54604486e+00 1.02670225e-06 8.20796349e-08
 1.57097225e+00 1.01532788e-06 2.01838097e-07
 1.59592582e+00 1.00819255e-06 3.10866937e-07
 1.62088478e+00 1.00978378e-06 3.79550731e-07
 1.64584510e+00 1.01618017e-06 4.24577802e-07
 1.67080675e+00 1.02564364e-06 4.57934281e-07
 1.69576837e+00 1.03725397e-06 4.84796855e-07
 1.72073127e+00 1.05022683e-06 5.04044154e-07
 1.74569414e+00 1.06345012e-06 5.20107127e-07
 1.77065698e+00 1.07722876e-06 5.34282676e-07
 1.79561979e+00 1.09077505e-06 5.49201463e-07
 1.82058256e+00 1.10384051e-06 5.65529743e-07
 1.84554399e+00 1.11653531e-06 5.83201810e-07
 1.87050541e+00 1.12935714e-06 5.97805498e-07
 1.89546548e+00 1.14224040e-06 6.12017665e-07
 1.92042285e+00 1.15508884e-06 6.22320576e-07
 1.94537887e+00 1.16795334e-06 6.32477963e-07
 1.97033487e+00 1.18077859e-06 6.42665638e-07
 1.99528953e+00 1.19350413e-06 6.50712530e-07
 2.02024284e+00 1.20623416e-06 6.53360629e-07
 2.04519481e+00 1.21871408e-06 6.55961091e-07
 2.07014675e+00 1.23161241e-06 6.56973865e-07
 2.09509863e+00 1.24484889e-06 6.53914469e-07
 2.12004917e+00 1.25870747e-06 6.48749504e-07
 2.14499838e+00 1.27241362e-06 6.44773443e-07
 2.16994627e+00 1.28665353e-06 6.36302330e-07
 2.19489283e+00 1.30031215e-06 6.28801069e-07
 2.21983803e+00 1.31369182e-06 6.17315551e-07
 2.24478455e+00 1.32524729e-06 5.93157302e-07
 2.26973104e+00 1.33648095e-06 5.68786761e-07
 2.29467750e+00 1.34806751e-06 5.42688190e-07
 2.31962263e+00 1.35959144e-06 5.16163187e-07
 2.34456642e+00 1.37064653e-06 4.89866954e-07
 2.36951020e+00 1.38194124e-06 4.63492178e-07
 2.39445395e+00 1.39380375e-06 4.36101922e-07
 2.41939634e+00 1.40469964e-06 4.10802642e-07
 2.44433739e+00 1.41528991e-06 3.87192356e-07
 2.46927710e+00 1.42570179e-06 3.64858785e-07
 2.49421545e+00 1.43549333e-06 3.43670223e-07
 2.51915247e+00 1.44496139e-06 3.21887227e-07
 2.54409206e+00 1.45406483e-06 3.01313838e-07
 2.56903292e+00 1.46308907e-06 2.79337251e-07
 2.59397504e+00 1.47196399e-06 2.62573197e-07
 2.61891580e+00 1.48132977e-06 2.45201561e-07
 2.64385520e+00 1.49037381e-06 2.29633194e-07
 2.66879329e+00 1.49903679e-06 2.11969633e-07
 2.69373004e+00 1.50727537e-06 1.98940659e-07
 2.71866151e+00 1.51464018e-06 1.89707578e-07
 2.74359301e+00 1.52249197e-06 1.86016327e-07
 2.76852712e+00 1.52971814e-06 1.79137074e-07
 2.79345991e+00 1.53737037e-06 1.74429564e-07
 2.81839398e+00 1.54432370e-06 1.72368440e-07
 2.84332804e+00 1.55124847e-06 1.74808962e-07
 2.86826211e+00 1.55807476e-06 1.81727189e-07
 2.89319357e+00 1.56492727e-06 1.94458264e-07
 2.91812632e+00 1.57192741e-06 2.06094835e-07
 2.94305910e+00 1.57887849e-06 2.20910581e-07
 2.96799318e+00 1.58629925e-06 2.34727719e-07
 2.99292467e+00 1.59382791e-06 2.49002793e-07
 3.01785744e+00 1.60140391e-06 2.61901056e-07
 3.04279150e+00 1.60862867e-06 2.74627517e-07
 3.06772557e+00 1.61620385e-06 2.89631460e-07
 3.09265963e+00 1.62370240e-06 3.07145664e-07
 3.11759370e+00 1.63070670e-06 3.23945167e-07
 3.14252776e+00 1.63823929e-06 3.44370190e-07
 3.16746183e+00 1.64587557e-06 3.65268581e-07
 3.19239724e+00 1.65486732e-06 3.81367056e-07
 3.21733266e+00 1.66426941e-06 3.96390828e-07
 3.24226809e+00 1.67331245e-06 4.12633993e-07
 3.26720351e+00 1.68302100e-06 4.30258680e-07
 3.29213893e+00 1.69369467e-06 4.44987676e-07
 3.31707435e+00 1.70455013e-06 4.59618675e-07
 3.34200979e+00 1.71590043e-06 4.75017720e-07
 3.36694524e+00 1.72842844e-06 4.88917025e-07
 3.39188071e+00 1.74136564e-06 5.03977967e-07
 3.41681618e+00 1.75429926e-06 5.20302893e-07
 3.44175166e+00 1.76752809e-06 5.38015721e-07
 3.46668712e+00 1.78061090e-06 5.57267995e-07
 3.49162259e+00 1.79473490e-06 5.74939732e-07
 3.51655275e+00 1.80905114e-06 5.85462345e-07
 3.54148291e+00 1.82340776e-06 5.95146245e-07
 3.56641307e+00 1.83809645e-06 6.04848252e-07
 3.59134323e+00 1.85268275e-06 6.14629683e-07
 3.61627336e+00 1.86780094e-06 6.26539023e-07
 3.64120349e+00 1.88244699e-06 6.40449769e-07
 3.66613364e+00 1.89710179e-06 6.52292148e-07
 3.69106379e+00 1.91188624e-06 6.62317817e-07
 3.71599393e+00 1.92635883e-06 6.71462253e-07
 3.74092406e+00 1.94116844e-06 6.82240256e-07
 3.76585288e+00 1.95697764e-06 6.92451039e-07
 3.79078166e+00 1.97329432e-06 7.05680201e-07
 3.81570912e+00 1.99035801e-06 7.18420224e-07
 3.84063655e+00 2.00697054e-06 7.26348051e-07
 3.86556136e+00 2.02421148e-06 7.35449218e-07
 3.89048485e+00 2.04292641e-06 7.48144149e-07
 3.91540702e+00 2.06302064e-06 7.61633087e-07
 3.94032782e+00 2.08436053e-06 7.80471361e-07
 3.96524727e+00 2.10679407e-06 8.03596231e-07
 3.99016924e+00 2.13130813e-06 8.26052106e-07
 4.01509110e+00 2.15667862e-06 8.56878654e-07
 4.04001028e+00 2.18310632e-06 8.88900299e-07
 4.06492810e+00 2.21079666e-06 9.27832439e-07
 4.08984323e+00 2.24046037e-06 9.74996513e-07
 4.11475825e+00 2.27192822e-06 1.02479443e-06
 4.13967313e+00 2.30504417e-06 1.08225487e-06
 4.16458917e+00 2.34036503e-06 1.14894395e-06
 4.18950249e+00 2.37874146e-06 1.22652093e-06
 4.21441564e+00 2.41956296e-06 1.31414592e-06
 4.23932606e+00 2.46256873e-06 1.41229461e-06
 4.26423628e+00 2.50879620e-06 1.52072721e-06
 4.28914374e+00 2.55899558e-06 1.64118390e-06
 4.31404712e+00 2.61356758e-06 1.77724093e-06
 4.33894896e+00 2.67234724e-06 1.92688154e-06
 4.36384925e+00 2.73572218e-06 2.08933994e-06
 4.38874795e+00 2.80420779e-06 2.26580419e-06
 4.41364510e+00 2.87777441e-06 2.45546497e-06
 4.43854065e+00 2.95674584e-06 2.66022753e-06
 4.46343459e+00 3.04158298e-06 2.88030157e-06
 4.48832557e+00 3.13292095e-06 3.11991830e-06
 4.51321359e+00 3.23131073e-06 3.37880108e-06
 4.53809863e+00 3.33746948e-06 3.65892873e-06
 4.56298069e+00 3.45155725e-06 3.95727821e-06
 4.58785973e+00 3.57404865e-06 4.27670389e-06
 4.61273573e+00 3.70500604e-06 4.61862209e-06
 4.63760867e+00 3.84519006e-06 4.98411761e-06
 4.66247719e+00 3.99517107e-06 5.37619469e-06
 4.68734127e+00 4.15595289e-06 5.79625407e-06
 4.71220088e+00 4.32794729e-06 6.24298592e-06
 4.73705468e+00 4.51211579e-06 6.71694984e-06
 4.76190396e+00 4.70909564e-06 7.21819341e-06
 4.78675000e+00 4.92150939e-06 7.73945733e-06
 4.81159013e+00 5.14780009e-06 8.28683173e-06
 4.83642301e+00 5.38852839e-06 8.86311586e-06
 4.86124860e+00 5.64359010e-06 9.46278621e-06
 4.88606558e+00 5.91491082e-06 1.00926952e-05
 4.91087387e+00 6.20262113e-06 1.07513852e-05
 4.93567211e+00 6.50701167e-06 1.14392157e-05
 4.96046028e+00 6.82931219e-06 1.21544965e-05
 4.98523701e+00 7.16986356e-06 1.28975458e-05
 5.01000228e+00 7.52921648e-06 1.36696728e-05
 5.03475867e+00 7.90808238e-06 1.44698777e-05
 5.05950222e+00 8.30731471e-06 1.52976863e-05
 5.08423155e+00 8.72754338e-06 1.61545386e-05
 5.10894404e+00 9.16908897e-06 1.70351038e-05
 5.13364349e+00 9.63281405e-06 1.79488370e-05
 5.15832988e+00 1.01189451e-05 1.88933777e-05
 5.18300187e+00 1.06277722e-05 1.98644040e-05
 5.20765942e+00 1.11606504e-05 2.08609476e-05
 5.23230116e+00 1.17177210e-05 2.18856275e-05
 5.25692448e+00 1.22998301e-05 2.29362909e-05
 5.28152930e+00 1.29063951e-05 2.40127015e-05
 5.30611555e+00 1.35393110e-05 2.51084100e-05
 5.33068314e+00 1.41981376e-05 2.62289463e-05
 5.35523078e+00 1.48832171e-05 2.73683266e-05
 5.37975707e+00 1.55943459e-05 2.85253228e-05
 5.40426198e+00 1.63310391e-05 2.96934573e-05
 5.42874812e+00 1.70908741e-05 3.08603011e-05
 5.45321278e+00 1.78767097e-05 3.20362511e-05
 5.47765196e+00 1.86892127e-05 3.32214025e-05
 5.50206690e+00 1.95284609e-05 3.44138661e-05
 5.52645886e+00 2.03951328e-05 3.56139396e-05
 5.55082386e+00 2.12892372e-05 3.68209266e-05
 5.57516447e+00 2.22107589e-05 3.80318783e-05
 5.59947802e+00 2.31596022e-05 3.92473631e-05
 5.62376315e+00 2.41357360e-05 4.04637763e-05
 5.64801854e+00 2.51390179e-05 4.16736190e-05
 5.67224146e+00 2.61691528e-05 4.28834543e-05
 5.69643188e+00 2.72257368e-05 4.40851431e-05
 5.72058848e+00 2.83087325e-05 4.52801498e-05
 5.74471253e+00 2.94181120e-05 4.64669659e-05
 5.76880266e+00 3.05538411e-05 4.76432390e-05
 5.79285753e+00 3.17148921e-05 4.88101819e-05
 5.81687706e+00 3.29006772e-05 4.99622617e-05
 5.84085991e+00 3.41107982e-05 5.10967376e-05
 5.86480473e+00 3.53441995e-05 5.22108565e-05
 5.88871016e+00 3.65997314e-05 5.33026307e-05
 5.91257879e+00 3.78766837e-05 5.43684923e-05
 5.93640929e+00 3.91749155e-05 5.54083738e-05
 5.96020030e+00 4.04930179e-05 5.64185112e-05
 5.98395443e+00 4.18299934e-05 5.73942582e-05
 6.00766769e+00 4.31843534e-05 5.83348802e-05
 6.03134140e+00 4.45563476e-05 5.92393628e-05
 6.05497288e+00 4.59457636e-05 6.01105523e-05
 6.07856341e+00 4.73511802e-05 6.09464906e-05
 6.10211164e+00 4.87722693e-05 6.17448866e-05
 6.12561892e+00 5.02069204e-05 6.25071730e-05
 6.14908393e+00 5.16553129e-05 6.32311382e-05
 6.17250794e+00 5.31163467e-05 6.39120257e-05
 6.19588966e+00 5.45885828e-05 6.45483983e-05
 6.21922905e+00 5.60724992e-05 6.51443098e-05
 6.24252610e+00 5.75657790e-05 6.56972911e-05
 6.26577816e+00 5.90677098e-05 6.62076968e-05
 6.28898785e+00 6.05769389e-05 6.66765361e-05
 6.31215647e+00 6.20927506e-05 6.71023092e-05
 6.33528399e+00 6.36159196e-05 6.74826239e-05
 6.35836915e+00 6.51443206e-05 6.78189361e-05
 6.38140930e+00 6.66776472e-05 6.81211252e-05
 6.40440574e+00 6.82150055e-05 6.83845095e-05
 6.42735587e+00 6.97568069e-05 6.86223163e-05
 6.45026097e+00 7.13023175e-05 6.88314965e-05
 6.47312104e+00 7.28512364e-05 6.90155260e-05
 6.49593476e+00 7.44028823e-05 6.91739198e-05
 6.51870346e+00 7.59571406e-05 6.93059938e-05
 6.54142586e+00 7.75127596e-05 6.94131389e-05
 6.56410451e+00 7.90676141e-05 6.94922847e-05
 6.58673817e+00 8.06217087e-05 6.95374273e-05
 6.60932547e+00 8.21743286e-05 6.95497966e-05
 6.63186115e+00 8.37228952e-05 6.95170299e-05
 6.65435178e+00 8.52667491e-05 6.94531897e-05
 6.67680004e+00 8.68065603e-05 6.93608956e-05
 6.69920464e+00 8.83420431e-05 6.92394040e-05
 6.72156173e+00 8.98729299e-05 6.90971242e-05
 6.74387525e+00 9.13996581e-05 6.89444982e-05
 6.76614256e+00 9.29219002e-05 6.87889858e-05
 6.78836240e+00 9.44424669e-05 6.86433057e-05
 6.81053739e+00 9.59596690e-05 6.84986952e-05
 6.83266754e+00 9.74733650e-05 6.83590030e-05
 6.85475681e+00 9.89837184e-05 6.82213271e-05
 6.87680389e+00 1.00490202e-04 6.80846541e-05
 6.89881008e+00 1.01991833e-04 6.79445892e-05
 6.92077668e+00 1.03486983e-04 6.78007318e-05
 6.94270243e+00 1.04978822e-04 6.76730885e-05
 6.96458734e+00 1.06468150e-04 6.75681478e-05
 6.98642884e+00 1.07956134e-04 6.74856433e-05
 7.00822692e+00 1.09443827e-04 6.74331653e-05
 7.02998159e+00 1.10933084e-04 6.74157047e-05
 7.05169417e+00 1.12423201e-04 6.74271277e-05
 7.07336076e+00 1.13914945e-04 6.74756235e-05
 7.09498269e+00 1.15406773e-04 6.75555356e-05
 7.11656130e+00 1.16899052e-04 6.76611741e-05
 7.13809138e+00 1.18393886e-04 6.78081569e-05
 7.15957556e+00 1.19890648e-04 6.79844672e-05
 7.18101255e+00 1.21389694e-04 6.82004900e-05
 7.20240498e+00 1.22892974e-04 6.84574145e-05
 7.22375023e+00 1.24402850e-04 6.87691665e-05
 7.24504964e+00 1.25919893e-04 6.91223526e-05
 7.26630310e+00 1.27442291e-04 6.95191189e-05
 7.28751200e+00 1.28969300e-04 6.99478618e-05
 7.30867632e+00 1.30500962e-04 7.04050740e-05
 7.32979606e+00 1.32037369e-04 7.08875486e-05
 7.35087384e+00 1.33578798e-04 7.13969006e-05
 7.37190574e+00 1.35127570e-04 7.19399276e-05
 7.39289179e+00 1.36684918e-04 7.25175793e-05
 7.41382936e+00 1.38252161e-04 7.31366578e-05
 7.43471719e+00 1.39828807e-04 7.37956082e-05
 7.45555664e+00 1.41414248e-04 7.44824676e-05
 7.47634765e+00 1.43006821e-04 7.51965733e-05
 7.49709418e+00 1.44606057e-04 7.59254826e-05
 7.51779621e+00 1.46211699e-04 7.66589942e-05
 7.53845764e+00 1.47822111e-04 7.73900344e-05
 7.55907586e+00 1.49439235e-04 7.81313910e-05
 7.57965216e+00 1.51063241e-04 7.88849735e-05
 7.60018657e+00 1.52694746e-04 7.96427116e-05
 7.62067651e+00 1.54336184e-04 8.04236572e-05
 7.64112196e+00 1.55988454e-04 8.12291623e-05
 7.66152032e+00 1.57650536e-04 8.20420607e-05
 7.68187290e+00 1.59320572e-04 8.28457957e-05
 7.70217971e+00 1.61000096e-04 8.36329497e-05
 7.72243950e+00 1.62693585e-04 8.43815854e-05
 7.74264833e+00 1.64398141e-04 8.51105112e-05
 7.76280489e+00 1.66114024e-04 8.58321071e-05
 7.78290919e+00 1.67841752e-04 8.65453302e-05
 7.80296375e+00 1.69580188e-04 8.72479663e-05
 7.82296985e+00 1.71327780e-04 8.79353537e-05
 7.84292885e+00 1.73082302e-04 8.85894940e-05
 7.86284335e+00 1.74845532e-04 8.92322689e-05
 7.88270944e+00 1.76617132e-04 8.98583042e-05
 7.90252714e+00 1.78399375e-04 9.04743585e-05
 7.92229251e+00 1.80192777e-04 9.10976984e-05
 7.94200555e+00 1.81997596e-04 9.17185100e-05
 7.96166627e+00 1.83810068e-04 9.23198288e-05
 7.98127076e+00 1.85628882e-04 9.28956766e-05
 8.00082419e+00 1.87451106e-04 9.34410471e-05
 8.02032660e+00 1.89277579e-04 9.39657153e-05
 8.03977930e+00 1.91110194e-04 9.44807804e-05
 8.05918232e+00 1.92950891e-04 9.50036260e-05
 8.07853699e+00 1.94799357e-04 9.55339791e-05
 8.09784197e+00 1.96655131e-04 9.60645834e-05
 8.11710122e+00 1.98515435e-04 9.65763245e-05
 8.13631471e+00 2.00376034e-04 9.70480718e-05
 8.15548239e+00 2.02233747e-04 9.74562281e-05
 8.17460823e+00 2.04091543e-04 9.78194614e-05
 8.19368831e+00 2.05953550e-04 9.81612177e-05
 8.21272264e+00 2.07819950e-04 9.84931983e-05
 8.23171388e+00 2.09681451e-04 9.87752334e-05
 8.25066334e+00 2.11545076e-04 9.90528929e-05
 8.26956972e+00 2.13409744e-04 9.93269438e-05
 8.28843182e+00 2.15275020e-04 9.95818309e-05
 8.30724692e+00 2.17141432e-04 9.98292004e-05
 8.32601115e+00 2.19013353e-04 1.00091474e-04
 8.34472449e+00 2.20892730e-04 1.00375362e-04
 8.36338567e+00 2.22774345e-04 1.00666388e-04
 8.38200126e+00 2.24654853e-04 1.00933800e-04
 8.40057262e+00 2.26532501e-04 1.01174221e-04
 8.41910104e+00 2.28413790e-04 1.01427295e-04
 8.43758644e+00 2.30300188e-04 1.01696602e-04
 8.45602622e+00 2.32191340e-04 1.01988312e-04
 8.47441913e+00 2.34085907e-04 1.02278429e-04
 8.49276256e+00 2.35981751e-04 1.02568765e-04
 8.51105526e+00 2.37876872e-04 1.02837646e-04
 8.52929333e+00 2.39770057e-04 1.03103565e-04
 8.54747810e+00 2.41665726e-04 1.03397598e-04
 8.56560829e+00 2.43564730e-04 1.03733440e-04
 8.58368391e+00 2.45467508e-04 1.04116677e-04
 8.60171019e+00 2.47368758e-04 1.04521146e-04
 8.61968975e+00 2.49264358e-04 1.04917761e-04
 8.63762265e+00 2.51153330e-04 1.05277586e-04
 8.65550496e+00 2.53039765e-04 1.05621591e-04
 8.67333541e+00 2.54927212e-04 1.05978705e-04
 8.69111797e+00 2.56817377e-04 1.06340694e-04
 8.70885398e+00 2.58708411e-04 1.06692933e-04
 8.72654728e+00 2.60595302e-04 1.07005044e-04
 8.74419793e+00 2.62479150e-04 1.07281270e-04
 8.76180466e+00 2.64360133e-04 1.07526749e-04
 8.77936235e+00 2.66240310e-04 1.07764026e-04
 8.79686840e+00 2.68119701e-04 1.07994050e-04
 8.81432544e+00 2.69989016e-04 1.08202277e-04
 8.83173612e+00 2.71847996e-04 1.08357286e-04
 8.84910168e+00 2.73699732e-04 1.08489048e-04
 8.86642481e+00 2.75544966e-04 1.08593897e-04
 8.88370295e+00 2.77391295e-04 1.08714626e-04
 8.90093486e+00 2.79237013e-04 1.08804058e-04
 8.91812317e+00 2.81080386e-04 1.08817469e-04
 8.93526401e+00 2.82915188e-04 1.08752088e-04
 8.95235874e+00 2.84739417e-04 1.08607158e-04
 8.96940600e+00 2.86561925e-04 1.08457446e-04
 8.98640717e+00 2.88381036e-04 1.08311377e-04
 9.00336229e+00 2.90191833e-04 1.08156467e-04
 9.02027401e+00 2.91987745e-04 1.07925108e-04
 9.03713978e+00 2.93762561e-04 1.07589015e-04
 9.05395703e+00 2.95518356e-04 1.07125721e-04
 9.07072195e+00 2.97257201e-04 1.06535171e-04
 9.08743317e+00 2.98979795e-04 1.05883464e-04
 9.10409729e+00 3.00684462e-04 1.05143696e-04
 9.12071692e+00 3.02366813e-04 1.04303189e-04
 9.13728556e+00 3.04023298e-04 1.03334177e-04
 9.15380460e+00 3.05653860e-04 1.02318726e-04
 9.17027411e+00 3.07258731e-04 1.01248187e-04
 9.18669405e+00 3.08837046e-04 1.00105156e-04
 9.20306845e+00 3.10385692e-04 9.88440057e-05
 9.21940395e+00 3.11899650e-04 9.74355963e-05
 9.23570193e+00 3.13379385e-04 9.58897430e-05
 9.25195852e+00 3.14827958e-04 9.42159383e-05
 9.26816853e+00 3.16239750e-04 9.24144305e-05
 9.28433193e+00 3.17608627e-04 9.04614203e-05
 9.30045280e+00 3.18926447e-04 8.83669469e-05
 9.31653386e+00 3.20188356e-04 8.61130317e-05
 9.33257779e+00 3.21395009e-04 8.36916745e-05
 9.34858466e+00 3.22545159e-04 8.10831411e-05
 9.36455191e+00 3.23649207e-04 7.83438200e-05
 9.38048219e+00 3.24699431e-04 7.53931145e-05
 9.39637949e+00 3.25694353e-04 7.21811445e-05
 9.41224780e+00 3.26628262e-04 6.87312439e-05
 9.42808849e+00 3.27502293e-04 6.50670038e-05
 9.44390290e+00 3.28315782e-04 6.11881041e-05
 9.45968459e+00 3.29069575e-04 5.71664988e-05
 9.47543106e+00 3.29757632e-04 5.29729637e-05
 9.49114366e+00 3.30377656e-04 4.85637899e-05
 9.50682899e+00 3.30929383e-04 4.39087461e-05
 9.52249105e+00 3.31413065e-04 3.90411654e-05
 9.53812980e+00 3.31828580e-04 3.40174205e-05
 9.55374278e+00 3.32180045e-04 2.88871346e-05
 9.56932618e+00 3.32462207e-04 2.36511140e-05
 9.58488268e+00 3.32670131e-04 1.83065023e-05
 9.60041495e+00 3.32802589e-04 1.28534578e-05
 9.61592690e+00 3.32866348e-04 7.33977550e-06
 9.63142123e+00 3.32867273e-04 1.75739627e-06
 9.64689281e+00 3.32803628e-04 -3.86466133e-06
 9.66234166e+00 3.32673143e-04 -9.53747877e-06
 9.67776929e+00 3.32469918e-04 -1.52243413e-05
 9.69317574e+00 3.32192610e-04 -2.08461370e-05
 9.70856880e+00 3.31839886e-04 -2.63667125e-05
 9.72394730e+00 3.31419577e-04 -3.17864244e-05
 9.73931000e+00 3.30934089e-04 -3.70885201e-05
 9.75465694e+00 3.30390551e-04 -4.22927688e-05
 9.76999078e+00 3.29781559e-04 -4.74189296e-05
 9.78531945e+00 3.29101122e-04 -5.24187019e-05
 9.80064299e+00 3.28348326e-04 -5.72146143e-05
 9.81595885e+00 3.27529470e-04 -6.17560248e-05
 9.83126317e+00 3.26647053e-04 -6.60412976e-05
 9.84655730e+00 3.25704500e-04 -7.01452213e-05
 9.86184388e+00 3.24711124e-04 -7.40833607e-05
 9.87712950e+00 3.23672255e-04 -7.79100776e-05
 9.89241554e+00 3.22592055e-04 -8.15380086e-05
 9.90769815e+00 3.21467215e-04 -8.48894496e-05
 9.92297478e+00 3.20298016e-04 -8.79486587e-05
 9.93824936e+00 3.19100181e-04 -9.08284014e-05
 9.95352454e+00 3.17865788e-04 -9.34496138e-05
 9.96880168e+00 3.16598385e-04 -9.58188130e-05
 9.98408215e+00 3.15304308e-04 -9.79405961e-05
 9.99936334e+00 3.13985613e-04 -9.97933607e-05
 1.00146412e+01 3.12638586e-04 -1.01321936e-04
 1.00299172e+01 3.11260569e-04 -1.02508631e-04
 1.00451978e+01 3.09857765e-04 -1.03410757e-04
 1.00604844e+01 3.08444182e-04 -1.04067149e-04
 1.00757757e+01 3.07025427e-04 -1.04521234e-04
 1.00910677e+01 3.05596828e-04 -1.04725346e-04
 1.01063579e+01 3.04161892e-04 -1.04658823e-04
 1.01216474e+01 3.02720569e-04 -1.04326544e-04
 1.01369402e+01 3.01273260e-04 -1.03803551e-04
 1.01522429e+01 2.99823050e-04 -1.03080719e-04
 1.01675501e+01 2.98379219e-04 -1.02184359e-04
 1.01828581e+01 2.96944212e-04 -1.01108305e-04
 1.01981642e+01 2.95513861e-04 -9.98260353e-05
 1.02134698e+01 2.94085728e-04 -9.83397086e-05
 1.02287761e+01 2.92658788e-04 -9.66596855e-05
 1.02440883e+01 2.91243343e-04 -9.48278350e-05
 1.02594038e+01 2.89850240e-04 -9.28940276e-05
 1.02747226e+01 2.88482365e-04 -9.09172610e-05
 1.02900420e+01 2.87135030e-04 -8.88874585e-05
 1.03053621e+01 2.85803370e-04 -8.67860190e-05
 1.03206829e+01 2.84488952e-04 -8.46079587e-05
 1.03360109e+01 2.83184209e-04 -8.24632687e-05
 1.03513409e+01 2.81908802e-04 -8.03002114e-05
 1.03666701e+01 2.80663865e-04 -7.81290225e-05
 1.03819987e+01 2.79445862e-04 -7.59894633e-05
 1.03973279e+01 2.78252675e-04 -7.38435110e-05
 1.04126564e+01 2.77085982e-04 -7.16631857e-05
 1.04279854e+01 2.75955481e-04 -6.94872273e-05
 1.04433150e+01 2.74861490e-04 -6.73663688e-05
 1.04586437e+01 2.73797963e-04 -6.53195705e-05
 1.04739729e+01 2.72763326e-04 -6.33696449e-05
 1.04892986e+01 2.71749859e-04 -6.14795856e-05
 1.05046235e+01 2.70761004e-04 -5.96463524e-05
 1.05199475e+01 2.69802283e-04 -5.78654366e-05
 1.05352718e+01 2.68875422e-04 -5.61471307e-05
 1.05505926e+01 2.67978722e-04 -5.45472527e-05
 1.05659033e+01 2.67100804e-04 -5.30263632e-05
 1.05812026e+01 2.66242924e-04 -5.15645330e-05
 1.05964930e+01 2.65408580e-04 -5.01427784e-05
 1.06117770e+01 2.64602569e-04 -4.88055096e-05
 1.06270535e+01 2.63826771e-04 -4.75914374e-05
 1.06423224e+01 2.63079541e-04 -4.64744821e-05
 1.06575796e+01 2.62356364e-04 -4.54570219e-05
 1.06728266e+01 2.61651877e-04 -4.44860583e-05
 1.06880633e+01 2.60968736e-04 -4.35506595e-05
 1.07032922e+01 2.60305427e-04 -4.26785139e-05
 1.07185135e+01 2.59659810e-04 -4.18764593e-05
 1.07337217e+01 2.59030467e-04 -4.10957812e-05
 1.07489169e+01 2.58415102e-04 -4.03220911e-05
 1.07640977e+01 2.57815048e-04 -3.95179847e-05
 1.07792669e+01 2.57228369e-04 -3.87179030e-05
 1.07944270e+01 2.56654996e-04 -3.79670056e-05
 1.08095766e+01 2.56090058e-04 -3.72825693e-05
 1.08247105e+01 2.55530436e-04 -3.66264452e-05
 1.08398301e+01 2.54978462e-04 -3.59521512e-05
 1.08549367e+01 2.54435573e-04 -3.52622543e-05
 1.08700328e+01 2.53901058e-04 -3.46054268e-05
 1.08851210e+01 2.53374114e-04 -3.40069080e-05
 1.09001974e+01 2.52856041e-04 -3.34538684e-05
 1.09152543e+01 2.52352086e-04 -3.29309866e-05
 1.09302903e+01 2.51851190e-04 -3.23979929e-05
 1.09453106e+01 2.51356909e-04 -3.18752152e-05
 1.09603190e+01 2.50870024e-04 -3.13729434e-05
 1.09753143e+01 2.50391781e-04 -3.09050785e-05
 1.09902925e+01 2.49922265e-04 -3.04550220e-05
 1.10052511e+01 2.49461349e-04 -3.00418897e-05
 1.10201900e+01 2.49001834e-04 -2.96402101e-05
 1.10351157e+01 2.48545765e-04 -2.92506441e-05
 1.10500270e+01 2.48093399e-04 -2.89065301e-05
 1.10649200e+01 2.47650780e-04 -2.85920625e-05
 1.10797919e+01 2.47216522e-04 -2.83242284e-05
 1.10946443e+01 2.46787050e-04 -2.80970701e-05
 1.11094715e+01 2.46355099e-04 -2.79523155e-05
 1.11242855e+01 2.45919815e-04 -2.78498898e-05
 1.11390863e+01 2.45486084e-04 -2.77892122e-05
 1.11538699e+01 2.45054304e-04 -2.78001567e-05
 1.11686338e+01 2.44623264e-04 -2.78354865e-05
 1.11833818e+01 2.44188223e-04 -2.78950568e-05
 1.11981153e+01 2.43750541e-04 -2.79341911e-05
 1.12128318e+01 2.43314020e-04 -2.79519576e-05
 1.12275284e+01 2.42881857e-04 -2.79764099e-05
 1.12422040e+01 2.42448774e-04 -2.80303629e-05
 1.12568574e+01 2.42014965e-04 -2.81376111e-05
 1.12714896e+01 2.41578007e-04 -2.82710422e-05
 1.12861020e+01 2.41139155e-04 -2.83807309e-05
 1.13006948e+01 2.40692982e-04 -2.84726332e-05
 1.13152665e+01 2.40247533e-04 -2.85779853e-05
 1.13298172e+01 2.39804847e-04 -2.87548179e-05
 1.13443482e+01 2.39365730e-04 -2.89781671e-05
 1.13588607e+01 2.38927101e-04 -2.92043715e-05
 1.13733549e+01 2.38487450e-04 -2.94380934e-05
 1.13878320e+01 2.38049849e-04 -2.97132376e-05
 1.14022933e+01 2.37609181e-04 -3.00378601e-05
 1.14167389e+01 2.37168753e-04 -3.04281150e-05
 1.14311660e+01 2.36726857e-04 -3.08243302e-05
 1.14455773e+01 2.36282120e-04 -3.12075895e-05
 1.14599701e+01 2.35833776e-04 -3.15983160e-05
 1.14743445e+01 2.35380720e-04 -3.19917206e-05
 1.14887030e+01 2.34926068e-04 -3.23838448e-05
 1.15030446e+01 2.34471152e-04 -3.27706469e-05
 1.15173715e+01 2.34014296e-04 -3.31278923e-05
 1.15316814e+01 2.33553572e-04 -3.34579733e-05
 1.15459714e+01 2.33088216e-04 -3.37668265e-05
 1.15602392e+01 2.32622672e-04 -3.40703630e-05
 1.15744872e+01 2.32160473e-04 -3.43769477e-05
 1.15887167e+01 2.31696214e-04 -3.46377907e-05
 1.16029277e+01 2.31227687e-04 -3.48701473e-05
 1.16171165e+01 2.30757332e-04 -3.50637833e-05
 1.16312790e+01 2.30282446e-04 -3.51965143e-05
 1.16454191e+01 2.29802685e-04 -3.52858046e-05
 1.16595461e+01 2.29321581e-04 -3.53860333e-05
 1.16736572e+01 2.28838941e-04 -3.55178634e-05
 1.16877499e+01 2.28351867e-04 -3.56305065e-05
 1.17018216e+01 2.27859650e-04 -3.56887120e-05
 1.17158736e+01 2.27362190e-04 -3.57167478e-05
 1.17299086e+01 2.26864028e-04 -3.57183299e-05
 1.17439277e+01 2.26366510e-04 -3.57255269e-05
 1.17579272e+01 2.25866838e-04 -3.57403007e-05
 1.17719032e+01 2.25362080e-04 -3.57044827e-05
 1.17858568e+01 2.24854336e-04 -3.56387874e-05
 1.17997947e+01 2.24345117e-04 -3.55478700e-05
 1.18137167e+01 2.23838242e-04 -3.54418503e-05
 1.18276191e+01 2.23331515e-04 -3.53365130e-05
 1.18415006e+01 2.22838586e-04 -3.53631885e-05
 1.18553572e+01 2.22342408e-04 -3.54018451e-05
 1.18691917e+01 2.21840764e-04 -3.54423162e-05
 1.18830038e+01 2.21342443e-04 -3.54941909e-05
 1.18967962e+01 2.20844655e-04 -3.55620097e-05
 1.19105651e+01 2.20342493e-04 -3.56479174e-05
 1.19243118e+01 2.19831194e-04 -3.57094365e-05
 1.19380388e+01 2.19314343e-04 -3.57453846e-05
 1.19517488e+01 2.18796230e-04 -3.57849882e-05
 1.19654391e+01 2.18279482e-04 -3.58673352e-05
 1.19791123e+01 2.17762362e-04 -3.60477397e-05
 1.19927659e+01 2.17243782e-04 -3.62991705e-05
 1.20063998e+01 2.16721487e-04 -3.65615678e-05
 1.20200115e+01 2.16198749e-04 -3.68105296e-05
 1.20336048e+01 2.15675204e-04 -3.70930790e-05
 1.20471811e+01 2.15155398e-04 -3.74342576e-05
 1.20607403e+01 2.14636613e-04 -3.78136700e-05
 1.20742800e+01 2.14116219e-04 -3.81970998e-05
 1.20877986e+01 2.13594677e-04 -3.85758710e-05
 1.21012962e+01 2.13070078e-04 -3.89651250e-05
 1.21147689e+01 2.12543578e-04 -3.93445815e-05
 1.21282181e+01 2.12015727e-04 -3.97309376e-05
 1.21416451e+01 2.11488133e-04 -4.01015909e-05
 1.21550498e+01 2.10953278e-04 -4.04735432e-05
 1.21684334e+01 2.10411478e-04 -4.08873526e-05
 1.21817950e+01 2.09863697e-04 -4.13607259e-05
 1.21951356e+01 2.09301186e-04 -4.19042055e-05
 1.22084554e+01 2.08728717e-04 -4.24605232e-05
 1.22217516e+01 2.08145050e-04 -4.29673576e-05
 1.22350231e+01 2.07556694e-04 -4.34269071e-05
 1.22482698e+01 2.06967559e-04 -4.38562874e-05
 1.22614956e+01 2.06378219e-04 -4.43073192e-05
 1.22747006e+01 2.05788431e-04 -4.47587863e-05
 1.22878821e+01 2.05195853e-04 -4.51706595e-05
 1.23010389e+01 2.04600192e-04 -4.55361874e-05
 1.23141747e+01 2.04002043e-04 -4.59032195e-05
 1.23272910e+01 2.03407500e-04 -4.62702546e-05
 1.23403863e+01 2.02812752e-04 -4.66471490e-05
 1.23534543e+01 2.02212987e-04 -4.69713490e-05
 1.23664951e+01 2.01611597e-04 -4.72890267e-05
 1.23795110e+01 2.01005966e-04 -4.76129105e-05
 1.23925048e+01 2.00394364e-04 -4.79604654e-05
 1.24054739e+01 1.99779654e-04 -4.83019687e-05
 1.24184181e+01 1.99160835e-04 -4.85962012e-05
 1.24313376e+01 1.98536236e-04 -4.88661267e-05
 1.24442335e+01 1.97910041e-04 -4.91356330e-05
 1.24571072e+01 1.97282797e-04 -4.93875645e-05
 1.24699575e+01 1.96656075e-04 -4.96349719e-05
 1.24827804e+01 1.96026222e-04 -4.98072884e-05
 1.24955785e+01 1.95389914e-04 -4.99434130e-05
 1.25083546e+01 1.94751093e-04 -5.00415733e-05
 1.25211110e+01 1.94113783e-04 -5.01354956e-05
 1.25338438e+01 1.93478717e-04 -5.02568907e-05
 1.25465494e+01 1.92845321e-04 -5.03694175e-05
 1.25592315e+01 1.92215290e-04 -5.04497908e-05
 1.25718876e+01 1.91585924e-04 -5.04973286e-05
 1.25845189e+01 1.90957843e-04 -5.05876162e-05
 1.25971241e+01 1.90327418e-04 -5.07178367e-05
 1.26097033e+01 1.89690401e-04 -5.08654556e-05
 1.26222552e+01 1.89049259e-04 -5.09723560e-05
 1.26347823e+01 1.88409425e-04 -5.10608122e-05
 1.26472807e+01 1.87768997e-04 -5.11815814e-05
 1.26597505e+01 1.87129994e-04 -5.13167829e-05
 1.26721916e+01 1.86491206e-04 -5.14152830e-05
 1.26846067e+01 1.85858085e-04 -5.14919021e-05
 1.26969930e+01 1.85227334e-04 -5.15214935e-05
 1.27093495e+01 1.84600045e-04 -5.15143257e-05
 1.27216760e+01 1.83974448e-04 -5.14535263e-05
 1.27339738e+01 1.83350985e-04 -5.13283758e-05
 1.27462429e+01 1.82731278e-04 -5.11471042e-05
 1.27584820e+01 1.82116137e-04 -5.09130485e-05
 1.27706952e+01 1.81505611e-04 -5.06975405e-05
 1.27828822e+01 1.80898917e-04 -5.04926272e-05
 1.27950433e+01 1.80293548e-04 -5.02713404e-05
 1.28071731e+01 1.79691272e-04 -5.00502462e-05
 1.28192705e+01 1.79094102e-04 -4.98483107e-05
 1.28313365e+01 1.78500389e-04 -4.96905398e-05
 1.28433686e+01 1.77907865e-04 -4.95986454e-05
 1.28553680e+01 1.77317714e-04 -4.95166264e-05
 1.28673360e+01 1.76729363e-04 -4.94508999e-05
 1.28792767e+01 1.76142831e-04 -4.94034863e-05
 1.28911912e+01 1.75558872e-04 -4.93729203e-05
 1.29030770e+01 1.74973059e-04 -4.93622648e-05
 1.29149328e+01 1.74386165e-04 -4.93183141e-05
 1.29267599e+01 1.73798054e-04 -4.92598147e-05
 1.29385596e+01 1.73210665e-04 -4.92221662e-05
 1.29503292e+01 1.72620335e-04 -4.91951986e-05
 1.29620715e+01 1.72025803e-04 -4.91690392e-05
 1.29737850e+01 1.71428839e-04 -4.91661336e-05
 1.29854725e+01 1.70828678e-04 -4.92346442e-05
 1.29971351e+01 1.70222202e-04 -4.94188426e-05
 1.30087677e+01 1.69615527e-04 -4.96508733e-05
 1.30203676e+01 1.69007932e-04 -4.99176348e-05
 1.30319388e+01 1.68399866e-04 -5.02324811e-05
 1.30434799e+01 1.67790517e-04 -5.05528732e-05
 1.30549898e+01 1.67180296e-04 -5.09014358e-05
 1.30664709e+01 1.66570057e-04 -5.12896920e-05
 1.30779220e+01 1.65959446e-04 -5.16922999e-05
 1.30893444e+01 1.65344411e-04 -5.21368206e-05
 1.31007381e+01 1.64729164e-04 -5.25813851e-05
 1.31121003e+01 1.64110807e-04 -5.30277223e-05
 1.31234312e+01 1.63489676e-04 -5.34995948e-05
 1.31347307e+01 1.62862752e-04 -5.39662979e-05
 1.31460002e+01 1.62234946e-04 -5.44477593e-05
 1.31572435e+01 1.61606020e-04 -5.49664581e-05
 1.31684594e+01 1.60967265e-04 -5.54851646e-05
 1.31796478e+01 1.60322493e-04 -5.60102387e-05
 1.31908062e+01 1.59676113e-04 -5.65613888e-05
 1.32019331e+01 1.59028575e-04 -5.71704886e-05
 1.32130286e+01 1.58377643e-04 -5.78328447e-05
 1.32240940e+01 1.57721602e-04 -5.85272504e-05
 1.32351281e+01 1.57061739e-04 -5.92186326e-05
 1.32461321e+01 1.56402262e-04 -5.99612829e-05
 1.32571087e+01 1.55740889e-04 -6.07510848e-05
 1.32680577e+01 1.55076305e-04 -6.15680331e-05
 1.32789793e+01 1.54405939e-04 -6.23239125e-05
 1.32898747e+01 1.53732676e-04 -6.30651502e-05
 1.33007451e+01 1.53052704e-04 -6.37830355e-05
 1.33115894e+01 1.52367291e-04 -6.44786226e-05
 1.33224075e+01 1.51675492e-04 -6.51506163e-05
 1.33332007e+01 1.50978220e-04 -6.57545546e-05
 1.33439691e+01 1.50277133e-04 -6.63155595e-05
 1.33547100e+01 1.49566750e-04 -6.68404426e-05
 1.33654222e+01 1.48851345e-04 -6.72869263e-05
 1.33761042e+01 1.48130046e-04 -6.76092423e-05
 1.33867611e+01 1.47407505e-04 -6.78845039e-05
 1.33973945e+01 1.46684789e-04 -6.81438006e-05
 1.34080030e+01 1.45961418e-04 -6.84188328e-05
 1.34185866e+01 1.45244958e-04 -6.88069841e-05
 1.34291466e+01 1.44531437e-04 -6.92288697e-05
 1.34396831e+01 1.43818288e-04 -6.96753662e-05
 1.34501934e+01 1.43102515e-04 -7.00862405e-05
 1.34606775e+01 1.42379765e-04 -7.04604244e-05
 1.34711354e+01 1.41654998e-04 -7.08237274e-05
 1.34815685e+01 1.40926888e-04 -7.11648651e-05
 1.34919753e+01 1.40197284e-04 -7.14500774e-05
 1.35023559e+01 1.39465810e-04 -7.16669060e-05
 1.35127103e+01 1.38733656e-04 -7.18817953e-05
 1.35230358e+01 1.37997108e-04 -7.20350273e-05
 1.35333324e+01 1.37260066e-04 -7.21457410e-05
 1.35436002e+01 1.36522338e-04 -7.22180095e-05
 1.35538378e+01 1.35784181e-04 -7.22683883e-05
 1.35640503e+01 1.35049004e-04 -7.22862749e-05
 1.35742393e+01 1.34317664e-04 -7.23297629e-05
 1.35844032e+01 1.33585673e-04 -7.23713453e-05
 1.35945434e+01 1.32852055e-04 -7.23960306e-05
 1.36046600e+01 1.32118451e-04 -7.24523489e-05
 1.36147504e+01 1.31385383e-04 -7.24967117e-05
 1.36248158e+01 1.30652319e-04 -7.25079649e-05
 1.36348549e+01 1.29920817e-04 -7.24836376e-05
 1.36448689e+01 1.29191225e-04 -7.23713350e-05
 1.36548594e+01 1.28464361e-04 -7.23000018e-05
 1.36648248e+01 1.27739190e-04 -7.22201240e-05
 1.36747640e+01 1.27013895e-04 -7.21527795e-05
 1.36846796e+01 1.26275510e-04 -7.22536724e-05
 1.36945664e+01 1.25534941e-04 -7.23533677e-05
 1.37044243e+01 1.24792627e-04 -7.24308325e-05
 1.37142546e+01 1.24048682e-04 -7.25073254e-05
 1.37240611e+01 1.23305641e-04 -7.26163487e-05
 1.37338453e+01 1.22565939e-04 -7.27903344e-05
 1.37436059e+01 1.21831537e-04 -7.30802961e-05
 1.37533427e+01 1.21097665e-04 -7.34561740e-05
 1.37630570e+01 1.20363465e-04 -7.38605356e-05
 1.37727503e+01 1.19635236e-04 -7.43012389e-05
 1.37824198e+01 1.18911966e-04 -7.47518096e-05
 1.37920656e+01 1.18189445e-04 -7.52267057e-05
 1.38016875e+01 1.17467146e-04 -7.56669745e-05
 1.38112845e+01 1.16745091e-04 -7.60770533e-05
 1.38208552e+01 1.16024752e-04 -7.64548416e-05
 1.38304008e+01 1.15303856e-04 -7.68275785e-05
 1.38399214e+01 1.14582024e-04 -7.71777218e-05
 1.38494169e+01 1.13859048e-04 -7.74761072e-05
 1.38588885e+01 1.13136948e-04 -7.76665203e-05
 1.38683363e+01 1.12417193e-04 -7.78542497e-05
 1.38777615e+01 1.11699557e-04 -7.80180941e-05
 1.38871656e+01 1.10984807e-04 -7.81688507e-05
 1.38965459e+01 1.10272332e-04 -7.82768803e-05
 1.39059011e+01 1.09560073e-04 -7.83406750e-05
 1.39152325e+01 1.08850494e-04 -7.83819687e-05
 1.39245414e+01 1.08145721e-04 -7.83871541e-05
 1.39338238e+01 1.07445575e-04 -7.82736216e-05
 1.39430785e+01 1.06747452e-04 -7.80976508e-05
 1.39523067e+01 1.06054359e-04 -7.78323848e-05
 1.39615084e+01 1.05364493e-04 -7.75042015e-05
 1.39706849e+01 1.04678859e-04 -7.71546194e-05
 1.39798363e+01 1.03994272e-04 -7.67469508e-05
 1.39889650e+01 1.03308189e-04 -7.63239446e-05
 1.39980686e+01 1.02623819e-04 -7.58543034e-05
 1.40071482e+01 1.01944032e-04 -7.53474863e-05
 1.40162052e+01 1.01271159e-04 -7.48134161e-05
 1.40252409e+01 1.00604748e-04 -7.42340366e-05
 1.40342541e+01 9.99459399e-05 -7.36780317e-05
 1.40432473e+01 9.92986487e-05 -7.32216439e-05
 1.40522179e+01 9.86595835e-05 -7.27114236e-05
 1.40611659e+01 9.80264276e-05 -7.21655245e-05
 1.40700899e+01 9.74000285e-05 -7.16041061e-05
 1.40789900e+01 9.67795677e-05 -7.10086468e-05
 1.40878687e+01 9.61631752e-05 -7.04072585e-05
 1.40967273e+01 9.55499117e-05 -6.97988094e-05
 1.41055659e+01 9.49395196e-05 -6.91644942e-05
 1.41143844e+01 9.43378893e-05 -6.85350288e-05
 1.41231828e+01 9.37406257e-05 -6.78391627e-05
 1.41319598e+01 9.31476373e-05 -6.71262984e-05
 1.41407168e+01 9.25593472e-05 -6.64206269e-05
 1.41494550e+01 9.19767732e-05 -6.57418782e-05
 1.41581715e+01 9.13988731e-05 -6.51104725e-05
 1.41668730e+01 9.08251329e-05 -6.44828443e-05
 1.41755569e+01 9.02605965e-05 -6.39262311e-05
 1.41842233e+01 8.97053973e-05 -6.33917555e-05
 1.41928707e+01 8.91541168e-05 -6.28817513e-05
 1.42014980e+01 8.86076052e-05 -6.23938117e-05
 1.42101063e+01 8.80641681e-05 -6.19644686e-05
 1.42186957e+01 8.75256225e-05 -6.16074738e-05
 1.42272662e+01 8.69896228e-05 -6.12961761e-05
 1.42358178e+01 8.64544060e-05 -6.09927242e-05
 1.42443519e+01 8.59224450e-05 -6.06975472e-05
 1.42528671e+01 8.53921490e-05 -6.04572050e-05
 1.42613634e+01 8.48617775e-05 -6.02436164e-05
 1.42698421e+01 8.43273362e-05 -6.01100637e-05
 1.42783031e+01 8.37958073e-05 -6.00134558e-05
 1.42867464e+01 8.32685872e-05 -5.99368236e-05
 1.42951722e+01 8.27449198e-05 -5.99203976e-05
 1.43035803e+01 8.22236024e-05 -5.99166072e-05
 1.43119708e+01 8.17042332e-05 -5.99285435e-05
 1.43203450e+01 8.11886604e-05 -6.00559194e-05
 1.43287029e+01 8.06738137e-05 -6.02120007e-05
 1.43370444e+01 8.01581812e-05 -6.03763006e-05
 1.43453709e+01 7.96421639e-05 -6.05398469e-05
 1.43536848e+01 7.91259895e-05 -6.07241578e-05
 1.43619863e+01 7.86096226e-05 -6.09659998e-05
 1.43702765e+01 7.80917843e-05 -6.12293474e-05
 1.43785596e+01 7.75707996e-05 -6.15043032e-05
 1.43868366e+01 7.70482211e-05 -6.18184414e-05
 1.43951077e+01 7.65239594e-05 -6.21444114e-05
 1.44033716e+01 7.60013462e-05 -6.25477366e-05
 1.44116295e+01 7.54770185e-05 -6.30059322e-05
 1.44198800e+01 7.49551670e-05 -6.34973338e-05
 1.44281220e+01 7.44322447e-05 -6.40138471e-05
 1.44363592e+01 7.39076686e-05 -6.45284460e-05
 1.44445918e+01 7.33837403e-05 -6.50451275e-05
 1.44528183e+01 7.28616983e-05 -6.55402151e-05
 1.44610402e+01 7.23356461e-05 -6.60481270e-05
 1.44692573e+01 7.18086072e-05 -6.65132242e-05
 1.44774671e+01 7.12802274e-05 -6.69183109e-05
 1.44856722e+01 7.07492349e-05 -6.71963555e-05
 1.44938712e+01 7.02146972e-05 -6.74266974e-05
 1.45020656e+01 6.96802563e-05 -6.76028810e-05
 1.45102552e+01 6.91465285e-05 -6.77240826e-05
 1.45184375e+01 6.86149035e-05 -6.78134506e-05
 1.45266138e+01 6.80795273e-05 -6.79045279e-05
 1.45347840e+01 6.75420821e-05 -6.79504592e-05
 1.45429495e+01 6.70003367e-05 -6.78963787e-05
 1.45511103e+01 6.64541366e-05 -6.76884246e-05
 1.45592662e+01 6.59109181e-05 -6.73519152e-05
 1.45674173e+01 6.53676424e-05 -6.68868947e-05
 1.45755636e+01 6.48264787e-05 -6.63169124e-05
 1.45837066e+01 6.43026001e-05 -6.59194382e-05
 1.45918434e+01 6.37849966e-05 -6.54700161e-05
 1.45999782e+01 6.32729267e-05 -6.49102821e-05
 1.46081108e+01 6.27660719e-05 -6.42828381e-05
 1.46162400e+01 6.22668297e-05 -6.35813981e-05
 1.46243671e+01 6.17719090e-05 -6.28479460e-05
 1.46324919e+01 6.12824537e-05 -6.21009483e-05
 1.46406146e+01 6.08029222e-05 -6.13261703e-05
 1.46487352e+01 6.03322032e-05 -6.05205611e-05
 1.46568535e+01 5.98650825e-05 -5.96623956e-05
 1.46649683e+01 5.94021181e-05 -5.87168351e-05
 1.46730809e+01 5.89469694e-05 -5.77476429e-05
 1.46811912e+01 5.84988138e-05 -5.67342109e-05
 1.46892979e+01 5.80579673e-05 -5.57175291e-05
 1.46974050e+01 5.76232179e-05 -5.46401586e-05
 1.47055112e+01 5.71995488e-05 -5.35068284e-05
 1.47136165e+01 5.67832185e-05 -5.23851357e-05
 1.47217209e+01 5.63724882e-05 -5.13010153e-05
 1.47298243e+01 5.59649337e-05 -5.01984391e-05
 1.47379268e+01 5.55657179e-05 -4.90684742e-05
 1.47460270e+01 5.51751312e-05 -4.79175752e-05
 1.47541249e+01 5.47927901e-05 -4.67686987e-05
 1.47622193e+01 5.44173334e-05 -4.56365830e-05
 1.47703076e+01 5.40529548e-05 -4.45070451e-05
 1.47783883e+01 5.36998409e-05 -4.33630042e-05
 1.47864590e+01 5.33547410e-05 -4.22130157e-05
 1.47945195e+01 5.30059380e-05 -4.11759998e-05
 1.48025674e+01 5.26621593e-05 -4.02169971e-05
 1.48106026e+01 5.23217792e-05 -3.92685635e-05
 1.48186263e+01 5.19851715e-05 -3.83630408e-05
 1.48266373e+01 5.16565332e-05 -3.74768609e-05
 1.48346370e+01 5.13361898e-05 -3.66062949e-05
 1.48426239e+01 5.10266197e-05 -3.58379805e-05
 1.48505968e+01 5.07225002e-05 -3.51870569e-05
 1.48585557e+01 5.04233051e-05 -3.46006748e-05
 1.48665033e+01 5.01295079e-05 -3.40214528e-05
 1.48744354e+01 4.98420922e-05 -3.34603529e-05
 1.48823549e+01 4.95602961e-05 -3.29553802e-05
 1.48902629e+01 4.92831799e-05 -3.25139940e-05
 1.48981581e+01 4.90077724e-05 -3.20951377e-05
 1.49060419e+01 4.87363378e-05 -3.17245872e-05
 1.49139141e+01 4.84678442e-05 -3.13938794e-05
 1.49217750e+01 4.82012236e-05 -3.11047694e-05
 1.49296256e+01 4.79382695e-05 -3.08696319e-05
 1.49374636e+01 4.76800246e-05 -3.07243202e-05
 1.49452887e+01 4.74252633e-05 -3.06606887e-05
 1.49531011e+01 4.71713673e-05 -3.06482391e-05
 1.49609007e+01 4.69181974e-05 -3.06962876e-05
 1.49686901e+01 4.66684629e-05 -3.07615698e-05
 1.49764681e+01 4.64204377e-05 -3.09047733e-05
 1.49842346e+01 4.61731800e-05 -3.11226257e-05
 1.49919897e+01 4.59279638e-05 -3.13267298e-05
 1.49997334e+01 4.56847343e-05 -3.15254247e-05
 1.50074642e+01 4.54432094e-05 -3.16929389e-05
 1.50151823e+01 4.52005900e-05 -3.18024745e-05
 1.50228889e+01 4.49576523e-05 -3.19161699e-05
 1.50305840e+01 4.47144787e-05 -3.20266708e-05
 1.50382676e+01 4.44707678e-05 -3.21881216e-05
 1.50459397e+01 4.42224296e-05 -3.23997257e-05
 1.50535991e+01 4.39730649e-05 -3.26166623e-05
 1.50612457e+01 4.37246261e-05 -3.28342972e-05
 1.50688821e+01 4.34740052e-05 -3.30409687e-05
 1.50765070e+01 4.32256553e-05 -3.32145453e-05
 1.50841205e+01 4.29795149e-05 -3.33655949e-05
 1.50917251e+01 4.27390422e-05 -3.35795411e-05
 1.50993168e+01 4.25006498e-05 -3.37474117e-05
 1.51068985e+01 4.22619394e-05 -3.38120701e-05
 1.51144686e+01 4.20213982e-05 -3.38745416e-05
 1.51220270e+01 4.17820655e-05 -3.38559926e-05
 1.51295739e+01 4.15415684e-05 -3.38158610e-05
 1.51371094e+01 4.13022376e-05 -3.37376804e-05
 1.51446347e+01 4.10646515e-05 -3.35742198e-05
 1.51521484e+01 4.08280436e-05 -3.33514013e-05
 1.51596545e+01 4.05909223e-05 -3.30806820e-05
 1.51671543e+01 4.03519410e-05 -3.27665143e-05
 1.51746492e+01 4.01142876e-05 -3.23952269e-05
 1.51821391e+01 3.98778960e-05 -3.19870952e-05
 1.51896226e+01 3.96431983e-05 -3.16572802e-05
 1.51971050e+01 3.94101187e-05 -3.13367783e-05
 1.52045862e+01 3.91785078e-05 -3.10247581e-05
 1.52120662e+01 3.89493806e-05 -3.07118518e-05
 1.52195439e+01 3.87249912e-05 -3.03795519e-05
 1.52270205e+01 3.85023685e-05 -2.99804092e-05
 1.52344959e+01 3.82805980e-05 -2.95799349e-05
 1.52419702e+01 3.80600920e-05 -2.91933447e-05
 1.52494433e+01 3.78399776e-05 -2.88036159e-05
 1.52569127e+01 3.76196803e-05 -2.83694472e-05
 1.52643822e+01 3.74038452e-05 -2.79731622e-05
 1.52718494e+01 3.71884751e-05 -2.75815844e-05
 1.52793155e+01 3.69764063e-05 -2.71445880e-05
 1.52867816e+01 3.67613885e-05 -2.67574144e-05
 1.52942468e+01 3.65482848e-05 -2.64350234e-05
 1.53017108e+01 3.63375699e-05 -2.61027808e-05
 1.53091723e+01 3.61284067e-05 -2.57797258e-05
 1.53166327e+01 3.59206023e-05 -2.54603618e-05
 1.53240920e+01 3.57203903e-05 -2.51974127e-05
 1.53315488e+01 3.55252072e-05 -2.49817797e-05
 1.53390044e+01 3.53363852e-05 -2.48075602e-05
 1.53464589e+01 3.51501067e-05 -2.47046458e-05
 1.53539109e+01 3.49639833e-05 -2.45703939e-05
 1.53613618e+01 3.47818259e-05 -2.44125478e-05
 1.53688115e+01 3.46014019e-05 -2.42681337e-05
 1.53762600e+01 3.44242831e-05 -2.41250889e-05
 1.53837073e+01 3.42502272e-05 -2.39409626e-05
 1.53911535e+01 3.40752998e-05 -2.37324291e-05
 1.53985987e+01 3.39005463e-05 -2.35661699e-05
 1.54060426e+01 3.37250669e-05 -2.33894619e-05
 1.54134840e+01 3.35527002e-05 -2.32519017e-05
 1.54209230e+01 3.33855077e-05 -2.31203085e-05
 1.54283594e+01 3.32180659e-05 -2.30125066e-05
 1.54357960e+01 3.30502254e-05 -2.29111528e-05
 1.54432314e+01 3.28851278e-05 -2.28245926e-05
 1.54506642e+01 3.27227205e-05 -2.27232500e-05
 1.54580973e+01 3.25612741e-05 -2.26037343e-05
 1.54655304e+01 3.24016529e-05 -2.24395812e-05
 1.54729624e+01 3.22425623e-05 -2.22560790e-05
 1.54803945e+01 3.20838593e-05 -2.20431180e-05
 1.54878253e+01 3.19218989e-05 -2.17748112e-05
 1.54952564e+01 3.17617815e-05 -2.15230899e-05
 1.55026864e+01 3.16048122e-05 -2.13113922e-05
 1.55101151e+01 3.14525362e-05 -2.11220273e-05
 1.55175413e+01 3.12989390e-05 -2.09325408e-05
 1.55249665e+01 3.11428423e-05 -2.07468742e-05
 1.55323917e+01 3.09862187e-05 -2.05597045e-05
 1.55398132e+01 3.08303722e-05 -2.03976996e-05
 1.55472309e+01 3.06723970e-05 -2.02125352e-05
 1.55546448e+01 3.05137737e-05 -1.99072514e-05
 1.55620574e+01 3.03550298e-05 -1.95389337e-05
 1.55694676e+01 3.02090936e-05 -1.92552490e-05
 1.55768727e+01 3.00674868e-05 -1.90122520e-05
 1.55842727e+01 2.99291557e-05 -1.87931914e-05
 1.55916677e+01 2.97942517e-05 -1.86181219e-05
 1.55990589e+01 2.96594761e-05 -1.84116328e-05
 1.56064438e+01 2.95229039e-05 -1.82054493e-05
 1.56138249e+01 2.93888821e-05 -1.79557660e-05
 1.56212022e+01 2.92592189e-05 -1.77451038e-05
 1.56285744e+01 2.91308146e-05 -1.75899426e-05
 1.56359441e+01 2.90006826e-05 -1.74711290e-05
 1.56433101e+01 2.88675893e-05 -1.73556476e-05
 1.56506749e+01 2.87345591e-05 -1.72559764e-05
 1.56580358e+01 2.86011452e-05 -1.71809099e-05
 1.56653903e+01 2.84712118e-05 -1.71257896e-05
 1.56727410e+01 2.83413479e-05 -1.70872451e-05
 1.56800879e+01 2.82114891e-05 -1.70664524e-05
 1.56874311e+01 2.80844853e-05 -1.70382780e-05
 1.56947691e+01 2.79567427e-05 -1.70428806e-05
 1.57021046e+01 2.78289656e-05 -1.70256881e-05
 1.57094390e+01 2.76997479e-05 -1.70352732e-05
 1.57167696e+01 2.75714856e-05 -1.70351298e-05
 1.57240964e+01 2.74435384e-05 -1.70746578e-05
 1.57314194e+01 2.73141011e-05 -1.71018348e-05
 1.57387399e+01 2.71868843e-05 -1.71153237e-05
 1.57460581e+01 2.70625936e-05 -1.71396240e-05
 1.57533737e+01 2.69356845e-05 -1.71497451e-05
 1.57606882e+01 2.67959671e-05 -1.73383384e-05
 1.57679977e+01 2.66353661e-05 -1.78397028e-05
 1.57753020e+01 2.64600439e-05 -1.85465743e-05
 1.57826015e+01 2.62741547e-05 -1.94224235e-05
 1.57898984e+01 2.60812452e-05 -2.03581293e-05
 1.57971916e+01 2.58853221e-05 -2.13202539e-05
 1.58044824e+01 2.56906546e-05 -2.23632041e-05
 1.58117681e+01 2.54942810e-05 -2.34426129e-05
 1.58190513e+01 2.52958572e-05 -2.44996347e-05
 1.58263321e+01 2.50976395e-05 -2.55480845e-05
 1.58336091e+01 2.48974058e-05 -2.65314556e-05
 1.58408824e+01 2.46948400e-05 -2.74588274e-05
 1.58481519e+01 2.44934388e-05 -2.82881361e-05
 1.58554177e+01 2.42902356e-05 -2.90396025e-05
 1.58626797e+01 2.40873857e-05 -2.96941481e-05
 1.58699378e+01 2.38856588e-05 -3.03376189e-05
 1.58771934e+01 2.36818816e-05 -3.08817106e-05
 1.58844466e+01 2.34807045e-05 -3.13337877e-05
 1.58916998e+01 2.32835309e-05 -3.16549267e-05
 1.58989519e+01 2.30851745e-05 -3.18856923e-05
 1.59062040e+01 2.28879916e-05 -3.19966593e-05
 1.59134575e+01 2.26933952e-05 -3.20025323e-05
 1.59207124e+01 2.25008429e-05 -3.19761394e-05
 1.59279688e+01 2.23094880e-05 -3.18504985e-05
 1.59352253e+01 2.21213928e-05 -3.16063381e-05
 1.59424833e+01 2.19370461e-05 -3.12606897e-05
 1.59497427e+01 2.17549053e-05 -3.08367241e-05
 1.59570035e+01 2.15758747e-05 -3.03328402e-05
 1.59642644e+01 2.13997642e-05 -2.97272376e-05
 1.59715254e+01 2.12235877e-05 -2.90392825e-05
 1.59787891e+01 2.10480265e-05 -2.82773018e-05
 1.59860541e+01 2.08758187e-05 -2.74430814e-05
 1.59933206e+01 2.07060701e-05 -2.65556119e-05
 1.60005899e+01 2.05404579e-05 -2.56134154e-05
 1.60078605e+01 2.03790926e-05 -2.46120457e-05
 1.60151338e+01 2.02187425e-05 -2.36229879e-05
 1.60224073e+01 2.00624558e-05 -2.26176320e-05
 1.60296822e+01 1.99077602e-05 -2.15402979e-05
 1.60369599e+01 1.97622921e-05 -2.04460440e-05
 1.60442390e+01 1.96239980e-05 -1.93439658e-05
 1.60515182e+01 1.94913193e-05 -1.81880754e-05
 1.60588002e+01 1.93648484e-05 -1.69951989e-05
 1.60660835e+01 1.92476832e-05 -1.57381005e-05
 1.60733670e+01 1.91350533e-05 -1.44437654e-05
 1.60806518e+01 1.90285315e-05 -1.31393540e-05
 1.60879394e+01 1.89266413e-05 -1.18038913e-05
 1.60952296e+01 1.88333606e-05 -1.04803322e-05
 1.61025239e+01 1.87460867e-05 -9.18426660e-06
 1.61098196e+01 1.86628956e-05 -7.86400105e-06
 1.61171167e+01 1.85877367e-05 -6.52864640e-06
 1.61244151e+01 1.85218903e-05 -5.16234525e-06
 1.61317122e+01 1.84621980e-05 -3.86929777e-06
 1.61390144e+01 1.84105369e-05 -2.75684015e-06
 1.61463217e+01 1.83652758e-05 -1.85402716e-06
 1.61536341e+01 1.83259711e-05 -1.09445701e-06
 1.61609505e+01 1.82920984e-05 -4.39505993e-07
 1.61682720e+01 1.82613684e-05 1.85358537e-07
 1.61755963e+01 1.82340648e-05 7.01649831e-07
 1.61829257e+01 1.82103271e-05 1.11207087e-06
 1.61902590e+01 1.81904591e-05 1.47025086e-06
 1.61975962e+01 1.81720841e-05 1.78660312e-06
 1.62049361e+01 1.81546118e-05 2.01133485e-06
 1.62122786e+01 1.81368768e-05 2.17305923e-06
 1.62196238e+01 1.81191057e-05 2.25954312e-06
 1.62269716e+01 1.80979826e-05 2.19882346e-06
 1.62343195e+01 1.80770330e-05 2.03831491e-06
 1.62416674e+01 1.80546740e-05 1.78612370e-06
 1.62490155e+01 1.80323226e-05 1.45162328e-06
 1.62563636e+01 1.80094890e-05 1.11716087e-06
 1.62637104e+01 1.79892019e-05 7.57043629e-07
 1.62710546e+01 1.79733301e-05 3.34777760e-07
 1.62783951e+01 1.79599173e-05 -1.36499687e-07
 1.62857330e+01 1.79476358e-05 -6.75665782e-07
 1.62930684e+01 1.79379521e-05 -1.26577518e-06
 1.63004025e+01 1.79281871e-05 -1.83409905e-06
 1.63077339e+01 1.79188421e-05 -2.39541198e-06
 1.63150629e+01 1.79046119e-05 -2.92616312e-06
 1.63223879e+01 1.78878115e-05 -3.48918253e-06
 1.63297092e+01 1.78692387e-05 -4.05297317e-06
 1.63370291e+01 1.78478715e-05 -4.64156739e-06
 1.63443466e+01 1.78217900e-05 -5.29153556e-06
 1.63516601e+01 1.77938026e-05 -6.00898868e-06
 1.63589699e+01 1.77630575e-05 -6.65485646e-06
 1.63662757e+01 1.77295421e-05 -7.26470226e-06
 1.63735790e+01 1.76928163e-05 -7.89413155e-06
 1.63808797e+01 1.76544082e-05 -8.54573179e-06
 1.63881752e+01 1.76171102e-05 -9.18506979e-06
 1.63954667e+01 1.75762159e-05 -9.82227241e-06
 1.64027544e+01 1.75331291e-05 -1.04592340e-05
 1.64100381e+01 1.74852061e-05 -1.10044540e-05
 1.64173166e+01 1.74347260e-05 -1.14740178e-05
 1.64245926e+01 1.73799307e-05 -1.19016548e-05
 1.64318660e+01 1.73189339e-05 -1.22202047e-05
 1.64391368e+01 1.72539895e-05 -1.24617614e-05
 1.64464052e+01 1.71829086e-05 -1.26287184e-05
 1.64536696e+01 1.71052786e-05 -1.27753365e-05
 1.64609315e+01 1.70184531e-05 -1.28649154e-05
 1.64681908e+01 1.69265946e-05 -1.28375109e-05
 1.64754437e+01 1.68289228e-05 -1.27002513e-05
 1.64826926e+01 1.67249444e-05 -1.23891170e-05
 1.64899376e+01 1.66134790e-05 -1.18860985e-05
 1.64971787e+01 1.64984809e-05 -1.11754126e-05
 1.65044175e+01 1.63892610e-05 -1.04855278e-05
 1.65116511e+01 1.62933026e-05 -1.00430729e-05
 1.65188798e+01 1.62053855e-05 -9.79363504e-06
 1.65261020e+01 1.61247952e-05 -9.68081603e-06
 1.65333178e+01 1.60498344e-05 -9.59827379e-06
 1.65405285e+01 1.59768844e-05 -9.54582113e-06
 1.65477353e+01 1.59043098e-05 -9.53092156e-06
 1.65549371e+01 1.58334485e-05 -9.55205163e-06
 1.65621324e+01 1.57657119e-05 -9.54112536e-06
 1.65693225e+01 1.56987022e-05 -9.54243395e-06
 1.65765089e+01 1.56331000e-05 -9.54777614e-06
 1.65836914e+01 1.55704927e-05 -9.56420864e-06
 1.65908700e+01 1.55073465e-05 -9.55540634e-06
 1.65980435e+01 1.54466324e-05 -9.57527671e-06
 1.66052170e+01 1.53863419e-05 -9.57656714e-06
 1.66123904e+01 1.53279045e-05 -9.61773876e-06
 1.66195639e+01 1.52695204e-05 -9.70016098e-06
 1.66267375e+01 1.52077682e-05 -9.81201760e-06
 1.66339111e+01 1.51417471e-05 -9.87368881e-06
 1.66410875e+01 1.50757161e-05 -9.93126969e-06
 1.66482665e+01 1.50100264e-05 -9.92150229e-06
 1.66554455e+01 1.49424471e-05 -9.88147256e-06
 1.66626233e+01 1.48761299e-05 -9.82234615e-06
 1.66697985e+01 1.48086565e-05 -9.76154035e-06
 1.66769739e+01 1.47379961e-05 -9.67846201e-06
 1.66841479e+01 1.46648675e-05 -9.60779271e-06
 1.66913247e+01 1.45825872e-05 -9.71524310e-06
 1.66985016e+01 1.44955304e-05 -9.88211305e-06
 1.67056772e+01 1.44049920e-05 -1.00591349e-05
 1.67128542e+01 1.43126012e-05 -1.03088456e-05
 1.67200325e+01 1.42187059e-05 -1.05983218e-05
 1.67272135e+01 1.41235469e-05 -1.08847114e-05
 1.67343958e+01 1.40279997e-05 -1.11949781e-05
 1.67415782e+01 1.39302836e-05 -1.15251481e-05
 1.67487593e+01 1.38297977e-05 -1.18637399e-05
 1.67559405e+01 1.37325237e-05 -1.22216240e-05
 1.67631231e+01 1.36374199e-05 -1.25727113e-05
 1.67703058e+01 1.35426632e-05 -1.29375868e-05
 1.67774887e+01 1.34486498e-05 -1.32415243e-05
 1.67846741e+01 1.33564742e-05 -1.34939650e-05
 1.67918609e+01 1.32643375e-05 -1.37182183e-05
 1.67990465e+01 1.31700511e-05 -1.39713451e-05
 1.68062334e+01 1.30726472e-05 -1.41533884e-05
 1.68134217e+01 1.29757196e-05 -1.43310267e-05
 1.68206112e+01 1.28807944e-05 -1.44728518e-05
 1.68278008e+01 1.27852560e-05 -1.46527729e-05
 1.68349905e+01 1.26887593e-05 -1.48078254e-05
 1.68421828e+01 1.25929004e-05 -1.49830828e-05
 1.68493765e+01 1.24996730e-05 -1.51277968e-05
 1.68565716e+01 1.24070025e-05 -1.52257298e-05
 1.68637667e+01 1.23141631e-05 -1.52122120e-05
 1.68709619e+01 1.22216820e-05 -1.51656861e-05
 1.68781583e+01 1.21320544e-05 -1.50200169e-05
 1.68853561e+01 1.20456038e-05 -1.48584873e-05
 1.68925565e+01 1.19614921e-05 -1.46291967e-05
 1.68997596e+01 1.18764280e-05 -1.43666508e-05
 1.69069640e+01 1.17917212e-05 -1.40275780e-05
 1.69141686e+01 1.17054195e-05 -1.37339109e-05
 1.69213745e+01 1.16165845e-05 -1.34786124e-05
 1.69285830e+01 1.15271481e-05 -1.31413253e-05
 1.69357917e+01 1.14400154e-05 -1.27133182e-05
 1.69430003e+01 1.13540896e-05 -1.22762650e-05
 1.69502090e+01 1.12723399e-05 -1.17554056e-05
 1.69574164e+01 1.11952956e-05 -1.11828157e-05
 1.69646253e+01 1.11259248e-05 -1.06295149e-05
 1.69718316e+01 1.10619116e-05 -1.00684747e-05
 1.69790354e+01 1.10031741e-05 -9.52196955e-06
 1.69862381e+01 1.09504993e-05 -8.96334236e-06
 1.69934393e+01 1.09016265e-05 -8.38687379e-06
 1.70006393e+01 1.08542962e-05 -7.80754462e-06
 1.70078368e+01 1.08085292e-05 -7.18950068e-06
 1.70150316e+01 1.07659504e-05 -6.51909183e-06
 1.70222239e+01 1.07249086e-05 -5.88707771e-06
 1.70294163e+01 1.06833344e-05 -5.25896660e-06
 1.70366073e+01 1.06429774e-05 -4.59307503e-06
 1.70437957e+01 1.06049909e-05 -3.88755686e-06
 1.70509829e+01 1.05709458e-05 -3.19181223e-06
 1.70581648e+01 1.05418380e-05 -2.56664894e-06
 1.70653467e+01 1.05153224e-05 -1.96828722e-06
 1.70725299e+01 1.04918104e-05 -1.42359318e-06
 1.70797118e+01 1.04713812e-05 -1.00676692e-06
 1.70868924e+01 1.04548305e-05 -6.53008867e-07
 1.70940691e+01 1.04384827e-05 -3.08233855e-07
 1.71012433e+01 1.04238138e-05 3.12484194e-08
 1.71084148e+01 1.04132870e-05 3.34997798e-07
 1.71155852e+01 1.04045366e-05 5.78997900e-07
 1.71227542e+01 1.03951351e-05 8.55310142e-07
 1.71299206e+01 1.03873925e-05 1.10243340e-06
 1.71370857e+01 1.03791214e-05 1.29145797e-06
 1.71442494e+01 1.03692389e-05 1.44361988e-06
 1.71514107e+01 1.03539629e-05 1.52404686e-06
 1.71585694e+01 1.03373435e-05 1.53273774e-06
 1.71657268e+01 1.03209588e-05 1.50705699e-06
 1.71728816e+01 1.03052373e-05 1.45666627e-06
 1.71800338e+01 1.02915010e-05 1.38383293e-06
 1.71871835e+01 1.02792126e-05 1.21787469e-06
 1.71943306e+01 1.02692361e-05 9.23027957e-07
 1.72014752e+01 1.02592604e-05 5.82108159e-07
 1.72086171e+01 1.02480806e-05 1.56993828e-07
 1.72157565e+01 1.02365639e-05 -2.67972060e-07
 1.72228932e+01 1.02286616e-05 -6.44823469e-07
 1.72300300e+01 1.02180349e-05 -1.01285450e-06
 1.72371654e+01 1.02049896e-05 -1.39715743e-06
 1.72442983e+01 1.01945836e-05 -1.73787019e-06
 1.72514287e+01 1.01869797e-05 -2.07381273e-06
 1.72585579e+01 1.01757456e-05 -2.48838576e-06
 1.72656844e+01 1.01613730e-05 -2.91317914e-06
 1.72728083e+01 1.01452355e-05 -3.37331727e-06
 1.72799322e+01 1.01324929e-05 -3.82190256e-06
 1.72870534e+01 1.01204376e-05 -4.28832242e-06
 1.72941732e+01 1.01073396e-05 -4.68375767e-06
 1.73012917e+01 1.00936437e-05 -5.06416560e-06
 1.73084103e+01 1.00778962e-05 -5.43860614e-06
 1.73155288e+01 1.00601880e-05 -5.74833194e-06
 1.73226499e+01 1.00406918e-05 -6.01232643e-06
 1.73297724e+01 1.00192285e-05 -6.19409117e-06
 1.73368987e+01 9.99520526e-06 -6.29981051e-06
 1.73440288e+01 9.96992584e-06 -6.32473447e-06
 1.73511616e+01 9.94384250e-06 -6.28275381e-06
 1.73582971e+01 9.91718843e-06 -6.24813099e-06
 1.73654339e+01 9.88964255e-06 -6.18709719e-06
 1.73725721e+01 9.85750597e-06 -6.13485631e-06
 1.73797116e+01 9.81838038e-06 -6.04582489e-06
 1.73868537e+01 9.77391278e-06 -5.97055557e-06
 1.73939972e+01 9.72565657e-06 -5.83111520e-06
 1.74011446e+01 9.67734548e-06 -5.60133946e-06
 1.74082959e+01 9.62907354e-06 -5.29549426e-06
 1.74154524e+01 9.57827721e-06 -4.97889557e-06
 1.74226156e+01 9.53288993e-06 -4.80547083e-06
 1.74297827e+01 9.49094555e-06 -4.66313686e-06
 1.74369510e+01 9.45133630e-06 -4.50616763e-06
 1.74441220e+01 9.41200782e-06 -4.41470534e-06
 1.74512956e+01 9.37430996e-06 -4.31849484e-06
 1.74584732e+01 9.33500812e-06 -4.26942676e-06
 1.74656547e+01 9.29441960e-06 -4.26654337e-06
 1.74728389e+01 9.25670746e-06 -4.24652801e-06
 1.74800271e+01 9.22317993e-06 -4.21745397e-06
 1.74872192e+01 9.19024268e-06 -4.17093851e-06
 1.74944152e+01 9.15682878e-06 -4.10437237e-06
 1.75016152e+01 9.12557478e-06 -4.04154583e-06
 1.75088192e+01 9.09393127e-06 -3.95652784e-06
 1.75160270e+01 9.06121460e-06 -3.87650299e-06
 1.75232388e+01 9.02799859e-06 -3.81392473e-06
 1.75304544e+01 8.99816357e-06 -3.78920426e-06
 1.75376740e+01 8.97048074e-06 -3.75042594e-06
 1.75448976e+01 8.94451020e-06 -3.70005254e-06
 1.75521250e+01 8.91780704e-06 -3.62650890e-06
 1.75593563e+01 8.89304585e-06 -3.59464098e-06
 1.75665902e+01 8.86923639e-06 -3.59083147e-06
 1.75738280e+01 8.84629207e-06 -3.64195137e-06
 1.75810697e+01 8.82291640e-06 -3.67711601e-06
 1.75883155e+01 8.79818613e-06 -3.71053744e-06
 1.75955625e+01 8.77228911e-06 -3.73439739e-06
 1.76028135e+01 8.74835003e-06 -3.75654078e-06
 1.76100698e+01 8.70587800e-06 -4.03067618e-06
 1.76173288e+01 8.65510028e-06 -4.40163818e-06
 1.76245890e+01 8.59961209e-06 -4.79364704e-06
 1.76318507e+01 8.53879362e-06 -5.30570812e-06
 1.76391136e+01 8.47390494e-06 -5.83325053e-06
 1.76463767e+01 8.40885258e-06 -6.42163221e-06
 1.76536411e+01 8.34555493e-06 -7.08168152e-06
 1.76609044e+01 8.28073221e-06 -7.74627087e-06
 1.76681691e+01 8.21348481e-06 -8.36996978e-06
 1.76754338e+01 8.14752025e-06 -8.99063304e-06
 1.76826986e+01 8.07948402e-06 -9.54484862e-06
 1.76899622e+01 8.00819330e-06 -1.00645878e-05
 1.76972245e+01 7.93585850e-06 -1.05183974e-05
 1.77044830e+01 7.85962003e-06 -1.09725724e-05
 1.77117376e+01 7.78302527e-06 -1.13717922e-05
 1.77189884e+01 7.70405879e-06 -1.17067539e-05
 1.77262353e+01 7.62495477e-06 -1.19663001e-05
 1.77334795e+01 7.54599450e-06 -1.22042206e-05
 1.77407213e+01 7.46624675e-06 -1.24334915e-05
 1.77479591e+01 7.38725564e-06 -1.25989074e-05
 1.77551943e+01 7.31238358e-06 -1.27391499e-05
 1.77624270e+01 7.23932583e-06 -1.29000507e-05
 1.77696557e+01 7.16980861e-06 -1.29564298e-05
 1.77768807e+01 7.09783661e-06 -1.29993560e-05
 1.77840992e+01 7.02614682e-06 -1.30082907e-05
 1.77913111e+01 6.95501053e-06 -1.29513242e-05
 1.77985166e+01 6.88592824e-06 -1.28027983e-05
 1.78057169e+01 6.81939642e-06 -1.25782185e-05
 1.78129121e+01 6.75786460e-06 -1.23140245e-05
 1.78201035e+01 6.69519604e-06 -1.20347413e-05
 1.78272896e+01 6.63428537e-06 -1.17268851e-05
 1.78344719e+01 6.57369111e-06 -1.13773685e-05
 1.78416529e+01 6.50844449e-06 -1.10178967e-05
 1.78488287e+01 6.44276619e-06 -1.06185105e-05
 1.78559993e+01 6.38100264e-06 -1.00862699e-05
 1.78631661e+01 6.32188689e-06 -9.46441190e-06
 1.78703288e+01 6.26666226e-06 -8.78412207e-06
 1.78774877e+01 6.21428891e-06 -8.09114638e-06
 1.78846428e+01 6.16887126e-06 -7.43481675e-06
 1.78917938e+01 6.12961263e-06 -6.76778362e-06
 1.78989424e+01 6.09283938e-06 -6.07461082e-06
 1.79060871e+01 6.05963815e-06 -5.32853906e-06
 1.79132280e+01 6.03033371e-06 -4.50112802e-06
 1.79203650e+01 6.00697519e-06 -3.65328935e-06
 1.79274982e+01 5.98786714e-06 -2.82144830e-06
 1.79346288e+01 5.97344988e-06 -1.97630171e-06
 1.79417556e+01 5.96508741e-06 -1.16546450e-06
 1.79488785e+01 5.96052084e-06 -3.52453518e-07
 1.79559976e+01 5.95349639e-06 4.62404797e-07
 1.79631140e+01 5.94950404e-06 1.22764389e-06
 1.79702266e+01 5.95333114e-06 2.02105688e-06
 1.79773311e+01 5.95996347e-06 2.73505955e-06
 1.79844330e+01 5.96937766e-06 3.43979256e-06
 1.79915323e+01 5.98397207e-06 4.00144378e-06
 1.79986316e+01 6.00053864e-06 4.41231175e-06
 1.80057322e+01 6.02086100e-06 4.71397881e-06
 1.80128341e+01 6.03960920e-06 4.99163116e-06
 1.80199360e+01 6.05939584e-06 5.24344248e-06
 1.80270404e+01 6.07877098e-06 5.48032410e-06
 1.80341462e+01 6.10014738e-06 5.69532491e-06
 1.80412519e+01 6.12246528e-06 5.85893259e-06
 1.80483576e+01 6.14322897e-06 5.95711303e-06
 1.80554633e+01 6.16493549e-06 6.01526150e-06
 1.80625690e+01 6.18248003e-06 5.98566464e-06
 1.80696772e+01 6.19282709e-06 5.77571011e-06
 1.80767868e+01 6.20169805e-06 5.57371874e-06
 1.80838976e+01 6.21020961e-06 5.38640482e-06
 1.80910084e+01 6.21731993e-06 5.14436823e-06
 1.80981205e+01 6.22290010e-06 4.87741014e-06
 1.81052339e+01 6.22955747e-06 4.51994368e-06
 1.81123512e+01 6.23983801e-06 4.12445760e-06
 1.81194712e+01 6.25261982e-06 3.65581846e-06
 1.81265938e+01 6.26592745e-06 3.16636809e-06
 1.81337191e+01 6.27831464e-06 2.74852585e-06
 1.81408455e+01 6.28865189e-06 2.32751337e-06
 1.81479759e+01 6.29936946e-06 1.86086647e-06
 1.81551090e+01 6.31187491e-06 1.37047575e-06
 1.81622447e+01 6.32120556e-06 8.51988889e-07
 1.81693829e+01 6.32985242e-06 3.93128505e-07
 1.81765251e+01 6.33670034e-06 -1.30022447e-07
 1.81836673e+01 6.34069408e-06 -6.81162932e-07
 1.81908121e+01 6.34557114e-06 -1.27677042e-06
 1.81979568e+01 6.35384869e-06 -1.88141459e-06
 1.82051002e+01 6.36015329e-06 -2.48803880e-06
 1.82122475e+01 6.36519625e-06 -3.01208871e-06
 1.82193988e+01 6.36903801e-06 -3.47642367e-06
 1.82265514e+01 6.37057583e-06 -3.92965442e-06
 1.82337066e+01 6.37090803e-06 -4.30298068e-06
 1.82408631e+01 6.37069887e-06 -4.60707861e-06
 1.82480209e+01 6.36682660e-06 -4.90579279e-06
 1.82551801e+01 6.36248874e-06 -5.13838294e-06
 1.82623393e+01 6.35562618e-06 -5.31064451e-06
 1.82694997e+01 6.34502987e-06 -5.39577080e-06
 1.82766615e+01 6.32953759e-06 -5.41667285e-06
 1.82838246e+01 6.31115760e-06 -5.34505927e-06
 1.82909890e+01 6.28808217e-06 -5.23717890e-06
 1.82981561e+01 6.25645110e-06 -5.15577241e-06
 1.83053244e+01 6.22162069e-06 -5.00325449e-06
 1.83124941e+01 6.18303226e-06 -4.75225072e-06
 1.83196650e+01 6.14003106e-06 -4.49131611e-06
 1.83268373e+01 6.09304903e-06 -4.14914015e-06
 1.83340108e+01 6.04274316e-06 -3.61446792e-06
 1.83411885e+01 6.00449665e-06 -3.29470480e-06
 1.83483675e+01 5.97075223e-06 -3.05608632e-06
 1.83555466e+01 5.93815842e-06 -2.81426189e-06
 1.83627256e+01 5.91157709e-06 -2.63936966e-06
 1.83699020e+01 5.88860962e-06 -2.44111356e-06
 1.83770758e+01 5.86563187e-06 -2.30967109e-06
 1.83842483e+01 5.84420585e-06 -2.17383438e-06
 1.83914182e+01 5.82437548e-06 -2.04775329e-06
 1.83985856e+01 5.80507131e-06 -1.91231636e-06
 1.84057530e+01 5.78519013e-06 -1.76520961e-06
 1.84129190e+01 5.76610268e-06 -1.60368132e-06
 1.84200838e+01 5.75035732e-06 -1.42537217e-06
 1.84272459e+01 5.73613106e-06 -1.23921246e-06
 1.84344042e+01 5.72490475e-06 -1.17169567e-06
 1.84415612e+01 5.71337009e-06 -1.12142429e-06
 1.84487169e+01 5.70354565e-06 -1.08135719e-06
 1.84558726e+01 5.69367329e-06 -1.04663552e-06
 1.84630270e+01 5.68361993e-06 -1.06793108e-06
