 1.23129724e+00 1.96233758e-06 -5.19613215e-07
 1.25618250e+00 1.96057102e-06 -5.35491172e-07
 1.28106775e+00 1.95751113e-06 -5.44790116e-07
 1.30595300e+00 1.95351284e-06 -5.46046105e-07
 1.33083559e+00 1.94906686e-06 -5.37663979e-07
 1.35571817e+00 1.94341014e-06 -5.19735571e-07
 1.38059942e+00 1.93687153e-06 -4.90858871e-07
 1.40548326e+00 1.92977286e-06 -4.53950362e-07
 1.43036708e+00 1.92172592e-06 -4.07001194e-07
 1.45525353e+00 1.91273459e-06 -3.54882190e-07
 1.48013999e+00 1.90190812e-06 -2.99178361e-07
 1.50502512e+00 1.89051860e-06 -2.33287518e-07
 1.52990892e+00 1.87926366e-06 -1.53475329e-07
 1.55479271e+00 1.86703059e-06 -6.29177788e-08
 1.57967912e+00 1.85455313e-06 3.82157422e-08
 1.60456549e+00 1.84217923e-06 1.53899063e-07
 1.62947933e+00 1.83380132e-06 2.54984738e-07
 1.65439988e+00 1.83462096e-06 3.11023934e-07
 1.67932311e+00 1.83944424e-06 3.47242997e-07
 1.70424897e+00 1.84635554e-06 3.72033290e-07
 1.72917613e+00 1.85499845e-06 3.94614986e-07
 1.75410589e+00 1.86426287e-06 4.10699246e-07
 1.77903435e+00 1.87416199e-06 4.24171333e-07
 1.80396409e+00 1.88467640e-06 4.36837064e-07
 1.82889114e+00 1.89644387e-06 4.55205629e-07
 1.85381946e+00 1.90809089e-06 4.72675987e-07
 1.87874777e+00 1.92013226e-06 4.90735733e-07
 1.90367604e+00 1.93361406e-06 5.08931992e-07
 1.92860161e+00 1.94753163e-06 5.29851994e-07
 1.95352319e+00 1.96213113e-06 5.49486927e-07
 1.97844473e+00 1.97693619e-06 5.70560753e-07
 2.00336625e+00 1.99243924e-06 5.91397866e-07
 2.02828772e+00 2.00767087e-06 6.12904791e-07
 2.05320913e+00 2.02290230e-06 6.31042519e-07
 2.07813053e+00 2.03807752e-06 6.47020168e-07
 2.10305191e+00 2.05407209e-06 6.59568136e-07
 2.12797327e+00 2.07010914e-06 6.72098882e-07
 2.15289460e+00 2.08613881e-06 6.83326764e-07
 2.17781587e+00 2.10280844e-06 6.95066018e-07
 2.20274107e+00 2.11970948e-06 7.01311574e-07
 2.22766621e+00 2.13532834e-06 7.08392871e-07
 2.25259131e+00 2.15029890e-06 7.10598576e-07
 2.27752034e+00 2.16288130e-06 6.99252360e-07
 2.30244937e+00 2.17479609e-06 6.84469589e-07
 2.32737838e+00 2.18710392e-06 6.71136679e-07
 2.35230736e+00 2.19867224e-06 6.55974779e-07
 2.37723500e+00 2.21055017e-06 6.43995494e-07
 2.40216131e+00 2.22268766e-06 6.30453940e-07
 2.42708891e+00 2.23576358e-06 6.12738594e-07
 2.45201517e+00 2.24898509e-06 5.94175188e-07
 2.47694008e+00 2.26266950e-06 5.79419985e-07
 2.50186496e+00 2.27673500e-06 5.63525594e-07
 2.52678847e+00 2.29113420e-06 5.53180897e-07
 2.55171192e+00 2.30574420e-06 5.45953527e-07
 2.57663532e+00 2.32045790e-06 5.41176884e-07
 2.60156131e+00 2.33522062e-06 5.34571459e-07
 2.62648725e+00 2.35015907e-06 5.28917207e-07
 2.65141577e+00 2.36556064e-06 5.25513643e-07
 2.67634294e+00 2.38134086e-06 5.22726271e-07
 2.70126875e+00 2.39708662e-06 5.21092909e-07
 2.72619187e+00 2.41304175e-06 5.20396406e-07
 2.75111359e+00 2.42906897e-06 5.17795550e-07
 2.77603656e+00 2.44540196e-06 5.16629033e-07
 2.80096082e+00 2.46161696e-06 5.19016625e-07
 2.82588371e+00 2.47763971e-06 5.21860018e-07
 2.85080524e+00 2.49298199e-06 5.26696106e-07
 2.87572545e+00 2.50869855e-06 5.35767895e-07
 2.90064430e+00 2.52363712e-06 5.43967538e-07
 2.92556049e+00 2.53915070e-06 5.54752469e-07
 2.95047664e+00 2.55443243e-06 5.62207792e-07
 2.97539273e+00 2.57050279e-06 5.70940523e-07
 3.00030878e+00 2.58709310e-06 5.85766659e-07
 3.02522213e+00 2.60427964e-06 6.02094539e-07
 3.05013674e+00 2.62104897e-06 6.20070311e-07
 3.07505265e+00 2.63657374e-06 6.31068407e-07
 3.09996987e+00 2.65233897e-06 6.44441348e-07
 3.12488312e+00 2.66866871e-06 6.58055187e-07
 3.14979633e+00 2.68436800e-06 6.73083849e-07
 3.17470951e+00 2.70064996e-06 6.92578539e-07
 3.19962400e+00 2.71731685e-06 7.09469339e-07
 3.22454108e+00 2.73544679e-06 7.25672034e-07
 3.24945814e+00 2.75334499e-06 7.40284705e-07
 3.27437517e+00 2.77060509e-06 7.54317453e-07
 3.29929086e+00 2.78828173e-06 7.67909200e-07
 3.32420520e+00 2.80702891e-06 7.78968543e-07
 3.34911947e+00 2.82564193e-06 7.91564818e-07
 3.37403371e+00 2.84439806e-06 8.03159983e-07
 3.39894790e+00 2.86322623e-06 8.16067206e-07
 3.42386205e+00 2.88203995e-06 8.28533768e-07
 3.44877618e+00 2.90079480e-06 8.36370792e-07
 3.47368894e+00 2.91977916e-06 8.46456732e-07
 3.49860034e+00 2.93855729e-06 8.50964617e-07
 3.52351037e+00 2.95848152e-06 8.51940623e-07
 3.54841241e+00 2.97792270e-06 8.43459678e-07
 3.57331307e+00 2.99703754e-06 8.34015868e-07
 3.59821236e+00 3.01606717e-06 8.26376169e-07
 3.62311026e+00 3.03489636e-06 8.17123799e-07
 3.64800943e+00 3.05342794e-06 8.07020881e-07
 3.67290984e+00 3.07157454e-06 7.97635964e-07
 3.69780889e+00 3.08978310e-06 7.86912518e-07
 3.72270657e+00 3.10796054e-06 7.77023983e-07
 3.74760554e+00 3.12549632e-06 7.64848092e-07
 3.77250315e+00 3.14250826e-06 7.53015155e-07
 3.79740205e+00 3.15893545e-06 7.41566130e-07
 3.82229963e+00 3.17510684e-06 7.26691531e-07
 3.84719588e+00 3.19098677e-06 7.10679320e-07
 3.87209209e+00 3.20517008e-06 6.89973453e-07
 3.89698696e+00 3.21911941e-06 6.68740350e-07
 3.92187919e+00 3.23240371e-06 6.48203194e-07
 3.94677008e+00 3.24570896e-06 6.30561352e-07
 3.97166224e+00 3.25896496e-06 6.13882261e-07
 3.99655569e+00 3.27248533e-06 5.94892514e-07
 4.02145042e+00 3.28751064e-06 5.72157696e-07
 4.04634513e+00 3.30270767e-06 5.51292900e-07
 4.07123848e+00 3.31729916e-06 5.34649761e-07
 4.09613179e+00 3.33231328e-06 5.18094652e-07
 4.12102243e+00 3.34784124e-06 5.04400078e-07
 4.14591432e+00 3.36304254e-06 4.97124236e-07
 4.17080615e+00 3.37857166e-06 4.88619094e-07
 4.19569794e+00 3.39470851e-06 4.85148394e-07
 4.22058703e+00 3.41207217e-06 4.86546832e-07
 4.24547612e+00 3.42944305e-06 4.86750020e-07
 4.27036387e+00 3.44680889e-06 4.92806301e-07
 4.29525159e+00 3.46594835e-06 5.04069821e-07
 4.32013794e+00 3.48639363e-06 5.18939672e-07
 4.34502023e+00 3.50798376e-06 5.36226052e-07
 4.36990113e+00 3.52997070e-06 5.65933667e-07
 4.39478458e+00 3.55368912e-06 6.01977853e-07
 4.41966533e+00 3.57864036e-06 6.42758286e-07
 4.44454469e+00 3.60429604e-06 6.93674406e-07
 4.46942133e+00 3.63124108e-06 7.54913005e-07
 4.49429528e+00 3.65966858e-06 8.27599076e-07
 4.51916647e+00 3.69047808e-06 9.12926087e-07
 4.54403492e+00 3.72324332e-06 1.00848865e-06
 4.56890324e+00 3.75882590e-06 1.11647404e-06
 4.59377143e+00 3.79773806e-06 1.23781466e-06
 4.61863686e+00 3.84082779e-06 1.37422174e-06
 4.64349950e+00 3.88763437e-06 1.52631980e-06
 4.66835937e+00 3.93823019e-06 1.69252742e-06
 4.69321513e+00 3.99360493e-06 1.87529020e-06
 4.71806672e+00 4.05410248e-06 2.08093721e-06
 4.74291418e+00 4.12041683e-06 2.30442207e-06
 4.76776008e+00 4.19343071e-06 2.54537989e-06
 4.79260312e+00 4.27384041e-06 2.80606175e-06
 4.81744461e+00 4.36356211e-06 3.07293955e-06
 4.84228451e+00 4.46176463e-06 3.35634693e-06
 4.86712148e+00 4.56832760e-06 3.66424371e-06
 4.89195551e+00 4.68468292e-06 3.99204278e-06
 4.91678394e+00 4.81025803e-06 4.34406441e-06
 4.94160675e+00 4.94621962e-06 4.71904788e-06
 4.96642523e+00 5.09278266e-06 5.11817852e-06
 4.99123809e+00 5.25106710e-06 5.54356276e-06
 5.01604394e+00 5.42064279e-06 5.99482636e-06
 5.04084411e+00 5.60208894e-06 6.46807713e-06
 5.06563723e+00 5.79579743e-06 6.96867100e-06
 5.09042323e+00 6.00334487e-06 7.50081911e-06
 5.11520081e+00 6.22499022e-06 8.06178096e-06
 5.13996464e+00 6.46245334e-06 8.65044457e-06
 5.16471998e+00 6.71528421e-06 9.26782908e-06
 5.18946675e+00 6.98422852e-06 9.91710528e-06
 5.21420362e+00 7.27057147e-06 1.06015700e-05
 5.23892927e+00 7.57424046e-06 1.13146525e-05
 5.26364230e+00 7.89623804e-06 1.20601423e-05
 5.28834271e+00 8.23722911e-06 1.28375973e-05
 5.31302913e+00 8.59771962e-06 1.36477840e-05
 5.33770413e+00 8.97843024e-06 1.44887543e-05
 5.36236504e+00 9.38036225e-06 1.53603532e-05
 5.38701315e+00 9.80400935e-06 1.62615153e-05
 5.41164314e+00 1.02503364e-05 1.71984353e-05
 5.43625628e+00 1.07205572e-05 1.81630371e-05
 5.46085781e+00 1.12109036e-05 1.91434485e-05
 5.48544374e+00 1.17253973e-05 2.01498705e-05
 5.51000868e+00 1.22646534e-05 2.11879299e-05
 5.53455390e+00 1.28291435e-05 2.22599601e-05
 5.55907937e+00 1.34198036e-05 2.33676389e-05
 5.58358373e+00 1.40368721e-05 2.45018723e-05
 5.60806695e+00 1.46826065e-05 2.56585916e-05
 5.63252762e+00 1.53563152e-05 2.68433054e-05
 5.65696311e+00 1.60584407e-05 2.80549326e-05
 5.68137729e+00 1.67885193e-05 2.92823576e-05
 5.70576617e+00 1.75460468e-05 3.05282633e-05
 5.73013231e+00 1.83324763e-05 3.17903311e-05
 5.75447433e+00 1.91467603e-05 3.30682750e-05
 5.77879221e+00 1.99898330e-05 3.43560776e-05
 5.80308454e+00 2.08622596e-05 3.56509249e-05
 5.82734999e+00 2.17622764e-05 3.69457834e-05
 5.85158719e+00 2.26897211e-05 3.82401506e-05
 5.87579610e+00 2.36449300e-05 3.95356401e-05
 5.89997402e+00 2.46285979e-05 4.08319297e-05
 5.92411958e+00 2.56401878e-05 4.21266299e-05
 5.94823404e+00 2.66793488e-05 4.34164299e-05
 5.97231612e+00 2.77457427e-05 4.46944371e-05
 5.99636437e+00 2.88390684e-05 4.59680330e-05
 6.02037619e+00 2.99592337e-05 4.72247429e-05
 6.04435280e+00 3.11055066e-05 4.84709666e-05
 6.06829421e+00 3.22774661e-05 4.96968576e-05
 6.09219512e+00 3.34751681e-05 5.09075680e-05
 6.11605811e+00 3.46969019e-05 5.20976306e-05
 6.13988183e+00 3.59421925e-05 5.32640096e-05
 6.16366752e+00 3.72112041e-05 5.44063532e-05
 6.18741515e+00 3.85025304e-05 5.55211740e-05
 6.21112468e+00 3.98137661e-05 5.65976274e-05
 6.23479731e+00 4.11440542e-05 5.76367741e-05
 6.25843170e+00 4.24935648e-05 5.86330372e-05
 6.28202645e+00 4.38614978e-05 5.95883479e-05
 6.30558025e+00 4.52468724e-05 6.04997856e-05
 6.32909443e+00 4.66482571e-05 6.13630167e-05
 6.35256894e+00 4.80655682e-05 6.21823053e-05
 6.37600377e+00 4.94995459e-05 6.29617406e-05
 6.39939496e+00 5.09477793e-05 6.36964797e-05
 6.42274118e+00 5.24098634e-05 6.43872573e-05
 6.44604246e+00 5.38853722e-05 6.50436774e-05
 6.46929743e+00 5.53733028e-05 6.56606211e-05
 6.49250874e+00 5.68717893e-05 6.62314076e-05
 6.51567504e+00 5.83790600e-05 6.67576537e-05
 6.53879763e+00 5.98943895e-05 6.72383822e-05
 6.56187388e+00 6.14177463e-05 6.76738538e-05
 6.58490901e+00 6.29466370e-05 6.80572355e-05
 6.60790039e+00 6.44804411e-05 6.83944731e-05
 6.63085066e+00 6.60189650e-05 6.86905703e-05
 6.65375851e+00 6.75623589e-05 6.89464173e-05
 6.67661205e+00 6.91080658e-05 6.91523481e-05
 6.69941791e+00 7.06570853e-05 6.93325437e-05
 6.72217881e+00 7.22095218e-05 6.94789676e-05
 6.74489342e+00 7.37653500e-05 6.96007558e-05
 6.76756176e+00 7.53217703e-05 6.96975812e-05
 6.79018382e+00 7.68791931e-05 6.97709961e-05
 6.81276224e+00 7.84363422e-05 6.98199429e-05
 6.83529439e+00 7.99942654e-05 6.98572980e-05
 6.85778287e+00 8.15496648e-05 6.98688667e-05
 6.88022370e+00 8.31038288e-05 6.98582117e-05
 6.90261953e+00 8.46562670e-05 6.98252491e-05
 6.92496647e+00 8.62068988e-05 6.97785956e-05
 6.94726456e+00 8.77562037e-05 6.97215271e-05
 6.96951252e+00 8.93019928e-05 6.96527287e-05
 6.99170908e+00 9.08471931e-05 6.95853459e-05
 7.01385289e+00 9.23912374e-05 6.95193232e-05
 7.03594396e+00 9.39346025e-05 6.94611915e-05
 7.05798494e+00 9.54747118e-05 6.94049378e-05
 7.07997980e+00 9.70116456e-05 6.93494717e-05
 7.10192983e+00 9.85466854e-05 6.92970481e-05
 7.12383374e+00 1.00078907e-04 6.92507393e-05
 7.14569151e+00 1.01608695e-04 6.92205907e-05
 7.16750322e+00 1.03138498e-04 6.92156472e-05
 7.18926756e+00 1.04669634e-04 6.92456135e-05
 7.21098456e+00 1.06200748e-04 6.93067808e-05
 7.23265414e+00 1.07733663e-04 6.94021111e-05
 7.25427896e+00 1.09268559e-04 6.95323237e-05
 7.27585641e+00 1.10804130e-04 6.96924517e-05
 7.29738913e+00 1.12337995e-04 6.98673184e-05
 7.31887715e+00 1.13869989e-04 7.00557032e-05
 7.34031787e+00 1.15401893e-04 7.02662812e-05
 7.36170869e+00 1.16934546e-04 7.04959115e-05
 7.38304834e+00 1.18468573e-04 7.07540188e-05
 7.40433556e+00 1.20006113e-04 7.10445115e-05
 7.42557038e+00 1.21549369e-04 7.13693746e-05
 7.44675280e+00 1.23099329e-04 7.17331373e-05
 7.46788280e+00 1.24652451e-04 7.21244020e-05
 7.48896171e+00 1.26210573e-04 7.25475412e-05
 7.50999346e+00 1.27773679e-04 7.30088444e-05
 7.53097807e+00 1.29343511e-04 7.35012363e-05
 7.55191557e+00 1.30919796e-04 7.40234727e-05
 7.57280588e+00 1.32504843e-04 7.45958862e-05
 7.59364772e+00 1.34101729e-04 7.52161379e-05
 7.61443717e+00 1.35709262e-04 7.58802029e-05
 7.63517552e+00 1.37326843e-04 7.65756533e-05
 7.65586282e+00 1.38952016e-04 7.72866406e-05
 7.67649910e+00 1.40586509e-04 7.80175475e-05
 7.69707911e+00 1.42230841e-04 7.87723057e-05
 7.71760547e+00 1.43885298e-04 7.95440587e-05
 7.73807558e+00 1.45549503e-04 8.03434007e-05
 7.75848945e+00 1.47225923e-04 8.11794735e-05
 7.77885235e+00 1.48919803e-04 8.20098423e-05
 7.79916421e+00 1.50627606e-04 8.28601341e-05
 7.81942500e+00 1.52346598e-04 8.37248769e-05
 7.83963605e+00 1.54076113e-04 8.46026995e-05
 7.85979470e+00 1.55816668e-04 8.54944204e-05
 7.87990099e+00 1.57570000e-04 8.63991902e-05
 7.89994969e+00 1.59336411e-04 8.73277137e-05
 7.91994216e+00 1.61118124e-04 8.82940659e-05
 7.93987579e+00 1.62911634e-04 8.92733690e-05
 7.95975456e+00 1.64714929e-04 9.02351656e-05
 7.97957845e+00 1.66525718e-04 9.11659899e-05
 7.99935006e+00 1.68344443e-04 9.20755652e-05
 8.01906932e+00 1.70172408e-04 9.29671095e-05
 8.03873489e+00 1.72010041e-04 9.38386147e-05
 8.05834946e+00 1.73858929e-04 9.47118672e-05
 8.07791306e+00 1.75719303e-04 9.55661594e-05
 8.09742701e+00 1.77590690e-04 9.64005982e-05
 8.11688869e+00 1.79467923e-04 9.71864517e-05
 8.13629548e+00 1.81348634e-04 9.79243169e-05
 8.15564478e+00 1.83235551e-04 9.86354832e-05
 8.17493658e+00 1.85130125e-04 9.93250026e-05
 8.19416965e+00 1.87034386e-04 1.00000716e-04
 8.21334525e+00 1.88946750e-04 1.00673625e-04
 8.23246862e+00 1.90864016e-04 1.01316850e-04
 8.25153974e+00 1.92781242e-04 1.01905982e-04
 8.27056000e+00 1.94698736e-04 1.02438737e-04
 8.28952945e+00 1.96607679e-04 1.02881815e-04
 8.30844289e+00 1.98519259e-04 1.03292222e-04
 8.32729506e+00 2.00433999e-04 1.03671580e-04
 8.34608466e+00 2.02350004e-04 1.04021178e-04
 8.36481565e+00 2.04263004e-04 1.04315018e-04
 8.38348930e+00 2.06175314e-04 1.04547822e-04
 8.40210569e+00 2.08087704e-04 1.04730570e-04
 8.42066610e+00 2.10003793e-04 1.04897493e-04
 8.43917056e+00 2.11924110e-04 1.05065618e-04
 8.45762042e+00 2.13846408e-04 1.05222472e-04
 8.47601565e+00 2.15767248e-04 1.05327361e-04
 8.49435759e+00 2.17679946e-04 1.05358455e-04
 8.51264368e+00 2.19580918e-04 1.05317179e-04
 8.53087390e+00 2.21473067e-04 1.05216771e-04
 8.54904564e+00 2.23361850e-04 1.05103843e-04
 8.56716160e+00 2.25243065e-04 1.04978962e-04
 8.58522441e+00 2.27118715e-04 1.04861694e-04
 8.60323667e+00 2.28989988e-04 1.04739103e-04
 8.62119713e+00 2.30854371e-04 1.04590592e-04
 8.63910187e+00 2.32714557e-04 1.04429253e-04
 8.65694956e+00 2.34573200e-04 1.04290365e-04
 8.67474288e+00 2.36430495e-04 1.04148263e-04
 8.69248186e+00 2.38281751e-04 1.03982834e-04
 8.71016913e+00 2.40128648e-04 1.03811278e-04
 8.72780601e+00 2.41972625e-04 1.03658571e-04
 8.74539254e+00 2.43814286e-04 1.03523143e-04
 8.76292479e+00 2.45654784e-04 1.03447097e-04
 8.78040154e+00 2.47491528e-04 1.03399214e-04
 8.79782409e+00 2.49317901e-04 1.03354057e-04
 8.81519380e+00 2.51136201e-04 1.03305489e-04
 8.83251200e+00 2.52946269e-04 1.03268418e-04
 8.84978135e+00 2.54752084e-04 1.03254570e-04
 8.86700312e+00 2.56553296e-04 1.03298888e-04
 8.88417607e+00 2.58353907e-04 1.03360950e-04
 8.90129885e+00 2.60146010e-04 1.03401330e-04
 8.91836890e+00 2.61930314e-04 1.03411675e-04
 8.93538367e+00 2.63709741e-04 1.03427973e-04
 8.95234324e+00 2.65487682e-04 1.03486552e-04
 8.96925158e+00 2.67261718e-04 1.03543770e-04
 8.98610992e+00 2.69026936e-04 1.03618913e-04
 9.00291958e+00 2.70780360e-04 1.03688090e-04
 9.01967799e+00 2.72524641e-04 1.03786710e-04
 9.03638126e+00 2.74268875e-04 1.03921594e-04
 9.05303073e+00 2.76011418e-04 1.04061849e-04
 9.06963037e+00 2.77747352e-04 1.04188442e-04
 9.08618158e+00 2.79476086e-04 1.04289914e-04
 9.10268685e+00 2.81203136e-04 1.04420362e-04
 9.11914368e+00 2.82927824e-04 1.04601989e-04
 9.13554686e+00 2.84648743e-04 1.04845833e-04
 9.15189378e+00 2.86366545e-04 1.05115860e-04
 9.16818448e+00 2.88076680e-04 1.05403611e-04
 9.18441624e+00 2.89778582e-04 1.05674543e-04
 9.20059697e+00 2.91479902e-04 1.05992789e-04
 9.21673193e+00 2.93180961e-04 1.06296220e-04
 9.23282120e+00 2.94881678e-04 1.06557836e-04
 9.24886218e+00 2.96574435e-04 1.06731626e-04
 9.26485750e+00 2.98254448e-04 1.06789053e-04
 9.28080717e+00 2.99925592e-04 1.06775573e-04
 9.29671120e+00 3.01593779e-04 1.06770894e-04
 9.31257225e+00 3.03252901e-04 1.06752363e-04
 9.32838902e+00 3.04900265e-04 1.06709923e-04
 9.34415772e+00 3.06542331e-04 1.06620531e-04
 9.35987308e+00 3.08180398e-04 1.06493961e-04
 9.37553382e+00 3.09816517e-04 1.06330260e-04
 9.39114258e+00 3.11444204e-04 1.06096051e-04
 9.40670467e+00 3.13067631e-04 1.05826349e-04
 9.42221742e+00 3.14684245e-04 1.05542542e-04
 9.43767957e+00 3.16293412e-04 1.05285137e-04
 9.45308989e+00 3.17893929e-04 1.05038324e-04
 9.46844837e+00 3.19484976e-04 1.04760518e-04
 9.48376026e+00 3.21069160e-04 1.04421167e-04
 9.49902820e+00 3.22649023e-04 1.04066809e-04
 9.51424960e+00 3.24225680e-04 1.03724243e-04
 9.52942320e+00 3.25796622e-04 1.03350653e-04
 9.54455028e+00 3.27356122e-04 1.02925779e-04
 9.55963089e+00 3.28897704e-04 1.02457819e-04
 9.57466505e+00 3.30423579e-04 1.01970597e-04
 9.58965544e+00 3.31939623e-04 1.01514716e-04
 9.60460202e+00 3.33445897e-04 1.01040721e-04
 9.61950092e+00 3.34938746e-04 1.00489281e-04
 9.63435346e+00 3.36415826e-04 9.98650534e-05
 9.64915706e+00 3.37882090e-04 9.92395292e-05
 9.66391304e+00 3.39336949e-04 9.86630756e-05
 9.67862268e+00 3.40772235e-04 9.81360583e-05
 9.69328863e+00 3.42189112e-04 9.76167873e-05
 9.70790704e+00 3.43591097e-04 9.70395055e-05
 9.72247926e+00 3.44982462e-04 9.63964069e-05
 9.73700792e+00 3.46365790e-04 9.57370350e-05
 9.75149692e+00 3.47731143e-04 9.50211438e-05
 9.76594109e+00 3.49083885e-04 9.43040113e-05
 9.78033658e+00 3.50422682e-04 9.36220974e-05
 9.79468079e+00 3.51750152e-04 9.29724830e-05
 9.80897897e+00 3.53057729e-04 9.22979055e-05
 9.82324028e+00 3.54341017e-04 9.14943245e-05
 9.83746221e+00 3.55602134e-04 9.05557199e-05
 9.85164078e+00 3.56840157e-04 8.95392767e-05
 9.86577600e+00 3.58046604e-04 8.84216403e-05
 9.87986803e+00 3.59220728e-04 8.72897391e-05
 9.89391804e+00 3.60372956e-04 8.62416464e-05
 9.90792743e+00 3.61508491e-04 8.52341610e-05
 9.92189758e+00 3.62631980e-04 8.42099565e-05
 9.93582854e+00 3.63735340e-04 8.30807427e-05
 9.94972043e+00 3.64832756e-04 8.17906372e-05
 9.96357319e+00 3.65914413e-04 8.05158943e-05
 9.97738424e+00 3.66973919e-04 7.92393252e-05
 9.99115363e+00 3.68012297e-04 7.79638959e-05
 1.00048813e+01 3.69030825e-04 7.65763274e-05
 1.00185636e+01 3.70026071e-04 7.50620414e-05
 1.00322003e+01 3.71002014e-04 7.35089665e-05
 1.00457955e+01 3.71947938e-04 7.19658674e-05
 1.00593480e+01 3.72851847e-04 7.03664098e-05
 1.00728577e+01 3.73715847e-04 6.86913376e-05
 1.00863285e+01 3.74546385e-04 6.69305749e-05
 1.00997644e+01 3.75349420e-04 6.50150425e-05
 1.01131694e+01 3.76124882e-04 6.28959480e-05
 1.01265410e+01 3.76864146e-04 6.05230218e-05
 1.01398790e+01 3.77555504e-04 5.79715247e-05
 1.01531822e+01 3.78207210e-04 5.52488069e-05
 1.01664534e+01 3.78814664e-04 5.23639562e-05
 1.01796939e+01 3.79373483e-04 4.92678497e-05
 1.01929037e+01 3.79888707e-04 4.59399768e-05
 1.02060802e+01 3.80355792e-04 4.24327255e-05
 1.02192235e+01 3.80770655e-04 3.88425287e-05
 1.02323376e+01 3.81132024e-04 3.51346290e-05
 1.02454237e+01 3.81439146e-04 3.12016990e-05
 1.02584782e+01 3.81690934e-04 2.70728078e-05
 1.02714997e+01 3.81887138e-04 2.27927899e-05
 1.02844908e+01 3.82022192e-04 1.83460071e-05
 1.02974555e+01 3.82068969e-04 1.36263703e-05
 1.03103940e+01 3.82038419e-04 8.68418050e-06
 1.03233075e+01 3.81940459e-04 3.45983448e-06
 1.03361947e+01 3.81776997e-04 -2.00199043e-06
 1.03490597e+01 3.81551033e-04 -7.62578535e-06
 1.03619050e+01 3.81251367e-04 -1.34270348e-05
 1.03747256e+01 3.80885542e-04 -1.93006603e-05
 1.03875215e+01 3.80449038e-04 -2.52548999e-05
 1.04002967e+01 3.79952982e-04 -3.13535955e-05
 1.04130537e+01 3.79394842e-04 -3.75952645e-05
 1.04257939e+01 3.78768868e-04 -4.38948238e-05
 1.04385122e+01 3.78072413e-04 -5.01619185e-05
 1.04512138e+01 3.77313891e-04 -5.63921626e-05
 1.04639013e+01 3.76500203e-04 -6.25890184e-05
 1.04765800e+01 3.75630104e-04 -6.88694489e-05
 1.04892449e+01 3.74702480e-04 -7.51739662e-05
 1.05018893e+01 3.73709514e-04 -8.13717183e-05
 1.05145158e+01 3.72657591e-04 -8.74528231e-05
 1.05271285e+01 3.71552522e-04 -9.34873076e-05
 1.05397286e+01 3.70391259e-04 -9.95761844e-05
 1.05523162e+01 3.69169185e-04 -1.05582378e-04
 1.05648940e+01 3.67887366e-04 -1.11384801e-04
 1.05774634e+01 3.66548638e-04 -1.16909837e-04
 1.05900282e+01 3.65146773e-04 -1.22217408e-04
 1.06025859e+01 3.63690170e-04 -1.27350264e-04
 1.06151403e+01 3.62183601e-04 -1.32234444e-04
 1.06276916e+01 3.60616773e-04 -1.36755596e-04
 1.06402411e+01 3.58996271e-04 -1.40981007e-04
 1.06527901e+01 3.57327077e-04 -1.44888452e-04
 1.06653399e+01 3.55617279e-04 -1.48592100e-04
 1.06778933e+01 3.53878120e-04 -1.52150129e-04
 1.06904528e+01 3.52107569e-04 -1.55461749e-04
 1.07030158e+01 3.50295904e-04 -1.58453423e-04
 1.07155796e+01 3.48456738e-04 -1.61210445e-04
 1.07281458e+01 3.46598161e-04 -1.63725277e-04
 1.07407142e+01 3.44719174e-04 -1.65918992e-04
 1.07532875e+01 3.42812174e-04 -1.67796196e-04
 1.07658645e+01 3.40875439e-04 -1.69322107e-04
 1.07784463e+01 3.38919509e-04 -1.70602084e-04
 1.07910306e+01 3.36943581e-04 -1.71599795e-04
 1.08036211e+01 3.34949474e-04 -1.72285479e-04
 1.08162166e+01 3.32938266e-04 -1.72624632e-04
 1.08288156e+01 3.30916383e-04 -1.72629923e-04
 1.08414198e+01 3.28887489e-04 -1.72338222e-04
 1.08540301e+01 3.26856640e-04 -1.71757067e-04
 1.08666480e+01 3.24822787e-04 -1.70843444e-04
 1.08792722e+01 3.22781869e-04 -1.69607684e-04
 1.08919026e+01 3.20738903e-04 -1.68109539e-04
 1.09045404e+01 3.18705972e-04 -1.66377486e-04
 1.09171885e+01 3.16688443e-04 -1.64485647e-04
 1.09298453e+01 3.14685796e-04 -1.62447021e-04
 1.09425043e+01 3.12695349e-04 -1.60297570e-04
 1.09551669e+01 3.10720706e-04 -1.58036273e-04
 1.09678330e+01 3.08769607e-04 -1.55684469e-04
 1.09805052e+01 3.06844655e-04 -1.53261463e-04
 1.09931849e+01 3.04936810e-04 -1.50728068e-04
 1.10058669e+01 3.03046646e-04 -1.48099157e-04
 1.10185562e+01 3.01180507e-04 -1.45410344e-04
 1.10312516e+01 2.99341892e-04 -1.42702810e-04
 1.10439544e+01 2.97529890e-04 -1.39989882e-04
 1.10566632e+01 2.95742434e-04 -1.37273834e-04
 1.10693754e+01 2.93977537e-04 -1.34524907e-04
 1.10820936e+01 2.92244702e-04 -1.31825310e-04
 1.10948179e+01 2.90537436e-04 -1.29111190e-04
 1.11075495e+01 2.88849298e-04 -1.26413971e-04
 1.11202819e+01 2.87183104e-04 -1.23680754e-04
 1.11330175e+01 2.85548735e-04 -1.20958422e-04
 1.11457591e+01 2.83955348e-04 -1.18328018e-04
 1.11585079e+01 2.82399572e-04 -1.15805282e-04
 1.11712626e+01 2.80878330e-04 -1.13372872e-04
 1.11840193e+01 2.79397918e-04 -1.11102997e-04
 1.11967779e+01 2.77956377e-04 -1.08983593e-04
 1.12095385e+01 2.76542534e-04 -1.06938786e-04
 1.12223023e+01 2.75152533e-04 -1.04977158e-04
 1.12350641e+01 2.73789060e-04 -1.03090913e-04
 1.12478265e+01 2.72455379e-04 -1.01346636e-04
 1.12605894e+01 2.71145404e-04 -9.96816463e-05
 1.12733501e+01 2.69857249e-04 -9.80815052e-05
 1.12861075e+01 2.68594212e-04 -9.65470312e-05
 1.12988616e+01 2.67351729e-04 -9.50771339e-05
 1.13116108e+01 2.66131888e-04 -9.36694253e-05
 1.13243552e+01 2.64935897e-04 -9.22993377e-05
 1.13370935e+01 2.63757548e-04 -9.08988916e-05
 1.13498244e+01 2.62599370e-04 -8.95115081e-05
 1.13625504e+01 2.61467365e-04 -8.81623328e-05
 1.13752728e+01 2.60357606e-04 -8.68446006e-05
 1.13879916e+01 2.59267470e-04 -8.55054385e-05
 1.14007017e+01 2.58194750e-04 -8.41742910e-05
 1.14134017e+01 2.57139384e-04 -8.28502330e-05
 1.14260915e+01 2.56102794e-04 -8.15726803e-05
 1.14387738e+01 2.55083758e-04 -8.03776301e-05
 1.14514472e+01 2.54078371e-04 -7.92158258e-05
 1.14641105e+01 2.53087451e-04 -7.80747231e-05
 1.14767649e+01 2.52110602e-04 -7.69852211e-05
 1.14894104e+01 2.51145427e-04 -7.59099285e-05
 1.15020483e+01 2.50188890e-04 -7.48517931e-05
 1.15146762e+01 2.49238700e-04 -7.37946202e-05
 1.15272912e+01 2.48299196e-04 -7.27205119e-05
 1.15398933e+01 2.47370998e-04 -7.16722254e-05
 1.15524853e+01 2.46453628e-04 -7.05894834e-05
 1.15650644e+01 2.45543241e-04 -6.94567113e-05
 1.15776306e+01 2.44638894e-04 -6.83270443e-05
 1.15901853e+01 2.43754197e-04 -6.73833969e-05
 1.16027271e+01 2.42887949e-04 -6.65129436e-05
 1.16152588e+01 2.42037010e-04 -6.56907897e-05
 1.16277775e+01 2.41200056e-04 -6.48955808e-05
 1.16402795e+01 2.40372189e-04 -6.41463439e-05
 1.16527686e+01 2.39554980e-04 -6.35262267e-05
 1.16652423e+01 2.38745654e-04 -6.29380606e-05
 1.16777030e+01 2.37943812e-04 -6.24263614e-05
 1.16901482e+01 2.37149232e-04 -6.19575537e-05
 1.17025767e+01 2.36360750e-04 -6.15753195e-05
 1.17149884e+01 2.35581317e-04 -6.12542861e-05
 1.17273833e+01 2.34809607e-04 -6.09634966e-05
 1.17397574e+01 2.34044880e-04 -6.06720029e-05
 1.17521082e+01 2.33286616e-04 -6.03628256e-05
 1.17644408e+01 2.32537374e-04 -6.00858577e-05
 1.17767552e+01 2.31795624e-04 -5.98142003e-05
 1.17890516e+01 2.31059791e-04 -5.95351327e-05
 1.18013272e+01 2.30328584e-04 -5.92174981e-05
 1.18135808e+01 2.29601156e-04 -5.88806884e-05
 1.18258150e+01 2.28882703e-04 -5.85633829e-05
 1.18380296e+01 2.28171144e-04 -5.82593486e-05
 1.18502236e+01 2.27460662e-04 -5.79903856e-05
 1.18623928e+01 2.26751465e-04 -5.77008092e-05
 1.18745413e+01 2.26045418e-04 -5.74913982e-05
 1.18866690e+01 2.25339217e-04 -5.73683620e-05
 1.18987720e+01 2.24633203e-04 -5.72609764e-05
 1.19108531e+01 2.23919549e-04 -5.72912218e-05
 1.19229108e+01 2.23208734e-04 -5.73553969e-05
 1.19349464e+01 2.22497400e-04 -5.74664594e-05
 1.19469600e+01 2.21787644e-04 -5.76409772e-05
 1.19589528e+01 2.21077395e-04 -5.78526779e-05
 1.19709236e+01 2.20368441e-04 -5.80590635e-05
 1.19828750e+01 2.19659268e-04 -5.83367843e-05
 1.19948070e+01 2.18946987e-04 -5.86470226e-05
 1.20067156e+01 2.18230642e-04 -5.89301598e-05
 1.20186010e+01 2.17507191e-04 -5.91647811e-05
 1.20304669e+01 2.16780526e-04 -5.94410757e-05
 1.20423145e+01 2.16051307e-04 -5.97738658e-05
 1.20541428e+01 2.15318868e-04 -6.01825066e-05
 1.20659490e+01 2.14582820e-04 -6.06750893e-05
 1.20777319e+01 2.13844833e-04 -6.12153034e-05
 1.20894927e+01 2.13102337e-04 -6.18083701e-05
 1.21012302e+01 2.12354717e-04 -6.24130443e-05
 1.21129443e+01 2.11604235e-04 -6.30199070e-05
 1.21246325e+01 2.10848287e-04 -6.36235424e-05
 1.21362945e+01 2.10088027e-04 -6.42047333e-05
 1.21479345e+01 2.09326754e-04 -6.47938961e-05
 1.21595512e+01 2.08563704e-04 -6.54294323e-05
 1.21711432e+01 2.07794413e-04 -6.60322447e-05
 1.21827106e+01 2.07022472e-04 -6.66138846e-05
 1.21942520e+01 2.06247407e-04 -6.72211940e-05
 1.22057688e+01 2.05469161e-04 -6.78750850e-05
 1.22172636e+01 2.04686871e-04 -6.85315738e-05
 1.22287336e+01 2.03897757e-04 -6.91342419e-05
 1.22401817e+01 2.03100495e-04 -6.96871931e-05
 1.22516065e+01 2.02300301e-04 -7.02463510e-05
 1.22630052e+01 2.01496262e-04 -7.08206939e-05
 1.22743805e+01 2.00684137e-04 -7.14119849e-05
 1.22857300e+01 1.99862325e-04 -7.20297945e-05
 1.22970535e+01 1.99036411e-04 -7.26419251e-05
 1.23083524e+01 1.98205327e-04 -7.32972221e-05
 1.23196278e+01 1.97370108e-04 -7.39508270e-05
 1.23308799e+01 1.96529672e-04 -7.45842697e-05
 1.23421113e+01 1.95686140e-04 -7.51868451e-05
 1.23533233e+01 1.94843673e-04 -7.58518660e-05
 1.23645147e+01 1.93998426e-04 -7.65032868e-05
 1.23756853e+01 1.93146819e-04 -7.71017575e-05
 1.23868352e+01 1.92284761e-04 -7.76561557e-05
 1.23979643e+01 1.91418810e-04 -7.81589555e-05
 1.24090740e+01 1.90549123e-04 -7.86296375e-05
 1.24201630e+01 1.89673857e-04 -7.90518047e-05
 1.24312300e+01 1.88794369e-04 -7.94076109e-05
 1.24422737e+01 1.87913584e-04 -7.97449910e-05
 1.24532980e+01 1.87033347e-04 -8.01125849e-05
 1.24642990e+01 1.86152635e-04 -8.04637721e-05
 1.24752766e+01 1.85272272e-04 -8.08326391e-05
 1.24862335e+01 1.84394787e-04 -8.11979217e-05
 1.24971656e+01 1.83521037e-04 -8.15956179e-05
 1.25080783e+01 1.82645542e-04 -8.19791186e-05
 1.25189689e+01 1.81770677e-04 -8.23958381e-05
 1.25298387e+01 1.80896903e-04 -8.27916915e-05
 1.25406851e+01 1.80020506e-04 -8.31589381e-05
 1.25515095e+01 1.79141705e-04 -8.34778587e-05
 1.25623093e+01 1.78260414e-04 -8.37639181e-05
 1.25730844e+01 1.77373118e-04 -8.39966626e-05
 1.25838374e+01 1.76484167e-04 -8.41746485e-05
 1.25945670e+01 1.75591947e-04 -8.42928004e-05
 1.26052707e+01 1.74696677e-04 -8.43878854e-05
 1.26159471e+01 1.73799195e-04 -8.44348826e-05
 1.26265963e+01 1.72902386e-04 -8.44289813e-05
 1.26372209e+01 1.72000390e-04 -8.44938487e-05
 1.26478208e+01 1.71097272e-04 -8.45591331e-05
 1.26583946e+01 1.70196032e-04 -8.45707380e-05
 1.26689451e+01 1.69297258e-04 -8.45646730e-05
 1.26794721e+01 1.68398905e-04 -8.45377522e-05
 1.26899770e+01 1.67501807e-04 -8.45500589e-05
 1.27004612e+01 1.66608018e-04 -8.45970139e-05
 1.27109221e+01 1.65712655e-04 -8.46277612e-05
 1.27213609e+01 1.64816241e-04 -8.46832424e-05
 1.27317763e+01 1.63918868e-04 -8.47128366e-05
 1.27421696e+01 1.63023393e-04 -8.47030552e-05
 1.27525408e+01 1.62131994e-04 -8.47188021e-05
 1.27628885e+01 1.61246157e-04 -8.47684802e-05
 1.27732116e+01 1.60361862e-04 -8.47634567e-05
 1.27835112e+01 1.59480143e-04 -8.47108073e-05
 1.27937835e+01 1.58598354e-04 -8.46362194e-05
 1.28040323e+01 1.57718915e-04 -8.45781964e-05
 1.28142578e+01 1.56846489e-04 -8.45659228e-05
 1.28244586e+01 1.55975894e-04 -8.46035175e-05
 1.28346346e+01 1.55109162e-04 -8.47358671e-05
 1.28447872e+01 1.54245019e-04 -8.49104926e-05
 1.28549163e+01 1.53385882e-04 -8.51780356e-05
 1.28650219e+01 1.52529616e-04 -8.54795823e-05
 1.28751028e+01 1.51673722e-04 -8.58272016e-05
 1.28851589e+01 1.50817726e-04 -8.61818227e-05
 1.28951902e+01 1.49958889e-04 -8.65222444e-05
 1.29051954e+01 1.49100239e-04 -8.68375145e-05
 1.29151732e+01 1.48242029e-04 -8.71244920e-05
 1.29251223e+01 1.47384211e-04 -8.74074000e-05
 1.29350441e+01 1.46522503e-04 -8.76692384e-05
 1.29449371e+01 1.45658856e-04 -8.79140559e-05
 1.29548054e+01 1.44788197e-04 -8.81539715e-05
 1.29646501e+01 1.43907838e-04 -8.84176060e-05
 1.29744701e+01 1.43025919e-04 -8.87038216e-05
 1.29842639e+01 1.42140469e-04 -8.89402671e-05
 1.29940342e+01 1.41254327e-04 -8.91795389e-05
 1.30037797e+01 1.40368364e-04 -8.94629591e-05
 1.30135003e+01 1.39480503e-04 -8.97022770e-05
 1.30231988e+01 1.38602151e-04 -9.00426600e-05
 1.30328712e+01 1.37724524e-04 -9.03250288e-05
 1.30425173e+01 1.36847343e-04 -9.05997233e-05
 1.30521375e+01 1.35969690e-04 -9.08553518e-05
 1.30617315e+01 1.35092576e-04 -9.10950921e-05
 1.30712994e+01 1.34213361e-04 -9.12575316e-05
 1.30808410e+01 1.33335261e-04 -9.14180378e-05
 1.30903552e+01 1.32460778e-04 -9.15713709e-05
 1.30998433e+01 1.31584372e-04 -9.17057353e-05
 1.31093065e+01 1.30707240e-04 -9.18453757e-05
 1.31187448e+01 1.29832036e-04 -9.19983064e-05
 1.31281595e+01 1.28959033e-04 -9.21646723e-05
 1.31375519e+01 1.28085878e-04 -9.23976899e-05
 1.31469181e+01 1.27216646e-04 -9.27053541e-05
 1.31562606e+01 1.26349851e-04 -9.30098348e-05
 1.31655809e+01 1.25487210e-04 -9.33274333e-05
 1.31748762e+01 1.24625087e-04 -9.36694524e-05
 1.31841455e+01 1.23763319e-04 -9.39977165e-05
 1.31933872e+01 1.22903597e-04 -9.43260721e-05
 1.32026027e+01 1.22042924e-04 -9.46283293e-05
 1.32117932e+01 1.21182866e-04 -9.48816335e-05
 1.32209574e+01 1.20320498e-04 -9.51780619e-05
 1.32300966e+01 1.19457042e-04 -9.54811798e-05
 1.32392109e+01 1.18590763e-04 -9.57416790e-05
 1.32483016e+01 1.17724192e-04 -9.59747414e-05
 1.32573700e+01 1.16856782e-04 -9.61978058e-05
 1.32664161e+01 1.15970930e-04 -9.66210366e-05
 1.32754373e+01 1.15077504e-04 -9.70765798e-05
 1.32844363e+01 1.14180406e-04 -9.75573114e-05
 1.32934115e+01 1.13277569e-04 -9.80498217e-05
 1.33023631e+01 1.12372973e-04 -9.84975408e-05
 1.33112909e+01 1.11468615e-04 -9.89887061e-05
 1.33201965e+01 1.10566132e-04 -9.95441471e-05
 1.33290795e+01 1.09660411e-04 -1.00099499e-04
 1.33379390e+01 1.08756510e-04 -1.00655866e-04
 1.33467749e+01 1.07854419e-04 -1.01151880e-04
 1.33555882e+01 1.06954079e-04 -1.01603131e-04
 1.33643804e+01 1.06052107e-04 -1.01999871e-04
 1.33731489e+01 1.05154185e-04 -1.02333121e-04
 1.33818950e+01 1.04256501e-04 -1.02610779e-04
 1.33906200e+01 1.03361698e-04 -1.02821499e-04
 1.33993252e+01 1.02471412e-04 -1.03053999e-04
 1.34080105e+01 1.01582973e-04 -1.03251980e-04
 1.34166772e+01 1.00698252e-04 -1.03406697e-04
 1.34253201e+01 9.98185011e-05 -1.03570074e-04
 1.34339392e+01 9.89441194e-05 -1.03716830e-04
 1.34425396e+01 9.80707981e-05 -1.03858048e-04
 1.34511201e+01 9.72012448e-05 -1.04004400e-04
 1.34596808e+01 9.63334408e-05 -1.04127372e-04
 1.34682216e+01 9.54686008e-05 -1.04233243e-04
 1.34767424e+01 9.46034735e-05 -1.04295082e-04
 1.34852459e+01 9.37384447e-05 -1.04237948e-04
 1.34937321e+01 9.28753968e-05 -1.04140615e-04
 1.35022037e+01 9.20146417e-05 -1.04019514e-04
 1.35106605e+01 9.11523570e-05 -1.03845539e-04
 1.35191038e+01 9.02948507e-05 -1.03592771e-04
 1.35275349e+01 8.94422194e-05 -1.03255337e-04
 1.35359552e+01 8.85885753e-05 -1.02929198e-04
 1.35443673e+01 8.77336045e-05 -1.02657116e-04
 1.35527671e+01 8.68796976e-05 -1.02355013e-04
 1.35611561e+01 8.60268131e-05 -1.02047390e-04
 1.35695356e+01 8.51778994e-05 -1.01730141e-04
 1.35779055e+01 8.43330920e-05 -1.01357824e-04
 1.35862657e+01 8.34917673e-05 -1.00881124e-04
 1.35946177e+01 8.26613809e-05 -1.00462575e-04
 1.36029600e+01 8.18379831e-05 -1.00015216e-04
 1.36112928e+01 8.10172369e-05 -9.94536375e-05
 1.36196172e+01 8.01993336e-05 -9.88283767e-05
 1.36279346e+01 7.93867567e-05 -9.81465169e-05
 1.36362462e+01 7.85838125e-05 -9.73968547e-05
 1.36445508e+01 7.77857771e-05 -9.66301772e-05
 1.36528471e+01 7.69956665e-05 -9.58472472e-05
 1.36611364e+01 7.62166225e-05 -9.50694245e-05
 1.36694200e+01 7.54431416e-05 -9.43193142e-05
 1.36776964e+01 7.46746320e-05 -9.35481565e-05
 1.36859657e+01 7.39147491e-05 -9.27245272e-05
 1.36942280e+01 7.31641847e-05 -9.18217828e-05
 1.37024803e+01 7.24206589e-05 -9.09605987e-05
 1.37107280e+01 7.16829647e-05 -9.00550848e-05
 1.37189710e+01 7.09551723e-05 -8.91166661e-05
 1.37272081e+01 7.02363968e-05 -8.81677013e-05
 1.37354419e+01 6.95222891e-05 -8.71802238e-05
 1.37436712e+01 6.88159437e-05 -8.61991559e-05
 1.37518958e+01 6.81181809e-05 -8.52096184e-05
 1.37601158e+01 6.74276747e-05 -8.42241322e-05
 1.37683325e+01 6.67441824e-05 -8.32107579e-05
 1.37765458e+01 6.60674419e-05 -8.21397256e-05
 1.37847559e+01 6.53980622e-05 -8.10782147e-05
 1.37929600e+01 6.47365413e-05 -8.00109606e-05
 1.38011622e+01 6.40825507e-05 -7.89332648e-05
 1.38093624e+01 6.34299325e-05 -7.79004276e-05
 1.38175592e+01 6.27823137e-05 -7.68261255e-05
 1.38257527e+01 6.21425921e-05 -7.56790735e-05
 1.38339429e+01 6.15121337e-05 -7.45368482e-05
 1.38421296e+01 6.08906086e-05 -7.33680280e-05
 1.38503157e+01 6.02818662e-05 -7.22100602e-05
 1.38585011e+01 5.96900863e-05 -7.11114759e-05
 1.38666818e+01 5.91118323e-05 -7.00227251e-05
 1.38748591e+01 5.85435725e-05 -6.89387397e-05
 1.38830331e+01 5.79868581e-05 -6.78551520e-05
 1.38912062e+01 5.74430429e-05 -6.67813067e-05
 1.38993772e+01 5.69097499e-05 -6.57298546e-05
 1.39075409e+01 5.63849355e-05 -6.46674942e-05
 1.39157000e+01 5.58692520e-05 -6.35605970e-05
 1.39238503e+01 5.53656967e-05 -6.24291600e-05
 1.39319920e+01 5.48709147e-05 -6.13648868e-05
 1.39401250e+01 5.43835009e-05 -6.03314858e-05
 1.39482456e+01 5.39073476e-05 -5.92582004e-05
 1.39563536e+01 5.34422603e-05 -5.82090109e-05
 1.39644475e+01 5.29858632e-05 -5.71591909e-05
 1.39725316e+01 5.25385766e-05 -5.61665938e-05
 1.39806030e+01 5.21008112e-05 -5.52296367e-05
 1.39886604e+01 5.16707007e-05 -5.43090585e-05
 1.39967039e+01 5.12461544e-05 -5.34197750e-05
 1.40047335e+01 5.08305698e-05 -5.26152797e-05
 1.40127518e+01 5.04218582e-05 -5.18005792e-05
 1.40207575e+01 5.00187101e-05 -5.09472247e-05
 1.40287518e+01 4.96187739e-05 -5.00893703e-05
 1.40367334e+01 4.92254291e-05 -4.92552106e-05
 1.40447025e+01 4.88366541e-05 -4.84182777e-05
 1.40526589e+01 4.84498399e-05 -4.75638979e-05
 1.40606026e+01 4.80643845e-05 -4.67450113e-05
 1.40685363e+01 4.76737202e-05 -4.59693936e-05
 1.40764586e+01 4.72841290e-05 -4.52584135e-05
 1.40843669e+01 4.68973210e-05 -4.45530191e-05
 1.40922639e+01 4.65111149e-05 -4.38640297e-05
 1.41001495e+01 4.61239308e-05 -4.31475370e-05
 1.41080237e+01 4.57388012e-05 -4.23698313e-05
 1.41158906e+01 4.53711287e-05 -4.18648525e-05
 1.41237461e+01 4.50135920e-05 -4.14609494e-05
 1.41315903e+01 4.46621352e-05 -4.11242842e-05
 1.41394245e+01 4.43174445e-05 -4.08846442e-05
 1.41472473e+01 4.39789309e-05 -4.06682114e-05
 1.41550601e+01 4.36457699e-05 -4.05150174e-05
 1.41628627e+01 4.33199484e-05 -4.03798908e-05
 1.41706552e+01 4.29999065e-05 -4.03427403e-05
 1.41784365e+01 4.26823677e-05 -4.03665994e-05
 1.41862063e+01 4.23656337e-05 -4.04186096e-05
 1.41939648e+01 4.20500798e-05 -4.05020009e-05
 1.42017131e+01 4.17396239e-05 -4.06052069e-05
 1.42094499e+01 4.14293966e-05 -4.06898186e-05
 1.42171752e+01 4.11215786e-05 -4.08440746e-05
 1.42248904e+01 4.08132392e-05 -4.10154198e-05
 1.42325955e+01 4.05083370e-05 -4.11745632e-05
 1.42402905e+01 4.02059064e-05 -4.13222030e-05
 1.42479754e+01 3.99031913e-05 -4.14490879e-05
 1.42556501e+01 3.95997782e-05 -4.15609654e-05
 1.42633146e+01 3.92917490e-05 -4.16378142e-05
 1.42709691e+01 3.89847409e-05 -4.16941180e-05
 1.42786146e+01 3.86737014e-05 -4.17932399e-05
 1.42862501e+01 3.83632009e-05 -4.18533791e-05
 1.42938741e+01 3.80536965e-05 -4.18293969e-05
 1.43014893e+01 3.77453192e-05 -4.17765341e-05
 1.43090981e+01 3.74325839e-05 -4.17238028e-05
 1.43166994e+01 3.71071054e-05 -4.18542504e-05
 1.43242959e+01 3.67767730e-05 -4.20135360e-05
 1.43318874e+01 3.64457259e-05 -4.22078557e-05
 1.43394740e+01 3.61099157e-05 -4.23530409e-05
 1.43470594e+01 3.57694560e-05 -4.24057519e-05
 1.43546439e+01 3.54303004e-05 -4.24896067e-05
 1.43622260e+01 3.50977834e-05 -4.26059958e-05
 1.43698045e+01 3.47648677e-05 -4.27592947e-05
 1.43773807e+01 3.44331314e-05 -4.29598665e-05
 1.43849572e+01 3.41042042e-05 -4.31369161e-05
 1.43925327e+01 3.37776402e-05 -4.32727638e-05
 1.44001084e+01 3.34491099e-05 -4.33766709e-05
 1.44076818e+01 3.31231787e-05 -4.34020017e-05
 1.44152554e+01 3.27989316e-05 -4.33639036e-05
 1.44228268e+01 3.24756225e-05 -4.32957824e-05
 1.44303984e+01 3.21547216e-05 -4.32033113e-05
 1.44379702e+01 3.18348169e-05 -4.30932623e-05
 1.44455422e+01 3.15155634e-05 -4.28896129e-05
 1.44531132e+01 3.12017864e-05 -4.26802362e-05
 1.44606818e+01 3.08878658e-05 -4.25597430e-05
 1.44682493e+01 3.05757304e-05 -4.23963094e-05
 1.44758169e+01 3.02700198e-05 -4.22451947e-05
 1.44833835e+01 2.99677611e-05 -4.21412183e-05
 1.44909477e+01 2.96681832e-05 -4.20071478e-05
 1.44985095e+01 2.93690009e-05 -4.18157766e-05
 1.45060676e+01 2.90707759e-05 -4.16055785e-05
 1.45136234e+01 2.87733386e-05 -4.13402398e-05
 1.45211780e+01 2.84753680e-05 -4.09965079e-05
 1.45287303e+01 2.81784365e-05 -4.05800242e-05
 1.45362815e+01 2.78825263e-05 -4.01531616e-05
 1.45438303e+01 2.75911997e-05 -3.96555512e-05
 1.45513781e+01 2.72996746e-05 -3.91278660e-05
 1.45589248e+01 2.70083009e-05 -3.86161456e-05
 1.45664729e+01 2.67189993e-05 -3.80761028e-05
 1.45740213e+01 2.64309543e-05 -3.75118048e-05
 1.45815698e+01 2.61467131e-05 -3.69491637e-05
 1.45891186e+01 2.58671266e-05 -3.63257396e-05
 1.45966676e+01 2.55936022e-05 -3.56619462e-05
 1.46042168e+01 2.53317395e-05 -3.50512583e-05
 1.46117662e+01 2.50770478e-05 -3.44456931e-05
 1.46193158e+01 2.48272866e-05 -3.37714503e-05
 1.46268655e+01 2.45826934e-05 -3.31037521e-05
 1.46344155e+01 2.43452789e-05 -3.24066216e-05
 1.46419656e+01 2.41121245e-05 -3.17045053e-05
 1.46495158e+01 2.38820028e-05 -3.10150319e-05
 1.46570675e+01 2.36574704e-05 -3.02572186e-05
 1.46646193e+01 2.34405553e-05 -2.94940601e-05
 1.46721727e+01 2.32270609e-05 -2.87316197e-05
 1.46797276e+01 2.30182719e-05 -2.79200039e-05
 1.46872814e+01 2.28138708e-05 -2.71212504e-05
 1.46948340e+01 2.26149976e-05 -2.63658742e-05
 1.47023855e+01 2.24221592e-05 -2.56458367e-05
 1.47099356e+01 2.22327058e-05 -2.48955556e-05
 1.47174847e+01 2.20486866e-05 -2.42105570e-05
 1.47250327e+01 2.18710567e-05 -2.35956605e-05
 1.47325782e+01 2.16947075e-05 -2.29836579e-05
 1.47401213e+01 2.15216135e-05 -2.23550574e-05
 1.47476619e+01 2.13487024e-05 -2.17374865e-05
 1.47552000e+01 2.11792147e-05 -2.11547559e-05
 1.47627356e+01 2.10143887e-05 -2.05508013e-05
 1.47702675e+01 2.08502271e-05 -1.99705042e-05
 1.47777968e+01 2.06897279e-05 -1.94140897e-05
 1.47853224e+01 2.05352673e-05 -1.88514321e-05
 1.47928456e+01 2.03806612e-05 -1.82960883e-05
 1.48003663e+01 2.02193882e-05 -1.78622586e-05
 1.48078846e+01 2.00598736e-05 -1.74711338e-05
 1.48153990e+01 1.99048021e-05 -1.70190104e-05
 1.48229098e+01 1.97488137e-05 -1.66204228e-05
 1.48304167e+01 1.95975495e-05 -1.62099832e-05
 1.48379212e+01 1.94510633e-05 -1.58154210e-05
 1.48454233e+01 1.93136451e-05 -1.55412904e-05
 1.48529241e+01 1.91813586e-05 -1.53625302e-05
 1.48604225e+01 1.90494498e-05 -1.52434746e-05
 1.48679185e+01 1.89235340e-05 -1.51502013e-05
 1.48754145e+01 1.88030629e-05 -1.50899512e-05
 1.48829093e+01 1.86842487e-05 -1.50600764e-05
 1.48904028e+01 1.85665107e-05 -1.50811372e-05
 1.48978965e+01 1.84500052e-05 -1.51070096e-05
 1.49053877e+01 1.83353645e-05 -1.51748889e-05
 1.49128777e+01 1.82223331e-05 -1.52881941e-05
 1.49203651e+01 1.81088740e-05 -1.54141060e-05
 1.49278528e+01 1.79967894e-05 -1.55353403e-05
 1.49353366e+01 1.78833317e-05 -1.56441678e-05
 1.49428178e+01 1.77721832e-05 -1.57618014e-05
 1.49502940e+01 1.76634969e-05 -1.58954645e-05
 1.49577676e+01 1.75552588e-05 -1.60836324e-05
 1.49652374e+01 1.74452418e-05 -1.63384294e-05
 1.49727035e+01 1.73304990e-05 -1.66062101e-05
 1.49801656e+01 1.72129023e-05 -1.68868187e-05
 1.49876241e+01 1.70919619e-05 -1.71810094e-05
 1.49950800e+01 1.69715684e-05 -1.74433371e-05
 1.50025335e+01 1.68486937e-05 -1.76309529e-05
 1.50099845e+01 1.67213570e-05 -1.77834744e-05
 1.50174330e+01 1.65913457e-05 -1.78857557e-05
 1.50248790e+01 1.64598627e-05 -1.79454226e-05
 1.50323226e+01 1.63267510e-05 -1.80304100e-05
 1.50397637e+01 1.61856827e-05 -1.81353032e-05
 1.50472010e+01 1.60466184e-05 -1.82258111e-05
 1.50546358e+01 1.59066807e-05 -1.82181261e-05
 1.50620681e+01 1.57607451e-05 -1.81341623e-05
 1.50694991e+01 1.56107266e-05 -1.79801410e-05
 1.50769290e+01 1.54626270e-05 -1.77693528e-05
 1.50843589e+01 1.53262482e-05 -1.76957781e-05
 1.50917904e+01 1.51930963e-05 -1.76716480e-05
 1.50992232e+01 1.50590636e-05 -1.76954121e-05
 1.51066561e+01 1.49251324e-05 -1.77410246e-05
 1.51140890e+01 1.47956030e-05 -1.77303500e-05
 1.51215220e+01 1.46656304e-05 -1.77621268e-05
 1.51289577e+01 1.45321632e-05 -1.78121983e-05
 1.51363962e+01 1.44008115e-05 -1.78932110e-05
 1.51438360e+01 1.42737359e-05 -1.79481610e-05
 1.51512773e+01 1.41466856e-05 -1.79892214e-05
 1.51587212e+01 1.40173080e-05 -1.80210613e-05
 1.51661653e+01 1.38929822e-05 -1.79901810e-05
 1.51736120e+01 1.37699639e-05 -1.78821133e-05
 1.51810587e+01 1.36450342e-05 -1.78390492e-05
 1.51885080e+01 1.35195622e-05 -1.78143302e-05
 1.51959587e+01 1.33943531e-05 -1.77533114e-05
 1.52034108e+01 1.32724370e-05 -1.76795298e-05
 1.52108642e+01 1.31476547e-05 -1.75980641e-05
 1.52183178e+01 1.30196778e-05 -1.75071279e-05
 1.52257714e+01 1.28942234e-05 -1.74709168e-05
 1.52332238e+01 1.27690470e-05 -1.73857750e-05
 1.52406776e+01 1.26421617e-05 -1.72856269e-05
 1.52481328e+01 1.25177556e-05 -1.71399799e-05
 1.52555882e+01 1.23942602e-05 -1.69147517e-05
 1.52630450e+01 1.22706692e-05 -1.66782349e-05
 1.52705033e+01 1.21464910e-05 -1.64801561e-05
 1.52779656e+01 1.20108962e-05 -1.64954261e-05
 1.52854268e+01 1.18561436e-05 -1.68491199e-05
 1.52928883e+01 1.16881872e-05 -1.73866663e-05
 1.53003499e+01 1.15130181e-05 -1.80792134e-05
 1.53078103e+01 1.13257830e-05 -1.88609891e-05
 1.53152735e+01 1.11385682e-05 -1.96617849e-05
 1.53227369e+01 1.09535658e-05 -2.04680200e-05
 1.53302031e+01 1.07640627e-05 -2.13344356e-05
 1.53376707e+01 1.05743110e-05 -2.22133041e-05
 1.53451424e+01 1.03850399e-05 -2.30889086e-05
 1.53526167e+01 1.01969258e-05 -2.38936492e-05
 1.53600951e+01 1.00057979e-05 -2.46855975e-05
 1.53675775e+01 9.81651157e-06 -2.53580461e-05
 1.53750626e+01 9.62938706e-06 -2.58998116e-05
 1.53825490e+01 9.44517620e-06 -2.62927903e-05
 1.53900368e+01 9.26281848e-06 -2.66508866e-05
 1.53975261e+01 9.08184784e-06 -2.68980202e-05
 1.54050154e+01 8.90417432e-06 -2.70737675e-05
 1.54125048e+01 8.73292378e-06 -2.71699795e-05
 1.54199955e+01 8.56148066e-06 -2.72191664e-05
 1.54274876e+01 8.39131895e-06 -2.71509598e-05
 1.54349799e+01 8.22408299e-06 -2.70326642e-05
 1.54424722e+01 8.06051858e-06 -2.68214361e-05
 1.54499660e+01 7.89901063e-06 -2.66003536e-05
 1.54574599e+01 7.74217437e-06 -2.62947909e-05
 1.54649512e+01 7.58843364e-06 -2.58398353e-05
 1.54724388e+01 7.43806407e-06 -2.52581551e-05
 1.54799225e+01 7.29043927e-06 -2.46481657e-05
 1.54874051e+01 7.14607368e-06 -2.39759496e-05
 1.54948865e+01 7.00455620e-06 -2.32488840e-05
 1.55023655e+01 6.86658877e-06 -2.24370035e-05
 1.55098407e+01 6.73119190e-06 -2.16671478e-05
 1.55173120e+01 6.59786012e-06 -2.08723339e-05
 1.55247822e+01 6.46792962e-06 -1.99282707e-05
 1.55322511e+01 6.34381555e-06 -1.89460223e-05
 1.55397163e+01 6.22287459e-06 -1.79428166e-05
 1.55471828e+01 6.10497135e-06 -1.67898735e-05
 1.55546469e+01 5.99418822e-06 -1.55753848e-05
 1.55621098e+01 5.89558091e-06 -1.44850421e-05
 1.55695703e+01 5.80313310e-06 -1.34130923e-05
 1.55770296e+01 5.71508856e-06 -1.22365477e-05
 1.55844877e+01 5.63683903e-06 -1.10531528e-05
 1.55919445e+01 5.56418409e-06 -9.82529375e-06
 1.55994027e+01 5.49743890e-06 -8.57436285e-06
 1.56068610e+01 5.43460229e-06 -7.31190246e-06
 1.56143194e+01 5.37862992e-06 -6.03944291e-06
 1.56217765e+01 5.32996276e-06 -4.83373557e-06
 1.56292325e+01 5.28565395e-06 -3.58431107e-06
 1.56366859e+01 5.24634563e-06 -2.30426393e-06
 1.56441381e+01 5.21498836e-06 -1.02759470e-06
 1.56515890e+01 5.19081148e-06 1.89894575e-07
 1.56590308e+01 5.17356975e-06 1.30706402e-06
 1.56664762e+01 5.16020055e-06 2.21116821e-06
 1.56739242e+01 5.15250576e-06 2.97651970e-06
 1.56813721e+01 5.14912343e-06 3.63484147e-06
 1.56888212e+01 5.14816797e-06 4.17940656e-06
 1.56962691e+01 5.14829133e-06 4.63355497e-06
 1.57037156e+01 5.14731556e-06 5.04415846e-06
 1.57111594e+01 5.14801638e-06 5.41833730e-06
 1.57186007e+01 5.15070315e-06 5.73367977e-06
 1.57260380e+01 5.15533462e-06 5.93605674e-06
 1.57334741e+01 5.16210041e-06 6.02779453e-06
 1.57409063e+01 5.16747635e-06 5.94462079e-06
 1.57483348e+01 5.17523849e-06 5.78313258e-06
 1.57557606e+01 5.17570065e-06 5.48328743e-06
 1.57631853e+01 5.17322189e-06 5.12811577e-06
 1.57706073e+01 5.17188521e-06 4.71165865e-06
 1.57780268e+01 5.16577548e-06 4.17052127e-06
 1.57854464e+01 5.15765311e-06 3.59160680e-06
 1.57928661e+01 5.15023220e-06 2.98300425e-06
 1.58002845e+01 5.14746972e-06 2.23587039e-06
 1.58077043e+01 5.14108708e-06 1.42325371e-06
 1.58151241e+01 5.13077477e-06 5.93609541e-07
 1.58225440e+01 5.12101036e-06 -2.77888568e-07
 1.58299626e+01 5.11123123e-06 -1.18889567e-06
 1.58373826e+01 5.09783153e-06 -2.07544026e-06
 1.58448052e+01 5.08177227e-06 -2.92508519e-06
 1.58522305e+01 5.06274992e-06 -3.80125595e-06
 1.58596571e+01 5.04238245e-06 -4.74938288e-06
 1.58670838e+01 5.01956177e-06 -5.74201231e-06
 1.58745104e+01 4.99070439e-06 -6.67622506e-06
 1.58819397e+01 4.96084401e-06 -7.62903717e-06
 1.58893716e+01 4.93074856e-06 -8.62565546e-06
 1.58968049e+01 4.89807871e-06 -9.61879585e-06
 1.59042382e+01 4.86149242e-06 -1.05119010e-05
 1.59116728e+01 4.82114455e-06 -1.13637087e-05
 1.59191101e+01 4.77841016e-06 -1.22101362e-05
 1.59265474e+01 4.72829144e-06 -1.29357160e-05
 1.59339849e+01 4.67121087e-06 -1.35457108e-05
 1.59414210e+01 4.61043130e-06 -1.41303500e-05
 1.59488558e+01 4.54494482e-06 -1.46703496e-05
 1.59562907e+01 4.47404665e-06 -1.51072248e-05
 1.59637256e+01 4.39671489e-06 -1.53721659e-05
 1.59711606e+01 4.31505761e-06 -1.55683797e-05
 1.59785930e+01 4.23093141e-06 -1.56601985e-05
 1.59860255e+01 4.14151860e-06 -1.56697455e-05
 1.59934581e+01 4.04340063e-06 -1.55617351e-05
 1.60008907e+01 3.93687317e-06 -1.53855503e-05
 1.60083221e+01 3.82385027e-06 -1.50038990e-05
 1.60157548e+01 3.70260574e-06 -1.44230261e-05
 1.60231875e+01 3.57497861e-06 -1.36575764e-05
 1.60306204e+01 3.44190600e-06 -1.27499985e-05
 1.60380573e+01 3.31456651e-06 -1.18738364e-05
 1.60454930e+01 3.20571128e-06 -1.12089947e-05
 1.60529263e+01 3.11050215e-06 -1.06217621e-05
 1.60603609e+01 3.02242413e-06 -1.01357842e-05
 1.60677931e+01 2.94466212e-06 -9.77472621e-06
 1.60752266e+01 2.86981123e-06 -9.41412629e-06
 1.60826627e+01 2.79576272e-06 -9.06430033e-06
 1.60901017e+01 2.72919415e-06 -8.78444159e-06
 1.60975431e+01 2.67183763e-06 -8.43891750e-06
 1.61049873e+01 2.61799086e-06 -8.12344472e-06
 1.61124327e+01 2.56787345e-06 -7.75647588e-06
 1.61198808e+01 2.52178761e-06 -7.50780676e-06
 1.61273303e+01 2.47405160e-06 -7.26778310e-06
 1.61347784e+01 2.42673593e-06 -7.05235197e-06
 1.61422251e+01 2.37956426e-06 -6.79244200e-06
 1.61496734e+01 2.33337183e-06 -6.57678804e-06
 1.61571228e+01 2.28772729e-06 -6.39197691e-06
 1.61645710e+01 2.23970376e-06 -6.26810758e-06
 1.61720180e+01 2.19018055e-06 -6.09645924e-06
 1.61794623e+01 2.14364533e-06 -5.91786395e-06
 1.61869041e+01 2.09959051e-06 -5.70115926e-06
 1.61943445e+01 2.05512732e-06 -5.54510821e-06
 1.62017837e+01 2.01108942e-06 -5.34350877e-06
 1.62092215e+01 1.96958553e-06 -5.17856286e-06
 1.62166555e+01 1.92606388e-06 -5.03424841e-06
 1.62240869e+01 1.88017257e-06 -4.87278186e-06
 1.62315157e+01 1.82192872e-06 -4.89496591e-06
 1.62389433e+01 1.76031533e-06 -5.02136473e-06
 1.62463683e+01 1.69688008e-06 -5.18255066e-06
 1.62537907e+01 1.63312876e-06 -5.39496740e-06
 1.62612093e+01 1.56810691e-06 -5.59122409e-06
 1.62686240e+01 1.50456577e-06 -5.86390356e-06
 1.62760374e+01 1.44051870e-06 -6.21684041e-06
 1.62834496e+01 1.37523824e-06 -6.52639919e-06
 1.62908580e+01 1.31086298e-06 -6.81643569e-06
 1.62982637e+01 1.24881985e-06 -7.11442274e-06
 1.63056655e+01 1.18708596e-06 -7.37952414e-06
 1.63130661e+01 1.12405293e-06 -7.64816915e-06
 1.63204666e+01 1.05994966e-06 -7.97152271e-06
 1.63278672e+01 9.98194217e-07 -8.29519624e-06
 1.63352664e+01 9.39036677e-07 -8.52633311e-06
 1.63426645e+01 8.78334044e-07 -8.74000378e-06
 1.63500599e+01 8.16337142e-07 -8.95045245e-06
 1.63574554e+01 7.53337930e-07 -9.14343326e-06
 1.63648483e+01 6.91907692e-07 -9.33473893e-06
 1.63722399e+01 6.31049030e-07 -9.51213207e-06
 1.63796302e+01 5.72007217e-07 -9.71172675e-06
 1.63870219e+01 5.12553855e-07 -9.90364978e-06
 1.63944123e+01 4.54075450e-07 -1.00753192e-05
 1.64018013e+01 3.93101823e-07 -1.02494956e-05
 1.64091890e+01 3.32338265e-07 -1.04300005e-05
 1.64165755e+01 2.70826035e-07 -1.05892239e-05
 1.64239581e+01 2.11369743e-07 -1.07101092e-05
 1.64313396e+01 1.50749041e-07 -1.07617768e-05
 1.64387170e+01 8.78647108e-08 -1.07921917e-05
 1.64460946e+01 2.18236036e-08 -1.08136475e-05
 1.64534683e+01 -4.33673696e-08 -1.07984521e-05
 1.64608394e+01 -1.11251856e-07 -1.08228333e-05
 1.64682080e+01 -1.85757857e-07 -1.08333298e-05
 1.64755742e+01 -2.61990791e-07 -1.07263397e-05
 1.64829378e+01 -3.37001256e-07 -1.05379584e-05
 1.64902975e+01 -4.13030197e-07 -1.02989108e-05
 1.64976534e+01 -4.87110448e-07 -1.00837621e-05
 1.65050080e+01 -5.60235669e-07 -9.78180372e-06
 1.65123627e+01 -6.24791507e-07 -9.47860088e-06
 1.65197188e+01 -6.87785280e-07 -9.17429792e-06
 1.65270749e+01 -7.52606602e-07 -8.86148733e-06
 1.65344310e+01 -8.11428922e-07 -8.57976813e-06
 1.65417898e+01 -8.68966950e-07 -8.31057636e-06
 1.65491512e+01 -9.22594316e-07 -7.93933631e-06
 1.65565179e+01 -9.76982583e-07 -7.55372524e-06
 1.65638873e+01 -1.03033675e-06 -7.21263889e-06
 1.65712594e+01 -1.07747557e-06 -6.81314839e-06
 1.65786354e+01 -1.12181956e-06 -6.35955354e-06
 1.65860153e+01 -1.16374224e-06 -5.85228085e-06
 1.65934006e+01 -1.20492994e-06 -5.36675361e-06
 1.66007884e+01 -1.24458744e-06 -4.86251261e-06
 1.66081787e+01 -1.27962238e-06 -4.43027411e-06
 1.66155730e+01 -1.31291290e-06 -4.07511825e-06
 1.66229739e+01 -1.34323689e-06 -3.75672689e-06
 1.66303812e+01 -1.37060091e-06 -3.43097736e-06
 1.66377950e+01 -1.39728681e-06 -3.13668414e-06
 1.66452141e+01 -1.42267187e-06 -2.84820704e-06
 1.66526371e+01 -1.44672772e-06 -2.57464288e-06
 1.66600639e+01 -1.47190591e-06 -2.29551890e-06
 1.66674959e+01 -1.49564401e-06 -2.00282311e-06
 1.66749319e+01 -1.52004098e-06 -1.74154248e-06
 1.66823719e+01 -1.54377127e-06 -1.48495805e-06
 1.66898144e+01 -1.56547193e-06 -1.22380762e-06
 1.66972609e+01 -1.58672008e-06 -1.02449854e-06
 1.67047113e+01 -1.61135012e-06 -9.38240564e-07
 1.67121645e+01 -1.63952898e-06 -9.24036812e-07
 1.67196202e+01 -1.66699726e-06 -8.83425290e-07
 1.67270799e+01 -1.69627902e-06 -9.35273857e-07
 1.67345435e+01 -1.72566432e-06 -9.74026078e-07
 1.67420137e+01 -1.75309842e-06 -1.02298685e-06
 1.67494865e+01 -1.77600912e-06 -1.08458956e-06
 1.67569632e+01 -1.79621262e-06 -1.25087144e-06
 1.67644413e+01 -1.81673098e-06 -1.42751222e-06
 1.67719233e+01 -1.83390835e-06 -1.58180856e-06
 1.67794092e+01 -1.84766626e-06 -1.73365571e-06
 1.67868990e+01 -1.85961818e-06 -1.93061649e-06
 1.67943928e+01 -1.86799282e-06 -2.11579503e-06
 1.68018905e+01 -1.87978909e-06 -2.32245948e-06
 1.68093907e+01 -1.89266094e-06 -2.46224845e-06
 1.68168962e+01 -1.90403606e-06 -2.63000503e-06
 1.68244057e+01 -1.91399488e-06 -2.78850857e-06
 1.68319203e+01 -1.92257062e-06 -2.91744376e-06
 1.68394389e+01 -1.92970448e-06 -3.08745476e-06
 1.68469601e+01 -1.93571637e-06 -3.26256039e-06
 1.68544838e+01 -1.94565171e-06 -3.32130976e-06
 1.68620102e+01 -1.95819647e-06 -3.40017884e-06
 1.68695404e+01 -1.97456383e-06 -3.44378574e-06
 1.68770760e+01 -1.99233673e-06 -3.52978749e-06
 1.68846128e+01 -2.00968539e-06 -3.62612533e-06
 1.68921509e+01 -2.02926607e-06 -3.70719116e-06
 1.68996891e+01 -2.04979786e-06 -3.72733664e-06
 1.69072273e+01 -2.07308313e-06 -3.80943059e-06
 1.69147642e+01 -2.09732213e-06 -3.85223872e-06
 1.69222999e+01 -2.11821427e-06 -3.89418493e-06
 1.69298329e+01 -2.14095252e-06 -3.89465432e-06
 1.69373621e+01 -2.16716405e-06 -3.86895685e-06
 1.69448886e+01 -2.20049224e-06 -3.83572714e-06
 1.69524139e+01 -2.23545351e-06 -3.79292567e-06
 1.69599339e+01 -2.27175174e-06 -3.64092484e-06
 1.69674489e+01 -2.31110028e-06 -3.44816529e-06
 1.69749599e+01 -2.34980199e-06 -3.22696800e-06
 1.69824684e+01 -2.38716280e-06 -2.93061864e-06
 1.69899730e+01 -2.41509132e-06 -2.77785563e-06
 1.69974737e+01 -2.43822503e-06 -2.67308505e-06
 1.70049694e+01 -2.46173789e-06 -2.61859732e-06
 1.70124584e+01 -2.48292561e-06 -2.55775470e-06
 1.70199411e+01 -2.50092998e-06 -2.45123755e-06
 1.70274211e+01 -2.51568815e-06 -2.33348216e-06
 1.70348974e+01 -2.52906527e-06 -2.28447441e-06
 1.70423698e+01 -2.54314713e-06 -2.26308369e-06
 1.70498371e+01 -2.55280464e-06 -2.14635164e-06
 1.70572992e+01 -2.56372863e-06 -2.05024136e-06
 1.70647587e+01 -2.57459769e-06 -1.93670022e-06
 1.70722156e+01 -2.58228116e-06 -1.80446091e-06
 1.70796687e+01 -2.58927187e-06 -1.76162292e-06
 1.70871165e+01 -2.59733506e-06 -1.75547497e-06
 1.70945616e+01 -2.60919785e-06 -1.73114557e-06
 1.71020043e+01 -2.62078980e-06 -1.71841025e-06
 1.71094456e+01 -2.63223097e-06 -1.74996390e-06
 1.71168829e+01 -2.64342248e-06 -1.79305719e-06
 1.71243138e+01 -2.65922819e-06 -1.88459770e-06
 1.71317421e+01 -2.67815880e-06 -1.98083504e-06
 1.71391651e+01 -2.69515974e-06 -2.01090180e-06
 1.71465856e+01 -2.71299723e-06 -2.05225535e-06
 1.71540022e+01 -2.73391350e-06 -2.07784023e-06
 1.71614149e+01 -2.75524515e-06 -2.12548984e-06
 1.71688237e+01 -2.77923351e-06 -2.20462010e-06
 1.71762274e+01 -2.80444138e-06 -2.26545093e-06
 1.71836299e+01 -2.84886844e-06 -2.61299678e-06
 1.71910286e+01 -2.90171071e-06 -3.04600418e-06
 1.71984221e+01 -2.95815076e-06 -3.52518756e-06
 1.72058104e+01 -3.01777993e-06 -4.07580492e-06
 1.72131935e+01 -3.08132572e-06 -4.61474330e-06
 1.72205715e+01 -3.14468915e-06 -5.21179962e-06
 1.72279469e+01 -3.20611219e-06 -5.87659078e-06
 1.72353197e+01 -3.27059814e-06 -6.56441513e-06
 1.72426887e+01 -3.33848335e-06 -7.25483759e-06
 1.72500551e+01 -3.40586439e-06 -7.95327611e-06
 1.72574163e+01 -3.47003874e-06 -8.61660451e-06
 1.72647775e+01 -3.53714730e-06 -9.24936977e-06
 1.72721388e+01 -3.60589656e-06 -9.77677329e-06
 1.72795002e+01 -3.67115933e-06 -1.02208831e-05
 1.72868602e+01 -3.73174933e-06 -1.06405208e-05
 1.72942228e+01 -3.79419158e-06 -1.10369108e-05
 1.73015842e+01 -3.85818792e-06 -1.14383724e-05
 1.73089470e+01 -3.92719224e-06 -1.17780862e-05
 1.73163098e+01 -3.99315199e-06 -1.20906060e-05
 1.73236740e+01 -4.05748580e-06 -1.24670187e-05
 1.73310369e+01 -4.12478813e-06 -1.27364683e-05
 1.73384024e+01 -4.19420634e-06 -1.29469729e-05
 1.73457706e+01 -4.26551843e-06 -1.31092100e-05
 1.73531401e+01 -4.33598835e-06 -1.32447704e-05
 1.73605110e+01 -4.40648251e-06 -1.33116238e-05
 1.73678859e+01 -4.47678034e-06 -1.32680161e-05
 1.73752621e+01 -4.54351067e-06 -1.31373971e-05
 1.73826383e+01 -4.61209494e-06 -1.29990598e-05
 1.73900172e+01 -4.68121422e-06 -1.27531955e-05
 1.73974001e+01 -4.75022982e-06 -1.24642603e-05
 1.74047818e+01 -4.81892068e-06 -1.20883573e-05
 1.74121647e+01 -4.88820227e-06 -1.16629811e-05
 1.74195489e+01 -4.95662891e-06 -1.12013445e-05
 1.74269359e+01 -5.02527891e-06 -1.06342780e-05
 1.74343254e+01 -5.09123649e-06 -1.00411672e-05
 1.74417163e+01 -5.15542604e-06 -9.38283825e-06
 1.74491085e+01 -5.21759926e-06 -8.59595026e-06
 1.74565021e+01 -5.27738057e-06 -7.79493686e-06
 1.74638983e+01 -5.32793214e-06 -7.00852261e-06
 1.74712960e+01 -5.37110664e-06 -6.28870475e-06
 1.74786948e+01 -5.41098891e-06 -5.50478185e-06
 1.74860938e+01 -5.44567752e-06 -4.81864164e-06
 1.74934942e+01 -5.47387312e-06 -4.06225089e-06
 1.75008985e+01 -5.50022395e-06 -3.35326523e-06
 1.75083041e+01 -5.52237040e-06 -2.58855749e-06
 1.75157138e+01 -5.53749182e-06 -1.81416940e-06
 1.75231248e+01 -5.54408198e-06 -9.96951528e-07
 1.75305384e+01 -5.54796401e-06 -1.64545657e-07
 1.75379534e+01 -5.55037635e-06 6.65429418e-07
 1.75453697e+01 -5.54990943e-06 1.42437005e-06
 1.75527887e+01 -5.54660574e-06 2.21777484e-06
 1.75602075e+01 -5.53895444e-06 2.76782735e-06
 1.75676301e+01 -5.52939709e-06 3.25816280e-06
 1.75750567e+01 -5.51699131e-06 3.69772701e-06
 1.75824871e+01 -5.50320661e-06 4.10853063e-06
 1.75899215e+01 -5.49126667e-06 4.45479391e-06
 1.75973598e+01 -5.47827509e-06 4.76191520e-06
 1.76047994e+01 -5.46551757e-06 5.05875884e-06
 1.76122404e+01 -5.45439879e-06 5.32238567e-06
 1.76196852e+01 -5.44439487e-06 5.44687751e-06
 1.76271314e+01 -5.43244106e-06 5.54934529e-06
 1.76345802e+01 -5.41864316e-06 5.61612148e-06
 1.76420289e+01 -5.40440088e-06 5.63185505e-06
 1.76494777e+01 -5.38848717e-06 5.60174301e-06
 1.76569265e+01 -5.37911506e-06 5.48262567e-06
 1.76643767e+01 -5.36917814e-06 5.25707064e-06
 1.76718243e+01 -5.35730830e-06 5.03495847e-06
 1.76792730e+01 -5.34687593e-06 4.80989317e-06
 1.76867218e+01 -5.33429804e-06 4.56664050e-06
 1.76941718e+01 -5.31908360e-06 4.32216160e-06
 1.77016205e+01 -5.30000571e-06 3.99204876e-06
 1.77090705e+01 -5.28060852e-06 3.57474482e-06
 1.77165205e+01 -5.26261569e-06 3.14591864e-06
 1.77239692e+01 -5.24548985e-06 2.61556021e-06
 1.77314165e+01 -5.22753051e-06 2.09695987e-06
 1.77388625e+01 -5.21127415e-06 1.60299843e-06
 1.77463058e+01 -5.19246489e-06 1.16275974e-06
 1.77537479e+01 -5.17540031e-06 7.37295814e-07
 1.77611913e+01 -5.15826277e-06 2.26334444e-07
 1.77686346e+01 -5.14692888e-06 -3.60281617e-07
 1.77760741e+01 -5.14201864e-06 -9.60909674e-07
 1.77835135e+01 -5.13885261e-06 -1.50283486e-06
 1.77909516e+01 -5.13444732e-06 -2.04124209e-06
 1.77983884e+01 -5.13126862e-06 -2.61073342e-06
 1.78058239e+01 -5.13482453e-06 -3.09232355e-06
 1.78132581e+01 -5.13981266e-06 -3.57166874e-06
 1.78206909e+01 -5.14740985e-06 -4.01070051e-06
 1.78281224e+01 -5.16118082e-06 -4.40382842e-06
 1.78355527e+01 -5.17746132e-06 -4.81939208e-06
 1.78429817e+01 -5.19854944e-06 -5.22400149e-06
 1.78504094e+01 -5.22066336e-06 -5.55101401e-06
 1.78578358e+01 -5.24864369e-06 -5.86501085e-06
 1.78652609e+01 -5.27997609e-06 -6.12792374e-06
 1.78726848e+01 -5.31455604e-06 -6.28498642e-06
 1.78801060e+01 -5.34867737e-06 -6.42795792e-06
 1.78875272e+01 -5.38584958e-06 -6.53884066e-06
 1.78949459e+01 -5.43125959e-06 -6.52313194e-06
 1.79023632e+01 -5.48122506e-06 -6.41202366e-06
 1.79097767e+01 -5.53245278e-06 -6.20331425e-06
 1.79171888e+01 -5.58615623e-06 -5.91464049e-06
 1.79245996e+01 -5.64115033e-06 -5.56223088e-06
 1.79320104e+01 -5.69852103e-06 -5.09019449e-06
 1.79394200e+01 -5.73959959e-06 -4.78206317e-06
 1.79468270e+01 -5.77538001e-06 -4.53836347e-06
 1.79542328e+01 -5.80839841e-06 -4.29164233e-06
 1.79616359e+01 -5.83735523e-06 -4.06199416e-06
 1.79690364e+01 -5.86022068e-06 -3.78689148e-06
 1.79764343e+01 -5.87953228e-06 -3.49467570e-06
 1.79838322e+01 -5.89395879e-06 -3.15738712e-06
 1.79912301e+01 -5.90963422e-06 -2.96097803e-06
 1.79986254e+01 -5.92201588e-06 -2.81771852e-06
 1.80060206e+01 -5.93045873e-06 -2.63206053e-06
 1.80134159e+01 -5.93925293e-06 -2.39138644e-06
 1.80208111e+01 -5.94287609e-06 -2.12604632e-06
 1.80282064e+01 -5.94444564e-06 -1.79483345e-06
 1.80356016e+01 -5.95035190e-06 -1.49858520e-06
 1.80429981e+01 -5.95966271e-06 -1.17836982e-06
 1.80503972e+01 -5.96937297e-06 -8.88537495e-07
 1.80577977e+01 -5.97787132e-06 -6.56453089e-07
 1.80651996e+01 -5.98491885e-06 -4.62387780e-07
