 1.22416272e+00 4.92961069e-07 -6.71318017e-07
 1.24908844e+00 4.84628244e-07 -6.78711038e-07
 1.27401284e+00 4.74351046e-07 -6.77742648e-07
 1.29893853e+00 4.62842502e-07 -6.69277716e-07
 1.32386550e+00 4.50784474e-07 -6.49645153e-07
 1.34879115e+00 4.38140585e-07 -6.18659731e-07
 1.37371810e+00 4.24173333e-07 -5.75893121e-07
 1.39864504e+00 4.09245065e-07 -5.24604229e-07
 1.42357330e+00 3.93361720e-07 -4.59466294e-07
 1.44850024e+00 3.77260003e-07 -3.81997426e-07
 1.47342586e+00 3.60209971e-07 -2.92872557e-07
 1.49835277e+00 3.42564554e-07 -1.90631670e-07
 1.52328095e+00 3.24650931e-07 -7.97589584e-08
 1.54823664e+00 3.11482885e-07 1.74725588e-08
 1.57319386e+00 3.07734337e-07 6.78492485e-08
 1.59815114e+00 3.08075065e-07 1.00502685e-07
 1.62310974e+00 3.10578131e-07 1.19201230e-07
 1.64806575e+00 3.14013243e-07 1.38439388e-07
 1.67302435e+00 3.17840263e-07 1.58834904e-07
 1.69798166e+00 3.22770142e-07 1.73077771e-07
 1.72294027e+00 3.27721671e-07 1.82108448e-07
 1.74789755e+00 3.33042817e-07 1.93958977e-07
 1.77285612e+00 3.38335671e-07 2.04881614e-07
 1.79781336e+00 3.43201488e-07 2.17004618e-07
 1.82277191e+00 3.48715261e-07 2.27835209e-07
 1.84773174e+00 3.54493569e-07 2.42411233e-07
 1.87268758e+00 3.60465787e-07 2.52810692e-07
 1.89764208e+00 3.67262308e-07 2.64457937e-07
 1.92259788e+00 3.74121624e-07 2.72613965e-07
 1.94755234e+00 3.80289688e-07 2.80633630e-07
 1.97250545e+00 3.86435063e-07 2.91914571e-07
 1.99745983e+00 3.92855942e-07 3.03503501e-07
 2.02241550e+00 3.99879934e-07 3.13073145e-07
 2.04737114e+00 4.06395297e-07 3.21005963e-07
 2.07232809e+00 4.13087670e-07 3.28059332e-07
 2.09728634e+00 4.19586946e-07 3.30498696e-07
 2.12224589e+00 4.26249823e-07 3.35171864e-07
 2.14720669e+00 4.33388213e-07 3.40610357e-07
 2.17216881e+00 4.40605127e-07 3.42109270e-07
 2.19713487e+00 4.45898596e-07 3.35107856e-07
 2.22210225e+00 4.50953146e-07 3.25464243e-07
 2.24706959e+00 4.55026719e-07 3.19988604e-07
 2.27203825e+00 4.59899083e-07 3.13294136e-07
 2.29700559e+00 4.65223542e-07 3.00577050e-07
 2.32197421e+00 4.70221756e-07 2.93804953e-07
 2.34694280e+00 4.76298159e-07 2.87865586e-07
 2.37191140e+00 4.83053541e-07 2.80123442e-07
 2.39687997e+00 4.90100884e-07 2.75523147e-07
 2.42184982e+00 4.97406539e-07 2.68072734e-07
 2.44681833e+00 5.05641571e-07 2.60676651e-07
 2.47178677e+00 5.13611349e-07 2.58299957e-07
 2.49675651e+00 5.21256455e-07 2.52760165e-07
 2.52172752e+00 5.28888679e-07 2.49291529e-07
 2.54669977e+00 5.36778366e-07 2.48082742e-07
 2.57167200e+00 5.44834087e-07 2.44823013e-07
 2.59664421e+00 5.53382113e-07 2.42016586e-07
 2.62161641e+00 5.62234009e-07 2.41528108e-07
 2.64658725e+00 5.70961709e-07 2.43588289e-07
 2.67155545e+00 5.79866552e-07 2.45069486e-07
 2.69652361e+00 5.88136946e-07 2.49981050e-07
 2.72149176e+00 5.95937864e-07 2.55364704e-07
 2.74645988e+00 6.03772590e-07 2.62537150e-07
 2.77142667e+00 6.11937460e-07 2.73264575e-07
 2.79639214e+00 6.21123844e-07 2.82064196e-07
 2.82135629e+00 6.30584296e-07 2.92453595e-07
 2.84632039e+00 6.39553699e-07 3.06646918e-07
 2.87128449e+00 6.48706366e-07 3.20429584e-07
 2.89624725e+00 6.58723456e-07 3.31672541e-07
 2.92121390e+00 6.68282644e-07 3.47465971e-07
 2.94617921e+00 6.78238469e-07 3.65830134e-07
 2.97114581e+00 6.88172596e-07 3.83020519e-07
 2.99611235e+00 6.98368783e-07 3.99144892e-07
 3.02107886e+00 7.08422912e-07 4.17183463e-07
 3.04604403e+00 7.19001174e-07 4.35151509e-07
 3.07100914e+00 7.30389612e-07 4.57649943e-07
 3.09597290e+00 7.41947873e-07 4.83137446e-07
 3.12093534e+00 7.53262945e-07 5.09277533e-07
 3.14589904e+00 7.67013566e-07 5.34554413e-07
 3.17086405e+00 7.80971531e-07 5.58634406e-07
 3.19582770e+00 7.95280792e-07 5.81758114e-07
 3.22079130e+00 8.09861173e-07 6.02574986e-07
 3.24575488e+00 8.25367838e-07 6.25303598e-07
 3.27071713e+00 8.41379521e-07 6.46375705e-07
 3.29567804e+00 8.57483578e-07 6.66483454e-07
 3.32064022e+00 8.74333516e-07 6.83417781e-07
 3.34560103e+00 8.91298251e-07 7.01627723e-07
 3.37056048e+00 9.08459673e-07 7.15938885e-07
 3.39551859e+00 9.25008254e-07 7.30936978e-07
 3.42047537e+00 9.42884227e-07 7.44983644e-07
 3.44543077e+00 9.60915414e-07 7.60922647e-07
 3.47037952e+00 9.78940354e-07 7.70458397e-07
 3.49532688e+00 9.96774204e-07 7.79336480e-07
 3.52027551e+00 1.01466512e-06 7.85088077e-07
 3.54522276e+00 1.03215214e-06 7.93383582e-07
 3.57017127e+00 1.04985167e-06 7.98073102e-07
 3.59511843e+00 1.06767249e-06 8.03395387e-07
 3.62006689e+00 1.08484056e-06 8.04898691e-07
 3.64501266e+00 1.10203559e-06 8.08802010e-07
 3.66995710e+00 1.11878688e-06 8.12502472e-07
 3.69490019e+00 1.13538495e-06 8.11913902e-07
 3.71984325e+00 1.15216069e-06 8.09461889e-07
 3.74478499e+00 1.16905238e-06 8.03503118e-07
 3.76972535e+00 1.18562660e-06 7.93088044e-07
 3.79466570e+00 1.20142396e-06 7.76514877e-07
 3.81960472e+00 1.21752973e-06 7.55500845e-07
 3.84454239e+00 1.23389548e-06 7.31729763e-07
 3.86947870e+00 1.25007241e-06 7.10677688e-07
 3.89441628e+00 1.26562078e-06 6.89510774e-07
 3.91935513e+00 1.28084674e-06 6.64982997e-07
 3.94429524e+00 1.29662035e-06 6.40732477e-07
 3.96923401e+00 1.31156449e-06 6.12189370e-07
 3.99417402e+00 1.32577230e-06 5.83006945e-07
 4.01911530e+00 1.33952327e-06 5.51184871e-07
 4.04405654e+00 1.35313590e-06 5.22418622e-07
 4.06899905e+00 1.36580698e-06 4.91279715e-07
 4.09394152e+00 1.37785442e-06 4.62897563e-07
 4.11888524e+00 1.39025485e-06 4.37731375e-07
 4.14383021e+00 1.40218232e-06 4.14264464e-07
 4.16877646e+00 1.41321187e-06 3.85988044e-07
 4.19372006e+00 1.42345479e-06 3.58987299e-07
 4.21866363e+00 1.43288111e-06 3.32993826e-07
 4.24360584e+00 1.44230368e-06 3.08728367e-07
 4.26854541e+00 1.45167012e-06 2.81457916e-07
 4.29348494e+00 1.46036422e-06 2.56941441e-07
 4.31842443e+00 1.46903326e-06 2.34556264e-07
 4.34336393e+00 1.47764200e-06 2.14337675e-07
 4.36830340e+00 1.48579820e-06 1.96021542e-07
 4.39324282e+00 1.49342196e-06 1.81495419e-07
 4.41818223e+00 1.50154476e-06 1.74423673e-07
 4.44311896e+00 1.50937665e-06 1.74701190e-07
 4.46805566e+00 1.51719636e-06 1.75485132e-07
 4.49299233e+00 1.52495437e-06 1.75125828e-07
 4.51792899e+00 1.53188905e-06 1.77902896e-07
 4.54286561e+00 1.53849806e-06 1.84679263e-07
 4.56780218e+00 1.54471079e-06 1.93957768e-07
 4.59273875e+00 1.55062823e-06 2.01947526e-07
 4.61767529e+00 1.55607863e-06 2.10647508e-07
 4.64261049e+00 1.56248000e-06 2.21974246e-07
 4.66754564e+00 1.56864886e-06 2.35983912e-07
 4.69248077e+00 1.57416652e-06 2.55270935e-07
 4.71741457e+00 1.58047334e-06 2.78160535e-07
 4.74235097e+00 1.58917678e-06 2.96035968e-07
 4.76728736e+00 1.59859948e-06 3.12293906e-07
 4.79222240e+00 1.60868493e-06 3.28979515e-07
 4.81715612e+00 1.61869812e-06 3.45047622e-07
 4.84208719e+00 1.63003220e-06 3.62541583e-07
 4.86701822e+00 1.64154340e-06 3.82004908e-07
 4.89194656e+00 1.65350734e-06 4.06177720e-07
 4.91687749e+00 1.66619317e-06 4.33240160e-07
 4.94180707e+00 1.67883427e-06 4.60473037e-07
 4.96673660e+00 1.69224005e-06 4.86795607e-07
 4.99166739e+00 1.70559522e-06 5.15220563e-07
 5.01659682e+00 1.71921185e-06 5.45905667e-07
 5.04152491e+00 1.73408833e-06 5.74587976e-07
 5.06644899e+00 1.74975112e-06 6.04138456e-07
 5.09137170e+00 1.76570568e-06 6.36133174e-07
 5.11629306e+00 1.78258206e-06 6.69204051e-07
 5.14121307e+00 1.80030229e-06 7.05899571e-07
 5.16613040e+00 1.81857309e-06 7.44223459e-07
 5.19104505e+00 1.83799270e-06 7.85888756e-07
 5.21595965e+00 1.85881501e-06 8.32417700e-07
 5.24087283e+00 1.88181718e-06 8.83886788e-07
 5.26578333e+00 1.90663985e-06 9.35474748e-07
 5.29069109e+00 1.93402874e-06 9.95273851e-07
 5.31559877e+00 1.96308003e-06 1.06183909e-06
 5.34050244e+00 1.99434606e-06 1.13459863e-06
 5.36540601e+00 2.02759883e-06 1.21197097e-06
 5.39031087e+00 2.06025597e-06 1.27912058e-06
 5.41521175e+00 2.09543675e-06 1.35072483e-06
 5.44010856e+00 2.13417042e-06 1.43263093e-06
 5.46500266e+00 2.17581879e-06 1.52057910e-06
 5.48989531e+00 2.22154792e-06 1.62283666e-06
 5.51478521e+00 2.27232145e-06 1.73941524e-06
 5.53967496e+00 2.32782113e-06 1.86881825e-06
 5.56456322e+00 2.38877579e-06 2.01300686e-06
 5.58944869e+00 2.45520438e-06 2.17375013e-06
 5.61433131e+00 2.52759697e-06 2.35892164e-06
 5.63921106e+00 2.60692772e-06 2.56677172e-06
 5.66408666e+00 2.69418188e-06 2.79579969e-06
 5.68895806e+00 2.78867044e-06 3.05650893e-06
 5.71382659e+00 2.89167804e-06 3.34023947e-06
 5.73869088e+00 3.00336606e-06 3.64715440e-06
 5.76355092e+00 3.12401846e-06 3.97502173e-06
 5.78840532e+00 3.25478069e-06 4.33439710e-06
 5.81325412e+00 3.39564050e-06 4.71844664e-06
 5.83809727e+00 3.54748206e-06 5.12788182e-06
 5.86293080e+00 3.71112839e-06 5.56650922e-06
 5.88775727e+00 3.88731449e-06 6.03659095e-06
 5.91257933e+00 4.07695426e-06 6.53884963e-06
 5.93739299e+00 4.28092649e-06 7.07205616e-06
 5.96219820e+00 4.49890929e-06 7.63982259e-06
 5.98699754e+00 4.73235498e-06 8.24695504e-06
 6.01178709e+00 4.98159962e-06 8.88658675e-06
 6.03656678e+00 5.24779711e-06 9.56295238e-06
 6.06133657e+00 5.53109165e-06 1.02722783e-05
 6.08609770e+00 5.83291687e-06 1.10199941e-05
 6.11085015e+00 6.15417902e-06 1.18078276e-05
 6.13559125e+00 6.49475352e-06 1.26326542e-05
 6.16032228e+00 6.85696352e-06 1.34943444e-05
 6.18503924e+00 7.24042647e-06 1.43957370e-05
 6.20974599e+00 7.64674807e-06 1.53353641e-05
 6.23443856e+00 8.07714321e-06 1.63145090e-05
 6.25911558e+00 8.53146439e-06 1.73286672e-05
 6.28378090e+00 9.01138269e-06 1.83822022e-05
 6.30843449e+00 9.51625685e-06 1.94657152e-05
 6.33307632e+00 1.00476310e-05 2.05789728e-05
 6.35770499e+00 1.06055160e-05 2.17221297e-05
 6.38232043e+00 1.11900567e-05 2.28944642e-05
 6.40692260e+00 1.18008963e-05 2.40927796e-05
 6.43151009e+00 1.24399411e-05 2.53170983e-05
 6.45608289e+00 1.31069449e-05 2.65614110e-05
 6.48063960e+00 1.38019129e-05 2.78285871e-05
 6.50518020e+00 1.45261254e-05 2.91127909e-05
 6.52970327e+00 1.52798134e-05 3.04140766e-05
 6.55420883e+00 1.60618963e-05 3.17239779e-05
 6.57869544e+00 1.68724905e-05 3.30424545e-05
 6.60316566e+00 1.77123146e-05 3.43631196e-05
 6.62761291e+00 1.85809859e-05 3.56841657e-05
 6.65203048e+00 1.94771590e-05 3.69998058e-05
 6.67642879e+00 2.04011233e-05 3.83108671e-05
 6.70080525e+00 2.13532040e-05 3.96103002e-05
 6.72515975e+00 2.23324649e-05 4.08962313e-05
 6.74948964e+00 2.33396839e-05 4.21702228e-05
 6.77379487e+00 2.43741400e-05 4.34370686e-05
 6.79807275e+00 2.54355956e-05 4.46858521e-05
 6.82232194e+00 2.65238387e-05 4.59181049e-05
 6.84654367e+00 2.76384706e-05 4.71335683e-05
 6.87073792e+00 2.87788100e-05 4.83287403e-05
 6.89490336e+00 2.99437734e-05 4.94968293e-05
 6.91904121e+00 3.11333387e-05 5.06406913e-05
 6.94315146e+00 3.23450320e-05 5.17552532e-05
 6.96723404e+00 3.35773275e-05 5.28316815e-05
 6.99128629e+00 3.48312068e-05 5.38716463e-05
 7.01530813e+00 3.61062534e-05 5.48725109e-05
 7.03930094e+00 3.74017348e-05 5.58335367e-05
 7.06326331e+00 3.87167263e-05 5.67545426e-05
 7.08719520e+00 4.00495168e-05 5.76281351e-05
 7.11109923e+00 4.13999411e-05 5.84568010e-05
 7.13497276e+00 4.27665932e-05 5.92347725e-05
 7.15881182e+00 4.41487715e-05 5.99705576e-05
 7.18261901e+00 4.55455350e-05 6.06599711e-05
 7.20639167e+00 4.69579722e-05 6.13111126e-05
 7.23012849e+00 4.83833390e-05 6.19190516e-05
 7.25383201e+00 4.98203602e-05 6.24845949e-05
 7.27749967e+00 5.12689512e-05 6.30084481e-05
 7.30113006e+00 5.27288680e-05 6.34952518e-05
 7.32472456e+00 5.41982643e-05 6.39336253e-05
 7.34828183e+00 5.56753730e-05 6.43304463e-05
 7.37180182e+00 5.71602590e-05 6.46860463e-05
 7.39528587e+00 5.86504114e-05 6.49986900e-05
 7.41873399e+00 6.01451017e-05 6.52696815e-05
 7.44214360e+00 6.16443049e-05 6.54978354e-05
 7.46551734e+00 6.31457746e-05 6.56832354e-05
 7.48885388e+00 6.46494745e-05 6.58276692e-05
 7.51215065e+00 6.61542439e-05 6.59335759e-05
 7.53540499e+00 6.76598970e-05 6.60047267e-05
 7.55861823e+00 6.91648976e-05 6.60415180e-05
 7.58178777e+00 7.06709175e-05 6.60558773e-05
 7.60491232e+00 7.21755558e-05 6.60411352e-05
 7.62799057e+00 7.36782788e-05 6.59995955e-05
 7.65102387e+00 7.51793643e-05 6.59364816e-05
 7.67401090e+00 7.66775224e-05 6.58528846e-05
 7.69695043e+00 7.81713801e-05 6.57474714e-05
 7.71984380e+00 7.96594919e-05 6.56242187e-05
 7.74269233e+00 8.11436557e-05 6.54887851e-05
 7.76549335e+00 8.26233317e-05 6.53522600e-05
 7.78824564e+00 8.40978670e-05 6.52063448e-05
 7.81094915e+00 8.55673510e-05 6.50586184e-05
 7.83360780e+00 8.70326182e-05 6.49093958e-05
 7.85622298e+00 8.84983703e-05 6.47449338e-05
 7.87878816e+00 8.99609380e-05 6.45806449e-05
 7.90130592e+00 9.14198273e-05 6.44269371e-05
 7.92377374e+00 9.28772214e-05 6.42835436e-05
 7.94619425e+00 9.43311975e-05 6.41555088e-05
 7.96856878e+00 9.57810252e-05 6.40418164e-05
 7.99089865e+00 9.72269592e-05 6.39368521e-05
 8.01318522e+00 9.86672923e-05 6.38348481e-05
 8.03542850e+00 1.00103627e-04 6.37441771e-05
 8.05762719e+00 1.01534412e-04 6.36638288e-05
 8.07978259e+00 1.02959689e-04 6.35927130e-05
 8.10189211e+00 1.04382619e-04 6.35523897e-05
 8.12395313e+00 1.05803508e-04 6.35425501e-05
 8.14596305e+00 1.07224451e-04 6.35651250e-05
 8.16792456e+00 1.08645849e-04 6.36204088e-05
 8.18983642e+00 1.10067245e-04 6.36982507e-05
 8.21169851e+00 1.11487710e-04 6.38089048e-05
 8.23351220e+00 1.12907984e-04 6.39395610e-05
 8.25527618e+00 1.14328211e-04 6.40869673e-05
 8.27698917e+00 1.15747927e-04 6.42558983e-05
 8.29865116e+00 1.17168072e-04 6.44491297e-05
 8.32026478e+00 1.18590479e-04 6.46738568e-05
 8.34182876e+00 1.20015697e-04 6.49323132e-05
 8.36334578e+00 1.21444786e-04 6.52265762e-05
 8.38481321e+00 1.22877832e-04 6.55579209e-05
 8.40622975e+00 1.24316687e-04 6.59230272e-05
 8.42760200e+00 1.25754758e-04 6.62882255e-05
 8.44892867e+00 1.27197751e-04 6.66732949e-05
 8.47020577e+00 1.28646189e-04 6.70891219e-05
 8.49143463e+00 1.30100042e-04 6.75310416e-05
 8.51261529e+00 1.31559976e-04 6.79905361e-05
 8.53374256e+00 1.33026454e-04 6.84767553e-05
 8.55481637e+00 1.34500584e-04 6.89883690e-05
 8.57583545e+00 1.35983942e-04 6.95366709e-05
 8.59679973e+00 1.37474529e-04 7.01134232e-05
 8.61771056e+00 1.38972755e-04 7.07090129e-05
 8.63856661e+00 1.40479347e-04 7.13370812e-05
 8.65937184e+00 1.41993809e-04 7.19719799e-05
 8.68012233e+00 1.43519743e-04 7.26403595e-05
 8.70082075e+00 1.45057415e-04 7.33434167e-05
 8.72146704e+00 1.46606743e-04 7.40704225e-05
 8.74206127e+00 1.48167828e-04 7.48100508e-05
 8.76260341e+00 1.49738240e-04 7.55640724e-05
 8.78309479e+00 1.51317536e-04 7.63152816e-05
 8.80353531e+00 1.52904965e-04 7.70595697e-05
 8.82392366e+00 1.54500219e-04 7.77967419e-05
 8.84425730e+00 1.56104456e-04 7.85454781e-05
 8.86453887e+00 1.57717706e-04 7.92851275e-05
 8.88476704e+00 1.59341281e-04 8.00251746e-05
 8.90494188e+00 1.60972582e-04 8.07511956e-05
 8.92506207e+00 1.62613031e-04 8.14774469e-05
 8.94513030e+00 1.64261278e-04 8.21957448e-05
 8.96514525e+00 1.65919629e-04 8.29141173e-05
 8.98510696e+00 1.67586774e-04 8.36226369e-05
 9.00501666e+00 1.69265462e-04 8.43358747e-05
 9.02487045e+00 1.70952844e-04 8.50471928e-05
 9.04466703e+00 1.72647343e-04 8.57517675e-05
 9.06440514e+00 1.74348804e-04 8.64420333e-05
 9.08408344e+00 1.76053868e-04 8.71025849e-05
 9.10369810e+00 1.77764902e-04 8.77579878e-05
 9.12324780e+00 1.79483969e-04 8.84143240e-05
 9.14273124e+00 1.81209811e-04 8.90557673e-05
 9.16215237e+00 1.82940731e-04 8.96912271e-05
 9.18151389e+00 1.84677036e-04 9.03032475e-05
 9.20081838e+00 1.86419194e-04 9.08822515e-05
 9.22006453e+00 1.88165107e-04 9.14350668e-05
 9.23925100e+00 1.89915146e-04 9.19662903e-05
 9.25837529e+00 1.91670147e-04 9.24802022e-05
 9.27743614e+00 1.93428388e-04 9.29716717e-05
 9.29643356e+00 1.95187715e-04 9.34152166e-05
 9.31536889e+00 1.96945633e-04 9.38040793e-05
 9.33424346e+00 1.98701053e-04 9.41260256e-05
 9.35305727e+00 2.00451448e-04 9.43874159e-05
 9.37180902e+00 2.02198734e-04 9.45968883e-05
 9.39049741e+00 2.03942022e-04 9.47844588e-05
 9.40912507e+00 2.05681989e-04 9.49366374e-05
 9.42769202e+00 2.07420256e-04 9.50671047e-05
 9.44619038e+00 2.09150281e-04 9.51307576e-05
 9.46462288e+00 2.10871601e-04 9.51603383e-05
 9.48299087e+00 2.12586748e-04 9.51540578e-05
 9.50129183e+00 2.14295361e-04 9.51152923e-05
 9.51952708e+00 2.15993671e-04 9.50352088e-05
 9.53770047e+00 2.17684018e-04 9.49153028e-05
 9.55581206e+00 2.19366176e-04 9.47613227e-05
 9.57386451e+00 2.21039790e-04 9.45834791e-05
 9.59185528e+00 2.22707214e-04 9.43754767e-05
 9.60978180e+00 2.24367008e-04 9.41395993e-05
 9.62764672e+00 2.26019203e-04 9.38768494e-05
 9.64544744e+00 2.27660407e-04 9.35758790e-05
 9.66318922e+00 2.29291143e-04 9.32396291e-05
 9.68087210e+00 2.30905062e-04 9.28677859e-05
 9.69849480e+00 2.32509667e-04 9.24836212e-05
 9.71605733e+00 2.34103788e-04 9.20838876e-05
 9.73355843e+00 2.35684843e-04 9.16580953e-05
 9.75099682e+00 2.37249123e-04 9.11767147e-05
 9.76837264e+00 2.38797528e-04 9.06326006e-05
 9.78568587e+00 2.40330112e-04 9.00167111e-05
 9.80293916e+00 2.41846268e-04 8.93524240e-05
 9.82013119e+00 2.43345368e-04 8.86515257e-05
 9.83726463e+00 2.44829178e-04 8.79129517e-05
 9.85433562e+00 2.46299038e-04 8.71507382e-05
 9.87134554e+00 2.47753637e-04 8.63673434e-05
 9.88829300e+00 2.49191054e-04 8.55788516e-05
 9.90517936e+00 2.50615116e-04 8.48110777e-05
 9.92200336e+00 2.52024761e-04 8.40652693e-05
 9.93876646e+00 2.53416188e-04 8.33556775e-05
 9.95546991e+00 2.54792369e-04 8.26781632e-05
 9.97211374e+00 2.56155365e-04 8.20302853e-05
 9.98869796e+00 2.57505271e-04 8.14034807e-05
 1.00052226e+01 2.58842008e-04 8.07528785e-05
 1.00216916e+01 2.60167935e-04 8.01213502e-05
 1.00381076e+01 2.61485254e-04 7.95020071e-05
 1.00544707e+01 2.62792699e-04 7.88673013e-05
 1.00707783e+01 2.64085629e-04 7.82426265e-05
 1.00870292e+01 2.65363186e-04 7.76278891e-05
 1.01032233e+01 2.66620702e-04 7.70231576e-05
 1.01193607e+01 2.67860794e-04 7.64459785e-05
 1.01354440e+01 2.69084509e-04 7.58811802e-05
 1.01514747e+01 2.70294011e-04 7.53451983e-05
 1.01674539e+01 2.71486753e-04 7.47934151e-05
 1.01833804e+01 2.72666395e-04 7.42356197e-05
 1.01992529e+01 2.73831204e-04 7.36490460e-05
 1.02150702e+01 2.74977654e-04 7.30169951e-05
 1.02308297e+01 2.76108700e-04 7.23802851e-05
 1.02465355e+01 2.77223643e-04 7.17490327e-05
 1.02621887e+01 2.78320035e-04 7.11115840e-05
 1.02777869e+01 2.79399710e-04 7.04906706e-05
 1.02933313e+01 2.80461836e-04 6.99036758e-05
 1.03088248e+01 2.81514699e-04 6.92310534e-05
 1.03242658e+01 2.82552714e-04 6.85192581e-05
 1.03396559e+01 2.83574032e-04 6.77856718e-05
 1.03549962e+01 2.84583004e-04 6.70421742e-05
 1.03702842e+01 2.85584672e-04 6.63013973e-05
 1.03855212e+01 2.86568332e-04 6.55170607e-05
 1.04007086e+01 2.87534013e-04 6.46980870e-05
 1.04158465e+01 2.88478118e-04 6.38620424e-05
 1.04309360e+01 2.89404722e-04 6.30076142e-05
 1.04459800e+01 2.90312791e-04 6.21021007e-05
 1.04609769e+01 2.91203771e-04 6.11947361e-05
 1.04759270e+01 2.92079817e-04 6.02325136e-05
 1.04908276e+01 2.92936661e-04 5.92926022e-05
 1.05056761e+01 2.93776462e-04 5.83788654e-05
 1.05204751e+01 2.94602190e-04 5.75300833e-05
 1.05352259e+01 2.95413108e-04 5.67247751e-05
 1.05499274e+01 2.96211371e-04 5.59395960e-05
 1.05645782e+01 2.97000272e-04 5.51486589e-05
 1.05791797e+01 2.97779262e-04 5.43342913e-05
 1.05937331e+01 2.98544969e-04 5.34673725e-05
 1.06082372e+01 2.99297202e-04 5.25970111e-05
 1.06226919e+01 3.00040982e-04 5.17263687e-05
 1.06370975e+01 3.00769293e-04 5.08495064e-05
 1.06514577e+01 3.01486290e-04 4.99426893e-05
 1.06657726e+01 3.02188577e-04 4.90238317e-05
 1.06800435e+01 3.02874316e-04 4.80370387e-05
 1.06942744e+01 3.03525870e-04 4.69064076e-05
 1.07084629e+01 3.04160109e-04 4.57402778e-05
 1.07226086e+01 3.04773713e-04 4.45656676e-05
 1.07367118e+01 3.05371178e-04 4.33941508e-05
 1.07507724e+01 3.05954640e-04 4.22287767e-05
 1.07647906e+01 3.06527695e-04 4.10907906e-05
 1.07787676e+01 3.07091070e-04 3.99217567e-05
 1.07927047e+01 3.07637945e-04 3.87602336e-05
 1.08066007e+01 3.08166001e-04 3.76558191e-05
 1.08204567e+01 3.08674979e-04 3.65782915e-05
 1.08342729e+01 3.09168543e-04 3.55366623e-05
 1.08480491e+01 3.09648817e-04 3.45286635e-05
 1.08617842e+01 3.10112441e-04 3.35040660e-05
 1.08754795e+01 3.10562697e-04 3.24957640e-05
 1.08891338e+01 3.10997664e-04 3.15206215e-05
 1.09027495e+01 3.11411689e-04 3.05781979e-05
 1.09163255e+01 3.11804054e-04 2.96408484e-05
 1.09298643e+01 3.12178861e-04 2.87025063e-05
 1.09433674e+01 3.12534235e-04 2.77034861e-05
 1.09568346e+01 3.12874432e-04 2.66400314e-05
 1.09702686e+01 3.13202285e-04 2.55230560e-05
 1.09836668e+01 3.13516297e-04 2.43846489e-05
 1.09970280e+01 3.13815766e-04 2.32513735e-05
 1.10103546e+01 3.14101130e-04 2.21257004e-05
 1.10236454e+01 3.14372795e-04 2.10617602e-05
 1.10369018e+01 3.14631769e-04 1.99669007e-05
 1.10501251e+01 3.14877631e-04 1.88556807e-05
 1.10633138e+01 3.15110178e-04 1.77581475e-05
 1.10764707e+01 3.15325377e-04 1.66683802e-05
 1.10895972e+01 3.15530480e-04 1.56058243e-05
 1.11026892e+01 3.15723570e-04 1.45466594e-05
 1.11157469e+01 3.15902809e-04 1.34860946e-05
 1.11287703e+01 3.16062155e-04 1.23655677e-05
 1.11417607e+01 3.16202548e-04 1.12534517e-05
 1.11547166e+01 3.16323718e-04 1.01458776e-05
 1.11676409e+01 3.16421551e-04 9.02267012e-06
 1.11805335e+01 3.16501007e-04 7.89023364e-06
 1.11933956e+01 3.16564271e-04 6.75838715e-06
 1.12062300e+01 3.16615738e-04 5.57581588e-06
 1.12190367e+01 3.16649835e-04 4.44996169e-06
 1.12318156e+01 3.16663396e-04 3.33413789e-06
 1.12445694e+01 3.16661238e-04 2.23541803e-06
 1.12573006e+01 3.16646436e-04 1.09882307e-06
 1.12700081e+01 3.16619426e-04 -7.49646574e-08
 1.12826903e+01 3.16582894e-04 -1.29064720e-06
 1.12953489e+01 3.16537970e-04 -2.52860170e-06
 1.13079849e+01 3.16484885e-04 -3.76704849e-06
 1.13205972e+01 3.16423073e-04 -5.02971139e-06
 1.13331870e+01 3.16346813e-04 -6.31124290e-06
 1.13457531e+01 3.16260203e-04 -7.60799455e-06
 1.13582941e+01 3.16163017e-04 -8.93768171e-06
 1.13708059e+01 3.16047327e-04 -1.03547706e-05
 1.13832937e+01 3.15918184e-04 -1.17407862e-05
 1.13957578e+01 3.15772946e-04 -1.31814021e-05
 1.14081994e+01 3.15610307e-04 -1.46299287e-05
 1.14206198e+01 3.15428307e-04 -1.60619241e-05
 1.14330202e+01 3.15229139e-04 -1.74447375e-05
 1.14453983e+01 3.15018870e-04 -1.87707493e-05
 1.14577513e+01 3.14796170e-04 -1.99815982e-05
 1.14700819e+01 3.14555490e-04 -2.11145391e-05
 1.14823887e+01 3.14299728e-04 -2.21889627e-05
 1.14946732e+01 3.14030067e-04 -2.32075290e-05
 1.15069366e+01 3.13747499e-04 -2.41634367e-05
 1.15191803e+01 3.13452344e-04 -2.51483055e-05
 1.15314042e+01 3.13138010e-04 -2.61551784e-05
 1.15436097e+01 3.12808254e-04 -2.71650671e-05
 1.15557941e+01 3.12463646e-04 -2.81433637e-05
 1.15679574e+01 3.12110559e-04 -2.91339874e-05
 1.15801010e+01 3.11741198e-04 -3.01273356e-05
 1.15922222e+01 3.11359365e-04 -3.11428620e-05
 1.16043223e+01 3.10969956e-04 -3.21875362e-05
 1.16164027e+01 3.10565825e-04 -3.32197674e-05
 1.16284633e+01 3.10150917e-04 -3.42035151e-05
 1.16405068e+01 3.09724025e-04 -3.52152880e-05
 1.16525320e+01 3.09285293e-04 -3.61963988e-05
 1.16645401e+01 3.08838244e-04 -3.71086260e-05
 1.16765298e+01 3.08381297e-04 -3.79901734e-05
 1.16885012e+01 3.07916232e-04 -3.88465068e-05
 1.17004555e+01 3.07445040e-04 -3.96709776e-05
 1.17123902e+01 3.06963489e-04 -4.04471776e-05
 1.17243077e+01 3.06467165e-04 -4.10785524e-05
 1.17362107e+01 3.05967117e-04 -4.16816088e-05
 1.17480992e+01 3.05459469e-04 -4.23043987e-05
 1.17599718e+01 3.04945896e-04 -4.30000715e-05
 1.17718286e+01 3.04422965e-04 -4.37567828e-05
 1.17836697e+01 3.03898450e-04 -4.45641182e-05
 1.17954924e+01 3.03369189e-04 -4.54059930e-05
 1.18072981e+01 3.02835964e-04 -4.62915186e-05
 1.18190855e+01 3.02301589e-04 -4.71623252e-05
 1.18308545e+01 3.01764063e-04 -4.79869258e-05
 1.18426051e+01 3.01220149e-04 -4.87389297e-05
 1.18543361e+01 3.00669409e-04 -4.94767968e-05
 1.18660475e+01 3.00111358e-04 -5.01771189e-05
 1.18777393e+01 2.99544924e-04 -5.08061542e-05
 1.18894127e+01 2.98969623e-04 -5.13827925e-05
 1.19010679e+01 2.98392683e-04 -5.18963398e-05
 1.19127060e+01 2.97801661e-04 -5.24104584e-05
 1.19243259e+01 2.97198986e-04 -5.28010692e-05
 1.19359286e+01 2.96591915e-04 -5.30964257e-05
 1.19475118e+01 2.95976193e-04 -5.33308487e-05
 1.19590767e+01 2.95353635e-04 -5.34861154e-05
 1.19706246e+01 2.94727401e-04 -5.36229950e-05
 1.19821555e+01 2.94112634e-04 -5.39881930e-05
 1.19936697e+01 2.93494057e-04 -5.43884563e-05
 1.20051656e+01 2.92870708e-04 -5.48711100e-05
 1.20166420e+01 2.92245163e-04 -5.53414392e-05
 1.20280988e+01 2.91615653e-04 -5.57963735e-05
 1.20395362e+01 2.90976777e-04 -5.61993723e-05
 1.20509578e+01 2.90328792e-04 -5.65670005e-05
 1.20623651e+01 2.89676062e-04 -5.69173728e-05
 1.20737542e+01 2.89019856e-04 -5.72529640e-05
 1.20851277e+01 2.88356720e-04 -5.76450123e-05
 1.20964843e+01 2.87686342e-04 -5.80317444e-05
 1.21078239e+01 2.87009365e-04 -5.83716495e-05
 1.21191453e+01 2.86328298e-04 -5.87412375e-05
 1.21304484e+01 2.85636191e-04 -5.91600956e-05
 1.21417332e+01 2.84933373e-04 -5.96094296e-05
 1.21529998e+01 2.84228085e-04 -6.00823594e-05
 1.21642495e+01 2.83517757e-04 -6.06247358e-05
 1.21754785e+01 2.82804279e-04 -6.12106564e-05
 1.21866893e+01 2.82092200e-04 -6.18716459e-05
 1.21978820e+01 2.81379739e-04 -6.25561628e-05
 1.22090539e+01 2.80665412e-04 -6.32673162e-05
 1.22202063e+01 2.79948661e-04 -6.39817003e-05
 1.22313366e+01 2.79227259e-04 -6.47106984e-05
 1.22424475e+01 2.78500324e-04 -6.54514446e-05
 1.22535375e+01 2.77767586e-04 -6.61186450e-05
 1.22646081e+01 2.77027990e-04 -6.68154367e-05
 1.22756606e+01 2.76266592e-04 -6.76833765e-05
 1.22866924e+01 2.75494142e-04 -6.85500398e-05
 1.22977061e+01 2.74710527e-04 -6.94987044e-05
 1.23086992e+01 2.73913865e-04 -7.04464460e-05
 1.23196716e+01 2.73103704e-04 -7.13853849e-05
 1.23306221e+01 2.72282534e-04 -7.23249020e-05
 1.23415507e+01 2.71457885e-04 -7.33229911e-05
 1.23524573e+01 2.70622337e-04 -7.43909765e-05
 1.23633446e+01 2.69775005e-04 -7.55048294e-05
 1.23742125e+01 2.68922726e-04 -7.66890572e-05
 1.23850610e+01 2.68061704e-04 -7.79100421e-05
 1.23958928e+01 2.67189099e-04 -7.91423932e-05
 1.24067065e+01 2.66307019e-04 -8.03656095e-05
 1.24175023e+01 2.65411555e-04 -8.16018974e-05
 1.24282813e+01 2.64505260e-04 -8.29293320e-05
 1.24390436e+01 2.63585464e-04 -8.43084066e-05
 1.24497892e+01 2.62652671e-04 -8.57612420e-05
 1.24605167e+01 2.61710398e-04 -8.72462910e-05
 1.24712289e+01 2.60754850e-04 -8.87329877e-05
 1.24819217e+01 2.59787551e-04 -9.02205225e-05
 1.24925977e+01 2.58806564e-04 -9.16812824e-05
 1.25032559e+01 2.57812754e-04 -9.30963347e-05
 1.25138973e+01 2.56809213e-04 -9.45307424e-05
 1.25245221e+01 2.55792152e-04 -9.59540771e-05
 1.25351289e+01 2.54762820e-04 -9.73531966e-05
 1.25457178e+01 2.53729358e-04 -9.87329197e-05
 1.25562873e+01 2.52685770e-04 -1.00018790e-04
 1.25668388e+01 2.51633043e-04 -1.01343332e-04
 1.25773736e+01 2.50572714e-04 -1.02647611e-04
 1.25878919e+01 2.49502731e-04 -1.03979198e-04
 1.25983935e+01 2.48420877e-04 -1.05334230e-04
 1.26088759e+01 2.47323805e-04 -1.06647089e-04
 1.26193392e+01 2.46205883e-04 -1.07899518e-04
 1.26297871e+01 2.45072916e-04 -1.09142622e-04
 1.26402158e+01 2.43927729e-04 -1.10341175e-04
 1.26506280e+01 2.42769604e-04 -1.11487382e-04
 1.26610221e+01 2.41599977e-04 -1.12538924e-04
 1.26713997e+01 2.40420751e-04 -1.13565547e-04
 1.26817593e+01 2.39237457e-04 -1.14649559e-04
 1.26921012e+01 2.38047002e-04 -1.15763820e-04
 1.27024277e+01 2.36846961e-04 -1.16852563e-04
 1.27127376e+01 2.35636460e-04 -1.17893219e-04
 1.27230336e+01 2.34422667e-04 -1.18905739e-04
 1.27333168e+01 2.33200406e-04 -1.19902887e-04
 1.27435861e+01 2.31970091e-04 -1.20824751e-04
 1.27538441e+01 2.30730328e-04 -1.21767597e-04
 1.27640907e+01 2.29478878e-04 -1.22664299e-04
 1.27743272e+01 2.28221699e-04 -1.23576043e-04
 1.27845511e+01 2.26959452e-04 -1.24444272e-04
 1.27947650e+01 2.25688735e-04 -1.25221225e-04
 1.28049662e+01 2.24413352e-04 -1.25946579e-04
 1.28151533e+01 2.23132635e-04 -1.26692220e-04
 1.28253302e+01 2.21844424e-04 -1.27385699e-04
 1.28354931e+01 2.20550594e-04 -1.28059986e-04
 1.28456433e+01 2.19253829e-04 -1.28657935e-04
 1.28557820e+01 2.17947589e-04 -1.29230971e-04
 1.28659093e+01 2.16637276e-04 -1.29826254e-04
 1.28760265e+01 2.15326131e-04 -1.30409153e-04
 1.28861323e+01 2.14020446e-04 -1.31000119e-04
 1.28962266e+01 2.12708361e-04 -1.31627217e-04
 1.29063109e+01 2.11392953e-04 -1.32244501e-04
 1.29163838e+01 2.10077099e-04 -1.32841473e-04
 1.29264439e+01 2.08756638e-04 -1.33368668e-04
 1.29364927e+01 2.07429623e-04 -1.33827630e-04
 1.29465301e+01 2.06093978e-04 -1.34284730e-04
 1.29565547e+01 2.04754602e-04 -1.34741182e-04
 1.29665653e+01 2.03414511e-04 -1.35158185e-04
 1.29765619e+01 2.02069678e-04 -1.35563096e-04
 1.29865459e+01 2.00723316e-04 -1.35927570e-04
 1.29965144e+01 1.99375298e-04 -1.36140553e-04
 1.30064717e+01 1.98033494e-04 -1.36385898e-04
 1.30164163e+01 1.96687625e-04 -1.36639386e-04
 1.30263494e+01 1.95336466e-04 -1.36827004e-04
 1.30362711e+01 1.93984915e-04 -1.36983255e-04
 1.30461801e+01 1.92633465e-04 -1.37077771e-04
 1.30560778e+01 1.91278932e-04 -1.37167695e-04
 1.30659666e+01 1.89926458e-04 -1.37182176e-04
 1.30758453e+01 1.88577613e-04 -1.37151642e-04
 1.30857127e+01 1.87232540e-04 -1.37149482e-04
 1.30955700e+01 1.85884707e-04 -1.37098034e-04
 1.31054158e+01 1.84536131e-04 -1.37002452e-04
 1.31152488e+01 1.83191523e-04 -1.36862485e-04
 1.31250704e+01 1.81851907e-04 -1.36705222e-04
 1.31348803e+01 1.80516919e-04 -1.36524703e-04
 1.31446762e+01 1.79180732e-04 -1.36352749e-04
 1.31544606e+01 1.77851226e-04 -1.36203784e-04
 1.31642323e+01 1.76525765e-04 -1.36065243e-04
 1.31739939e+01 1.75197936e-04 -1.35954478e-04
 1.31837441e+01 1.73872093e-04 -1.35850746e-04
 1.31934841e+01 1.72551951e-04 -1.35807884e-04
 1.32032126e+01 1.71241379e-04 -1.35776641e-04
 1.32129283e+01 1.69931160e-04 -1.35757581e-04
 1.32226326e+01 1.68625419e-04 -1.35791177e-04
 1.32323266e+01 1.67319984e-04 -1.35836332e-04
 1.32420080e+01 1.66011730e-04 -1.35914772e-04
 1.32516777e+01 1.64700892e-04 -1.35970260e-04
 1.32613334e+01 1.63385952e-04 -1.36043302e-04
 1.32709735e+01 1.62072688e-04 -1.36038812e-04
 1.32805983e+01 1.60758719e-04 -1.35987988e-04
 1.32902089e+01 1.59443635e-04 -1.35882906e-04
 1.32998041e+01 1.58125319e-04 -1.35668269e-04
 1.33093877e+01 1.56808729e-04 -1.35373826e-04
 1.33189586e+01 1.55505662e-04 -1.35260365e-04
 1.33285153e+01 1.54204790e-04 -1.35158176e-04
 1.33380604e+01 1.52909682e-04 -1.35091924e-04
 1.33475942e+01 1.51618414e-04 -1.35028308e-04
 1.33571124e+01 1.50331660e-04 -1.35005682e-04
 1.33666165e+01 1.49048623e-04 -1.34970605e-04
 1.33761064e+01 1.47764501e-04 -1.34903357e-04
 1.33855835e+01 1.46486175e-04 -1.34801591e-04
 1.33950453e+01 1.45213673e-04 -1.34718990e-04
 1.34044914e+01 1.43942583e-04 -1.34611589e-04
 1.34139234e+01 1.42674799e-04 -1.34449959e-04
 1.34233400e+01 1.41410851e-04 -1.34267023e-04
 1.34327410e+01 1.40149870e-04 -1.34036815e-04
 1.34421265e+01 1.38894394e-04 -1.33827198e-04
 1.34514990e+01 1.37645433e-04 -1.33635675e-04
 1.34608587e+01 1.36401164e-04 -1.33474782e-04
 1.34702042e+01 1.35163007e-04 -1.33374558e-04
 1.34795353e+01 1.33928692e-04 -1.33257442e-04
 1.34888549e+01 1.32696610e-04 -1.33173618e-04
 1.34981602e+01 1.31467447e-04 -1.33059210e-04
 1.35074499e+01 1.30243314e-04 -1.32944939e-04
 1.35167253e+01 1.29021631e-04 -1.32848629e-04
 1.35259852e+01 1.27803171e-04 -1.32750084e-04
 1.35352308e+01 1.26590375e-04 -1.32645162e-04
 1.35444634e+01 1.25380619e-04 -1.32565227e-04
 1.35536805e+01 1.24166994e-04 -1.32439709e-04
 1.35628847e+01 1.22929777e-04 -1.32529002e-04
 1.35720760e+01 1.21685071e-04 -1.32720092e-04
 1.35812518e+01 1.20436708e-04 -1.32904470e-04
 1.35904133e+01 1.19187928e-04 -1.33107558e-04
 1.35995618e+01 1.17941789e-04 -1.33293654e-04
 1.36086987e+01 1.16698850e-04 -1.33450645e-04
 1.36178226e+01 1.15462812e-04 -1.33626126e-04
 1.36269348e+01 1.14232396e-04 -1.33842917e-04
 1.36360365e+01 1.13005407e-04 -1.34015125e-04
 1.36451252e+01 1.11781340e-04 -1.34175303e-04
 1.36541981e+01 1.10563414e-04 -1.34262417e-04
 1.36632579e+01 1.09350294e-04 -1.34310719e-04
 1.36723047e+01 1.08142326e-04 -1.34296946e-04
 1.36813410e+01 1.06939632e-04 -1.34213137e-04
 1.36903655e+01 1.05742440e-04 -1.34094961e-04
 1.36993782e+01 1.04547929e-04 -1.33957103e-04
 1.37083765e+01 1.03353627e-04 -1.33756587e-04
 1.37173616e+01 1.02166594e-04 -1.33515647e-04
 1.37263336e+01 1.00986981e-04 -1.33166720e-04
 1.37352937e+01 9.98169106e-05 -1.32823888e-04
 1.37442446e+01 9.86558064e-05 -1.32445448e-04
 1.37531850e+01 9.75026286e-05 -1.32044020e-04
 1.37621148e+01 9.63565371e-05 -1.31573478e-04
 1.37710327e+01 9.52166076e-05 -1.31075807e-04
 1.37799388e+01 9.40839147e-05 -1.30502320e-04
 1.37888330e+01 9.29564727e-05 -1.29895739e-04
 1.37977153e+01 9.18399725e-05 -1.29197576e-04
 1.38065870e+01 9.07307846e-05 -1.28456361e-04
 1.38154481e+01 8.96225793e-05 -1.27658605e-04
 1.38243012e+01 8.85230917e-05 -1.26860401e-04
 1.38331462e+01 8.74350514e-05 -1.26005468e-04
 1.38419845e+01 8.63545179e-05 -1.25089435e-04
 1.38508173e+01 8.52706228e-05 -1.24132186e-04
 1.38596433e+01 8.41951763e-05 -1.23205140e-04
 1.38684639e+01 8.31304198e-05 -1.22205540e-04
 1.38772803e+01 8.20701812e-05 -1.21158916e-04
 1.38860938e+01 8.10165401e-05 -1.20053326e-04
 1.38949057e+01 7.99703443e-05 -1.18930748e-04
 1.39037148e+01 7.89381873e-05 -1.17812469e-04
 1.39125185e+01 7.79144717e-05 -1.16718878e-04
 1.39213205e+01 7.68962090e-05 -1.15609662e-04
 1.39301236e+01 7.58894709e-05 -1.14491439e-04
 1.39389263e+01 7.48935277e-05 -1.13315830e-04
 1.39477273e+01 7.39044156e-05 -1.12032818e-04
 1.39565280e+01 7.29208926e-05 -1.10722964e-04
 1.39653284e+01 7.19514688e-05 -1.09414122e-04
 1.39741271e+01 7.09956024e-05 -1.08086569e-04
 1.39829254e+01 7.00484201e-05 -1.06771907e-04
 1.39917233e+01 6.91104325e-05 -1.05412123e-04
 1.40005182e+01 6.81883202e-05 -1.04064698e-04
 1.40093113e+01 6.72758846e-05 -1.02696899e-04
 1.40180997e+01 6.63758419e-05 -1.01404459e-04
 1.40268874e+01 6.54866817e-05 -1.00178271e-04
 1.40356759e+01 6.46078952e-05 -9.90295464e-05
 1.40444651e+01 6.37388750e-05 -9.79264000e-05
 1.40532551e+01 6.28753628e-05 -9.68298880e-05
 1.40620433e+01 6.20166582e-05 -9.57553112e-05
 1.40708309e+01 6.11642608e-05 -9.46348053e-05
 1.40796181e+01 6.03230533e-05 -9.35526463e-05
 1.40884022e+01 5.94865065e-05 -9.24960584e-05
 1.40971870e+01 5.86583144e-05 -9.14286986e-05
 1.41059753e+01 5.78424969e-05 -9.03995887e-05
 1.41147643e+01 5.70341180e-05 -8.94083639e-05
 1.41235542e+01 5.62340836e-05 -8.84323865e-05
 1.41323434e+01 5.54338767e-05 -8.74698838e-05
 1.41411335e+01 5.46406780e-05 -8.65630104e-05
 1.41499230e+01 5.38550523e-05 -8.56920502e-05
 1.41587145e+01 5.30787399e-05 -8.48645100e-05
 1.41675080e+01 5.23155501e-05 -8.40733992e-05
 1.41763035e+01 5.15652127e-05 -8.32723720e-05
 1.41850997e+01 5.08267473e-05 -8.25512097e-05
 1.41938967e+01 5.00948899e-05 -8.17991001e-05
 1.42026956e+01 4.93731184e-05 -8.10406383e-05
 1.42114965e+01 4.86630427e-05 -8.02620526e-05
 1.42203006e+01 4.79648332e-05 -7.94499404e-05
 1.42291054e+01 4.72749653e-05 -7.86002914e-05
 1.42379121e+01 4.65945575e-05 -7.77739278e-05
 1.42467208e+01 4.59256552e-05 -7.69198315e-05
 1.42555288e+01 4.52682527e-05 -7.60255075e-05
 1.42643374e+01 4.46196594e-05 -7.51701653e-05
 1.42731467e+01 4.39799720e-05 -7.43375599e-05
 1.42819565e+01 4.33479675e-05 -7.34809679e-05
 1.42907631e+01 4.27289094e-05 -7.26184313e-05
 1.42995649e+01 4.21195675e-05 -7.17469596e-05
 1.43083647e+01 4.15186723e-05 -7.08563430e-05
 1.43171599e+01 4.09279321e-05 -6.99380800e-05
 1.43259478e+01 4.03474188e-05 -6.89669089e-05
 1.43347284e+01 3.97757913e-05 -6.79751990e-05
 1.43434991e+01 3.92109534e-05 -6.69771407e-05
 1.43522612e+01 3.86542669e-05 -6.59223088e-05
 1.43610159e+01 3.81048923e-05 -6.48156032e-05
 1.43697607e+01 3.75636367e-05 -6.37026241e-05
 1.43784929e+01 3.70301890e-05 -6.25539731e-05
 1.43872153e+01 3.65003713e-05 -6.13849496e-05
 1.43959264e+01 3.59807314e-05 -6.01922436e-05
 1.44046263e+01 3.54667037e-05 -5.89826857e-05
 1.44133190e+01 3.49504547e-05 -5.78025604e-05
 1.44220017e+01 3.44399902e-05 -5.65812389e-05
 1.44306757e+01 3.39356182e-05 -5.53062226e-05
 1.44393411e+01 3.34378568e-05 -5.39123079e-05
 1.44479991e+01 3.29457891e-05 -5.24328310e-05
 1.44566498e+01 3.24621960e-05 -5.09148089e-05
 1.44652947e+01 3.20053413e-05 -4.96604065e-05
 1.44739310e+01 3.15646581e-05 -4.85446818e-05
 1.44825588e+01 3.11347739e-05 -4.75152676e-05
 1.44911779e+01 3.07179221e-05 -4.65281281e-05
 1.44997883e+01 3.03113461e-05 -4.55765016e-05
 1.45083912e+01 2.99122100e-05 -4.46863021e-05
 1.45169868e+01 2.95197699e-05 -4.38492607e-05
 1.45255749e+01 2.91360330e-05 -4.30528017e-05
 1.45341569e+01 2.87602900e-05 -4.22990924e-05
 1.45427313e+01 2.83923708e-05 -4.16241912e-05
 1.45512971e+01 2.80273435e-05 -4.09709473e-05
 1.45598540e+01 2.76688480e-05 -4.03604594e-05
 1.45684021e+01 2.73158729e-05 -3.97745274e-05
 1.45769414e+01 2.69687872e-05 -3.92468831e-05
 1.45854705e+01 2.66280351e-05 -3.87584476e-05
 1.45939934e+01 2.62934568e-05 -3.83686001e-05
 1.46025075e+01 2.59646834e-05 -3.80884988e-05
 1.46110129e+01 2.56398762e-05 -3.78218854e-05
 1.46195095e+01 2.53152434e-05 -3.75474525e-05
 1.46279985e+01 2.49939813e-05 -3.72865532e-05
 1.46364775e+01 2.46742621e-05 -3.70567536e-05
 1.46449476e+01 2.43568174e-05 -3.68489994e-05
 1.46534089e+01 2.40421371e-05 -3.66063843e-05
 1.46618615e+01 2.37294888e-05 -3.63970320e-05
 1.46703065e+01 2.34157232e-05 -3.62267445e-05
 1.46787440e+01 2.31034521e-05 -3.61211600e-05
 1.46871754e+01 2.27765260e-05 -3.61461528e-05
 1.46956006e+01 2.24449618e-05 -3.62422844e-05
 1.47040183e+01 2.21147689e-05 -3.64338950e-05
 1.47124285e+01 2.17831677e-05 -3.66787455e-05
 1.47208311e+01 2.14488270e-05 -3.68837828e-05
 1.47292301e+01 2.11125939e-05 -3.70530448e-05
 1.47376243e+01 2.07817548e-05 -3.73172471e-05
 1.47460148e+01 2.04524418e-05 -3.76219816e-05
 1.47544032e+01 2.01207638e-05 -3.78676893e-05
 1.47627904e+01 1.97900485e-05 -3.81373647e-05
 1.47711766e+01 1.94628995e-05 -3.83502014e-05
 1.47795645e+01 1.91379509e-05 -3.85777454e-05
 1.47879538e+01 1.88133436e-05 -3.87464495e-05
 1.47963448e+01 1.84954009e-05 -3.88791925e-05
 1.48047360e+01 1.81840448e-05 -3.89953622e-05
 1.48131302e+01 1.78714563e-05 -3.91346324e-05
 1.48215258e+01 1.75572494e-05 -3.92743298e-05
 1.48299243e+01 1.72459405e-05 -3.93111607e-05
 1.48383256e+01 1.69440950e-05 -3.92736073e-05
 1.48467257e+01 1.66424519e-05 -3.92444145e-05
 1.48551286e+01 1.63390724e-05 -3.91817299e-05
 1.48635331e+01 1.60401577e-05 -3.90938282e-05
 1.48719379e+01 1.57416489e-05 -3.89786266e-05
 1.48803443e+01 1.54447428e-05 -3.87627987e-05
 1.48887521e+01 1.51505983e-05 -3.84706684e-05
 1.48971614e+01 1.48544173e-05 -3.80954375e-05
 1.49055710e+01 1.45591542e-05 -3.76576721e-05
 1.49139807e+01 1.42670472e-05 -3.71686286e-05
 1.49223920e+01 1.39750146e-05 -3.66336302e-05
 1.49308037e+01 1.36865583e-05 -3.60466741e-05
 1.49392168e+01 1.34050946e-05 -3.54099745e-05
 1.49476328e+01 1.31241860e-05 -3.47349418e-05
 1.49560503e+01 1.28402801e-05 -3.40765912e-05
 1.49644695e+01 1.25607267e-05 -3.34255354e-05
 1.49728902e+01 1.22849671e-05 -3.26834011e-05
 1.49813111e+01 1.20093651e-05 -3.19390503e-05
 1.49897349e+01 1.17382704e-05 -3.11842925e-05
 1.49981616e+01 1.14738582e-05 -3.03567110e-05
 1.50065911e+01 1.12211523e-05 -2.95428690e-05
 1.50150260e+01 1.09760771e-05 -2.87523588e-05
 1.50234626e+01 1.07374589e-05 -2.79834320e-05
 1.50319019e+01 1.05036079e-05 -2.72517844e-05
 1.50403440e+01 1.02781129e-05 -2.64388923e-05
 1.50487902e+01 1.00546263e-05 -2.56311634e-05
 1.50572393e+01 9.83858658e-06 -2.48402184e-05
 1.50656938e+01 9.63031384e-06 -2.40524431e-05
 1.50741511e+01 9.42870309e-06 -2.32549350e-05
 1.50826112e+01 9.23364430e-06 -2.24072213e-05
 1.50910740e+01 9.04289893e-06 -2.15306693e-05
 1.50995397e+01 8.85735115e-06 -2.06898815e-05
 1.51080081e+01 8.67582006e-06 -1.99344397e-05
 1.51164778e+01 8.50203203e-06 -1.92148360e-05
 1.51249516e+01 8.33210004e-06 -1.85066607e-05
 1.51334280e+01 8.16689819e-06 -1.78841535e-05
 1.51419072e+01 8.00810163e-06 -1.73167728e-05
 1.51503904e+01 7.85629209e-06 -1.67786905e-05
 1.51588751e+01 7.70866342e-06 -1.62379526e-05
 1.51673625e+01 7.55872830e-06 -1.58004597e-05
 1.51758514e+01 7.41013438e-06 -1.54224594e-05
 1.51843417e+01 7.26248531e-06 -1.50941143e-05
 1.51928334e+01 7.11574371e-06 -1.47580101e-05
 1.52013267e+01 6.97163541e-06 -1.44190257e-05
 1.52098187e+01 6.82940828e-06 -1.41519522e-05
 1.52183097e+01 6.68811361e-06 -1.39025278e-05
 1.52268009e+01 6.54118277e-06 -1.37497941e-05
 1.52352922e+01 6.39303965e-06 -1.36487409e-05
 1.52437811e+01 6.24546538e-06 -1.35908463e-05
 1.52522675e+01 6.10109558e-06 -1.36183949e-05
 1.52607527e+01 5.95838126e-06 -1.36087928e-05
 1.52692368e+01 5.81825355e-06 -1.35897888e-05
 1.52777211e+01 5.68711211e-06 -1.37059377e-05
 1.52862043e+01 5.56018807e-06 -1.38563380e-05
 1.52946849e+01 5.43719066e-06 -1.39896165e-05
 1.53031656e+01 5.31489259e-06 -1.41058040e-05
 1.53116451e+01 5.19492115e-06 -1.42127043e-05
 1.53201234e+01 5.07372552e-06 -1.43555789e-05
 1.53286005e+01 4.95406253e-06 -1.44867255e-05
 1.53370777e+01 4.83552297e-06 -1.46303367e-05
 1.53455550e+01 4.71765010e-06 -1.48065813e-05
 1.53540298e+01 4.59893701e-06 -1.49679791e-05
 1.53625060e+01 4.47872265e-06 -1.51227049e-05
 1.53709797e+01 4.35872913e-06 -1.52815945e-05
 1.53794496e+01 4.24178773e-06 -1.54401488e-05
 1.53879182e+01 4.12275355e-06 -1.56487588e-05
 1.53963856e+01 3.99982667e-06 -1.58848370e-05
 1.54048519e+01 3.87790223e-06 -1.60961020e-05
 1.54133195e+01 3.75869593e-06 -1.63044574e-05
 1.54217859e+01 3.63592781e-06 -1.65350530e-05
 1.54302512e+01 3.50973926e-06 -1.67583430e-05
 1.54387140e+01 3.38213997e-06 -1.69280940e-05
 1.54471743e+01 3.25243620e-06 -1.70376336e-05
 1.54556334e+01 3.12227997e-06 -1.71123331e-05
 1.54640912e+01 2.99420933e-06 -1.71303118e-05
 1.54725480e+01 2.86231168e-06 -1.70953597e-05
 1.54810008e+01 2.72823900e-06 -1.70612287e-05
 1.54894539e+01 2.58816880e-06 -1.70106082e-05
 1.54979045e+01 2.44599181e-06 -1.69169296e-05
 1.55063538e+01 2.30139970e-06 -1.67667508e-05
 1.55148020e+01 2.15284514e-06 -1.65166717e-05
 1.55232491e+01 2.00191193e-06 -1.62257467e-05
 1.55316949e+01 1.85237904e-06 -1.58863158e-05
 1.55401408e+01 1.70255181e-06 -1.55150492e-05
 1.55485857e+01 1.56660918e-06 -1.52026178e-05
 1.55570280e+01 1.43738182e-06 -1.49176274e-05
 1.55654692e+01 1.31135947e-06 -1.46507353e-05
 1.55739093e+01 1.18808804e-06 -1.44128655e-05
 1.55823454e+01 1.06829151e-06 -1.41334088e-05
 1.55907805e+01 9.50511765e-07 -1.38538246e-05
 1.55992155e+01 8.37472200e-07 -1.35858357e-05
 1.56076506e+01 7.27332824e-07 -1.33520731e-05
 1.56160859e+01 6.19504592e-07 -1.31404162e-05
 1.56245212e+01 5.14606317e-07 -1.29782109e-05
 1.56329566e+01 4.07338533e-07 -1.28215456e-05
 1.56413934e+01 3.05256473e-07 -1.26455599e-05
 1.56498329e+01 2.08769879e-07 -1.24141587e-05
 1.56582723e+01 1.14207607e-07 -1.21496256e-05
 1.56667156e+01 1.82769054e-08 -1.18840118e-05
 1.56751630e+01 -7.48062628e-08 -1.17056830e-05
 1.56836144e+01 -1.65575433e-07 -1.16011941e-05
 1.56920686e+01 -2.58864885e-07 -1.14843368e-05
 1.57005253e+01 -3.57062668e-07 -1.12940942e-05
 1.57089848e+01 -4.52233558e-07 -1.10820262e-05
 1.57174483e+01 -5.44321053e-07 -1.08705299e-05
 1.57259158e+01 -6.37118990e-07 -1.06396648e-05
 1.57343861e+01 -7.24293912e-07 -1.03723113e-05
 1.57428591e+01 -8.10674769e-07 -1.00537733e-05
 1.57513348e+01 -9.00573021e-07 -9.78246017e-06
 1.57598133e+01 -9.89260921e-07 -9.53358357e-06
 1.57682984e+01 -1.09191853e-06 -9.54714408e-06
 1.57767851e+01 -1.22286015e-06 -1.00093299e-05
 1.57852760e+01 -1.36715175e-06 -1.07234629e-05
 1.57937684e+01 -1.52585467e-06 -1.16372623e-05
 1.58022661e+01 -1.69505146e-06 -1.26026779e-05
 1.58107692e+01 -1.86584955e-06 -1.35642224e-05
 1.58192764e+01 -2.03151921e-06 -1.45651738e-05
 1.58277889e+01 -2.19776801e-06 -1.55927353e-05
 1.58363054e+01 -2.36745061e-06 -1.65661452e-05
 1.58448247e+01 -2.53525415e-06 -1.75394915e-05
 1.58533492e+01 -2.69913420e-06 -1.84418469e-05
 1.58618790e+01 -2.86520082e-06 -1.92702107e-05
 1.58704155e+01 -3.02995655e-06 -1.99548596e-05
 1.58789572e+01 -3.19258118e-06 -2.05591894e-05
 1.58875031e+01 -3.35426115e-06 -2.11116202e-05
 1.58960529e+01 -3.51324941e-06 -2.16133100e-05
 1.59046080e+01 -3.67375236e-06 -2.19880283e-05
 1.59131698e+01 -3.82787288e-06 -2.22874789e-05
 1.59217341e+01 -3.97754149e-06 -2.24921006e-05
 1.59303024e+01 -4.12612077e-06 -2.26163489e-05
 1.59388760e+01 -4.27050583e-06 -2.26091159e-05
 1.59474548e+01 -4.41257747e-06 -2.24713340e-05
 1.59560389e+01 -4.55254051e-06 -2.22512546e-05
 1.59646283e+01 -4.68996739e-06 -2.19671779e-05
 1.59732217e+01 -4.82085279e-06 -2.16363700e-05
 1.59818203e+01 -4.95163557e-06 -2.11650977e-05
 1.59904244e+01 -5.08119435e-06 -2.06042212e-05
 1.59990337e+01 -5.20593180e-06 -1.99747100e-05
 1.60076483e+01 -5.32963146e-06 -1.92819412e-05
 1.60162697e+01 -5.45390845e-06 -1.85073177e-05
 1.60248962e+01 -5.57639888e-06 -1.76217997e-05
 1.60335269e+01 -5.69195160e-06 -1.67377979e-05
 1.60421617e+01 -5.80812325e-06 -1.59006995e-05
 1.60508017e+01 -5.92103648e-06 -1.50476271e-05
 1.60594458e+01 -6.02861238e-06 -1.40874464e-05
 1.60680938e+01 -6.13561688e-06 -1.31102435e-05
 1.60767459e+01 -6.23538633e-06 -1.20485067e-05
 1.60854008e+01 -6.32713163e-06 -1.08582499e-05
 1.60940598e+01 -6.40782264e-06 -9.71726801e-06
 1.61027189e+01 -6.47976578e-06 -8.60279884e-06
 1.61113807e+01 -6.54356034e-06 -7.47476216e-06
 1.61200452e+01 -6.59778846e-06 -6.31995961e-06
 1.61287110e+01 -6.64634141e-06 -5.13997648e-06
 1.61373783e+01 -6.68580942e-06 -3.91487472e-06
 1.61460470e+01 -6.72073042e-06 -2.71325883e-06
 1.61547144e+01 -6.75205099e-06 -1.52722254e-06
 1.61633833e+01 -6.77672465e-06 -2.89022034e-07
 1.61720548e+01 -6.79401951e-06 9.95308335e-07
 1.61807278e+01 -6.80357596e-06 2.31619285e-06
 1.61894021e+01 -6.80289289e-06 3.57492800e-06
 1.61980778e+01 -6.79829143e-06 4.77858990e-06
 1.62067469e+01 -6.78648896e-06 5.85286794e-06
 1.62154196e+01 -6.76622284e-06 6.72181869e-06
 1.62240947e+01 -6.74313974e-06 7.42286474e-06
 1.62327709e+01 -6.72034449e-06 7.90274456e-06
 1.62414471e+01 -6.69522271e-06 8.24978746e-06
 1.62501219e+01 -6.67139882e-06 8.52628678e-06
 1.62587967e+01 -6.64582527e-06 8.70515975e-06
 1.62674690e+01 -6.61643933e-06 8.77584070e-06
 1.62761412e+01 -6.59163138e-06 8.71327424e-06
 1.62848121e+01 -6.56955834e-06 8.60563331e-06
 1.62934805e+01 -6.54691401e-06 8.39972720e-06
 1.63021476e+01 -6.52450508e-06 8.06680466e-06
 1.63108134e+01 -6.50309047e-06 7.68976503e-06
 1.63194780e+01 -6.49056065e-06 7.14711276e-06
 1.63281426e+01 -6.48441873e-06 6.48689433e-06
 1.63368072e+01 -6.48183963e-06 5.83729808e-06
 1.63454693e+01 -6.48184950e-06 5.09916186e-06
 1.63541301e+01 -6.48088232e-06 4.34876963e-06
 1.63627909e+01 -6.47880189e-06 3.53115647e-06
 1.63714519e+01 -6.47835853e-06 2.65662635e-06
 1.63801116e+01 -6.47702415e-06 1.78923995e-06
 1.63887701e+01 -6.47656176e-06 8.99206825e-07
 1.63974274e+01 -6.47561446e-06 -2.87738229e-08
 1.64060834e+01 -6.47603338e-06 -9.55486079e-07
 1.64147368e+01 -6.47937001e-06 -1.91670320e-06
 1.64233877e+01 -6.48737566e-06 -2.83537609e-06
 1.64320372e+01 -6.49621042e-06 -3.70864173e-06
 1.64406855e+01 -6.50635548e-06 -4.55895201e-06
 1.64493326e+01 -6.51875649e-06 -5.43610254e-06
 1.64579783e+01 -6.53647885e-06 -6.31223770e-06
 1.64666227e+01 -6.55522941e-06 -7.15745867e-06
 1.64752646e+01 -6.58124908e-06 -8.00037171e-06
 1.64839038e+01 -6.60941519e-06 -8.83933459e-06
 1.64925390e+01 -6.63871672e-06 -9.61916938e-06
 1.65011730e+01 -6.67233691e-06 -1.03823833e-05
 1.65098056e+01 -6.70855798e-06 -1.11707599e-05
 1.65184370e+01 -6.75412064e-06 -1.18927113e-05
 1.65270659e+01 -6.80985733e-06 -1.24991405e-05
 1.65356934e+01 -6.87131872e-06 -1.29548784e-05
 1.65443209e+01 -6.93444207e-06 -1.32780681e-05
 1.65529471e+01 -7.00239924e-06 -1.35274340e-05
 1.65615721e+01 -7.07602231e-06 -1.36927824e-05
 1.65701984e+01 -7.15432212e-06 -1.37733436e-05
 1.65788261e+01 -7.23916767e-06 -1.37517307e-05
 1.65874551e+01 -7.33160942e-06 -1.35870171e-05
 1.65960868e+01 -7.43587893e-06 -1.33590867e-05
 1.66047198e+01 -7.54814331e-06 -1.30061595e-05
 1.66133514e+01 -7.67097340e-06 -1.24299698e-05
 1.66219845e+01 -7.79988344e-06 -1.16034251e-05
 1.66306188e+01 -7.93203679e-06 -1.06254056e-05
 1.66392544e+01 -8.06852471e-06 -9.45053959e-06
 1.66478967e+01 -8.19613820e-06 -8.32061694e-06
 1.66565404e+01 -8.29661355e-06 -7.48621233e-06
 1.66651844e+01 -8.38192488e-06 -6.80903388e-06
 1.66738311e+01 -8.45038443e-06 -6.29491089e-06
 1.66824793e+01 -8.50808523e-06 -5.86745299e-06
 1.66911301e+01 -8.56060583e-06 -5.46877709e-06
 1.66997822e+01 -8.61061851e-06 -5.06957604e-06
 1.67084371e+01 -8.65728375e-06 -4.72762284e-06
 1.67170933e+01 -8.69908486e-06 -4.45519971e-06
 1.67257522e+01 -8.73850269e-06 -4.26262618e-06
 1.67344138e+01 -8.77844811e-06 -4.07615792e-06
 1.67430754e+01 -8.81451212e-06 -3.92375237e-06
 1.67517384e+01 -8.85056267e-06 -3.75001782e-06
 1.67604014e+01 -8.88604573e-06 -3.64806061e-06
 1.67690656e+01 -8.91702585e-06 -3.58032924e-06
 1.67777313e+01 -8.94500828e-06 -3.53316416e-06
 1.67864008e+01 -8.97138466e-06 -3.51863560e-06
 1.67950718e+01 -9.00119864e-06 -3.51685765e-06
 1.68037441e+01 -9.03318896e-06 -3.50543633e-06
 1.68124177e+01 -9.06357094e-06 -3.50165007e-06
 1.68210913e+01 -9.09401724e-06 -3.41666533e-06
 1.68297649e+01 -9.12538148e-06 -3.29938509e-06
 1.68384399e+01 -9.15780358e-06 -3.18958750e-06
 1.68471148e+01 -9.18916349e-06 -3.07548824e-06
 1.68557925e+01 -9.22237193e-06 -2.97032589e-06
 1.68644728e+01 -9.25828734e-06 -2.89908675e-06
 1.68731546e+01 -9.30656475e-06 -3.02554048e-06
 1.68818379e+01 -9.36489780e-06 -3.26710389e-06
 1.68905225e+01 -9.42555218e-06 -3.56005244e-06
 1.68992085e+01 -9.48920464e-06 -3.94131275e-06
 1.69078958e+01 -9.55652987e-06 -4.32614361e-06
 1.69165871e+01 -9.62413679e-06 -4.73419414e-06
 1.69252824e+01 -9.68445761e-06 -5.18284539e-06
 1.69339804e+01 -9.74638340e-06 -5.70159579e-06
 1.69426810e+01 -9.80917518e-06 -6.16538406e-06
 1.69513844e+01 -9.86852759e-06 -6.65933180e-06
 1.69600903e+01 -9.93051453e-06 -7.14829828e-06
 1.69688014e+01 -9.99401245e-06 -7.55759987e-06
 1.69775151e+01 -1.00547516e-05 -7.91628484e-06
 1.69862303e+01 -1.01156476e-05 -8.25809575e-06
 1.69949480e+01 -1.01731035e-05 -8.50834853e-06
 1.70036684e+01 -1.02353551e-05 -8.75728299e-06
 1.70123889e+01 -1.02960543e-05 -8.95084747e-06
 1.70211093e+01 -1.03593564e-05 -9.08205588e-06
 1.70298298e+01 -1.04245023e-05 -9.28182574e-06
 1.70385502e+01 -1.04862192e-05 -9.50207474e-06
 1.70472720e+01 -1.05501061e-05 -9.68344112e-06
 1.70559965e+01 -1.06177573e-05 -9.85550683e-06
 1.70647197e+01 -1.06901643e-05 -1.00010944e-05
 1.70734430e+01 -1.07637145e-05 -1.00916672e-05
 1.70821665e+01 -1.08329652e-05 -1.01396437e-05
 1.70908873e+01 -1.09042899e-05 -1.01823845e-05
 1.70996056e+01 -1.09770699e-05 -1.01021767e-05
 1.71083240e+01 -1.10533347e-05 -1.00363521e-05
 1.71170386e+01 -1.11266768e-05 -9.96414303e-06
 1.71257532e+01 -1.11995153e-05 -9.82341283e-06
 1.71344679e+01 -1.12725216e-05 -9.65305525e-06
 1.71431827e+01 -1.13472515e-05 -9.46621741e-06
 1.71518974e+01 -1.14249853e-05 -9.24618669e-06
 1.71606123e+01 -1.14987111e-05 -9.02719491e-06
 1.71693272e+01 -1.15723244e-05 -8.77750639e-06
 1.71780421e+01 -1.16451300e-05 -8.50115941e-06
 1.71867597e+01 -1.17156725e-05 -8.18488079e-06
 1.71954774e+01 -1.17867431e-05 -7.83389147e-06
 1.72041964e+01 -1.18483834e-05 -7.53350219e-06
 1.72129168e+01 -1.19011938e-05 -7.21949974e-06
 1.72216385e+01 -1.19510176e-05 -6.84217261e-06
 1.72303590e+01 -1.19975335e-05 -6.49382402e-06
 1.72390795e+01 -1.20396737e-05 -6.06127110e-06
 1.72478013e+01 -1.20781915e-05 -5.60335999e-06
 1.72565233e+01 -1.21161478e-05 -5.18572783e-06
 1.72652480e+01 -1.21509624e-05 -4.67766625e-06
 1.72739753e+01 -1.21803414e-05 -4.11276353e-06
 1.72827027e+01 -1.22062051e-05 -3.52364724e-06
 1.72914328e+01 -1.22324100e-05 -2.95434736e-06
 1.73001628e+01 -1.22539970e-05 -2.40856605e-06
 1.73088942e+01 -1.22716142e-05 -1.86547474e-06
 1.73176253e+01 -1.22883917e-05 -1.36942641e-06
 1.73263577e+01 -1.23043636e-05 -9.23051751e-07
 1.73350913e+01 -1.23183340e-05 -5.17123124e-07
 1.73438263e+01 -1.23304103e-05 -1.82066421e-07
 1.73525639e+01 -1.23436014e-05 1.27165939e-07
 1.73613016e+01 -1.23547346e-05 3.53435555e-07
 1.73700380e+01 -1.23668904e-05 5.75791993e-07
 1.73787756e+01 -1.23811307e-05 7.99719312e-07
 1.73875120e+01 -1.23943917e-05 9.90471969e-07
 1.73962472e+01 -1.24104974e-05 1.09569826e-06
 1.74049810e+01 -1.24229896e-05 1.15457896e-06
 1.74137111e+01 -1.24307095e-05 1.21107239e-06
 1.74224399e+01 -1.24396797e-05 1.28962859e-06
 1.74311714e+01 -1.24537066e-05 1.36252237e-06
 1.74399029e+01 -1.24673693e-05 1.43187317e-06
 1.74486344e+01 -1.24818455e-05 1.41347697e-06
 1.74573674e+01 -1.24961661e-05 1.37569787e-06
 1.74661016e+01 -1.25059344e-05 1.33848784e-06
 1.74748384e+01 -1.25140630e-05 1.27398877e-06
 1.74835779e+01 -1.25177507e-05 1.10336089e-06
 1.74923188e+01 -1.25175114e-05 8.81829128e-07
 1.75010609e+01 -1.25132646e-05 6.40920674e-07
 1.75098083e+01 -1.25085848e-05 4.09649440e-07
 1.75185596e+01 -1.25022671e-05 1.75146689e-07
 1.75273148e+01 -1.24962816e-05 -3.38775379e-08
 1.75360752e+01 -1.24907482e-05 -2.88510060e-07
 1.75448408e+01 -1.24816386e-05 -4.52492658e-07
 1.75536103e+01 -1.24699381e-05 -5.93717977e-07
 1.75623889e+01 -1.24610446e-05 -7.18700932e-07
 1.75711727e+01 -1.24557708e-05 -8.53809977e-07
 1.75799604e+01 -1.24522587e-05 -9.90689485e-07
 1.75887520e+01 -1.24475843e-05 -1.09709012e-06
 1.75975488e+01 -1.24406915e-05 -1.20403494e-06
 1.76063508e+01 -1.24348261e-05 -1.30061502e-06
 1.76151581e+01 -1.24278960e-05 -1.42249462e-06
 1.76239705e+01 -1.24224533e-05 -1.57772542e-06
 1.76327869e+01 -1.24193701e-05 -1.72211548e-06
 1.76416085e+01 -1.24188629e-05 -1.87538911e-06
 1.76504354e+01 -1.24193921e-05 -2.02650331e-06
 1.76592649e+01 -1.24216621e-05 -2.07644796e-06
 1.76680983e+01 -1.24278227e-05 -2.09779861e-06
 1.76769369e+01 -1.24360472e-05 -2.08348442e-06
 1.76857808e+01 -1.24441662e-05 -2.05122776e-06
 1.76946286e+01 -1.24528582e-05 -1.97956155e-06
 1.77034815e+01 -1.24645257e-05 -1.87790887e-06
 1.77123385e+01 -1.24855427e-05 -1.76029813e-06
 1.77211994e+01 -1.25125972e-05 -1.61145083e-06
 1.77300656e+01 -1.25421245e-05 -1.42377115e-06
 1.77389369e+01 -1.25738834e-05 -1.16694960e-06
 1.77478148e+01 -1.26071214e-05 -8.52301097e-07
 1.77566967e+01 -1.26401914e-05 -4.98656237e-07
 1.77655839e+01 -1.26614503e-05 -2.71449433e-07
 1.77744737e+01 -1.26731800e-05 -1.32212632e-07
 1.77833675e+01 -1.26831392e-05 -3.81236177e-08
 1.77922652e+01 -1.26890819e-05 -1.14425826e-08
 1.78011642e+01 -1.26919761e-05 -2.66019334e-08
 1.78100671e+01 -1.26929322e-05 -5.07665707e-08
 1.78189765e+01 -1.26951527e-05 -5.08551893e-08
 1.78278899e+01 -1.26933866e-05 -1.18039013e-07
 1.78368085e+01 -1.26929485e-05 -1.90677321e-07
 1.78457323e+01 -1.26949115e-05 -3.19112487e-07
 1.78546614e+01 -1.26963701e-05 -4.72016273e-07
 1.78635984e+01 -1.26973583e-05 -5.55706112e-07
 1.78725405e+01 -1.26998771e-05 -5.99817295e-07
 1.78814839e+01 -1.27060835e-05 -7.35077467e-07
 1.78904300e+01 -1.27160455e-05 -7.94635568e-07
 1.78993799e+01 -1.27207309e-05 -8.49273744e-07
 1.79083336e+01 -1.27288540e-05 -8.84017278e-07
 1.79172914e+01 -1.27413133e-05 -9.36447877e-07
 1.79262505e+01 -1.27533582e-05 -1.06615163e-06
 1.79352109e+01 -1.27641727e-05 -1.11468136e-06
 1.79441725e+01 -1.27753260e-05 -1.13494187e-06
 1.79531356e+01 -1.27891378e-05 -1.21690195e-06
 1.79620986e+01 -1.28001730e-05 -1.30446959e-06
 1.79710616e+01 -1.28123149e-05 -1.37733413e-06
 1.79800233e+01 -1.28292159e-05 -1.42902793e-06
 1.79889838e+01 -1.28473477e-05 -1.53545601e-06
 1.79979444e+01 -1.28885087e-05 -1.88479368e-06
 1.80069026e+01 -1.29366789e-05 -2.38824792e-06
 1.80158556e+01 -1.29874401e-05 -2.89611119e-06
 1.80248047e+01 -1.30473405e-05 -3.49127718e-06
 1.80337526e+01 -1.31106691e-05 -4.11634549e-06
 1.80426993e+01 -1.31740215e-05 -4.74402061e-06
 1.80516421e+01 -1.32364461e-05 -5.36739333e-06
 1.80605811e+01 -1.33010691e-05 -5.98557776e-06
 1.80695162e+01 -1.33666128e-05 -6.59470975e-06
 1.80784488e+01 -1.34331215e-05 -7.20482002e-06
 1.80873775e+01 -1.34995066e-05 -7.77422804e-06
 1.80963037e+01 -1.35669357e-05 -8.37057964e-06
 1.81052273e+01 -1.36360424e-05 -8.92220220e-06
 1.81141496e+01 -1.37045815e-05 -9.34431397e-06
 1.81230693e+01 -1.37706594e-05 -9.65918066e-06
 1.81319865e+01 -1.38338703e-05 -9.93038360e-06
 1.81409012e+01 -1.39000372e-05 -1.01109488e-05
 1.81498120e+01 -1.39672355e-05 -1.02368968e-05
 1.81587202e+01 -1.40311567e-05 -1.03615852e-05
 1.81676258e+01 -1.40934411e-05 -1.03967824e-05
 1.81765299e+01 -1.41561430e-05 -1.03407168e-05
 1.81854316e+01 -1.42229498e-05 -1.02768773e-05
 1.81943280e+01 -1.42864768e-05 -1.01916276e-05
 1.82032219e+01 -1.43488017e-05 -1.00444335e-05
 1.82121146e+01 -1.44109884e-05 -9.83196715e-06
 1.82210060e+01 -1.44718752e-05 -9.54934408e-06
 1.82298975e+01 -1.45314792e-05 -9.20674817e-06
 1.82387865e+01 -1.45937954e-05 -8.87848766e-06
 1.82476729e+01 -1.46544683e-05 -8.50985798e-06
 1.82565594e+01 -1.47132087e-05 -8.10477586e-06
 1.82654434e+01 -1.47697806e-05 -7.67433031e-06
 1.82743235e+01 -1.48237017e-05 -7.20949884e-06
 1.82832024e+01 -1.48797730e-05 -6.76661006e-06
 1.82920801e+01 -1.49355946e-05 -6.32818197e-06
 1.83009565e+01 -1.49847530e-05 -5.92230428e-06
 1.83098316e+01 -1.50321801e-05 -5.47793314e-06
 1.83187042e+01 -1.50773662e-05 -4.92313189e-06
 1.83275755e+01 -1.51212899e-05 -4.36026248e-06
 1.83364469e+01 -1.51608801e-05 -3.84984299e-06
 1.83453183e+01 -1.51959322e-05 -3.31548873e-06
 1.83541886e+01 -1.52231488e-05 -2.76442710e-06
 1.83630576e+01 -1.52431379e-05 -2.19769785e-06
 1.83719254e+01 -1.52619454e-05 -1.63296014e-06
 1.83807945e+01 -1.52784208e-05 -1.08941137e-06
 1.83896650e+01 -1.52905472e-05 -5.71076872e-07
 1.83985356e+01 -1.52971974e-05 -2.92469319e-08
 1.84074062e+01 -1.52993176e-05 5.36542656e-07
 1.84162782e+01 -1.52995185e-05 1.09429072e-06
 1.84251503e+01 -1.52977270e-05 1.62627207e-06
 1.84340250e+01 -1.52916319e-05 2.13731247e-06
 1.84429023e+01 -1.52780159e-05 2.61954041e-06
 1.84517807e+01 -1.52634591e-05 3.03742564e-06
 1.84606642e+01 -1.52500593e-05 3.40563936e-06
 1.84695517e+01 -1.52337659e-05 3.73841117e-06
 1.84784429e+01 -1.52141818e-05 3.95698342e-06
 1.84873381e+01 -1.51906722e-05 4.13951353e-06
 1.84962358e+01 -1.51664059e-05 4.34316441e-06
 1.85051388e+01 -1.51415946e-05 4.56645616e-06
 1.85140469e+01 -1.51153315e-05 4.76976570e-06
 1.85229602e+01 -1.50892185e-05 4.93467295e-06
 1.85318760e+01 -1.50603045e-05 5.06129343e-06
 1.85407958e+01 -1.50309485e-05 5.15026386e-06
 1.85497182e+01 -1.49990071e-05 5.20460234e-06
 1.85586432e+01 -1.49700155e-05 5.16540865e-06
 1.85675721e+01 -1.49496829e-05 5.05012562e-06
 1.85765037e+01 -1.49299465e-05 4.89723224e-06
 1.85854379e+01 -1.49115816e-05 4.73119521e-06
 1.85943760e+01 -1.48942822e-05 4.53507602e-06
 1.86033193e+01 -1.48793521e-05 4.31698849e-06
 1.86122665e+01 -1.48654871e-05 4.08235883e-06
 1.86212164e+01 -1.48452695e-05 3.81532311e-06
 1.86301677e+01 -1.48241695e-05 3.46093623e-06
 1.86391228e+01 -1.48016338e-05 3.06348079e-06
 1.86480844e+01 -1.47769295e-05 2.71899400e-06
 1.86570474e+01 -1.47501757e-05 2.41177787e-06
 1.86660116e+01 -1.47258317e-05 2.07039710e-06
 1.86749771e+01 -1.47019155e-05 1.75210528e-06
 1.86839452e+01 -1.46772756e-05 1.49293390e-06
 1.86929171e+01 -1.46542740e-05 1.16475705e-06
 1.87018929e+01 -1.46300944e-05 8.57530540e-07
 1.87108700e+01 -1.46068197e-05 5.56794275e-07
 1.87198497e+01 -1.45862495e-05 2.60996533e-07
 1.87288319e+01 -1.45684405e-05 -3.47531122e-08
 1.87378154e+01 -1.45513234e-05 -3.31760466e-07
 1.87468001e+01 -1.45342706e-05 -6.16514435e-07
 1.87557874e+01 -1.45181504e-05 -9.27636337e-07
 1.87647774e+01 -1.45049538e-05 -1.24652823e-06
 1.87737686e+01 -1.44969279e-05 -1.50410447e-06
 1.87827624e+01 -1.44929165e-05 -1.73906058e-06
 1.87917588e+01 -1.44875239e-05 -2.01181812e-06
 1.88007578e+01 -1.44843442e-05 -2.20883699e-06
 1.88097593e+01 -1.44874649e-05 -2.29516887e-06
 1.88187635e+01 -1.44924446e-05 -2.31180952e-06
 1.88277702e+01 -1.44997449e-05 -2.35616753e-06
 1.88367769e+01 -1.45069422e-05 -2.37075095e-06
 1.88457848e+01 -1.45210824e-05 -2.26928930e-06
 1.88547953e+01 -1.45449751e-05 -2.15063658e-06
 1.88638086e+01 -1.45704638e-05 -2.01415187e-06
 1.88728230e+01 -1.45983944e-05 -1.74614879e-06
 1.88818400e+01 -1.46293320e-05 -1.38653656e-06
 1.88908582e+01 -1.46632594e-05 -9.67410674e-07
 1.88998778e+01 -1.46991655e-05 -4.72909898e-07
 1.89088975e+01 -1.47221273e-05 -2.67256699e-07
 1.89179160e+01 -1.47367901e-05 -1.59040009e-07
 1.89269358e+01 -1.47506136e-05 -3.48742954e-08
 1.89359569e+01 -1.47578850e-05 -4.75193884e-09
 1.89449766e+01 -1.47590207e-05 5.54219990e-08
 1.89539977e+01 -1.47598369e-05 1.06714062e-07
 1.89630162e+01 -1.47618691e-05 1.40859935e-07
 1.89720334e+01 -1.47602265e-05 1.82665269e-07
 1.89810493e+01 -1.47558540e-05 2.21572322e-07
 1.89900666e+01 -1.47491653e-05 2.52073024e-07
 1.89990851e+01 -1.47421082e-05 2.82110277e-07
 1.90081037e+01 -1.47342573e-05 2.43814128e-07
 1.90171209e+01 -1.47257981e-05 1.51614400e-07
 1.90261354e+01 -1.47164112e-05 9.20812036e-08
 1.90351498e+01 -1.47085896e-05 8.98499504e-08
 1.90441642e+01 -1.47064693e-05 3.26490430e-08
 1.90531746e+01 -1.47077416e-05 -8.18477087e-08
 1.90621838e+01 -1.47099572e-05 -2.28532714e-07
