 -1.98358000e+01 -3.40564979e-06
 -1.98177000e+01 -2.31329560e-06
 -1.97928000e+01 -1.02381860e-06
 -1.97712000e+01 -1.33295145e-06
 -1.97462000e+01 -1.14352704e-06
 -1.97213000e+01 -6.54065861e-07
 -1.96963000e+01 -8.64652559e-07
 -1.96713000e+01 -4.75244829e-07
 -1.96463000e+01 -6.85842678e-07
 -1.96213000e+01 -4.96446113e-07
 -1.95997000e+01 -5.05611985e-07
 -1.95747000e+01 -5.16225851e-07
 -1.95463000e+01 -5.28290006e-07
 -1.95213000e+01 -3.38915855e-07
 -1.94963000e+01 -5.49547326e-07
 -1.94714000e+01 2.39858134e-07
 -1.94463000e+01 -5.70827160e-07
 -1.94213000e+01 -9.81475537e-07
 -1.93963000e+01 -1.92129564e-07
 -1.93713000e+01 -4.02789248e-07
 -1.93464000e+01 -1.34119225e-08
 -1.93247000e+01 -4.22674022e-07
 -1.92997000e+01 -6.33349946e-07
 -1.92713000e+01 -4.45484692e-07
 -1.92464000e+01 3.43869997e-07
 -1.92213000e+01 -6.66866541e-07
 -1.91997000e+01 -2.76110557e-07
 -1.91713000e+01 -2.88271218e-07
 -1.91464000e+01 -9.89392802e-08
 -1.91248000e+01 2.91801894e-07
 -1.90963000e+01 -3.20421163e-07
 -1.90713000e+01 -9.31149289e-07
 -1.90497000e+01 -5.40423019e-07
 -1.90076000e+01 -2.05851056e-06
 -1.89964000e+01 -1.63325205e-07
 -1.89713000e+01 -5.74119371e-07
 -1.89463000e+01 -3.84876323e-07
 -1.89247000e+01 -3.94174990e-07
 -1.88964000e+01 -2.06364512e-07
 -1.88713000e+01 -6.17181934e-07
 -1.88498000e+01 -2.64525104e-08
 -1.88214000e+01 -2.38704889e-07
 -1.87998000e+01 -4.80286321e-08
 -1.87714000e+01 -2.60294252e-07
 -1.87464000e+01 -2.71097689e-07
 -1.87213000e+01 -4.81950222e-07
 -1.86997000e+01 -4.91294178e-07
 -1.86748000e+01 9.79288884e-08
 -1.86464000e+01 -1.14369983e-07
 -1.86214000e+01 -1.25202731e-07
 -1.85964000e+01 1.63958636e-07
 -1.85713000e+01 -5.46929279e-07
 -1.85498000e+01 -1.56260309e-07
 -1.85214000e+01 3.14073529e-08
 -1.84963000e+01 -7.79498356e-07
 -1.84748000e+01 -3.88844647e-07
 -1.84498000e+01 -1.99717943e-07
 -1.84214000e+01 -2.12077210e-07
 -1.83998000e+01 -2.21482353e-07
 -1.83713000e+01 -6.33898717e-07
 -1.83464000e+01 -4.44753039e-07
 -1.83214000e+01 -2.55656911e-07
 -1.82998000e+01 -2.65082669e-07
 -1.82714000e+01 -2.77482593e-07
 -1.82498000e+01 -2.86918699e-07
 -1.82248000e+01 -9.78457090e-08
 -1.81998000e+01 -8.77872667e-09
 -1.81749000e+01 3.80326009e-07
 -1.81498000e+01 -1.30662815e-07
 -1.81248000e+01 -3.41613902e-07
 -1.80999000e+01 3.47472813e-07
 -1.80748000e+01 -1.63534200e-07
 -1.80464000e+01 -1.75995710e-07
 -1.80214000e+01 -1.86971825e-07
 -1.79998000e+01 -1.96460077e-07
 -1.79748000e+01 -2.07447516e-07
 -1.79464000e+01 -1.19936632e-07
 -1.79248000e+01 -2.29440662e-07
 -1.78998000e+01 -1.40446384e-07
 -1.78748000e+01 -1.51458218e-07
 -1.78498000e+01 -2.62476170e-07
 -1.78248000e+01 -1.73500249e-07
 -1.77998000e+01 1.54695374e-08
 -1.77749000e+01 2.04477338e-07
 -1.77499000e+01 1.93434855e-07
 -1.77214000e+01 -3.19161090e-07
 -1.76964000e+01 -3.30216765e-07
 -1.76714000e+01 -3.41278616e-07
 -1.76499000e+01 1.49203246e-07
 -1.76248000e+01 -6.19144222e-08
 -1.75999000e+01 1.27050321e-07
 -1.75714000e+01 -2.85587953e-07
 -1.75498000e+01 -9.51718176e-08
 -1.75248000e+01 -3.06270055e-07
 -1.74998000e+01 -1.17374527e-07
 -1.74714000e+01 -1.29996779e-07
 -1.74498000e+01 -1.39602203e-07
 -1.74180000e+01 -6.53752025e-07
 -1.73998000e+01 -1.61854913e-07
 -1.73748000e+01 -1.72990677e-07
 -1.73464000e+01 -1.85648529e-07
 -1.73249000e+01 4.76354170e-09
 -1.72965000e+01 1.92091412e-07
 -1.72715000e+01 1.80929629e-07
 -1.72464000e+01 -5.30283157e-07
 -1.72248000e+01 -2.39937513e-07
 -1.71999000e+01 3.48927291e-07
 -1.71715000e+01 1.36219227e-07
 -1.71464000e+01 -4.75019021e-07
 -1.71248000e+01 -2.84695316e-07
 -1.70965000e+01 -9.73802498e-08
 -1.70714000e+01 -3.08637684e-07
 -1.70465000e+01 8.01882208e-08
 -1.70215000e+01 2.68962867e-07
 -1.69965000e+01 4.57731108e-07
 -1.69714000e+01 -3.53552029e-07
 -1.69499000e+01 3.67779847e-08
 -1.69248000e+01 -3.74517178e-07
 -1.68965000e+01 1.27398541e-08
 -1.68749000e+01 -1.96991787e-07
 -1.68465000e+01 -2.09794427e-07
 -1.68249000e+01 -2.19537232e-07
 -1.67999000e+01 -3.08196598e-08
 -1.67749000e+01 -4.21085701e-08
 -1.67499000e+01 -5.34039715e-08
 -1.67249000e+01 -6.47058728e-08
 -1.66999000e+01 -7.60142829e-08
 -1.66749000e+01 -2.87329211e-07
 -1.66499000e+01 -9.86506652e-08
 -1.66215000e+01 -3.11519767e-07
 -1.65999000e+01 -1.21313190e-07
 -1.65749000e+01 6.73457218e-08
 -1.65499000e+01 2.55998071e-07
 -1.65249000e+01 4.46438485e-08
 -1.64999000e+01 3.32830454e-08
 -1.64749000e+01 2.19156526e-08
 -1.64499000e+01 -3.89458339e-07
 -1.64249000e+01 3.99161061e-07
 -1.63999000e+01 -2.12226155e-07
 -1.63749000e+01 -4.23619998e-07
 -1.63499000e+01 -2.35020476e-07
 -1.63249000e+01 1.53572401e-07
 -1.62965000e+01 -5.93941638e-08
 -1.62749000e+01 -2.69261815e-07
 -1.62499000e+01 1.19311073e-07
 -1.62215000e+01 -2.93678233e-07
 -1.61999000e+01 -3.03563204e-07
 -1.61749000e+01 2.84989611e-07
 -1.61465000e+01 -1.28022531e-07
 -1.61249000e+01 2.62075105e-07
 -1.60965000e+01 2.49047686e-07
 -1.60715000e+01 -5.62427309e-07
 -1.60499000e+01 -1.72347139e-07
 -1.60215000e+01 1.46024460e-08
 -1.59999000e+01 -3.95329068e-07
 -1.59750000e+01 5.93215827e-07
 -1.59500000e+01 5.81707947e-07
 -1.59249000e+01 1.70147200e-07
 -1.58999000e+01 -4.41374306e-07
 -1.58749000e+01 -2.52902625e-07
 -1.58499000e+01 -6.44377677e-08
 -1.58147000e+01 -6.80690833e-07
 -1.57999000e+01 -8.75285599e-08
 -1.57750000e+01 3.00962007e-07
 -1.57499000e+01 -1.10646760e-07
 -1.57249000e+01 -1.22216162e-07
 -1.56999000e+01 -3.33792445e-07
 -1.56750000e+01 2.54670728e-07
 -1.56500000e+01 2.43080682e-07
 -1.56249000e+01 3.14373234e-08
 -1.55999000e+01 1.98334190e-08
 -1.55749000e+01 -3.91777415e-07
 -1.55499000e+01 -3.39518896e-09
 -1.55250000e+01 1.85026600e-07
 -1.54999000e+01 -2.66515952e-08
 -1.54749000e+01 -3.82902473e-08
 -1.54499000e+01 -2.49935879e-07
 -1.54215000e+01 -6.31737962e-08
 -1.53999000e+01 -7.32481192e-08
 -1.53750000e+01 3.15131932e-07
 -1.53499000e+01 -9.65883964e-08
 -1.53250000e+01 9.17776628e-08
 -1.53000000e+01 4.80089974e-07
 -1.52716000e+01 6.68042068e-08
 -1.52500000e+01 5.66934388e-08
 -1.52215000e+01 -1.56655234e-07
 -1.51999000e+01 -1.66778253e-07
 -1.51750000e+01 2.21545588e-07
 -1.51465000e+01 -1.91827335e-07
 -1.51250000e+01 4.98078204e-07
 -1.51000000e+01 1.86333836e-07
 -1.50749000e+01 -4.25464683e-07
 -1.50500000e+01 -3.71763027e-08
 -1.50216000e+01 -5.05427948e-08
 -1.50000000e+01 1.39284953e-07
 -1.49749000e+01 -2.72542308e-07
 -1.49466000e+01 4.14113890e-07
 -1.49250000e+01 -9.60769823e-08
 -1.49000000e+01 3.92121313e-07
 -1.48716000e+01 2.78705824e-07
 -1.48466000e+01 -1.33111302e-07
 -1.48250000e+01 5.66728738e-08
 -1.48000000e+01 2.44842250e-07
 -1.47750000e+01 2.33004371e-07
 -1.47500000e+01 2.11592253e-08
 -1.47250000e+01 9.30680222e-09
 -1.47000000e+01 -2.55290868e-09
 -1.46750000e+01 1.85580082e-07
 -1.46466000e+01 1.72090291e-07
 -1.46250000e+01 1.61824125e-07
 -1.46000000e+01 1.49935156e-07
 -1.45750000e+01 -6.19611544e-08
 -1.45500000e+01 2.26135183e-07
 -1.45216000e+01 2.12603689e-07
 -1.45000000e+01 -2.97694241e-07
 -1.44750000e+01 9.03799747e-08
 -1.44500000e+01 7.84467954e-08
 -1.44216000e+01 1.64881717e-07
 -1.44000000e+01 1.54558207e-07
 -1.43750000e+01 4.26027753e-08
 -1.43500000e+01 -1.69360095e-07
 -1.43250000e+01 3.18669584e-07
 -1.43000000e+01 6.69180157e-09
 -1.42750000e+01 9.47065470e-08
 -1.42500000e+01 2.82713809e-07
 -1.42182000e+01 -3.25517850e-08
 -1.42000000e+01 -4.41294162e-07
 -1.41750000e+01 2.46690583e-07
 -1.41466000e+01 -6.69678812e-08
 -1.41251000e+01 4.22685613e-07
 -1.41001000e+01 6.10647770e-07
 -1.40750000e+01 1.98554169e-07
 -1.40500000e+01 -3.13498839e-07
 -1.40250000e+01 -2.55594314e-08
 -1.40000000e+01 1.62372381e-07
 -1.39750000e+01 -4.97034147e-08
 -1.39500000e+01 1.38213171e-07
 -1.39251000e+01 3.26170507e-07
 -1.39001000e+01 7.14071853e-07
 -1.38751000e+01 3.01965545e-07
 -1.38467000e+01 4.88203480e-07
 -1.38250000e+01 7.76814235e-08
 -1.38000000e+01 -1.34447942e-07
 -1.37750000e+01 -1.46585008e-07
 -1.37501000e+01 6.41318811e-07
 -1.37251000e+01 2.29166344e-07
 -1.37000000e+01 1.69574861e-08
 -1.36716000e+01 -1.96865936e-07
 -1.36500000e+01 -7.38622748e-09
 -1.36251000e+01 3.80479017e-07
 -1.36000000e+01 -3.17610181e-08
 -1.35751000e+01 5.56088715e-07
 -1.35501000e+01 3.43881863e-07
 -1.35250000e+01 -6.83816803e-08
 -1.35001000e+01 1.19444697e-07
 -1.34750000e+01 -2.92834578e-07
 -1.34501000e+01 2.94976169e-07
 -1.34217000e+01 8.10640437e-08
 -1.34000000e+01 -3.29572847e-07
 -1.33751000e+01 2.58214366e-07
 -1.33501000e+01 2.45944646e-07
 -1.33251000e+01 6.33667014e-07
 -1.33000000e+01 -1.78667700e-07
 -1.32751000e+01 9.08796425e-09
 -1.32500000e+01 -2.03262700e-07
 -1.32251000e+01 -1.55228822e-08
 -1.32001000e+01 1.72159740e-07
 -1.31751000e+01 3.59834377e-07
 -1.31501000e+01 1.47501016e-07
 -1.31251000e+01 1.35159644e-07
 -1.31000000e+01 -2.77239164e-07
 -1.30751000e+01 3.10452819e-07
 -1.30501000e+01 2.98087342e-07
 -1.30251000e+01 8.57138042e-08
 -1.30001000e+01 -1.26667806e-07
 -1.29751000e+01 2.60942498e-07
 -1.29501000e+01 4.85447051e-08
 -1.29285000e+01 2.37826481e-07
 -1.29001000e+01 4.23724775e-07
 -1.28751000e+01 -1.88697387e-07
 -1.28501000e+01 1.98872303e-07
 -1.28251000e+01 -1.35661684e-08
 -1.28001000e+01 1.73987187e-07
 -1.27751000e+01 -3.84676447e-08
 -1.27501000e+01 1.49069325e-07
 -1.27251000e+01 3.36598082e-07
 -1.27001000e+01 3.24118614e-07
 -1.26751000e+01 -8.83690915e-08
 -1.26501000e+01 2.99134952e-07
 -1.26113000e+01 -1.62027514e-06
 -1.26001000e+01 4.74118235e-07
 -1.25751000e+01 -1.38402552e-07
 -1.25501000e+01 -3.50931641e-07
 -1.25251000e+01 2.36530953e-07
 -1.25001000e+01 2.23985218e-07
 -1.24717000e+01 -3.90276858e-07
 -1.24501000e+01 1.98868709e-07
 -1.24251000e+01 1.86297908e-07
 -1.24001000e+01 3.73718725e-07
 -1.23751000e+01 -2.38868853e-07
 -1.23502000e+01 9.48585561e-07
 -1.23251000e+01 3.35930752e-07
 -1.23001000e+01 -4.76682092e-07
 -1.22751000e+01 3.10696616e-07
 -1.22501000e+01 9.80668610e-08
 -1.22251000e+01 -1.14571369e-07
 -1.22036000e+01 4.74552964e-07
 -1.21751000e+01 2.60126689e-07
 -1.21502000e+01 4.47513622e-07
 -1.21251000e+01 -1.65209318e-07
 -1.21001000e+01 2.22109870e-07
 -1.20751000e+01 2.09420500e-07
 -1.20501000e+01 1.96722560e-07
 -1.20251000e+01 -1.59839654e-08
 -1.20001000e+01 -2.86990893e-08
 -1.19751000e+01 -4.14228258e-08
 -1.19501000e+01 -5.41551885e-08
 -1.19251000e+01 -2.66896192e-07
 -1.19002000e+01 7.20405167e-07
 -1.18751000e+01 -9.24041741e-08
 -1.18501000e+01 -1.05171182e-07
 -1.18251000e+01 -3.17946885e-07
 -1.18002000e+01 6.69319856e-07
 -1.17751000e+01 -1.43524438e-07
 -1.17501000e+01 4.36736848e-08
 -1.17285000e+01 -3.67394185e-07
 -1.17002000e+01 4.18094953e-07
 -1.16751000e+01 5.21547964e-09
 -1.16501000e+01 -7.62149424e-09
 -1.16252000e+01 3.79584123e-07
 -1.16002000e+01 3.66729550e-07
 -1.15751000e+01 -4.61853331e-08
 -1.15502000e+01 1.40993874e-07
 -1.15251000e+01 -7.19388009e-08
 -1.15002000e+01 3.15222727e-07
 -1.14752000e+01 1.02323816e-07
 -1.14501000e+01 -1.10635656e-07
 -1.14252000e+01 2.76499245e-07
 -1.14001000e+01 -3.36478165e-07
 -1.13752000e+01 5.50638911e-07
 -1.13502000e+01 4.37695297e-07
 -1.13252000e+01 2.24742697e-07
 -1.13002000e+01 1.17810983e-08
 -1.12752000e+01 3.98810484e-07
 -1.12468000e+01 1.84064911e-07
 -1.12251000e+01 -4.27209820e-07
 -1.12036000e+01 -3.83873675e-08
 -1.11786000e+01 4.48607046e-07
 -1.11502000e+01 3.33821673e-07
 -1.11252000e+01 3.20796657e-07
 -1.11002000e+01 1.07762521e-07
 -1.10752000e+01 2.94719250e-07
 -1.10502000e+01 -1.18333171e-07
 -1.10217000e+01 -5.33224111e-07
 -1.10002000e+01 5.55344757e-08
 -1.09752000e+01 3.42454512e-07
 -1.09502000e+01 2.29365337e-07
 -1.09252000e+01 3.16266935e-07
 -1.09002000e+01 2.03159291e-07
 -1.08752000e+01 4.90042389e-07
 -1.08502000e+01 4.76916213e-07
 -1.08252000e+01 1.63780748e-07
 -1.08002000e+01 2.50635979e-07
 -1.07752000e+01 2.37481889e-07
 -1.07502000e+01 -7.56815372e-08
 -1.07286000e+01 2.12937733e-07
 -1.07003000e+01 5.98016287e-07
 -1.06752000e+01 1.84772010e-07
 -1.06502000e+01 3.71571082e-07
 -1.06252000e+01 3.58360738e-07
 -1.06003000e+01 5.45193861e-07
 -1.05752000e+01 3.19117408e-08
 -1.05502000e+01 -1.81326945e-07
 -1.05253000e+01 5.05477901e-07
 -1.05002000e+01 -7.83277084e-09
 -1.04752000e+01 -2.10999434e-08
 -1.04502000e+01 2.65623356e-07
 -1.04252000e+01 2.52337111e-07
 -1.04002000e+01 3.90413057e-08
 -1.03753000e+01 4.25789164e-07
 -1.03502000e+01 2.12420947e-07
 -1.03253000e+01 3.99149679e-07
 -1.03002000e+01 -1.42378502e-08
 -1.02752000e+01 1.72418295e-07
 -1.02502000e+01 -3.40935219e-07
 -1.02252000e+01 -5.42984096e-08
 -1.02002000e+01 -6.76712927e-08
 -1.01753000e+01 7.18999664e-07
 -1.01503000e+01 3.05607385e-07
 -1.01252000e+01 9.21517340e-08
 -1.01003000e+01 2.78793579e-07
 -1.00752000e+01 6.53183137e-08
 -1.00502000e+01 -2.48113079e-07
 -1.00286000e+01 4.02742989e-08
 -1.00003000e+01 4.25048511e-07
 -9.97524000e+00 1.15553568e-08
 -9.95028000e+00 3.98106196e-07
 -9.92524000e+00 -1.53959665e-08
 -9.90024000e+00 -2.88864641e-08
 -9.87526000e+00 1.57623929e-07
 -9.85026000e+00 1.44113594e-07
 -9.82524000e+00 -6.94175085e-08
 -9.80030000e+00 5.17084719e-07
 -9.77528000e+00 3.03533667e-07
 -9.75026000e+00 8.99725985e-08
 -9.72528000e+00 2.76423200e-07
 -9.70024000e+00 -1.37168800e-07
 -9.67524000e+00 -1.50749148e-07
 -9.65030000e+00 4.35693061e-07
 -9.62528000e+00 2.22081691e-07
 -9.60026000e+00 8.46019868e-09
 -9.57526000e+00 -5.16053418e-09
 -9.55028000e+00 1.81219499e-07
 -9.52864000e+00 -2.30587583e-07
 -9.50026000e+00 -4.60836610e-08
 -9.47528000e+00 1.40265861e-07
 -9.45030000e+00 3.26605184e-07
 -9.41841000e+00 -5.90849177e-07
 -9.40026000e+00 -1.00790670e-07
 -9.37868000e+00 8.73820426e-08
 -9.35030000e+00 2.71816230e-07
 -9.32526000e+00 -1.41928693e-07
 -9.30370000e+00 2.46228324e-07
 -9.27534000e+00 6.30638362e-07
 -9.25028000e+00 1.68513697e-08
 -9.22528000e+00 3.08699405e-09
 -9.20030000e+00 1.89323244e-07
 -9.17872000e+00 3.77424489e-07
 -9.15030000e+00 1.61742440e-07
 -9.12872000e+00 3.49825654e-07
 -9.10034000e+00 5.34141931e-07
 -9.07872000e+00 3.22184934e-07
 -9.05032000e+00 3.06466295e-07
 -9.02528000e+00 -1.07403946e-07
 -9.00372000e+00 2.80644988e-07
 -8.97530000e+00 6.48793005e-08
 -8.95030000e+00 5.09995097e-08
 -8.92536000e+00 6.37142461e-07
 -8.90034000e+00 4.23230337e-07
 -8.87532000e+00 2.09307550e-07
 -8.85032000e+00 1.95385222e-07
 -8.82534000e+00 3.81463361e-07
 -8.80032000e+00 1.67508494e-07
 -8.77530000e+00 -4.64571143e-08
 -8.75030000e+00 -6.04223065e-08
 -8.72538000e+00 7.25646478e-07
 -8.70032000e+00 1.11626194e-07
 -8.67530000e+00 -1.02382541e-07
 -8.65032000e+00 8.36203069e-08
 -8.62534000e+00 2.69612330e-07
 -8.60372000e+00 5.74797776e-08
 -8.57874000e+00 2.43451553e-07
 -8.55034000e+00 2.27489511e-07
 -8.52878000e+00 6.15362437e-07
 -8.50036000e+00 3.99364316e-07
 -8.47538000e+00 5.85290933e-07
 -8.45034000e+00 1.71172742e-07
 -8.42532000e+00 -4.29451981e-08
 -8.40374000e+00 1.44869069e-07
 -8.37876000e+00 3.30753160e-07
 -8.35038000e+00 5.14702546e-07
 -8.32876000e+00 3.02465538e-07
 -8.30036000e+00 2.86378401e-07
 -8.27536000e+00 2.72205307e-07
 -8.25372000e+00 -1.40071925e-07
 -8.22538000e+00 4.43837013e-07
 -8.20034000e+00 2.96076819e-08
 -8.17876000e+00 2.17335522e-07
 -8.15039000e+00 5.01189278e-07
 -8.12876000e+00 1.88869242e-07
 -8.10039000e+00 4.72697439e-07
 -8.07538000e+00 3.58428879e-07
 -8.05032000e+00 -2.55879565e-07
 -8.02876000e+00 1.31801260e-07
 -8.00041000e+00 6.15589489e-07
 -7.97538000e+00 3.01264075e-07
 -7.95038000e+00 2.86944422e-07
 -7.92538000e+00 2.72613345e-07
 -7.90036000e+00 5.82593434e-08
 -7.87536000e+00 4.39053443e-08
 -7.85036000e+00 2.95398560e-08
 -7.82194000e+00 -1.86804813e-07
 -7.80039000e+00 3.00791598e-07
 -7.77536000e+00 -1.36257628e-08
 -7.75039000e+00 2.71979874e-07
 -7.72878000e+00 1.59513097e-07
 -7.70378000e+00 1.45079804e-07
 -7.67542000e+00 4.28692582e-07
 -7.65378000e+00 1.16178272e-07
 -7.62539000e+00 1.99747189e-07
 -7.60378000e+00 8.72299989e-08
 -7.57879000e+00 1.72744077e-07
 -7.55042000e+00 3.56284640e-07
 -7.52539000e+00 1.41750379e-07
 -7.50038000e+00 2.72159161e-08
 -7.47878000e+00 1.46536384e-08
 -7.45042000e+00 2.98146406e-07
 -7.42539000e+00 8.35647447e-08
 -7.40378000e+00 -2.90341244e-08
 -7.37542000e+00 2.54418173e-07
 -7.35038000e+00 -6.02051216e-08
 -7.32879000e+00 2.71767408e-08
 -7.30042000e+00 2.10582486e-07
 -7.27539000e+00 -4.07096758e-09
 -7.25038000e+00 -1.18724760e-07
 -7.22539000e+00 -3.33788849e-08
 -7.20046000e+00 5.51990147e-07
 -7.17876000e+00 -3.60754989e-07
 -7.15042000e+00 1.22586223e-07
 -7.12546000e+00 5.07901332e-07
 -7.10046000e+00 4.93180742e-07
 -7.07542000e+00 7.84243703e-08
 -7.05379000e+00 -1.34332317e-07
 -7.02542000e+00 4.89220598e-08
 -7.00382000e+00 3.61618902e-08
 -6.97544000e+00 2.19382494e-07
 -6.95042000e+00 4.57649758e-09
 -6.92884000e+00 1.91796248e-07
 -6.90382000e+00 -2.30327971e-08
 -6.87544000e+00 1.60131705e-07
 -6.85382000e+00 -5.27043838e-08
 -6.82548000e+00 5.30455679e-07
 -6.80048000e+00 5.15587107e-07
 -6.77882000e+00 -9.73051228e-08
 -6.75048000e+00 4.85812461e-07
 -6.72886000e+00 2.72922379e-07
 -6.70384000e+00 5.79934486e-08
 -6.67542000e+00 -1.58979491e-07
 -6.65046000e+00 2.26100496e-07
 -6.62548000e+00 4.11155909e-07
 -6.60384000e+00 -1.80070614e-09
 -6.57550000e+00 5.81216774e-07
 -6.55050000e+00 5.66222153e-07
 -6.52546000e+00 1.51190765e-07
 -6.50042000e+00 -2.63853435e-07
 -6.47544000e+00 -7.88743800e-08
 -6.45048000e+00 3.06103914e-07
 -6.42542000e+00 -3.08990860e-07
 -6.40386000e+00 7.80122220e-08
 -6.37890000e+00 4.62953715e-07
 -6.35044000e+00 -1.54232082e-07
 -6.32888000e+00 2.32737566e-07
 -6.30048000e+00 2.15558548e-07
 -6.27548000e+00 2.00422282e-07
 -6.25048000e+00 1.85272982e-07
 -6.21174000e+00 -1.13822818e-06
 -6.20039000e+00 -6.45119481e-07
 -6.17546000e+00 -6.02655433e-08
 -6.15048000e+00 1.24544910e-07
 -6.12884000e+00 -2.88624316e-07
 -6.10388000e+00 9.61737651e-08
 -6.07550000e+00 2.78872881e-07
 -6.05046000e+00 -1.36406066e-07
 -6.02542000e+00 -5.51698332e-07
 -6.00392000e+00 4.35160678e-07
 -5.97550000e+00 2.17774993e-07
 -5.95388000e+00 4.53758642e-09
 -5.92890000e+00 1.89230468e-07
 -5.90050000e+00 1.71811392e-07
 -5.87552000e+00 3.56475626e-07
 -5.85050000e+00 1.41101820e-07
 -5.82546000e+00 -2.74297813e-07
 -5.80050000e+00 1.10338249e-07
 -5.77890000e+00 9.70316268e-08
 -5.75052000e+00 2.79532790e-07
 -5.72556000e+00 6.64128195e-07
 -5.70388000e+00 -1.49263112e-07
 -5.67892000e+00 2.35306860e-07
 -5.65058000e+00 8.17770798e-07
 -5.62552000e+00 2.02249621e-07
 -5.60388000e+00 -2.11164465e-07
 -5.57894000e+00 3.73363054e-07
 -5.55390000e+00 -4.21852945e-08
 -5.52892000e+00 1.42289779e-07
 -5.50392000e+00 1.26738557e-07
 -5.47554000e+00 3.09067964e-07
 -5.45056000e+00 4.93499499e-07
 -5.42554000e+00 2.77892131e-07
 -5.40392000e+00 6.43943813e-08
 -5.37892000e+00 4.87733662e-08
 -5.35056000e+00 4.31035878e-07
 -5.32894000e+00 2.17501686e-07
 -5.30394000e+00 2.01838447e-07
 -5.27558000e+00 5.84052951e-07
 -5.25048000e+00 -4.31703305e-07
 -5.22892000e+00 -4.52487931e-08
 -5.20399000e+00 6.39075255e-07
 -5.17556000e+00 3.21181200e-07
 -5.15394000e+00 1.07561036e-07
 -5.12898000e+00 4.91823417e-07
 -5.10056000e+00 2.73886800e-07
 -5.07890000e+00 -3.39795885e-07
 -5.05394000e+00 4.44233886e-08
 -5.02896000e+00 2.28615600e-07
 -5.00396000e+00 2.12780682e-07
 -4.97894000e+00 -3.08143164e-09
 -4.95396000e+00 1.81067284e-07
 -4.92898000e+00 3.65201450e-07
 -4.90054000e+00 -5.28797259e-08
 -4.87892000e+00 -2.66637655e-07
 -4.85058000e+00 3.15311512e-07
 -4.82556000e+00 9.93596098e-08
 -4.80392000e+00 -3.14449223e-07
 -4.77901000e+00 5.69641605e-07
 -4.75396000e+00 5.36282035e-08
 -4.72898000e+00 2.37644722e-07
 -4.70394000e+00 -1.78392044e-07
 -4.67899000e+00 3.05613966e-07
 -4.65398000e+00 1.89566590e-07
 -4.62212000e+00 -4.30897702e-07
 -4.60396000e+00 -4.25731200e-08
 -4.57898000e+00 1.41353792e-07
 -4.55399000e+00 2.25259222e-07
 -4.52896000e+00 -9.08762304e-08
 -4.50399000e+00 1.93011884e-07
 -4.47564000e+00 5.74700716e-07
 -4.45058000e+00 5.84982703e-08
 -4.42896000e+00 -1.55492357e-07
 -4.40401000e+00 3.28347932e-07
 -4.37896000e+00 -1.87891879e-07
 -4.35056000e+00 -2.06322104e-07
 -4.32901000e+00 2.79679752e-07
 -4.30059000e+00 6.12015881e-08
 -4.27558000e+00 -5.50759641e-08
 -4.25064000e+00 4.28676617e-07
 -4.22899000e+00 1.45599859e-08
 -4.20401000e+00 1.98257581e-07
 -4.17901000e+00 1.81926551e-07
 -4.15396000e+00 -3.34452801e-07
 -4.12901000e+00 1.49217614e-07
 -4.10406000e+00 5.32872408e-07
 -4.07899000e+00 -8.35671849e-08
 -4.05056000e+00 -4.02229264e-07
 -4.02899000e+00 -1.16401916e-07
 -4.00064000e+00 2.64952682e-07
 -3.97899000e+00 -1.49299964e-07
 -3.95399000e+00 -1.65772822e-07
 -3.92901000e+00 1.77515785e-08
 -3.90401000e+00 1.24681945e-09
 -3.87901000e+00 -1.52739515e-08
 -3.85401000e+00 -3.18107713e-08
 -3.82561000e+00 -5.06161169e-08
 -3.80398000e+00 -3.64952598e-07
 -3.77906000e+00 3.18515291e-07
 -3.75070000e+00 6.99681477e-07
 -3.72901000e+00 -1.14736906e-07
 -3.70401000e+00 -1.31370802e-07
 -3.67564000e+00 4.97332924e-08
 -3.65064000e+00 3.30645283e-08
 -3.62899000e+00 -3.81383865e-07
 -3.60404000e+00 1.95016643e-09
 -3.57908000e+00 3.85261110e-07
 -3.55399000e+00 -4.31531448e-07
 -3.52904000e+00 -4.82468272e-08
 -3.50406000e+00 1.35001151e-07
 -3.47901000e+00 -2.81814477e-07
 -3.45404000e+00 -9.85930476e-08
 -3.42906000e+00 8.46049939e-08
 -3.40408000e+00 2.67786324e-07
 -3.37906000e+00 5.09239329e-08
 -3.35406000e+00 3.40581966e-08
 -3.32906000e+00 1.71756033e-08
 -3.30408000e+00 2.00289639e-07
 -3.27908000e+00 1.83373225e-07
 -3.25066000e+00 -3.58779776e-08
 -3.22906000e+00 -5.05241446e-08
 -3.20404000e+00 -2.67505208e-07
 -3.17910000e+00 3.15550979e-07
 -3.15410000e+00 2.98549283e-07
 -3.12906000e+00 -1.18496840e-07
 -3.10406000e+00 -1.35532968e-07
 -3.07910000e+00 2.47440937e-07
 -3.05404000e+00 -3.69670726e-07
 -3.01876000e+00 -1.09379044e-06
 -3.00406000e+00 -2.03850549e-07
 -2.97910000e+00 1.79053991e-07
 -2.95410000e+00 1.61913673e-07
 -2.92906000e+00 -2.55271627e-07
 -2.90408000e+00 -7.24333017e-08
 -2.87912000e+00 3.10401211e-07
 -2.85408000e+00 -1.06836967e-07
 -2.82904000e+00 -5.24092890e-07
 -2.80412000e+00 2.58716223e-07
 -2.77910000e+00 4.14385831e-08
 -2.75408000e+00 -1.75856904e-07
 -2.72906000e+00 -3.93170281e-07
 -2.70414000e+00 3.89567712e-07
 -2.67910000e+00 -2.77953830e-08
 -2.65410000e+00 -4.51487505e-08
 -2.62912000e+00 1.37493747e-07
 -2.60414000e+00 3.20118191e-07
 -2.57912000e+00 1.02696668e-07
 -2.55414000e+00 2.85284838e-07
 -2.52912000e+00 6.78268947e-08
 -2.50410000e+00 -1.49649342e-07
 -2.47912000e+00 3.28840662e-08
 -2.45410000e+00 -1.84628864e-07
 -2.42916000e+00 3.97895860e-07
 -2.40410000e+00 -2.19681990e-07
 -2.37914000e+00 1.62791832e-07
 -2.35416000e+00 3.45233109e-07
 -2.32914000e+00 1.27627668e-07
 -2.30414000e+00 1.10017659e-07
 -2.27910000e+00 -3.07639249e-07
 -2.25414000e+00 7.47415565e-08
 -2.22908000e+00 -5.42967054e-07
 -2.20417000e+00 3.39411590e-07
 -2.17908000e+00 -5.78356036e-07
 -2.15412000e+00 -1.96050508e-07
 -2.12919000e+00 4.86257417e-07
 -2.10410000e+00 -4.31567295e-07
 -2.07914000e+00 -4.93187016e-08
 -2.05416000e+00 1.32896595e-07
 -2.02581000e+00 6.12689417e-07
 -2.00410000e+00 -5.02801636e-07
 -1.97912000e+00 -3.20643952e-07
 -1.95417000e+00 1.61515919e-07
 -1.92917000e+00 1.43620700e-07
 -1.90417000e+00 1.25706074e-07
 -1.87910000e+00 -5.92278252e-07
 -1.85414000e+00 -2.10203157e-07
 -1.82919000e+00 2.71859637e-07
 -1.80414000e+00 -2.46169110e-07
 -1.77914000e+00 -2.64181551e-07
 -1.75414000e+00 -2.82213703e-07
 -1.72916000e+00 -1.00251167e-07
 -1.70416000e+00 -1.18322879e-07
 -1.67917000e+00 -3.64072149e-08
 -1.65414000e+00 -3.54540447e-07
 -1.62916000e+00 -1.72657413e-07
 -1.60417000e+00 -9.08016344e-08
 -1.57917000e+00 -1.08973186e-07
 -1.55414000e+00 -4.27186708e-07
 -1.52916000e+00 -2.45384014e-07
 -1.50419000e+00 3.64057751e-08
 -1.47917000e+00 -1.81861199e-07
 -1.45419000e+00 -1.19293928e-10
 -1.42574000e+00 -5.20938446e-07
 -1.40417000e+00 -2.36740601e-07
 -1.37924000e+00 3.44976695e-07
 -1.35416000e+00 -3.73436641e-07
 -1.32924000e+00 3.08246945e-07
 -1.30416000e+00 -4.10207804e-07
 -1.27917000e+00 -3.28617071e-07
 -1.25421000e+00 5.29750363e-08
 -1.22919000e+00 -1.65497949e-07
 -1.20419000e+00 -1.83977066e-07
 -1.17924000e+00 1.97559891e-07
 -1.15419000e+00 -2.20998197e-07
 -1.12926000e+00 3.60511623e-07
 -1.10417000e+00 -4.58118428e-07
 -1.07921000e+00 -7.66731111e-08
 -1.05421000e+00 -9.52787443e-08
 -1.02584000e+00 8.35817924e-08
 -1.00421000e+00 -1.32553937e-07
 -9.79172000e-01 -5.51252007e-07
 -9.57493000e-01 -3.67459005e-07
 -9.29235000e-01 1.13913089e-08
 -9.04214000e-01 -2.07358659e-07
 -8.79235000e-01 -2.60987770e-08
 -8.54235000e-01 -4.48763409e-08
 -8.29235000e-01 -6.36756649e-08
 -8.04235000e-01 -8.24968090e-08
 -7.79214000e-01 -3.01355671e-07
 -7.54235000e-01 -1.20204799e-07
 -7.32514000e-01 -3.36613296e-07
 -7.04256000e-01 4.20150961e-08
 -6.79172000e-01 -7.76979686e-07
 -6.54214000e-01 -3.95901221e-07
 -6.29214000e-01 -4.14876828e-07
 -6.04235000e-01 -2.33858776e-07
 -5.79298000e-01 3.47168913e-07
 -5.54256000e-01 -7.19057454e-08
 -5.32535000e-01 -2.88469055e-07
 -5.04277000e-01 8.99573696e-08
 -4.79214000e-01 -5.29201167e-07
 -4.54214000e-01 -5.48334263e-07
 -4.29256000e-01 -1.67457911e-07
 -4.04298000e-01 2.13395701e-07
 -3.79235000e-01 -4.05854186e-07
 -3.54235000e-01 -4.25078660e-07
 -3.29277000e-01 -4.42937916e-08
 -3.04277000e-01 -6.35643167e-08
 -2.79256000e-01 -2.82874201e-07
 -2.54277000e-01 -1.02174863e-07
 -2.29235000e-01 -5.21547527e-07
 -2.04298000e-01 5.91377632e-08
 -1.79235000e-01 -5.60298007e-07
 -1.54235000e-01 -5.79708429e-07
 -1.29277000e-01 -1.99109727e-07
 -1.04256000e-01 -4.18583620e-07
 -7.92771000e-02 -2.38048409e-07
 -5.42771000e-02 -2.57553378e-07
 -2.92561000e-02 -4.77098580e-07
 -4.23515000e-03 -6.96667671e-07
 2.06809000e-02 8.38214347e-08
 4.57229000e-02 -3.35812134e-07
 7.06809000e-02 4.45960996e-08
 9.57229000e-02 -3.75085814e-07
 1.20723000e-01 -3.94759056e-07
 1.45723000e-01 -4.14456528e-07
 2.45690000e-01 -3.04346480e-06
 2.03058000e-01 -5.55972290e-06
 2.20943000e-01 -2.57386961e-06
 2.45859000e-01 -1.79359870e-06
 2.70786000e-01 -1.11336103e-06
 2.95702000e-01 -3.33139211e-07
 3.20723000e-01 -5.53025552e-07
 3.45744000e-01 -7.72936825e-07
 3.67402000e-01 -3.90192070e-07
 3.95660000e-01 -1.27338835e-08
 4.17360000e-01 -3.00660613e-08
 4.42402000e-01 -4.50091136e-07
 4.67329000e-01 2.29950584e-07
 4.92360000e-01 -9.01163066e-08
 5.17381000e-01 -3.10200636e-07
 5.42360000e-01 -1.30276715e-07
 5.70639000e-01 4.69641338e-08
 5.92381000e-01 -3.70556301e-07
 6.17329000e-01 1.09315795e-07
 6.45639000e-01 -1.35556687e-08
 6.67381000e-01 -4.31143416e-07
 6.92308000e-01 2.48668240e-07
 7.20628000e-01 2.57005032e-08
 7.42360000e-01 -2.91947040e-07
 7.67339000e-01 -1.12255770e-07
 7.92308000e-01 1.67417418e-07
 8.17339000e-01 -1.52986252e-07
 8.42360000e-01 -3.73408254e-07
 8.67308000e-01 1.06202884e-07
 8.95628000e-01 -1.16973864e-07
 9.17360000e-01 -4.34782290e-07
 9.42339000e-01 -2.55276475e-07
 9.70628000e-01 -1.78518739e-07
 9.92339000e-01 -2.96379903e-07
 1.01736000e+00 -5.16989403e-07
 1.04233000e+00 -2.37583955e-07
 1.06733000e+00 -2.58230417e-07
 1.09233000e+00 -2.78904146e-07
 1.11733000e+00 -2.99605229e-07
 1.14233000e+00 -3.20333751e-07
 1.16731000e+00 -1.41073183e-07
 1.19231000e+00 -1.61856823e-07
 1.21731000e+00 -1.82668162e-07
 1.24229000e+00 -3.49060806e-09
 1.26731000e+00 -2.24374295e-07
 1.29233000e+00 -4.45285993e-07
 1.31727000e+00 1.33841209e-07
 1.34231000e+00 -2.87143460e-07
 1.37059000e+00 -1.10877461e-07
 1.39231000e+00 -3.29130592e-07
 1.41729000e+00 -1.50149897e-07
 1.44231000e+00 -3.71231389e-07
 1.46729000e+00 -1.92307755e-07
 1.49229000e+00 -2.13429676e-07
 1.51731000e+00 -4.34597313e-07
 1.54229000e+00 -2.55759965e-07
 1.56729000e+00 -2.76968520e-07
 1.59224000e+00 1.01836362e-07
 1.61724000e+00 8.05696375e-08
 1.64229000e+00 -3.40768965e-07
 1.66722000e+00 2.37965396e-07
 1.69231000e+00 -5.83466292e-07
 1.71727000e+00 -2.04816463e-07
 1.74229000e+00 -4.26247611e-07
 1.77061000e+00 -6.50541354e-07
 1.79222000e+00 1.30895181e-07
 1.81727000e+00 -2.90651318e-07
 1.84220000e+00 2.87875460e-07
 1.86724000e+00 -1.33722676e-07
 1.89231000e+00 -7.55377078e-07
 1.91724000e+00 -1.76940806e-07
 1.94222000e+00 1.42185631e-09
 1.97054000e+00 -2.23145430e-07
 1.99224000e+00 -2.41996553e-07
 2.01720000e+00 1.36291660e-07
 2.04224000e+00 -2.85520616e-07
 2.06724000e+00 -3.07329028e-07
 2.09224000e+00 -3.29168499e-07
 2.11724000e+00 -3.51039136e-07
 2.14227000e+00 -5.72967344e-07
 2.16724000e+00 -3.94874327e-07
 2.19224000e+00 -4.16839096e-07
 2.21720000e+00 -3.88002373e-08
 2.24218000e+00 1.39189388e-07
 2.26722000e+00 -2.82905727e-07
 2.29222000e+00 -3.04997489e-07
 2.31722000e+00 -3.27121279e-07
 2.34220000e+00 -1.49259470e-07
 2.36720000e+00 -1.71447623e-07
 2.39222000e+00 -3.93685926e-07
 2.41722000e+00 -4.15938940e-07
 2.44224000e+00 -6.38242383e-07
 2.46722000e+00 -4.60542842e-07
 2.49220000e+00 -2.82876064e-07
 2.51716000e+00 9.47757579e-08
 2.54224000e+00 -7.27713041e-07
 2.56720000e+00 -3.50127372e-07
 2.58876000e+00 3.04848342e-08
 2.61718000e+00 -1.95109746e-07
 2.64216000e+00 -1.76420767e-08
 2.66716000e+00 -4.02260665e-08
 2.69222000e+00 -6.62898131e-07
 2.71722000e+00 -6.85549825e-07
 2.74216000e+00 -1.08181025e-07
 2.76718000e+00 -3.30918933e-07
 2.79216000e+00 -1.53654698e-07
 2.81382000e+00 -7.73396500e-07
 2.84218000e+00 -3.99284078e-07
 2.86718000e+00 -4.22141508e-07
 2.89216000e+00 -2.45015341e-07
 2.91714000e+00 -6.79239752e-08
 2.94220000e+00 -6.90941071e-07
 2.96714000e+00 -1.13882976e-07
 2.99214000e+00 -1.36915270e-07
 3.01718000e+00 -5.60019867e-07
 3.04214000e+00 -1.83086086e-07
 3.06714000e+00 -2.06224869e-07
 3.08874000e+00 -2.26245565e-07
 3.11716000e+00 -4.52628419e-07
 3.14213000e+00 -1.75846979e-07
 3.16711000e+00 8.89073761e-10
 3.19218000e+00 -7.22495117e-07
 3.21373000e+00 -2.42625275e-07
 3.24213000e+00 -2.69195596e-07
 3.26376000e+00 -5.89463833e-07
 3.29209000e+00 8.39480472e-08
 3.31711000e+00 -1.39573060e-07
 3.34216000e+00 -6.63159604e-07
 3.37394000e+00 -1.49313681e-06
 3.39213000e+00 -4.10322131e-07
 3.41713000e+00 -4.33973752e-07
 3.44214000e+00 -5.57672527e-07
 3.46713000e+00 -4.81390149e-07
 3.49209000e+00 -1.05117157e-07
 3.51711000e+00 -3.28939318e-07
 3.54213000e+00 -5.52799787e-07
 3.56707000e+00 2.33777649e-08
 3.59213000e+00 -6.00597939e-07
 3.61709000e+00 -2.24516612e-07
 3.64209000e+00 -2.48512423e-07
 3.66711000e+00 -4.72566465e-07
 3.69213000e+00 -6.96659708e-07
 3.71709000e+00 -3.20734386e-07
 3.74209000e+00 -3.44887057e-07
 3.76711000e+00 -5.69098694e-07
 3.79211000e+00 -5.93330744e-07
 3.81709000e+00 -4.17583268e-07
 3.84207000e+00 -2.41875791e-07
 3.86705000e+00 -6.62084700e-08
 3.88871000e+00 -6.87339810e-07
 3.91702000e+00 8.49952881e-08
 3.94209000e+00 -5.39547008e-07
 3.96702000e+00 3.60070040e-08
 3.99213000e+00 -9.88656726e-07
 4.01367000e+00 -4.09847007e-07
 4.04209000e+00 -6.37852548e-07
 4.06369000e+00 -6.59173418e-07
 4.09202000e+00 -8.71844796e-08
 4.11707000e+00 -5.11997228e-07
 4.14207000e+00 -5.36802512e-07
 4.16707000e+00 -5.61649984e-07
 4.18865000e+00 -3.83132380e-07
 4.21360000e+00 -8.00902089e-09
 4.24205000e+00 -4.36427254e-07
 4.26702000e+00 -2.61415122e-07
 4.28865000e+00 -4.83095310e-07
 4.31362000e+00 -3.08163477e-07
 4.34202000e+00 -3.36727744e-07
 4.36695000e+00 3.38151709e-07
 4.39205000e+00 -5.87184107e-07
 4.41362000e+00 -4.08992144e-07
 4.44200000e+00 -2.37735370e-07
 4.46698000e+00 -6.30823265e-08
 4.48862000e+00 -4.85076125e-07
 4.51356000e+00 8.95346111e-08
 4.54200000e+00 -3.39472177e-07
 4.56700000e+00 -3.65018558e-07
 4.58858000e+00 -1.87106576e-07
 4.61356000e+00 -1.27168972e-08
 4.64198000e+00 -2.41909401e-07
 4.66356000e+00 -6.41155241e-08
 4.69198000e+00 -2.93412409e-07
 4.71360000e+00 -5.15739468e-07
 4.74196000e+00 -1.45079572e-07
 4.76695000e+00 -7.09829178e-08
 4.79195000e+00 -9.69434320e-08
 4.81695000e+00 -1.22950960e-07
 4.84196000e+00 -2.49016137e-07
 4.86695000e+00 -1.75107871e-07
 4.88858000e+00 -4.97729887e-07
 4.91353000e+00 -2.38686227e-08
 4.94196000e+00 -3.53711466e-07
 4.97030000e+00 -7.83521940e-07
 4.98853000e+00 -1.02730754e-07
 5.01351000e+00 7.09059861e-08
 5.04196000e+00 -4.59178854e-07
 5.06356000e+00 -4.82062522e-07
 5.08853000e+00 -2.08562331e-07
 5.11355000e+00 -4.35164745e-07
 5.13849000e+00 1.38268327e-07
 5.16691000e+00 -9.20662289e-08
 5.18858000e+00 -8.15239641e-07
 5.21351000e+00 -1.41946077e-07
 5.23855000e+00 -5.68821030e-07
 5.26347000e+00 2.04382159e-07
 5.28851000e+00 -2.22594816e-07
 5.31349000e+00 -4.95584459e-08
 5.34185000e+00 3.19767126e-07
 5.36689000e+00 -1.07371777e-07
 5.38851000e+00 -3.30846007e-07
 5.41351000e+00 -3.58038858e-07
 5.44189000e+00 -1.88971820e-07
 5.46349000e+00 -2.12560436e-07
 5.48849000e+00 -2.39911464e-07
 5.51345000e+00 1.32728169e-07
 5.53845000e+00 1.05270524e-07
 5.56685000e+00 7.40134475e-08
 5.58849000e+00 -3.49850331e-07
 5.61343000e+00 2.22596370e-07
 5.63847000e+00 -2.05121953e-07
 5.66685000e+00 -3.66039280e-08
 5.68843000e+00 1.39409905e-07
 5.71338000e+00 5.11626657e-07
 5.74178000e+00 4.79934333e-07
 5.76683000e+00 5.19205925e-08
 5.78843000e+00 2.77198348e-08
 5.81340000e+00 1.99690914e-07
 5.83838000e+00 3.71594288e-07
 5.86340000e+00 1.43395774e-07
 5.88840000e+00 1.15162650e-07
 5.91336000e+00 4.86917435e-07
 5.93840000e+00 5.85239165e-08
 5.96343000e+00 -1.69916374e-07
 5.98836000e+00 4.01698926e-07
 6.01335000e+00 4.73187501e-07
 6.03836000e+00 3.44594420e-07
 6.06336000e+00 3.15953656e-07
 6.08838000e+00 8.72305141e-08
 6.10995000e+00 3.62420021e-07
 6.13836000e+00 2.29673822e-07
 6.16336000e+00 2.00793711e-07
 6.18833000e+00 4.71887782e-07
 6.21331000e+00 6.42909502e-07
 6.23838000e+00 -8.62346057e-08
 6.26329000e+00 7.84746036e-07
 6.28833000e+00 3.55513387e-07
 6.31335000e+00 1.26241843e-07
 6.33833000e+00 2.96954710e-07
 6.36331000e+00 4.67604925e-07
 6.38831000e+00 4.38168593e-07
 6.41335000e+00 8.62161584e-09
 6.43823000e+00 1.17920012e-06
 6.46331000e+00 3.49477922e-07
 6.48829000e+00 5.19809825e-07
 6.51325000e+00 8.90100950e-07
 6.53833000e+00 6.01839352e-08
 6.57697000e+00 -1.28603723e-06
 6.58833000e+00 3.44048769e-10
 6.60987000e+00 5.74483732e-07
 6.63825000e+00 7.40336242e-07
 6.66327000e+00 5.10160231e-07
 6.68489000e+00 2.84030743e-07
 6.71323000e+00 8.49703184e-07
 6.73823000e+00 8.19348934e-07
 6.76325000e+00 5.88902117e-07
 6.78823000e+00 7.58435464e-07
 6.81318000e+00 1.12793670e-06
 6.83823000e+00 6.97246253e-07
 6.86316000e+00 1.26663337e-06
 6.88818000e+00 1.03583992e-06
 6.90978000e+00 1.00919893e-06
 6.93827000e+00 1.73979106e-07
 6.96318000e+00 9.43109181e-07
 6.98818000e+00 9.12056250e-07
 7.01321000e+00 6.80893929e-07
 7.03818000e+00 8.49734001e-07
 7.05978000e+00 8.22720911e-07
 7.08815000e+00 1.08715822e-06
 7.11311000e+00 1.45579171e-06
 7.13813000e+00 1.22427575e-06
 7.16313000e+00 1.19271052e-06
 7.18476000e+00 8.65339893e-07
 7.20971000e+00 1.33369818e-06
 7.23803000e+00 2.09769131e-06
 7.26309000e+00 1.46574783e-06
 7.28816000e+00 7.33714625e-07
 7.30971000e+00 1.20611722e-06
 7.33811000e+00 1.16965969e-06
 7.36309000e+00 1.33750938e-06
 7.38469000e+00 1.30964624e-06
 7.40969000e+00 1.27732382e-06
 7.43805000e+00 1.64056136e-06
 7.45969000e+00 1.21244092e-06
 7.48469000e+00 1.17987951e-06
 7.50965000e+00 1.54728979e-06
 7.53807000e+00 1.31008401e-06
 7.56305000e+00 1.47729459e-06
 7.58463000e+00 1.64890212e-06
 7.60957000e+00 2.11601234e-06
 7.63463000e+00 1.58288108e-06
 7.65961000e+00 1.74977206e-06
 7.68461000e+00 1.71655255e-06
 7.70963000e+00 1.48322183e-06
 7.73461000e+00 1.64985942e-06
 7.75961000e+00 1.61638478e-06
 7.78461000e+00 1.58282404e-06
 7.80958000e+00 1.74921713e-06
 7.83461000e+00 1.51544221e-06
 7.85958000e+00 1.68166067e-06
 7.88457000e+00 1.74776396e-06
 7.90953000e+00 2.11381939e-06
 7.93457000e+00 1.67967656e-06
 7.95953000e+00 2.04555306e-06
 7.98451000e+00 2.21131195e-06
 8.00953000e+00 1.97692491e-06
 8.03453000e+00 1.94247372e-06
 8.05949000e+00 2.30798569e-06
 8.08449000e+00 2.27334970e-06
 8.10951000e+00 2.03859252e-06
 8.13449000e+00 2.20379702e-06
 8.16293000e+00 1.76406699e-06
 8.18449000e+00 2.13386605e-06
 8.20947000e+00 2.29878530e-06
 8.23445000e+00 2.46360827e-06
 8.25943000e+00 2.62833435e-06
 8.28449000e+00 1.99284944e-06
 8.30945000e+00 2.35740792e-06
 8.33439000e+00 2.92189623e-06
 8.35941000e+00 2.68617098e-06
 8.38439000e+00 2.85040262e-06
 8.40933000e+00 3.31459094e-06
 8.43435000e+00 3.07856273e-06
 8.45601000e+00 2.54729007e-06
 8.48438000e+00 2.80621256e-06
 8.50589000e+00 3.57497879e-06
 8.53438000e+00 2.73349066e-06
 8.55929000e+00 3.49710395e-06
 8.58429000e+00 3.46048008e-06
 8.60933000e+00 3.02369072e-06
 8.63087000e+00 3.59195749e-06
 8.65587000e+00 3.55502633e-06
 8.68085000e+00 3.71801608e-06
 8.70580000e+00 4.18094111e-06
 8.73420000e+00 4.13860580e-06
 8.75580000e+00 4.10631109e-06
 8.78069000e+00 5.06899383e-06
 8.80569000e+00 5.03139923e-06
 8.83067000e+00 5.19372135e-06
 8.85563000e+00 5.55595966e-06
 8.88400000e+00 5.81289963e-06
 8.90553000e+00 6.38012167e-06
 8.93056000e+00 6.14190627e-06
 8.95891000e+00 6.49847945e-06
 8.98047000e+00 6.86535155e-06
 9.00201000e+00 7.43216572e-06
 9.02689000e+00 8.49372302e-06
 9.05189000e+00 8.45497415e-06
 9.07689000e+00 8.41610332e-06
 9.10180000e+00 9.27725022e-06
 9.12674000e+00 9.83822721e-06
 9.15167000e+00 1.03990958e-05
 9.17660000e+00 1.10598394e-05
 9.20150000e+00 1.20205045e-05
 9.22645000e+00 1.23809637e-05
 9.24796000e+00 1.32467719e-05
 9.27285000e+00 1.42070876e-05
 9.29784000e+00 1.42671138e-05
 9.32272000e+00 1.54271855e-05
 9.34762000e+00 1.62870937e-05
 9.37250000e+00 1.74469019e-05
 9.39398000e+00 1.85120953e-05
 9.41892000e+00 1.90715565e-05
 9.44376000e+00 2.05310451e-05
 9.46862000e+00 2.17903651e-05
 9.49012000e+00 2.27550727e-05
 9.51500000e+00 2.38141028e-05
 9.53989000e+00 2.48729770e-05
 9.56134000e+00 2.62374222e-05
 9.58961000e+00 2.74904018e-05
 9.61109000e+00 2.85545517e-05
 9.63592000e+00 3.01129766e-05
 9.66083000e+00 3.09711223e-05
 9.68228000e+00 3.23349640e-05
 9.70718000e+00 3.32928526e-05
 9.73886000e+00 3.43390593e-05
 9.75340000e+00 3.68142887e-05
 9.77826000e+00 3.80718170e-05
 9.80313000e+00 3.93291762e-05
 9.82457000e+00 4.07922931e-05
 9.84604000e+00 4.19552433e-05
 9.87081000e+00 4.41123545e-05
 9.89564000e+00 4.56692055e-05
 9.92051000e+00 4.69258285e-05
 9.94195000e+00 4.83883058e-05
 9.96675000e+00 5.02447532e-05
 9.99161000e+00 5.15009331e-05
 1.00131000e+01 5.30629212e-05
 1.00379000e+01 5.52189012e-05
 1.00594000e+01 5.66806047e-05
 1.00841000e+01 5.87364532e-05
 1.01090000e+01 6.00917749e-05
 1.01304000e+01 6.15532398e-05
 1.01552000e+01 6.36084226e-05
 1.01767000e+01 6.48694290e-05
 1.01980000e+01 6.74306689e-05
 1.02262000e+01 6.89791532e-05
 1.02476000e+01 7.08399065e-05
 1.02691000e+01 7.23003422e-05
 1.02938000e+01 7.44547218e-05
 1.03186000e+01 7.63087348e-05
 1.03400000e+01 7.83689047e-05
 1.03649000e+01 8.00223865e-05
 1.03862000e+01 8.20824440e-05
 1.04110000e+01 8.39357628e-05
 1.04324000e+01 8.59953282e-05
 1.04572000e+01 8.78482903e-05
 1.04820000e+01 8.99010583e-05
 1.05034000e+01 9.19601442e-05
 1.05248000e+01 9.40190829e-05
 1.05461000e+01 9.61780661e-05
 1.05709000e+01 9.86301223e-05
 1.05957000e+01 1.00281975e-04
 1.06171000e+01 1.02140265e-04
 1.06384000e+01 1.04898596e-04
 1.06631000e+01 1.07350082e-04
 1.06879000e+01 1.09001162e-04
 1.07094000e+01 1.11058579e-04
 1.07308000e+01 1.13616033e-04
 1.07555000e+01 1.15666726e-04
 1.07768000e+01 1.18324031e-04
 1.08016000e+01 1.20774115e-04
 1.08230000e+01 1.22430863e-04
 1.08478000e+01 1.24580528e-04
 1.08691000e+01 1.27037115e-04
 1.08904000e+01 1.29993533e-04
 1.09152000e+01 1.32042573e-04
 1.09365000e+01 1.34498617e-04
 1.09612000e+01 1.37047426e-04
 1.09825000e+01 1.39903090e-04
 1.10073000e+01 1.41951244e-04
 1.10286000e+01 1.44706520e-04
 1.10500000e+01 1.46961403e-04
 1.10747000e+01 1.49509096e-04
 1.10961000e+01 1.51763576e-04
 1.11174000e+01 1.54618080e-04
 1.11421000e+01 1.57365084e-04
 1.11634000e+01 1.59819175e-04
 1.11847000e+01 1.62373073e-04
 1.12129000e+01 1.65011734e-04
 1.12309000e+01 1.67772400e-04
 1.12488000e+01 1.70433142e-04
 1.12734000e+01 1.73778957e-04
 1.12948000e+01 1.76231599e-04
 1.13161000e+01 1.78384255e-04
 1.13374000e+01 1.81736702e-04
 1.13621000e+01 1.83981294e-04
 1.13834000e+01 1.87133283e-04
 1.14046000e+01 1.90585283e-04
 1.14259000e+01 1.93336839e-04
 1.14506000e+01 1.96280385e-04
 1.14719000e+01 1.99331461e-04
 1.14932000e+01 2.02082312e-04
 1.15145000e+01 2.05032934e-04
 1.15391000e+01 2.08475619e-04
 1.15604000e+01 2.11425741e-04
 1.15784000e+01 2.14383406e-04
 1.15997000e+01 2.17433090e-04
 1.16209000e+01 2.20582770e-04
 1.16422000e+01 2.23931969e-04
 1.16668000e+01 2.27072990e-04
 1.16881000e+01 2.30221653e-04
 1.17060000e+01 2.33478315e-04
 1.17272000e+01 2.36626754e-04
 1.17485000e+01 2.39774691e-04
 1.17697000e+01 2.43322613e-04
 1.17944000e+01 2.46461606e-04
 1.18122000e+01 2.49717417e-04
 1.18334000e+01 2.53264540e-04
 1.18547000e+01 2.56911140e-04
 1.18760000e+01 2.60157462e-04
 1.19007000e+01 2.63494862e-04
 1.19185000e+01 2.66649512e-04
 1.19363000e+01 2.70603960e-04
 1.19609000e+01 2.73940670e-04
 1.19788000e+01 2.77494370e-04
 1.20000000e+01 2.81039260e-04
 1.20212000e+01 2.84583850e-04
 1.20390000e+01 2.88337092e-04
 1.20636000e+01 2.91872113e-04
 1.20814000e+01 2.95624834e-04
 1.20993000e+01 2.99577065e-04
 1.21206000e+01 3.02919925e-04
 1.21418000e+01 3.06662728e-04
 1.21629000e+01 3.10605476e-04
 1.21808000e+01 3.13956648e-04
 1.22020000e+01 3.17898508e-04
 1.22232000e+01 3.21740026e-04
 1.22409000e+01 3.25690935e-04
 1.22622000e+01 3.29231535e-04
 1.22833000e+01 3.33372339e-04
 1.23045000e+01 3.37512503e-04
 1.23223000e+01 3.41061981e-04
 1.23436000e+01 3.44401182e-04
 1.23648000e+01 3.48840292e-04
 1.23826000e+01 3.52588873e-04
 1.24003000e+01 3.56737473e-04
 1.24216000e+01 3.60275258e-04
 1.24393000e+01 3.64223254e-04
 1.24571000e+01 3.68470673e-04
 1.24749000e+01 3.72017805e-04
 1.24961000e+01 3.75754460e-04
 1.25139000e+01 3.80100950e-04
 1.25454000e+01 3.82305520e-04
 1.25529000e+01 3.87782659e-04
 1.25707000e+01 3.92228180e-04
 1.25885000e+01 3.95273389e-04
 1.26062000e+01 3.99918593e-04
 1.26274000e+01 4.04252542e-04
 1.26452000e+01 4.07896728e-04
 1.26630000e+01 4.12440583e-04
 1.26807000e+01 4.16784420e-04
 1.26986000e+01 4.20127281e-04
 1.27164000e+01 4.24170114e-04
 1.27375000e+01 4.28301895e-04
 1.27553000e+01 4.32443957e-04
 1.27731000e+01 4.35985656e-04
 1.27909000e+01 4.40226989e-04
 1.28087000e+01 4.44567949e-04
 1.28264000e+01 4.48908865e-04
 1.28443000e+01 4.52248728e-04
 1.28620000e+01 4.56188875e-04
 1.28798000e+01 4.60428288e-04
 1.28975000e+01 4.64767643e-04
 1.29155000e+01 4.68305555e-04
 1.29332000e+01 4.72244088e-04
 1.29509000e+01 4.76882204e-04
 1.29687000e+01 4.81019542e-04
 1.29866000e+01 4.83756088e-04
 1.30043000e+01 4.88292903e-04
 1.30221000e+01 4.92028911e-04
 1.30400000e+01 4.96064097e-04
 1.30544000e+01 5.00011614e-04
 1.30756000e+01 5.03933783e-04
 1.30899000e+01 5.07880898e-04
 1.31078000e+01 5.11014253e-04
 1.31222000e+01 5.15160274e-04
 1.31366000e+01 5.19605964e-04
 1.31579000e+01 5.22725013e-04
 1.31722000e+01 5.26678693e-04
 1.31866000e+01 5.31078693e-04
 1.32044000e+01 5.35078693e-04
 1.32188000e+01 5.38478693e-04
 1.32367000e+01 5.42278693e-04
 1.32511000e+01 5.46278693e-04
 1.32689000e+01 5.49978693e-04
 1.32867000e+01 5.53678693e-04
 1.33011000e+01 5.57578693e-04
 1.33189000e+01 5.60878693e-04
 1.33335000e+01 5.64478693e-04
 1.33478000e+01 5.68578693e-04
 1.33656000e+01 5.72378693e-04
 1.33835000e+01 5.75778693e-04
 1.34013000e+01 5.79378693e-04
 1.34157000e+01 5.83378693e-04
 1.34302000e+01 5.86978693e-04
 1.34481000e+01 5.90078693e-04
 1.34625000e+01 5.93778693e-04
 1.34769000e+01 5.97578693e-04
 1.34947000e+01 6.01178693e-04
 1.35059000e+01 6.04278693e-04
 1.35237000e+01 6.07878693e-04
 1.35382000e+01 6.11078693e-04
 1.35526000e+01 6.14478693e-04
 1.35670000e+01 6.18078693e-04
 1.35816000e+01 6.21478693e-04
 1.35994000e+01 6.25078693e-04
 1.36174000e+01 6.26978693e-04
 1.36251000e+01 6.30178693e-04
 1.36394000e+01 6.34778693e-04
 1.36574000e+01 6.37778693e-04
 1.36719000e+01 6.40878693e-04
 1.36863000e+01 6.44678693e-04
 1.37007000e+01 6.47878693e-04
 1.37152000e+01 6.50878693e-04
 1.37332000e+01 6.54078693e-04
 1.37477000e+01 6.56978693e-04
 1.37621000e+01 6.60378693e-04
 1.37766000e+01 6.63578693e-04
 1.37911000e+01 6.66678693e-04
 1.38057000e+01 6.69078693e-04
 1.38201000e+01 6.72678693e-04
 1.38346000e+01 6.75378693e-04
 1.38491000e+01 6.78778693e-04
 1.38637000e+01 6.81778693e-04
 1.38781000e+01 6.84878693e-04
 1.38926000e+01 6.87678693e-04
 1.39037000e+01 6.90678693e-04
 1.39216000e+01 6.94078693e-04
 1.39362000e+01 6.96778693e-04
 1.39507000e+01 6.99578693e-04
 1.39618000e+01 7.02078693e-04
 1.39763000e+01 7.05678693e-04
 1.39909000e+01 7.08178693e-04
 1.40053000e+01 7.11578693e-04
 1.40199000e+01 7.13878693e-04
 1.40345000e+01 7.16078693e-04
 1.40489000e+01 7.19378693e-04
 1.40635000e+01 7.22378693e-04
 1.40782000e+01 7.23678693e-04
 1.40892000e+01 7.27078693e-04
 1.41036000e+01 7.30878693e-04
 1.41182000e+01 7.33378693e-04
 1.41294000e+01 7.35678693e-04
 1.41440000e+01 7.38078693e-04
 1.41585000e+01 7.40978693e-04
 1.41696000e+01 7.43578693e-04
 1.41842000e+01 7.46278693e-04
 1.41987000e+01 7.48678693e-04
 1.42098000e+01 7.51578693e-04
 1.42244000e+01 7.54078693e-04
 1.42356000e+01 7.56678693e-04
 1.42502000e+01 7.58978693e-04
 1.42647000e+01 7.61978693e-04
 1.42759000e+01 7.63878693e-04
 1.42904000e+01 7.66878693e-04
 1.43049000e+01 7.69978693e-04
 1.43195000e+01 7.72078693e-04
 1.43306000e+01 7.74478693e-04
 1.43453000e+01 7.77178693e-04
 1.43598000e+01 7.79278693e-04
 1.43710000e+01 7.81878693e-04
 1.43855000e+01 7.84178693e-04
 1.43968000e+01 7.86678693e-04
 1.44147000e+01 7.89478693e-04
 1.44258000e+01 7.91578693e-04
 1.44370000e+01 7.94278693e-04
 1.44516000e+01 7.96278693e-04
 1.44662000e+01 7.98778693e-04
 1.44774000e+01 8.00678693e-04
 1.44919000e+01 8.03678693e-04
 1.45101000e+01 8.03678693e-04
 1.45178000e+01 8.06978693e-04
 1.45323000e+01 8.09978693e-04
 1.45469000e+01 8.12478693e-04
 1.45615000e+01 8.14178693e-04
 1.45727000e+01 8.17178693e-04
 1.45872000e+01 8.19478693e-04
 1.46018000e+01 8.21678693e-04
 1.46130000e+01 8.23978693e-04
 1.46275000e+01 8.26078693e-04
 1.46388000e+01 8.28378693e-04
 1.46533000e+01 8.30678693e-04
 1.46645000e+01 8.32878693e-04
 1.46758000e+01 8.34578693e-04
 1.46904000e+01 8.37078693e-04
 1.47049000e+01 8.39378693e-04
 1.47161000e+01 8.41678693e-04
 1.47274000e+01 8.43178693e-04
 1.47386000e+01 8.45578693e-04
 1.47531000e+01 8.48078693e-04
 1.47643000e+01 8.49978693e-04
 1.47790000e+01 8.52078693e-04
 1.47936000e+01 8.54378693e-04
 1.48082000e+01 8.56278693e-04
 1.48194000e+01 8.58278693e-04
 1.48304000e+01 8.61178693e-04
 1.48452000e+01 8.62878693e-04
 1.48598000e+01 8.64778693e-04
 1.48709000e+01 8.67078693e-04
 1.48822000e+01 8.68378693e-04
 1.48969000e+01 8.70478693e-04
 1.49080000e+01 8.72878693e-04
 1.49261000e+01 8.74278693e-04
 1.49338000e+01 8.76478693e-04
 1.49450000e+01 8.79378693e-04
 1.49597000e+01 8.80878693e-04
 1.49709000e+01 8.82778693e-04
 1.49854000e+01 8.85078693e-04
 1.50002000e+01 8.86778693e-04
 1.50113000e+01 8.88878693e-04
 1.50259000e+01 8.90778693e-04
 1.50371000e+01 8.92778693e-04
 1.50518000e+01 8.95078693e-04
 1.50630000e+01 8.96578693e-04
 1.50776000e+01 8.98678693e-04
 1.50856000e+01 9.00178693e-04
 1.51001000e+01 9.02478693e-04
 1.51147000e+01 9.04178693e-04
 1.51259000e+01 9.06278693e-04
 1.51372000e+01 9.07778693e-04
 1.51484000e+01 9.09878693e-04
 1.51630000e+01 9.11778693e-04
 1.51776000e+01 9.13678693e-04
 1.51888000e+01 9.15778693e-04
 1.52001000e+01 9.17478693e-04
 1.52148000e+01 9.18578693e-04
 1.52260000e+01 9.20878693e-04
 1.52406000e+01 9.22578693e-04
 1.52519000e+01 9.24678693e-04
 1.52665000e+01 9.26578693e-04
 1.52777000e+01 9.28278693e-04
 1.52890000e+01 9.30178693e-04
 1.53037000e+01 9.31678693e-04
 1.53183000e+01 9.32978693e-04
 1.53329000e+01 9.34578693e-04
 1.53408000e+01 9.36778693e-04
 1.53520000e+01 9.38478693e-04
 1.53633000e+01 9.39678693e-04
 1.53778000e+01 9.42878693e-04
 1.53892000e+01 9.43978693e-04
 1.54038000e+01 9.45178693e-04
 1.54150000e+01 9.47078693e-04
 1.54263000e+01 9.48578693e-04
 1.54375000e+01 9.50978693e-04
 1.54521000e+01 9.52878693e-04
 1.54668000e+01 9.53878693e-04
 1.54780000e+01 9.55778693e-04
 1.54894000e+01 9.57278693e-04
 1.55040000e+01 9.59178693e-04
 1.55152000e+01 9.60878693e-04
 1.55298000e+01 9.62578693e-04
 1.55412000e+01 9.63578693e-04
 1.55490000e+01 9.65278693e-04
 1.55636000e+01 9.67378693e-04
 1.55749000e+01 9.68878693e-04
 1.55862000e+01 9.70178693e-04
 1.55974000e+01 9.71878693e-04
 1.56086000e+01 9.73778693e-04
 1.56234000e+01 9.75078693e-04
 1.56346000e+01 9.76978693e-04
 1.56493000e+01 9.78378693e-04
 1.56605000e+01 9.80078693e-04
 1.56719000e+01 9.80778693e-04
 1.56831000e+01 9.83078693e-04
 1.56977000e+01 9.84778693e-04
 1.57090000e+01 9.85178693e-04
 1.57237000e+01 9.87278693e-04
 1.57350000e+01 9.88178693e-04
 1.57429000e+01 9.89278693e-04
 1.57574000e+01 9.92178693e-04
 1.57722000e+01 9.92778693e-04
 1.57835000e+01 9.94278693e-04
 1.57947000e+01 9.96178693e-04
 1.58060000e+01 9.97478693e-04
 1.58207000e+01 9.98778693e-04
 1.58319000e+01 1.00047869e-03
 1.58433000e+01 1.00127869e-03
 1.58579000e+01 1.00297869e-03
 1.58659000e+01 1.00407869e-03
 1.58805000e+01 1.00597869e-03
 1.58917000e+01 1.00767869e-03
 1.59031000e+01 1.00827869e-03
 1.59144000e+01 1.00957869e-03
 1.59256000e+01 1.01147869e-03
 1.59402000e+01 1.01297869e-03
 1.59516000e+01 1.01417869e-03
 1.59629000e+01 1.01547869e-03
 1.59741000e+01 1.01717869e-03
 1.59855000e+01 1.01817869e-03
 1.59934000e+01 1.01927869e-03
 1.60080000e+01 1.02037869e-03
 1.60193000e+01 1.02207869e-03
 1.60272000e+01 1.02347869e-03
 1.60419000e+01 1.02437869e-03
 1.60532000e+01 1.02587869e-03
 1.60644000e+01 1.02707869e-03
 1.60792000e+01 1.02837869e-03
 1.60905000e+01 1.02917869e-03
 1.61089000e+01 1.02757869e-03
 1.61099000e+01 1.03007869e-03
 1.61245000e+01 1.03217869e-03
 1.61392000e+01 1.03367869e-03
 1.61504000e+01 1.03487869e-03
 1.61584000e+01 1.03597869e-03
 1.61731000e+01 1.03727869e-03
 1.61844000e+01 1.03827869e-03
 1.61956000e+01 1.03977869e-03
 1.62070000e+01 1.04087869e-03
 1.62183000e+01 1.04217869e-03
 1.62329000e+01 1.04357869e-03
 1.62443000e+01 1.04467869e-03
 1.62556000e+01 1.04527869e-03
 1.62669000e+01 1.04677869e-03
 1.62816000e+01 1.04787869e-03
 1.62929000e+01 1.04907869e-03
 1.63042000e+01 1.05017869e-03
 1.63155000e+01 1.05127869e-03
 1.63268000e+01 1.05227869e-03
 1.63382000e+01 1.05337869e-03
 1.63494000e+01 1.05477869e-03
 1.63642000e+01 1.05527869e-03
 1.63722000e+01 1.05647869e-03
 1.63834000e+01 1.05777869e-03
 1.63981000e+01 1.05887869e-03
 1.64060000e+01 1.05987869e-03
 1.64208000e+01 1.06097869e-03
 1.64321000e+01 1.06157869e-03
 1.64434000e+01 1.06247869e-03
 1.64547000e+01 1.06327869e-03
 1.64661000e+01 1.06457869e-03
 1.64775000e+01 1.06477869e-03
 1.64887000e+01 1.06627869e-03
 1.65001000e+01 1.06747869e-03
 1.65115000e+01 1.06777869e-03
 1.65227000e+01 1.06947869e-03
 1.65374000e+01 1.07067869e-03
 1.65488000e+01 1.07107869e-03
 1.65601000e+01 1.07217869e-03
 1.65714000e+01 1.07317869e-03
 1.65827000e+01 1.07427869e-03
 1.65941000e+01 1.07487869e-03
 1.66054000e+01 1.07597869e-03
 1.66168000e+01 1.07657869e-03
 1.66282000e+01 1.07727869e-03
 1.66395000e+01 1.07847869e-03
 1.66542000e+01 1.07917869e-03
 1.66655000e+01 1.08017869e-03
 1.66769000e+01 1.08107869e-03
 1.66882000e+01 1.08167869e-03
 1.66995000e+01 1.08277869e-03
 1.67109000e+01 1.08397869e-03
 1.67222000e+01 1.08427869e-03
 1.67336000e+01 1.08467869e-03
 1.67448000e+01 1.08637869e-03
 1.67563000e+01 1.08697869e-03
 1.67676000e+01 1.08767869e-03
 1.67790000e+01 1.08787869e-03
 1.67903000e+01 1.08927869e-03
 1.68016000e+01 1.08997869e-03
 1.68130000e+01 1.09017869e-03
 1.68243000e+01 1.09117869e-03
 1.68357000e+01 1.09187869e-03
 1.68505000e+01 1.09187869e-03
 1.68584000e+01 1.09307869e-03
 1.68697000e+01 1.09397869e-03
 1.68811000e+01 1.09497869e-03
 1.68925000e+01 1.09567869e-03
 1.69038000e+01 1.09607869e-03
 1.69152000e+01 1.09697869e-03
 1.69266000e+01 1.09717869e-03
 1.69378000e+01 1.09857869e-03
 1.69526000e+01 1.09907869e-03
 1.69606000e+01 1.10027869e-03
 1.69720000e+01 1.10007869e-03
 1.69832000e+01 1.10157869e-03
 1.69947000e+01 1.10177869e-03
 1.70060000e+01 1.10247869e-03
 1.70175000e+01 1.10217869e-03
 1.70287000e+01 1.10347869e-03
 1.70435000e+01 1.10477869e-03
 1.70549000e+01 1.10477869e-03
 1.70629000e+01 1.10457869e-03
 1.70743000e+01 1.10597869e-03
 1.70856000e+01 1.10707869e-03
 1.70969000e+01 1.10747869e-03
 1.71083000e+01 1.10797869e-03
 1.71197000e+01 1.10877869e-03
 1.71310000e+01 1.10917869e-03
 1.71390000e+01 1.10917869e-03
 1.71538000e+01 1.11027869e-03
 1.71652000e+01 1.11027869e-03
 1.71732000e+01 1.11087869e-03
 1.71845000e+01 1.11177869e-03
 1.71993000e+01 1.11237869e-03
 1.72108000e+01 1.11157869e-03
 1.72187000e+01 1.11237869e-03
 1.72334000e+01 1.11407869e-03
 1.72448000e+01 1.11427869e-03
 1.72562000e+01 1.11447869e-03
 1.72641000e+01 1.11517869e-03
 1.72755000e+01 1.11597869e-03
 1.72903000e+01 1.11597869e-03
 1.72983000e+01 1.11617869e-03
 1.73097000e+01 1.11687869e-03
 1.73210000e+01 1.11807869e-03
 1.73324000e+01 1.11807869e-03
 1.73438000e+01 1.11827869e-03
 1.73552000e+01 1.11917869e-03
 1.73699000e+01 1.11957869e-03
 1.73779000e+01 1.11997869e-03
 1.73894000e+01 1.12037869e-03
 1.74007000e+01 1.12087869e-03
 1.74121000e+01 1.12087869e-03
 1.74201000e+01 1.12087869e-03
 1.74315000e+01 1.12167869e-03
 1.74428000e+01 1.12277869e-03
 1.74542000e+01 1.12297869e-03
 1.74623000e+01 1.12257869e-03
 1.74737000e+01 1.12317869e-03
 1.74850000e+01 1.12377869e-03
 1.74965000e+01 1.12427869e-03
 1.75078000e+01 1.12447869e-03
 1.75192000e+01 1.12447869e-03
 1.75306000e+01 1.12487869e-03
 1.75387000e+01 1.12487869e-03
 1.75500000e+01 1.12587869e-03
 1.75684000e+01 1.12357869e-03
 1.75730000e+01 1.12507869e-03
 1.75842000e+01 1.12637869e-03
 1.75956000e+01 1.12617869e-03
 1.76069000e+01 1.12737869e-03
 1.76184000e+01 1.12757869e-03
 1.76298000e+01 1.12777869e-03
 1.76412000e+01 1.12777869e-03
 1.76526000e+01 1.12827869e-03
 1.76607000e+01 1.12807869e-03
 1.76719000e+01 1.12947869e-03
 1.76833000e+01 1.12907869e-03
 1.76947000e+01 1.12997869e-03
 1.77096000e+01 1.12947869e-03
 1.77176000e+01 1.12947869e-03
 1.77325000e+01 1.12997869e-03
 1.77439000e+01 1.12997869e-03
 1.77518000e+01 1.13077869e-03
 1.77631000e+01 1.13137869e-03
 1.77747000e+01 1.13077869e-03
 1.77860000e+01 1.13147869e-03
 1.77973000e+01 1.13207869e-03
 1.78088000e+01 1.13227869e-03
 1.78169000e+01 1.13187869e-03
 1.78282000e+01 1.13227869e-03
 1.78396000e+01 1.13227869e-03
 1.78511000e+01 1.13267869e-03
 1.78624000e+01 1.13357869e-03
 1.78739000e+01 1.13267869e-03
 1.78819000e+01 1.13357869e-03
 1.78966000e+01 1.13437869e-03
 1.79081000e+01 1.13377869e-03
 1.79195000e+01 1.13337869e-03
 1.79275000e+01 1.13397869e-03
 1.79388000e+01 1.13477869e-03
 1.79503000e+01 1.13417869e-03
 1.79617000e+01 1.13497869e-03
 1.79731000e+01 1.13497869e-03
 1.79845000e+01 1.13527869e-03
 1.79959000e+01 1.13587869e-03
 1.80073000e+01 1.13587869e-03
 1.80154000e+01 1.13547869e-03
 1.80268000e+01 1.13567869e-03
 1.80382000e+01 1.13627869e-03
 1.80497000e+01 1.13567869e-03
 1.80576000e+01 1.13627869e-03
 1.80724000e+01 1.13717869e-03
 1.80839000e+01 1.13647869e-03
 1.80952000e+01 1.13687869e-03
 1.81066000e+01 1.13717869e-03
 1.81181000e+01 1.13697869e-03
 1.81296000e+01 1.13647869e-03
 1.81409000e+01 1.13757869e-03
 1.81523000e+01 1.13797869e-03
 1.81638000e+01 1.13717869e-03
 1.81752000e+01 1.13757869e-03
 1.81899000e+01 1.13797869e-03
 1.82014000e+01 1.13777869e-03
 1.82129000e+01 1.13737869e-03
 1.82242000e+01 1.13817869e-03
 1.82356000e+01 1.13797869e-03
 1.82471000e+01 1.13797869e-03
 1.82584000e+01 1.13857869e-03
 1.82699000e+01 1.13817869e-03
 1.82849000e+01 1.13697869e-03
 1.82929000e+01 1.13757869e-03
 1.83042000e+01 1.13837869e-03
 1.83155000e+01 1.13857869e-03
 1.83270000e+01 1.13877869e-03
 1.83384000e+01 1.13927869e-03
 1.83498000e+01 1.13927869e-03
 1.83613000e+01 1.13877869e-03
 1.83693000e+01 1.13907869e-03
 1.83807000e+01 1.13907869e-03
 1.83921000e+01 1.13947869e-03
 1.84036000e+01 1.13927869e-03
 1.84149000e+01 1.13967869e-03
 1.84298000e+01 1.13947869e-03
 1.84379000e+01 1.13927869e-03
 1.84527000e+01 1.13927869e-03
 1.84606000e+01 1.13967869e-03
 1.84688000e+01 1.13927869e-03
 1.84801000e+01 1.13967869e-03
 1.84915000e+01 1.14007869e-03
 1.85029000e+01 1.13967869e-03
 1.85145000e+01 1.13927869e-03
 1.85259000e+01 1.13947869e-03
 1.85372000e+01 1.14007869e-03
 1.85487000e+01 1.13987869e-03
 1.85567000e+01 1.13987869e-03
 1.85681000e+01 1.14047869e-03
 1.85795000e+01 1.13967869e-03
 1.85910000e+01 1.14047869e-03
 1.86024000e+01 1.14007869e-03
 1.86104000e+01 1.13987869e-03
 1.86253000e+01 1.14007869e-03
 1.86367000e+01 1.13967869e-03
 1.86448000e+01 1.13927869e-03
 1.86561000e+01 1.13987869e-03
 1.86710000e+01 1.14007869e-03
 1.86824000e+01 1.14007869e-03
 1.86904000e+01 1.14007869e-03
 1.87019000e+01 1.14027869e-03
 1.87133000e+01 1.14007869e-03
 1.87247000e+01 1.13987869e-03
 1.87361000e+01 1.14007869e-03
 1.87475000e+01 1.14057869e-03
 1.87556000e+01 1.13967869e-03
 1.87703000e+01 1.14047869e-03
 1.87819000e+01 1.14027869e-03
 1.87899000e+01 1.13967869e-03
 1.88014000e+01 1.13947869e-03
 1.88095000e+01 1.13947869e-03
 1.88208000e+01 1.14007869e-03
 1.88356000e+01 1.14047869e-03
 1.88437000e+01 1.13947869e-03
 1.88517000e+01 1.13987869e-03
 1.88665000e+01 1.14027869e-03
 1.88745000e+01 1.13987869e-03
 1.88861000e+01 1.13947869e-03
 1.88975000e+01 1.13947869e-03
 1.89054000e+01 1.13987869e-03
 1.89169000e+01 1.13987869e-03
 1.89284000e+01 1.13947869e-03
 1.89398000e+01 1.13947869e-03
 1.89511000e+01 1.13967869e-03
 1.89626000e+01 1.13967869e-03
 1.89740000e+01 1.13967869e-03
 1.89925000e+01 1.13692869e-03
 1.89941000e+01 1.13417869e-03
 1.90054000e+01 1.13567869e-03
 1.90166000e+01 1.13687869e-03
 1.90314000e+01 1.13687869e-03
 1.90429000e+01 1.13717869e-03
 1.90543000e+01 1.13757869e-03
 1.90657000e+01 1.13737869e-03
 1.90771000e+01 1.13737869e-03
 1.90886000e+01 1.13757869e-03
 1.90998000e+01 1.13877869e-03
 1.91113000e+01 1.13817869e-03
 1.91227000e+01 1.13857869e-03
 1.91342000e+01 1.13777869e-03
 1.91457000e+01 1.13757869e-03
 1.91570000e+01 1.13797869e-03
 1.91685000e+01 1.13777869e-03
 1.91766000e+01 1.13717869e-03
 1.91880000e+01 1.13757869e-03
 1.91994000e+01 1.13797869e-03
 1.92108000e+01 1.13797869e-03
 1.92223000e+01 1.13737869e-03
 1.92337000e+01 1.13777869e-03
 1.92452000e+01 1.13737869e-03
 1.92566000e+01 1.13687869e-03
 1.92679000e+01 1.13777869e-03
 1.92795000e+01 1.13737869e-03
 1.92909000e+01 1.13717869e-03
 1.92989000e+01 1.13697869e-03
 1.93104000e+01 1.13667869e-03
 1.93218000e+01 1.13717869e-03
 1.93332000e+01 1.13697869e-03
 1.93482000e+01 1.13567869e-03
 1.93563000e+01 1.13567869e-03
 1.93676000e+01 1.13627869e-03
 1.93789000e+01 1.13697869e-03
 1.93905000e+01 1.13607869e-03
 1.94020000e+01 1.13567869e-03
 1.94099000e+01 1.13647869e-03
 1.94246000e+01 1.13667869e-03
 1.94362000e+01 1.13647869e-03
 1.94476000e+01 1.13587869e-03
 1.94556000e+01 1.13587869e-03
 1.94671000e+01 1.13607869e-03
 1.94785000e+01 1.13647869e-03
 1.94900000e+01 1.13547869e-03
 1.95014000e+01 1.13547869e-03
 1.95129000e+01 1.13567869e-03
 1.95243000e+01 1.13567869e-03
 1.95356000e+01 1.13587869e-03
 1.95473000e+01 1.13457869e-03
 1.95552000e+01 1.13477869e-03
 1.95700000e+01 1.13547869e-03
 1.95781000e+01 1.13437869e-03
 1.95896000e+01 1.13457869e-03
 1.96009000e+01 1.13527869e-03
 1.96123000e+01 1.13497869e-03
 1.96238000e+01 1.13497869e-03
 1.96353000e+01 1.13437869e-03
 1.96468000e+01 1.13357869e-03
 1.96549000e+01 1.13357869e-03
 1.96662000e+01 1.13437869e-03
 1.96809000e+01 1.13477869e-03
 1.96925000e+01 1.13377869e-03
 1.97041000e+01 1.13267869e-03
 1.97120000e+01 1.13307869e-03
 1.97268000e+01 1.13337869e-03
 1.97382000e+01 1.13377869e-03
 1.97497000e+01 1.13357869e-03
 1.97611000e+01 1.13307869e-03
 1.97726000e+01 1.13247869e-03
 1.97807000e+01 1.13267869e-03
 1.97921000e+01 1.13267869e-03
 1.98068000e+01 1.13327869e-03
 1.98149000e+01 1.13267869e-03
 1.98264000e+01 1.13267869e-03
 1.98377000e+01 1.13307869e-03
 1.98492000e+01 1.13247869e-03
 1.98607000e+01 1.13227869e-03
 1.98721000e+01 1.13227869e-03
 1.98835000e+01 1.13227869e-03
 1.98917000e+01 1.13187869e-03
 1.99031000e+01 1.13147869e-03
 1.99145000e+01 1.13137869e-03
 1.99258000e+01 1.13207869e-03
 1.99374000e+01 1.13147869e-03
 1.99488000e+01 1.13137869e-03
 1.99602000e+01 1.13147869e-03
 1.99717000e+01 1.13147869e-03
 1.99832000e+01 1.13077869e-03
 1.99946000e+01 1.13037869e-03
 2.00059000e+01 1.13097869e-03
 2.00176000e+01 1.12997869e-03
 2.00255000e+01 1.13017869e-03
 2.00403000e+01 1.13057869e-03
 2.00518000e+01 1.12977869e-03
 2.00633000e+01 1.12947869e-03
 2.00747000e+01 1.12947869e-03
 2.00827000e+01 1.12967869e-03
 2.00976000e+01 1.12977869e-03
 2.01090000e+01 1.12977869e-03
 2.01204000e+01 1.12947869e-03
 2.01285000e+01 1.12967869e-03
 2.01433000e+01 1.12927869e-03
 2.01513000e+01 1.12927869e-03
 2.01627000e+01 1.12907869e-03
 2.01743000e+01 1.12867869e-03
 2.01858000e+01 1.12807869e-03
 2.01971000e+01 1.12867869e-03
 2.02085000e+01 1.12907869e-03
 2.02201000e+01 1.12787869e-03
 2.02315000e+01 1.12757869e-03
 2.02395000e+01 1.12757869e-03
 2.02510000e+01 1.12757869e-03
 2.02590000e+01 1.12787869e-03
 2.02704000e+01 1.12787869e-03
 2.02853000e+01 1.12777869e-03
 2.02934000e+01 1.12697869e-03
 2.03048000e+01 1.12697869e-03
 2.03161000e+01 1.12717869e-03
 2.03277000e+01 1.12677869e-03
 2.03391000e+01 1.12677869e-03
 2.03505000e+01 1.12657869e-03
 2.03620000e+01 1.12657869e-03
 2.03734000e+01 1.12637869e-03
 2.03848000e+01 1.12617869e-03
 2.03963000e+01 1.12587869e-03
 2.04077000e+01 1.12637869e-03
 2.04195000e+01 1.12297869e-03
 2.04273000e+01 1.12427869e-03
 2.04388000e+01 1.12507869e-03
 2.04503000e+01 1.12427869e-03
 2.04617000e+01 1.12397869e-03
 2.04731000e+01 1.12467869e-03
 2.04879000e+01 1.12487869e-03
 2.04960000e+01 1.12417869e-03
 2.05074000e+01 1.12417869e-03
 2.05189000e+01 1.12377869e-03
 2.05303000e+01 1.12417869e-03
 2.05416000e+01 1.12427869e-03
 2.05531000e+01 1.12337869e-03
 2.05646000e+01 1.12417869e-03
 2.05760000e+01 1.12377869e-03
 2.05875000e+01 1.12297869e-03
 2.05990000e+01 1.12257869e-03
 2.06104000e+01 1.12297869e-03
 2.06217000e+01 1.12337869e-03
 2.06300000e+01 1.12207869e-03
 2.06413000e+01 1.12277869e-03
 2.06528000e+01 1.12227869e-03
 2.06641000e+01 1.12237869e-03
 2.06757000e+01 1.12227869e-03
 2.06871000e+01 1.12207869e-03
 2.07019000e+01 1.12187869e-03
 2.07101000e+01 1.12127869e-03
 2.07181000e+01 1.12107869e-03
 2.07328000e+01 1.12187869e-03
 2.07443000e+01 1.12047869e-03
 2.07558000e+01 1.12047869e-03
 2.07672000e+01 1.12067869e-03
 2.07787000e+01 1.12037869e-03
 2.07901000e+01 1.11997869e-03
 2.08016000e+01 1.11997869e-03
 2.08130000e+01 1.12017869e-03
 2.08244000e+01 1.11977869e-03
 2.08325000e+01 1.11957869e-03
 2.08472000e+01 1.12047869e-03
 2.08588000e+01 1.11937869e-03
 2.08702000e+01 1.11917869e-03
 2.08817000e+01 1.11917869e-03
 2.08897000e+01 1.11897869e-03
 2.09045000e+01 1.11867869e-03
 2.09126000e+01 1.11877869e-03
 2.09241000e+01 1.11847869e-03
 2.09389000e+01 1.11847869e-03
 2.09503000e+01 1.11827869e-03
 2.09617000e+01 1.11867869e-03
 2.09698000e+01 1.11787869e-03
 2.09846000e+01 1.11787869e-03
 2.09927000e+01 1.11807869e-03
 2.10041000e+01 1.11807869e-03
 2.10190000e+01 1.11707869e-03
 2.10271000e+01 1.11687869e-03
 2.10419000e+01 1.11707869e-03
 2.10499000e+01 1.11677869e-03
 2.10614000e+01 1.11657869e-03
 2.10728000e+01 1.11687869e-03
 2.10876000e+01 1.11687869e-03
 2.10991000e+01 1.11637869e-03
 2.11072000e+01 1.11537869e-03
 2.11186000e+01 1.11597869e-03
 2.11301000e+01 1.11537869e-03
 2.11449000e+01 1.11487869e-03
 2.11530000e+01 1.11537869e-03
 2.11644000e+01 1.11487869e-03
 2.11758000e+01 1.11487869e-03
 2.11873000e+01 1.11467869e-03
 2.11987000e+01 1.11507869e-03
 2.12102000e+01 1.11447869e-03
 2.12216000e+01 1.11467869e-03
 2.12331000e+01 1.11447869e-03
 2.12446000e+01 1.11367869e-03
 2.12525000e+01 1.11387869e-03
 2.12674000e+01 1.11347869e-03
 2.12755000e+01 1.11347869e-03
 2.12903000e+01 1.11367869e-03
 2.12983000e+01 1.11317869e-03
 2.13098000e+01 1.11327869e-03
 2.13212000e+01 1.11317869e-03
 2.13326000e+01 1.11327869e-03
 2.13441000e+01 1.11257869e-03
 2.13557000e+01 1.11177869e-03
 2.13636000e+01 1.11197869e-03
 2.13750000e+01 1.11217869e-03
 2.13899000e+01 1.11197869e-03
 2.14013000e+01 1.11257869e-03
 2.14127000e+01 1.11197869e-03
 2.14242000e+01 1.11127869e-03
 2.14324000e+01 1.11087869e-03
 2.14471000e+01 1.11107869e-03
 2.14551000e+01 1.11107869e-03
 2.14666000e+01 1.11107869e-03
 2.14781000e+01 1.11067869e-03
 2.14895000e+01 1.11067869e-03
 2.15044000e+01 1.10987869e-03
 2.15125000e+01 1.10937869e-03
 2.15239000e+01 1.10967869e-03
 2.15353000e+01 1.10987869e-03
 2.15468000e+01 1.10957869e-03
 2.15582000e+01 1.10937869e-03
 2.15662000e+01 1.10937869e-03
 2.15810000e+01 1.10957869e-03
 2.15925000e+01 1.10937869e-03
 2.16006000e+01 1.10857869e-03
 2.16120000e+01 1.10857869e-03
 2.16236000e+01 1.10797869e-03
 2.16349000e+01 1.10837869e-03
 2.16463000e+01 1.10817869e-03
 2.16579000e+01 1.10797869e-03
 2.16692000e+01 1.10817869e-03
 2.16773000e+01 1.10777869e-03
 2.16887000e+01 1.10747869e-03
 2.17002000e+01 1.10727869e-03
 2.17117000e+01 1.10687869e-03
 2.17196000e+01 1.10727869e-03
 2.17346000e+01 1.10707869e-03
 2.17426000e+01 1.10647869e-03
 2.17541000e+01 1.10577869e-03
 2.17656000e+01 1.10577869e-03
 2.17770000e+01 1.10607869e-03
 2.17883000e+01 1.10647869e-03
 2.17998000e+01 1.10577869e-03
 2.18113000e+01 1.10607869e-03
 2.18228000e+01 1.10517869e-03
 2.18308000e+01 1.10457869e-03
 2.18456000e+01 1.10497869e-03
 2.18608000e+01 1.10157869e-03
 2.18653000e+01 1.10327869e-03
 2.18766000e+01 1.10347869e-03
 2.18882000e+01 1.10287869e-03
 2.18996000e+01 1.10327869e-03
 2.19144000e+01 1.10307869e-03
 2.19225000e+01 1.10327869e-03
 2.19373000e+01 1.10307869e-03
 2.19487000e+01 1.10307869e-03
 2.19567000e+01 1.10267869e-03
 2.19682000e+01 1.10287869e-03
 2.19797000e+01 1.10197869e-03
 2.19911000e+01 1.10227869e-03
 2.20025000e+01 1.10267869e-03
 2.20173000e+01 1.10247869e-03
 2.20254000e+01 1.10217869e-03
 2.20368000e+01 1.10157869e-03
 2.20450000e+01 1.10047869e-03
 2.20564000e+01 1.10117869e-03
 2.20678000e+01 1.10137869e-03
 2.20825000e+01 1.10177869e-03
 2.20942000e+01 1.10027869e-03
 2.21022000e+01 1.10027869e-03
 2.21169000e+01 1.10097869e-03
 2.21284000e+01 1.10077869e-03
 2.21365000e+01 1.09987869e-03
 2.21479000e+01 1.10027869e-03
 2.21594000e+01 1.09987869e-03
 2.21709000e+01 1.09947869e-03
 2.21823000e+01 1.09907869e-03
 2.21937000e+01 1.09887869e-03
 2.22018000e+01 1.09887869e-03
 2.22201000e+01 1.09817869e-03
 2.22247000e+01 1.09797869e-03
 2.22361000e+01 1.09857869e-03
 2.22509000e+01 1.09857869e-03
 2.22624000e+01 1.09777869e-03
 2.22739000e+01 1.09757869e-03
 2.22819000e+01 1.09797869e-03
 2.22968000e+01 1.09697869e-03
 2.23048000e+01 1.09697869e-03
 2.23163000e+01 1.09737869e-03
 2.23277000e+01 1.09737869e-03
 2.23391000e+01 1.09667869e-03
 2.23506000e+01 1.09647869e-03
 2.23621000e+01 1.09627869e-03
 2.23734000e+01 1.09667869e-03
 2.23849000e+01 1.09607869e-03
 2.23965000e+01 1.09527869e-03
 2.24045000e+01 1.09527869e-03
 2.24158000e+01 1.09567869e-03
 2.24272000e+01 1.09607869e-03
 2.24387000e+01 1.09567869e-03
 2.24502000e+01 1.09497869e-03
 2.24617000e+01 1.09437869e-03
 2.24697000e+01 1.09567869e-03
 2.24811000e+01 1.09527869e-03
 2.24959000e+01 1.09497869e-03
 2.25075000e+01 1.09317869e-03
 2.25155000e+01 1.09417869e-03
 2.25269000e+01 1.09417869e-03
 2.25418000e+01 1.09357869e-03
 2.25499000e+01 1.09307869e-03
 2.25613000e+01 1.09307869e-03
 2.25762000e+01 1.09267869e-03
 2.25842000e+01 1.09247869e-03
 2.25923000e+01 1.09227869e-03
 2.26071000e+01 1.09247869e-03
 2.26185000e+01 1.09227869e-03
 2.26300000e+01 1.09207869e-03
 2.26380000e+01 1.09207869e-03
 2.26495000e+01 1.09167869e-03
 2.26643000e+01 1.09147869e-03
 2.26724000e+01 1.09147869e-03
 2.26838000e+01 1.09117869e-03
 2.26953000e+01 1.09077869e-03
 2.27034000e+01 1.09077869e-03
 2.27181000e+01 1.09137869e-03
 2.27296000e+01 1.09057869e-03
 2.27412000e+01 1.08977869e-03
 2.27492000e+01 1.08957869e-03
 2.27605000e+01 1.09037869e-03
 2.27719000e+01 1.08997869e-03
 2.27835000e+01 1.08947869e-03
 2.27949000e+01 1.08947869e-03
 2.28029000e+01 1.08927869e-03
 2.28144000e+01 1.08927869e-03
 2.28292000e+01 1.08907869e-03
 2.28372000e+01 1.08907869e-03
 2.28487000e+01 1.08827869e-03
 2.28602000e+01 1.08887869e-03
 2.28716000e+01 1.08887869e-03
 2.28830000e+01 1.08827869e-03
 2.28946000e+01 1.08767869e-03
 2.29026000e+01 1.08757869e-03
 2.29140000e+01 1.08767869e-03
 2.29289000e+01 1.08657869e-03
 2.29370000e+01 1.08637869e-03
 2.29483000e+01 1.08717869e-03
 2.29598000e+01 1.08677869e-03
 2.29713000e+01 1.08677869e-03
 2.29793000e+01 1.08657869e-03
 2.29907000e+01 1.08657869e-03
 2.30023000e+01 1.08597869e-03
 2.30136000e+01 1.08637869e-03
 2.30251000e+01 1.08587869e-03
 2.30332000e+01 1.08567869e-03
 2.30446000e+01 1.08547869e-03
 2.30560000e+01 1.08567869e-03
 2.30675000e+01 1.08487869e-03
 2.30790000e+01 1.08447869e-03
 2.30904000e+01 1.08447869e-03
 2.31018000e+01 1.08487869e-03
 2.31099000e+01 1.08487869e-03
 2.31213000e+01 1.08467869e-03
 2.31328000e+01 1.08407869e-03
 2.31442000e+01 1.08377869e-03
 2.31523000e+01 1.08407869e-03
 2.31637000e+01 1.08397869e-03
 2.31752000e+01 1.08297869e-03
