 -1.98358000e+01 -3.58084223e-06
 -1.98177000e+01 -2.48824496e-06
 -1.97928000e+01 -1.19843348e-06
 -1.97712000e+01 -1.50727607e-06
 -1.97462000e+01 -1.31751562e-06
 -1.97213000e+01 -8.27719623e-07
 -1.96963000e+01 -1.03797004e-06
 -1.96713000e+01 -6.48225913e-07
 -1.96463000e+01 -8.58487249e-07
 -1.96213000e+01 -6.68754053e-07
 -1.95997000e+01 -6.77628981e-07
 -1.95747000e+01 -6.87905998e-07
 -1.95463000e+01 -6.99587349e-07
 -1.95213000e+01 -5.09876099e-07
 -1.94963000e+01 -7.20170352e-07
 -1.94714000e+01 6.95710941e-08
 -1.94463000e+01 -7.40775397e-07
 -1.94213000e+01 -1.15108620e-06
 -1.93963000e+01 -3.61402541e-07
 -1.93713000e+01 -5.71724417e-07
 -1.93464000e+01 -1.82010518e-07
 -1.93247000e+01 -5.90979202e-07
 -1.92997000e+01 -8.01316980e-07
 -1.92713000e+01 -6.13067448e-07
 -1.92464000e+01 1.76624287e-07
 -1.92213000e+01 -8.33772379e-07
 -1.91997000e+01 -4.42723819e-07
 -1.91713000e+01 -4.54499661e-07
 -1.91464000e+01 -2.64830203e-07
 -1.91248000e+01 1.26203856e-07
 -1.90963000e+01 -4.85632620e-07
 -1.90713000e+01 -1.09602151e-06
 -1.90497000e+01 -7.05002048e-07
 -1.90076000e+01 -2.22251788e-06
 -1.89964000e+01 -3.27180366e-07
 -1.89713000e+01 -7.37633459e-07
 -1.89463000e+01 -5.48050577e-07
 -1.89247000e+01 -5.57055531e-07
 -1.88964000e+01 -3.68860098e-07
 -1.88713000e+01 -7.79335965e-07
 -1.88498000e+01 -1.88313877e-07
 -1.88214000e+01 -4.00179530e-07
 -1.87998000e+01 -2.09209039e-07
 -1.87714000e+01 -4.21087659e-07
 -1.87464000e+01 -4.31550297e-07
 -1.87213000e+01 -6.42060546e-07
 -1.86997000e+01 -6.51109849e-07
 -1.86748000e+01 -6.15470010e-08
 -1.86464000e+01 -2.73458183e-07
 -1.86214000e+01 -2.83949525e-07
 -1.85964000e+01 5.55337043e-09
 -1.85713000e+01 -7.04991528e-07
 -1.85498000e+01 -3.14028642e-07
 -1.85214000e+01 -1.25972598e-07
 -1.84963000e+01 -9.36534922e-07
 -1.84748000e+01 -5.45586981e-07
 -1.84498000e+01 -3.56118032e-07
 -1.84214000e+01 -3.68088360e-07
 -1.83998000e+01 -3.77197585e-07
 -1.83713000e+01 -7.89223360e-07
 -1.83464000e+01 -5.99736301e-07
 -1.83214000e+01 -4.10297297e-07
 -1.82998000e+01 -4.19426710e-07
 -1.82714000e+01 -4.31436857e-07
 -1.82498000e+01 -4.40576406e-07
 -1.82248000e+01 -2.51160063e-07
 -1.81998000e+01 -1.61749604e-07
 -1.81749000e+01 2.27697357e-07
 -1.81498000e+01 -2.82946368e-07
 -1.81248000e+01 -4.93553606e-07
 -1.80999000e+01 1.95875706e-07
 -1.80748000e+01 -3.14785834e-07
 -1.80464000e+01 -3.26856298e-07
 -1.80214000e+01 -3.37488050e-07
 -1.79998000e+01 -3.46678672e-07
 -1.79748000e+01 -3.57321514e-07
 -1.79464000e+01 -2.69419017e-07
 -1.79248000e+01 -3.78625093e-07
 -1.78998000e+01 -2.89285844e-07
 -1.78748000e+01 -2.99952581e-07
 -1.78498000e+01 -4.10625310e-07
 -1.78248000e+01 -3.21304041e-07
 -1.77998000e+01 -1.31988781e-07
 -1.77749000e+01 5.73632363e-08
 -1.77499000e+01 4.66664780e-08
 -1.77214000e+01 -4.65535186e-07
 -1.76964000e+01 -4.76244865e-07
 -1.76714000e+01 -4.86960595e-07
 -1.76499000e+01 3.81903257e-09
 -1.76248000e+01 -2.06950892e-07
 -1.75999000e+01 -1.76410503e-08
 -1.75714000e+01 -4.29884178e-07
 -1.75498000e+01 -2.39168453e-07
 -1.75248000e+01 -4.49919825e-07
 -1.74998000e+01 -2.60677303e-07
 -1.74714000e+01 -2.72905217e-07
 -1.74498000e+01 -2.82210611e-07
 -1.74180000e+01 -7.95918549e-07
 -1.73998000e+01 -3.03768442e-07
 -1.73748000e+01 -3.14556574e-07
 -1.73464000e+01 -3.26819361e-07
 -1.73249000e+01 -1.36108100e-07
 -1.72965000e+01 5.16151262e-08
 -1.72715000e+01 4.08015053e-08
 -1.72464000e+01 -6.70061597e-07
 -1.72248000e+01 -3.79414926e-07
 -1.71999000e+01 2.09797015e-07
 -1.71715000e+01 -2.51496253e-09
 -1.71464000e+01 -6.13403009e-07
 -1.71248000e+01 -4.22777830e-07
 -1.70965000e+01 -2.35067632e-07
 -1.70714000e+01 -4.45974474e-07
 -1.70465000e+01 -5.68006422e-08
 -1.70215000e+01 1.32323458e-07
 -1.69965000e+01 3.21441283e-07
 -1.69714000e+01 -4.89490741e-07
 -1.69499000e+01 -9.88598676e-08
 -1.69248000e+01 -5.09803673e-07
 -1.68965000e+01 -1.22150331e-07
 -1.68749000e+01 -3.31579376e-07
 -1.68465000e+01 -3.43984009e-07
 -1.68249000e+01 -3.53423992e-07
 -1.67999000e+01 -1.64355809e-07
 -1.67749000e+01 -1.75293977e-07
 -1.67499000e+01 -1.86238505e-07
 -1.67249000e+01 -1.97189401e-07
 -1.66999000e+01 -2.08146674e-07
 -1.66749000e+01 -4.19110334e-07
 -1.66499000e+01 -2.30080388e-07
 -1.66215000e+01 -4.42550139e-07
 -1.65999000e+01 -2.52039716e-07
 -1.65749000e+01 -6.30290080e-08
 -1.65499000e+01 1.25975270e-07
 -1.65249000e+01 -8.50268905e-08
 -1.64999000e+01 -9.60354993e-08
 -1.64749000e+01 -1.07050565e-07
 -1.64499000e+01 -5.18072096e-07
 -1.64249000e+01 2.70899897e-07
 -1.63999000e+01 -3.40134593e-07
 -1.63749000e+01 -5.51175576e-07
 -1.63499000e+01 -3.62223061e-07
 -1.63249000e+01 2.67229438e-08
 -1.62965000e+01 -1.85842306e-07
 -1.62749000e+01 -3.95404616e-07
 -1.62499000e+01 -6.47819914e-09
 -1.62215000e+01 -4.19065733e-07
 -1.61999000e+01 -4.28645016e-07
 -1.61749000e+01 1.60261732e-07
 -1.61465000e+01 -2.52348179e-07
 -1.61249000e+01 1.38055495e-07
 -1.60965000e+01 1.25430612e-07
 -1.60715000e+01 -6.85689893e-07
 -1.60499000e+01 -2.95303334e-07
 -1.60215000e+01 -1.07950751e-07
 -1.59999000e+01 -5.17575643e-07
 -1.59750000e+01 4.71322846e-07
 -1.59500000e+01 4.60170114e-07
 -1.59249000e+01 4.89660735e-08
 -1.58999000e+01 -5.62200011e-07
 -1.58749000e+01 -3.73372772e-07
 -1.58499000e+01 -1.84552221e-07
 -1.58147000e+01 -8.00304237e-07
 -1.57999000e+01 -2.06931215e-07
 -1.57750000e+01 1.81914032e-07
 -1.57499000e+01 -2.29337069e-07
 -1.57249000e+01 -2.40550093e-07
 -1.56999000e+01 -4.51769860e-07
 -1.56750000e+01 1.37048539e-07
 -1.56500000e+01 1.25815283e-07
 -1.56249000e+01 -8.54697197e-08
 -1.55999000e+01 -9.67165577e-08
 -1.55749000e+01 -5.07970188e-07
 -1.55499000e+01 -1.19230619e-07
 -1.55250000e+01 6.95472209e-08
 -1.54999000e+01 -1.41771925e-07
 -1.54749000e+01 -1.53052819e-07
 -1.54499000e+01 -3.64340554e-07
 -1.54215000e+01 -1.77171733e-07
 -1.53999000e+01 -1.86936585e-07
 -1.53750000e+01 2.01800347e-07
 -1.53499000e+01 -2.09560095e-07
 -1.53250000e+01 -2.08368774e-08
 -1.53000000e+01 3.67834166e-07
 -1.52716000e+01 -4.50439127e-08
 -1.52500000e+01 -5.48444864e-08
 -1.52215000e+01 -2.67783715e-07
 -1.51999000e+01 -2.77596297e-07
 -1.51750000e+01 1.11085539e-07
 -1.51465000e+01 -3.01877459e-07
 -1.51250000e+01 3.88337442e-07
 -1.51000000e+01 7.69529287e-08
 -1.50749000e+01 -5.34484154e-07
 -1.50500000e+01 -1.45837077e-07
 -1.50216000e+01 -1.58794282e-07
 -1.50000000e+01 3.13448759e-08
 -1.49749000e+01 -3.80120381e-07
 -1.49466000e+01 3.06944144e-07
 -1.49250000e+01 -2.02934949e-07
 -1.49000000e+01 2.85624334e-07
 -1.48716000e+01 1.72619099e-07
 -1.48466000e+01 -2.38836736e-07
 -1.48250000e+01 -4.87402889e-08
 -1.48000000e+01 1.39790645e-07
 -1.47750000e+01 1.28314466e-07
 -1.47500000e+01 -8.31688361e-08
 -1.47250000e+01 -9.46592725e-08
 -1.47000000e+01 -1.06156853e-07
 -1.46750000e+01 8.23384109e-08
 -1.46466000e+01 6.92603370e-08
 -1.46250000e+01 5.93074324e-08
 -1.46000000e+01 4.77811686e-08
 -1.45750000e+01 -1.63752292e-07
 -1.45500000e+01 1.24707039e-07
 -1.45216000e+01 1.11588081e-07
 -1.45000000e+01 -3.98395965e-07
 -1.44750000e+01 -9.95832082e-09
 -1.44500000e+01 -2.15279274e-08
 -1.44216000e+01 6.53201891e-08
 -1.44000000e+01 5.53110647e-08
 -1.43750000e+01 -5.62803580e-08
 -1.43500000e+01 -2.67879074e-07
 -1.43250000e+01 2.20514905e-07
 -1.43000000e+01 -9.10984316e-08
 -1.42750000e+01 -2.71909409e-09
 -1.42500000e+01 1.85652906e-07
 -1.42182000e+01 -1.29148529e-07
 -1.42000000e+01 -5.37625149e-07
 -1.41750000e+01 1.50724774e-07
 -1.41466000e+01 -1.62518669e-07
 -1.41251000e+01 3.27449140e-07
 -1.41001000e+01 5.15776916e-07
 -1.40750000e+01 1.04050544e-07
 -1.40500000e+01 -4.07636549e-07
 -1.40250000e+01 -1.19331079e-07
 -1.40000000e+01 6.89669430e-08
 -1.39750000e+01 -1.42742494e-07
 -1.39500000e+01 4.55405988e-08
 -1.39251000e+01 2.33863123e-07
 -1.39001000e+01 6.22131271e-07
 -1.38751000e+01 2.10391915e-07
 -1.38467000e+01 3.97046888e-07
 -1.38250000e+01 -1.31563865e-08
 -1.38000000e+01 -2.24918353e-07
 -1.37750000e+01 -2.36687869e-07
 -1.37501000e+01 5.51582177e-07
 -1.37251000e+01 1.39797558e-07
 -1.37000000e+01 -7.20418295e-08
 -1.36716000e+01 -2.85447023e-07
 -1.36500000e+01 -9.56490957e-08
 -1.36251000e+01 2.92583124e-07
 -1.36000000e+01 -1.19286837e-07
 -1.35751000e+01 4.68930172e-07
 -1.35501000e+01 2.57092220e-07
 -1.35250000e+01 -1.54800794e-07
 -1.35001000e+01 3.33933104e-08
 -1.34750000e+01 -3.78515131e-07
 -1.34501000e+01 2.09663645e-07
 -1.34217000e+01 -3.82853702e-09
 -1.34000000e+01 -4.14144423e-07
 -1.33751000e+01 1.74011273e-07
 -1.33501000e+01 1.62111669e-07
 -1.33251000e+01 5.50204305e-07
 -1.33000000e+01 -2.61758508e-07
 -1.32751000e+01 -7.36337518e-08
 -1.32500000e+01 -2.85612207e-07
 -1.32251000e+01 -9.75029923e-08
 -1.32001000e+01 9.05506633e-08
 -1.31751000e+01 2.78596487e-07
 -1.31501000e+01 6.66344658e-08
 -1.31251000e+01 5.46645883e-08
 -1.31000000e+01 -3.57361085e-07
 -1.30751000e+01 2.30701215e-07
 -1.30501000e+01 2.18707695e-07
 -1.30251000e+01 6.70626887e-09
 -1.30001000e+01 -2.05303075e-07
 -1.29751000e+01 1.82679652e-07
 -1.29501000e+01 -2.93455647e-08
 -1.29285000e+01 1.60258243e-07
 -1.29001000e+01 3.46580126e-07
 -1.28751000e+01 -2.65468993e-07
 -1.28501000e+01 1.22473897e-07
 -1.28251000e+01 -8.95912189e-08
 -1.28001000e+01 9.83356481e-08
 -1.27751000e+01 -1.13745515e-07
 -1.27501000e+01 7.41652797e-08
 -1.27251000e+01 2.62068019e-07
 -1.27001000e+01 2.49962690e-07
 -1.26751000e+01 -1.62150719e-07
 -1.26501000e+01 2.25727778e-07
 -1.26113000e+01 -1.69310085e-06
 -1.26001000e+01 4.01460441e-07
 -1.25751000e+01 -2.10685419e-07
 -1.25501000e+01 -4.22839424e-07
 -1.25251000e+01 1.64998414e-07
 -1.25001000e+01 1.52828081e-07
 -1.24717000e+01 -4.61007347e-07
 -1.24501000e+01 1.28462851e-07
 -1.24251000e+01 1.16267929e-07
 -1.24001000e+01 3.04064783e-07
 -1.23751000e+01 -3.08146598e-07
 -1.23502000e+01 8.79682667e-07
 -1.23251000e+01 2.67405880e-07
 -1.23001000e+01 -5.44830287e-07
 -1.22751000e+01 2.42925257e-07
 -1.22501000e+01 3.06724999e-08
 -1.22251000e+01 -1.81588573e-07
 -1.22036000e+01 4.07860244e-07
 -1.21751000e+01 1.93864283e-07
 -1.21502000e+01 3.81627346e-07
 -1.21251000e+01 -2.30716281e-07
 -1.21001000e+01 1.56980870e-07
 -1.20751000e+01 1.44669626e-07
 -1.20501000e+01 1.32349972e-07
 -1.20251000e+01 -7.99781041e-08
 -1.20001000e+01 -9.23146166e-08
 -1.19751000e+01 -1.04659579e-07
 -1.19501000e+01 -1.17013005e-07
 -1.19251000e+01 -3.29374909e-07
 -1.19002000e+01 6.58304195e-07
 -1.18751000e+01 -1.54124203e-07
 -1.18501000e+01 -1.66511621e-07
 -1.18251000e+01 -3.78907572e-07
 -1.18002000e+01 6.08737566e-07
 -1.17751000e+01 -2.03725127e-07
 -1.17501000e+01 -1.61467587e-08
 -1.17285000e+01 -4.26885964e-07
 -1.17002000e+01 3.59033971e-07
 -1.16751000e+01 -5.34632409e-08
 -1.16501000e+01 -6.59193106e-08
 -1.16252000e+01 3.21665851e-07
 -1.16002000e+01 3.09192513e-07
 -1.15751000e+01 -1.03339445e-07
 -1.15502000e+01 8.42198020e-08
 -1.15251000e+01 -1.28329614e-07
 -1.15002000e+01 2.59212285e-07
 -1.14752000e+01 4.66954384e-08
 -1.14501000e+01 -1.65880273e-07
 -1.14252000e+01 2.21635497e-07
 -1.14001000e+01 -3.90957817e-07
 -1.13752000e+01 4.96540461e-07
 -1.13502000e+01 3.83979746e-07
 -1.13252000e+01 1.71410214e-07
 -1.13002000e+01 -4.11681500e-08
 -1.12752000e+01 3.46244640e-07
 -1.12468000e+01 1.31934817e-07
 -1.12251000e+01 -4.79006817e-07
 -1.12036000e+01 -8.98542130e-08
 -1.11786000e+01 3.97524255e-07
 -1.11502000e+01 2.83175374e-07
 -1.11252000e+01 2.70534774e-07
 -1.11002000e+01 5.78852241e-08
 -1.10752000e+01 2.45226709e-07
 -1.10502000e+01 -1.67440787e-07
 -1.10217000e+01 -5.81892705e-07
 -1.10002000e+01 7.19722115e-09
 -1.09752000e+01 2.94502694e-07
 -1.09502000e+01 1.81799127e-07
 -1.09252000e+01 2.69086503e-07
 -1.09002000e+01 1.56364808e-07
 -1.08752000e+01 4.43634027e-07
 -1.08502000e+01 4.30894144e-07
 -1.08252000e+01 1.18145144e-07
 -1.08002000e+01 2.05387011e-07
 -1.07752000e+01 1.92619730e-07
 -1.07502000e+01 -1.20156715e-07
 -1.07286000e+01 1.68797046e-07
 -1.07003000e+01 5.54314040e-07
 -1.06752000e+01 1.41458813e-07
 -1.06502000e+01 3.28645558e-07
 -1.06252000e+01 3.15823061e-07
 -1.06003000e+01 5.03042653e-07
 -1.05752000e+01 -9.84972060e-09
 -1.05502000e+01 -2.22700037e-07
 -1.05253000e+01 4.64491798e-07
 -1.05002000e+01 -4.84286020e-08
 -1.04752000e+01 -6.13068817e-08
 -1.04502000e+01 2.25805486e-07
 -1.04252000e+01 2.12908484e-07
 -1.04002000e+01 2.09736654e-12
 -1.03753000e+01 3.87137991e-07
 -1.03502000e+01 1.74161104e-07
 -1.03253000e+01 3.61278222e-07
 -1.03002000e+01 -5.17176238e-08
 -1.02752000e+01 1.35328821e-07
 -1.02502000e+01 -3.77634217e-07
 -1.02252000e+01 -9.06067533e-08
 -1.02002000e+01 -1.03588805e-07
 -1.01753000e+01 6.83471596e-07
 -1.01503000e+01 2.70470501e-07
 -1.01252000e+01 5.74077802e-08
 -1.01003000e+01 2.44439601e-07
 -1.00752000e+01 3.13576231e-08
 -1.00502000e+01 -2.81681870e-07
 -1.00286000e+01 7.04425292e-09
 -1.00003000e+01 3.92262486e-07
 -9.97524000e+00 -2.08372898e-08
 -9.95028000e+00 3.66105537e-07
 -9.92524000e+00 -4.70032010e-08
 -9.90024000e+00 -6.01007228e-08
 -9.87526000e+00 1.26802512e-07
 -9.85026000e+00 1.13685514e-07
 -9.82524000e+00 -9.94517571e-08
 -9.80030000e+00 4.87443224e-07
 -9.77528000e+00 2.74286366e-07
 -9.75026000e+00 6.11196733e-08
 -9.72528000e+00 2.47964201e-07
 -9.70024000e+00 -1.65232743e-07
 -9.67524000e+00 -1.78418485e-07
 -9.65030000e+00 4.08417565e-07
 -9.62528000e+00 1.95201483e-07
 -9.60026000e+00 -1.80245396e-08
 -9.57526000e+00 -3.12499353e-08
 -9.55028000e+00 1.55525302e-07
 -9.52864000e+00 -2.55939270e-07
 -9.50026000e+00 -7.09859501e-08
 -9.47528000e+00 1.15759326e-07
 -9.45030000e+00 3.02494588e-07
 -9.41841000e+00 -6.14454041e-07
 -9.40026000e+00 -1.24107566e-07
 -9.37868000e+00 6.44076620e-08
 -9.35030000e+00 2.49292504e-07
 -9.32526000e+00 -1.64054603e-07
 -9.30370000e+00 2.24445091e-07
 -9.27534000e+00 6.09306098e-07
 -9.25028000e+00 -4.08220171e-09
 -9.22528000e+00 -1.74486527e-08
 -9.20030000e+00 1.69185389e-07
 -9.17872000e+00 3.57630434e-07
 -9.15030000e+00 1.42401369e-07
 -9.12872000e+00 3.30828706e-07
 -9.10034000e+00 5.15597754e-07
 -9.07872000e+00 3.03985843e-07
 -9.05032000e+00 2.88720722e-07
 -9.02528000e+00 -1.24749456e-07
 -9.00372000e+00 2.63644093e-07
 -8.97530000e+00 4.83328859e-08
 -8.95030000e+00 3.48530861e-08
 -8.92536000e+00 6.21395257e-07
 -8.90034000e+00 4.07883823e-07
 -8.87532000e+00 1.94361916e-07
 -8.85032000e+00 1.80840338e-07
 -8.82534000e+00 3.67319096e-07
 -8.80032000e+00 1.53765681e-07
 -8.77530000e+00 -5.97982847e-08
 -8.75030000e+00 -7.33619641e-08
 -8.72538000e+00 7.13107239e-07
 -8.70032000e+00 9.94898145e-08
 -8.67530000e+00 -1.14116511e-07
 -8.65032000e+00 7.22882950e-08
 -8.62534000e+00 2.58682468e-07
 -8.60372000e+00 4.68981287e-08
 -8.57874000e+00 2.33272413e-07
 -8.55034000e+00 2.17768221e-07
 -8.52878000e+00 6.05988894e-07
 -8.50036000e+00 3.90449385e-07
 -8.47538000e+00 5.76779311e-07
 -8.45034000e+00 1.63065592e-07
 -8.42532000e+00 -5.06480050e-08
 -8.40374000e+00 1.37515169e-07
 -8.37876000e+00 3.23803319e-07
 -8.35038000e+00 5.08211998e-07
 -8.32876000e+00 2.96325050e-07
 -8.30036000e+00 2.80697974e-07
 -8.27536000e+00 2.66930071e-07
 -8.25372000e+00 -1.44996267e-07
 -8.22538000e+00 4.39372427e-07
 -8.20034000e+00 2.55495267e-08
 -8.17876000e+00 2.13627796e-07
 -8.15039000e+00 4.97942466e-07
 -8.12876000e+00 1.85974013e-07
 -8.10039000e+00 4.70263571e-07
 -8.07538000e+00 3.56401944e-07
 -8.05032000e+00 -2.57498555e-07
 -8.02876000e+00 1.30533400e-07
 -8.00041000e+00 6.14783566e-07
 -7.97538000e+00 3.00866206e-07
 -7.95038000e+00 2.86954317e-07
 -7.92538000e+00 2.73031204e-07
 -7.90036000e+00 5.90856938e-08
 -7.87536000e+00 4.51400594e-08
 -7.85036000e+00 3.11831365e-08
 -7.82194000e+00 -1.84696832e-07
 -7.80039000e+00 3.03252121e-07
 -7.77536000e+00 -1.07555802e-08
 -7.75039000e+00 2.75258935e-07
 -7.72878000e+00 1.63146181e-07
 -7.70378000e+00 1.49122635e-07
 -7.67542000e+00 4.33200474e-07
 -7.65378000e+00 1.21041204e-07
 -7.62539000e+00 2.05076137e-07
 -7.60378000e+00 9.29138449e-08
 -7.57879000e+00 1.78838521e-07
 -7.55042000e+00 3.62845464e-07
 -7.52539000e+00 1.48722894e-07
 -7.50038000e+00 3.45999974e-08
 -7.47878000e+00 2.23933361e-08
 -7.45042000e+00 3.06353247e-07
 -7.42539000e+00 9.21840978e-08
 -7.40378000e+00 -2.00584579e-08
 -7.37542000e+00 2.63861683e-07
 -7.35038000e+00 -5.03483165e-08
 -7.32879000e+00 3.73900638e-08
 -7.30042000e+00 2.21264520e-07
 -7.27539000e+00 7.02481752e-09
 -7.25038000e+00 -1.07215347e-07
 -7.22539000e+00 -2.14559670e-08
 -7.20046000e+00 5.64325784e-07
 -7.17876000e+00 -3.48059938e-07
 -7.15042000e+00 1.35750903e-07
 -7.12546000e+00 5.21479852e-07
 -7.10046000e+00 5.07173974e-07
 -7.07542000e+00 9.28331880e-08
 -7.05379000e+00 -1.19564340e-07
 -7.02542000e+00 6.41613504e-08
 -7.00382000e+00 5.17602051e-08
 -6.97544000e+00 2.35452766e-07
 -6.95042000e+00 2.10630752e-08
 -6.92884000e+00 2.08642063e-07
 -6.90382000e+00 -5.77028190e-09
 -6.87544000e+00 1.77867136e-07
 -6.85382000e+00 -3.46084996e-08
 -6.82548000e+00 5.49024294e-07
 -6.80048000e+00 5.34572966e-07
 -6.77882000e+00 -7.79575920e-08
 -6.75048000e+00 5.05633447e-07
 -6.72886000e+00 2.93104737e-07
 -6.70384000e+00 7.85942103e-08
 -6.67542000e+00 -1.37903209e-07
 -6.65046000e+00 2.47594635e-07
 -6.62548000e+00 4.33068454e-07
 -6.60384000e+00 2.04744741e-08
 -6.57550000e+00 6.03967110e-07
 -6.55050000e+00 5.89391876e-07
 -6.52546000e+00 1.74780762e-07
 -6.50042000e+00 -2.39842947e-07
 -6.47544000e+00 -5.44441916e-08
 -6.45048000e+00 3.30953683e-07
 -6.42542000e+00 -2.83719612e-07
 -6.40386000e+00 1.03646258e-07
 -6.37890000e+00 4.89007954e-07
 -6.35044000e+00 -1.27698454e-07
 -6.32888000e+00 2.59634547e-07
 -6.30048000e+00 2.42934405e-07
 -6.27548000e+00 2.28219919e-07
 -6.25048000e+00 2.13492619e-07
 -6.21174000e+00 -1.10935418e-06
 -6.20039000e+00 -6.16053665e-07
 -6.17546000e+00 -3.07782517e-08
 -6.15048000e+00 1.54454743e-07
 -6.12884000e+00 -2.58348259e-07
 -6.10388000e+00 1.26872437e-07
 -6.07550000e+00 3.10052343e-07
 -6.05046000e+00 -1.04802160e-07
 -6.02542000e+00 -5.19669759e-07
 -6.00392000e+00 4.67554060e-07
 -5.97550000e+00 2.50650853e-07
 -5.95388000e+00 3.77806770e-08
 -5.92890000e+00 2.22898069e-07
 -5.90050000e+00 2.05961894e-07
 -5.87552000e+00 3.91051116e-07
 -5.85050000e+00 1.76103204e-07
 -5.82546000e+00 -2.38869969e-07
 -5.80050000e+00 1.46191415e-07
 -5.77890000e+00 1.33253041e-07
 -5.75052000e+00 3.16238299e-07
 -5.72556000e+00 7.01259702e-07
 -5.70388000e+00 -1.11761405e-07
 -5.67892000e+00 2.73234988e-07
 -5.65058000e+00 8.56183366e-07
 -5.62552000e+00 2.41090803e-07
 -5.60388000e+00 -1.71952977e-07
 -5.57894000e+00 4.13001529e-07
 -5.55390000e+00 -2.11789172e-09
 -5.52892000e+00 1.82785310e-07
 -5.50392000e+00 1.67662790e-07
 -5.47554000e+00 3.50479136e-07
 -5.45056000e+00 5.35339519e-07
 -5.42554000e+00 3.20161916e-07
 -5.40392000e+00 1.07035716e-07
 -5.37892000e+00 9.18445533e-08
 -5.35056000e+00 4.74594969e-07
 -5.32894000e+00 2.61432927e-07
 -5.30394000e+00 2.46200235e-07
 -5.27558000e+00 6.28903432e-07
 -5.25048000e+00 -3.86420056e-07
 -5.22892000e+00 4.06374863e-10
 -5.20399000e+00 6.85160693e-07
 -5.17556000e+00 3.67757597e-07
 -5.15394000e+00 1.54510994e-07
 -5.12898000e+00 5.39204864e-07
 -5.10056000e+00 3.21759833e-07
 -5.07890000e+00 -2.91547990e-07
 -5.05394000e+00 9.31034766e-08
 -5.02896000e+00 2.77728462e-07
 -5.00396000e+00 2.62326901e-07
 -4.97894000e+00 4.68987286e-08
 -4.95396000e+00 2.31480928e-07
 -4.92898000e+00 4.16048815e-07
 -4.90054000e+00 -1.53827764e-09
 -4.87892000e+00 -2.14920399e-07
 -4.85058000e+00 3.67521655e-07
 -4.82556000e+00 1.52005153e-07
 -4.80392000e+00 -2.61426905e-07
 -4.77901000e+00 6.23097854e-07
 -4.75396000e+00 1.07521062e-07
 -4.72898000e+00 2.91973210e-07
 -4.70394000e+00 -1.23626639e-07
 -4.67899000e+00 3.60814958e-07
 -4.65398000e+00 2.45204457e-07
 -4.62212000e+00 -3.74702953e-07
 -4.60396000e+00 1.39392246e-08
 -4.57898000e+00 1.98303214e-07
 -4.55399000e+00 2.82646138e-07
 -4.52896000e+00 -3.30508762e-08
 -4.50399000e+00 2.51274869e-07
 -4.47564000e+00 6.33460864e-07
 -4.45058000e+00 1.17698149e-07
 -4.42896000e+00 -9.59129126e-08
 -4.40401000e+00 3.88365631e-07
 -4.37896000e+00 -1.27433922e-07
 -4.35056000e+00 -1.45364714e-07
 -4.32901000e+00 3.41016326e-07
 -4.30059000e+00 1.23038505e-07
 -4.27558000e+00 7.20152715e-09
 -4.25064000e+00 4.91393696e-07
 -4.22899000e+00 7.76588626e-08
 -4.20401000e+00 2.61797212e-07
 -4.17901000e+00 2.45907537e-07
 -4.15396000e+00 -2.70029328e-07
 -4.12901000e+00 2.14082057e-07
 -4.10406000e+00 5.98178069e-07
 -4.07899000e+00 -1.78179328e-08
 -4.05056000e+00 -3.35976664e-07
 -4.02899000e+00 -4.97672069e-08
 -4.00064000e+00 3.32089891e-07
 -3.97899000e+00 -8.17787932e-08
 -3.95399000e+00 -9.78080432e-08
 -3.92901000e+00 8.61598629e-08
 -3.90401000e+00 7.00992170e-08
 -3.87901000e+00 5.40228123e-08
 -3.85401000e+00 3.79306123e-08
 -3.82561000e+00 1.96306629e-08
 -3.80398000e+00 -2.94320679e-07
 -3.77906000e+00 3.89591168e-07
 -3.75070000e+00 7.71262905e-07
 -3.72901000e+00 -4.27686068e-08
 -3.70401000e+00 -5.89563541e-08
 -3.67564000e+00 1.22654341e-07
 -3.65064000e+00 1.06432274e-07
 -3.62899000e+00 -3.07629072e-07
 -3.60404000e+00 7.61512414e-08
 -3.57908000e+00 4.59908903e-07
 -3.55399000e+00 -3.56434351e-07
 -3.52904000e+00 2.72973265e-08
 -3.50406000e+00 2.10993157e-07
 -3.47901000e+00 -2.05373104e-07
 -3.45404000e+00 -2.17034825e-08
 -3.42906000e+00 1.61943190e-07
 -3.40408000e+00 3.45573413e-07
 -3.37906000e+00 1.29160893e-07
 -3.35406000e+00 1.12744931e-07
 -3.32906000e+00 9.63123744e-08
 -3.30408000e+00 2.79876349e-07
 -3.27908000e+00 2.63410496e-07
 -3.25066000e+00 4.46718119e-08
 -3.22906000e+00 3.04154012e-08
 -3.20404000e+00 -1.86113948e-07
 -3.17910000e+00 3.97392773e-07
 -3.15410000e+00 3.80842959e-07
 -3.12906000e+00 -3.57502919e-08
 -3.10406000e+00 -5.23340066e-08
 -3.07910000e+00 3.31091855e-07
 -3.05404000e+00 -2.85565774e-07
 -3.01876000e+00 -1.00904584e-06
 -3.00406000e+00 -1.18839263e-07
 -2.97910000e+00 2.64518301e-07
 -2.95410000e+00 2.47832002e-07
 -2.92906000e+00 -1.68898284e-07
 -2.90408000e+00 1.43942346e-08
 -2.87912000e+00 3.97682846e-07
 -2.85408000e+00 -1.90995069e-08
 -2.82904000e+00 -4.35899333e-07
 -2.80412000e+00 3.47363960e-07
 -2.77910000e+00 1.30542595e-07
 -2.75408000e+00 -8.62963443e-08
 -2.72906000e+00 -3.03152902e-07
 -2.70414000e+00 4.80040358e-07
 -2.67910000e+00 6.31349945e-08
 -2.65410000e+00 4.62389019e-08
 -2.62912000e+00 2.29338583e-07
 -2.60414000e+00 4.12420483e-07
 -2.57912000e+00 1.95457426e-07
 -2.55414000e+00 3.78503604e-07
 -2.52912000e+00 1.61504678e-07
 -2.50410000e+00 -5.55122648e-08
 -2.47912000e+00 1.27479980e-07
 -2.45410000e+00 -8.95731008e-08
 -2.42916000e+00 4.93410279e-07
 -2.40410000e+00 -1.23706429e-07
 -2.37914000e+00 2.59226974e-07
 -2.35416000e+00 4.42128477e-07
 -2.32914000e+00 2.24984281e-07
 -2.30414000e+00 2.07835428e-07
 -2.27910000e+00 -2.09359305e-07
 -2.25414000e+00 1.73482480e-07
 -2.22908000e+00 -4.43763022e-07
 -2.20417000e+00 4.39076239e-07
 -2.17908000e+00 -4.78227157e-07
 -2.15412000e+00 -9.54595214e-08
 -2.12919000e+00 5.87310237e-07
 -2.10410000e+00 -3.30049392e-07
 -2.07914000e+00 5.26621590e-08
 -2.05416000e+00 2.35341068e-07
 -2.02581000e+00 7.15660394e-07
 -2.00410000e+00 -3.99427223e-07
 -1.97912000e+00 -2.16805067e-07
 -1.95417000e+00 2.65819002e-07
 -1.92917000e+00 2.48389199e-07
 -1.90417000e+00 2.30940277e-07
 -1.87910000e+00 -4.86576752e-07
 -1.85414000e+00 -1.04036120e-07
 -1.82919000e+00 3.78492311e-07
 -1.80414000e+00 -1.39068642e-07
 -1.77914000e+00 -1.56613932e-07
 -1.75414000e+00 -1.74178642e-07
 -1.72916000e+00 8.25125219e-09
 -1.70416000e+00 -9.35243468e-09
 -1.67917000e+00 7.30313586e-08
 -1.65414000e+00 -2.44632701e-07
 -1.62916000e+00 -6.22811396e-08
 -1.60417000e+00 2.00436486e-08
 -1.57917000e+00 2.34158768e-09
 -1.55414000e+00 -3.15401584e-07
 -1.52916000e+00 -1.33129185e-07
 -1.50419000e+00 1.49130417e-07
 -1.47917000e+00 -6.86655074e-08
 -1.45419000e+00 1.13546991e-07
 -1.42574000e+00 -4.06735835e-07
 -1.40417000e+00 -1.22131106e-07
 -1.37924000e+00 4.60056732e-07
 -1.35416000e+00 -2.57882931e-07
 -1.32924000e+00 4.24271605e-07
 -1.30416000e+00 -2.93708869e-07
 -1.27917000e+00 -2.11645263e-07
 -1.25421000e+00 1.70419451e-07
 -1.22919000e+00 -4.75794908e-08
 -1.20419000e+00 -6.55846412e-08
 -1.17924000e+00 3.16425636e-07
 -1.15419000e+00 -1.01656931e-07
 -1.12926000e+00 4.80326435e-07
 -1.10417000e+00 -3.37826725e-07
 -1.07921000e+00 4.40933156e-08
 -1.05421000e+00 2.59634720e-08
 -1.02584000e+00 2.05364305e-07
 -1.00421000e+00 -1.03592235e-08
 -9.79172000e-01 -4.28579860e-07
 -9.57493000e-01 -2.44373227e-07
 -9.29235000e-01 1.35016593e-07
 -9.04214000e-01 -8.32553424e-08
 -8.79235000e-01 9.84820794e-08
 -8.54235000e-01 8.01827657e-08
 -8.29235000e-01 6.18620019e-08
 -8.04235000e-01 4.35197286e-08
 -7.79214000e-01 -1.74859549e-07
 -7.54235000e-01 6.77041396e-09
 -7.32514000e-01 -2.09221226e-07
 -7.04256000e-01 1.69949830e-07
 -6.79172000e-01 -6.48562905e-07
 -6.54214000e-01 -2.67004502e-07
 -6.29214000e-01 -2.85499048e-07
 -6.04235000e-01 -1.04000025e-07
 -5.79298000e-01 4.77508141e-07
 -5.54256000e-01 5.89162985e-08
 -5.32535000e-01 -1.57227968e-07
 -5.04277000e-01 2.21743972e-07
 -4.79214000e-01 -3.96930389e-07
 -4.54214000e-01 -4.15580208e-07
 -4.29256000e-01 -3.42210716e-08
 -4.04298000e-01 3.47115643e-07
 -3.79235000e-01 -2.71648789e-07
 -3.54235000e-01 -2.90388707e-07
 -3.29277000e-01 9.08802243e-08
 -3.04277000e-01 7.20948981e-08
 -2.79256000e-01 -1.46729057e-07
 -2.54277000e-01 3.44557177e-08
 -2.29235000e-01 -3.84429962e-07
 -2.04298000e-01 1.96740595e-07
 -1.79235000e-01 -4.22207132e-07
 -1.54235000e-01 -4.41130412e-07
 -1.29277000e-01 -6.00450601e-08
 -1.04256000e-01 -2.79030750e-07
 -7.92771000e-02 -9.80078281e-08
 -5.42771000e-02 -1.17024349e-07
 -2.92561000e-02 -3.36080363e-07
 -4.23515000e-03 -5.55159937e-07
 2.06809000e-02 2.25816961e-07
 4.57229000e-02 -1.93326019e-07
 7.06809000e-02 1.87571487e-07
 9.57229000e-02 -2.31619176e-07
 1.20723000e-01 -2.50801656e-07
 1.45723000e-01 -2.70008037e-07
 2.45690000e-01 -2.89704926e-06
 2.03058000e-01 -5.41414688e-06
 2.20943000e-01 -2.42794151e-06
 2.45859000e-01 -1.64717983e-06
 2.70786000e-01 -9.66450824e-07
 2.95702000e-01 -1.85737567e-07
 3.20723000e-01 -4.05130056e-07
 3.45744000e-01 -6.24547141e-07
 3.67402000e-01 -2.41374347e-07
 3.95660000e-01 1.36642701e-07
 4.17360000e-01 1.19739980e-07
 4.42402000e-01 -2.99789179e-07
 4.67329000e-01 3.80746518e-07
 4.92360000e-01 6.11760067e-08
 5.17381000e-01 -1.58411799e-07
 5.42360000e-01 2.20081538e-08
 5.70639000e-01 1.99810979e-07
 5.92381000e-01 -2.17277087e-07
 6.17329000e-01 2.63091453e-07
 6.45639000e-01 1.40783751e-07
 6.67381000e-01 -2.76370728e-07
 6.92308000e-01 4.03937988e-07
 7.20628000e-01 1.81535388e-07
 7.42360000e-01 -1.35678182e-07
 7.67339000e-01 4.45122253e-08
 7.92308000e-01 3.24684700e-07
 8.17339000e-01 4.78190574e-09
 8.42360000e-01 -2.15139069e-07
 8.67308000e-01 2.64971982e-07
 8.95628000e-01 4.23631424e-08
 9.17360000e-01 -2.75009181e-07
 9.42339000e-01 -9.50017758e-08
 9.70628000e-01 -1.76755567e-08
 9.92339000e-01 -1.35100118e-07
 1.01736000e+00 -3.55206122e-07
 1.04233000e+00 -7.52978487e-08
 1.06733000e+00 -9.54405251e-08
 1.09233000e+00 -1.15610113e-07
 1.11733000e+00 -1.35806696e-07
 1.14233000e+00 -1.56030361e-07
 1.16731000e+00 2.37350175e-08
 1.19231000e+00 3.45695289e-09
 1.21731000e+00 -1.68484523e-08
 1.24229000e+00 1.62834992e-07
 1.26731000e+00 -5.75416333e-08
 1.29233000e+00 -2.77945906e-07
 1.31727000e+00 3.01687459e-07
 1.34231000e+00 -1.18788653e-07
 1.37059000e+00 5.80521453e-08
 1.39231000e+00 -1.59759203e-07
 1.41729000e+00 1.97299245e-08
 1.44231000e+00 -2.00841956e-07
 1.46729000e+00 -2.14091569e-08
 1.49229000e+00 -4.20211382e-08
 1.51731000e+00 -2.62678060e-07
 1.54229000e+00 -8.33304428e-08
 1.56729000e+00 -1.04027952e-07
 1.59224000e+00 2.75287324e-07
 1.61724000e+00 2.54532387e-07
 1.64229000e+00 -1.66293032e-07
 1.66722000e+00 4.12952425e-07
 1.69231000e+00 -4.07964512e-07
 1.71727000e+00 -2.88022241e-08
 1.74229000e+00 -2.49719307e-07
 1.77061000e+00 -4.73430730e-07
 1.79222000e+00 3.08450479e-07
 1.81727000e+00 -1.12580209e-07
 1.84220000e+00 4.66460286e-07
 1.86724000e+00 4.53785114e-08
 1.89231000e+00 -5.75758528e-07
 1.91724000e+00 3.19259431e-09
 1.94222000e+00 1.82071520e-07
 1.97054000e+00 -4.19100148e-08
 1.99224000e+00 -6.03119784e-08
 2.01720000e+00 3.18493228e-07
 2.04224000e+00 -1.02800013e-07
 2.06724000e+00 -1.24089834e-07
 2.09224000e+00 -1.45410331e-07
 2.11724000e+00 -1.66761606e-07
 2.14227000e+00 -3.88169443e-07
 2.16724000e+00 -2.09556916e-07
 2.19224000e+00 -2.31001163e-07
 2.21720000e+00 1.47557773e-07
 2.24218000e+00 3.26068280e-07
 2.26722000e+00 -9.55043095e-08
 2.29222000e+00 -1.17073991e-07
 2.31722000e+00 -1.38675308e-07
 2.34220000e+00 3.97089475e-08
 2.36720000e+00 1.80440530e-08
 2.39222000e+00 -2.03670179e-07
 2.41722000e+00 -2.25399146e-07
 2.44224000e+00 -4.47177726e-07
 2.46722000e+00 -2.68953766e-07
 2.49220000e+00 -9.07621716e-08
 2.51716000e+00 2.87414443e-07
 2.54224000e+00 -5.34546640e-07
 2.56720000e+00 -1.56435381e-07
 2.58876000e+00 2.24631141e-07
 2.61718000e+00 -3.64112256e-10
 2.64216000e+00 1.77630769e-07
 2.66716000e+00 1.55574816e-07
 2.69222000e+00 -4.66567539e-07
 2.71722000e+00 -4.88690388e-07
 2.74216000e+00 8.92063912e-08
 2.76718000e+00 -1.33001438e-07
 2.79216000e+00 4.47924349e-08
 2.81382000e+00 -5.74489792e-07
 2.84218000e+00 -1.99775175e-07
 2.86718000e+00 -2.22101317e-07
 2.89216000e+00 -4.44438799e-08
 2.91714000e+00 1.33179166e-07
 2.94220000e+00 -4.89304134e-07
 2.96714000e+00 8.82856127e-08
 2.99214000e+00 6.57866617e-08
 3.01718000e+00 -3.56783324e-07
 3.04214000e+00 2.06837726e-08
 3.06714000e+00 -1.92042324e-09
 3.08874000e+00 -2.14789016e-08
 3.11716000e+00 -2.47253122e-07
 3.14213000e+00 3.00635135e-08
 3.16711000e+00 2.07335394e-07
 3.19218000e+00 -5.15510618e-07
 3.21373000e+00 -3.51778230e-08
 3.24213000e+00 -6.11375563e-08
 3.26376000e+00 -3.80940392e-07
 3.29209000e+00 2.93081528e-07
 3.31711000e+00 7.00996384e-08
 3.34216000e+00 -4.52946616e-07
 3.37394000e+00 -1.28223776e-06
 3.39213000e+00 -1.99030090e-07
 3.41713000e+00 -2.22141221e-07
 3.44214000e+00 -3.45298861e-07
 3.46713000e+00 -2.68475352e-07
 3.49209000e+00 1.08338550e-07
 3.51711000e+00 -1.14940970e-07
 3.54213000e+00 -3.38258367e-07
 3.56707000e+00 2.38460953e-07
 3.59213000e+00 -3.84969942e-07
 3.61709000e+00 -8.34554750e-09
 3.64209000e+00 -3.17969858e-08
 3.66711000e+00 -2.55305784e-07
 3.69213000e+00 -4.78853345e-07
 3.71709000e+00 -1.02383213e-07
 3.74209000e+00 -1.25989763e-07
 3.76711000e+00 -3.49654403e-07
 3.79211000e+00 -3.73339452e-07
 3.81709000e+00 -1.97044973e-07
 3.84207000e+00 -2.07900511e-08
 3.86705000e+00 1.55425156e-07
 3.88871000e+00 -4.65230756e-07
 3.91702000e+00 3.07726237e-07
 3.94209000e+00 -3.16264861e-07
 3.96702000e+00 2.59837715e-07
 3.99213000e+00 -7.64273040e-07
 4.01367000e+00 -1.84988605e-07
 4.04209000e+00 -4.12367292e-07
 4.06369000e+00 -4.33211348e-07
 4.09202000e+00 1.39403478e-07
 4.11707000e+00 -2.84855363e-07
 4.14207000e+00 -3.09107393e-07
 4.16707000e+00 -3.33401158e-07
 4.18865000e+00 -1.54405228e-07
 4.21360000e+00 2.21271577e-07
 4.24205000e+00 -2.06515019e-07
 4.26702000e+00 -3.09480234e-08
 4.28865000e+00 -2.52147199e-07
 4.31362000e+00 -7.66596484e-08
 4.34202000e+00 -1.04591306e-07
 4.36695000e+00 5.70843952e-07
 4.39205000e+00 -3.53931803e-07
 4.41362000e+00 -1.75258174e-07
 4.44200000e+00 -3.36713844e-09
 4.46698000e+00 1.71844676e-07
 4.48862000e+00 -2.49664687e-07
 4.51356000e+00 3.25504791e-07
 4.54200000e+00 -1.02864275e-07
 4.56700000e+00 -1.27849572e-07
 4.58858000e+00 5.05471165e-08
 4.61356000e+00 2.25498305e-07
 4.64198000e+00 -3.05479159e-09
 4.66356000e+00 1.75225010e-07
 4.69198000e+00 -5.34313938e-08
 4.71360000e+00 -2.75270809e-07
 4.74196000e+00 9.60292911e-08
 4.76695000e+00 1.70690582e-07
 4.79195000e+00 1.45295407e-07
 4.81695000e+00 1.19853694e-07
 4.84196000e+00 -5.64496102e-09
 4.86695000e+00 6.88298514e-08
 4.88858000e+00 -2.53301404e-07
 4.91353000e+00 2.21126394e-07
 4.94196000e+00 -1.08070310e-07
 4.97030000e+00 -5.37236070e-07
 4.98853000e+00 1.43970166e-07
 5.01351000e+00 3.18176052e-07
 5.04196000e+00 -2.11259990e-07
 5.06356000e+00 -2.33650652e-07
 5.08853000e+00 4.04199164e-08
 5.11355000e+00 -1.85610489e-07
 5.13849000e+00 3.88393251e-07
 5.16691000e+00 1.58709585e-07
 5.18858000e+00 -5.63967102e-07
 5.21351000e+00 1.09898371e-07
 5.23855000e+00 -3.16401655e-07
 5.26347000e+00 4.57374197e-07
 5.28851000e+00 3.09731391e-08
 5.31349000e+00 2.04584542e-07
 5.34185000e+00 5.74563555e-07
 5.36689000e+00 1.48002131e-07
 5.38851000e+00 -7.49730923e-08
 5.41351000e+00 -1.01588456e-07
 5.44189000e+00 6.81347533e-08
 5.46349000e+00 4.50459822e-08
 5.48849000e+00 1.82739462e-08
 5.51345000e+00 3.91492148e-07
 5.53845000e+00 3.64614504e-07
 5.56685000e+00 3.34016921e-07
 5.58849000e+00 -8.93439024e-08
 5.61343000e+00 4.83682923e-07
 5.63847000e+00 5.65475597e-08
 5.66685000e+00 2.25726922e-07
 5.68843000e+00 4.02244072e-07
 5.71338000e+00 7.75043216e-07
 5.74178000e+00 7.44014436e-07
 5.76683000e+00 3.16586519e-07
 5.78843000e+00 2.92891318e-07
 5.81340000e+00 4.65447308e-07
 5.83838000e+00 6.37936343e-07
 5.86340000e+00 4.10324945e-07
 5.88840000e+00 3.82678986e-07
 5.91336000e+00 7.55020514e-07
 5.93840000e+00 3.27216140e-07
 5.96343000e+00 9.93652805e-08
 5.98836000e+00 6.71568177e-07
 6.01335000e+00 7.43646284e-07
 6.03836000e+00 6.15643730e-07
 6.06336000e+00 5.87593783e-07
 6.08838000e+00 3.59462456e-07
 6.10995000e+00 6.35162596e-07
 6.13836000e+00 5.03089554e-07
 6.16336000e+00 4.74802366e-07
 6.18833000e+00 7.46489178e-07
 6.21331000e+00 9.18104405e-07
 6.23838000e+00 1.89556475e-07
 6.26329000e+00 1.06113002e-06
 6.28833000e+00 6.32493902e-07
 6.31335000e+00 4.03818946e-07
 6.33833000e+00 5.75127983e-07
 6.36331000e+00 7.46374901e-07
 6.38831000e+00 7.17536288e-07
 6.41335000e+00 2.88588523e-07
 6.43823000e+00 1.45976295e-06
 6.46331000e+00 6.30641998e-07
 6.48829000e+00 8.01573293e-07
 6.51325000e+00 1.17246387e-06
 6.53833000e+00 3.43149733e-07
 6.57697000e+00 -1.00214152e-06
 6.58833000e+00 2.84513387e-07
 6.60987000e+00 8.59172226e-07
 6.63825000e+00 1.02570937e-06
 6.66327000e+00 7.96137516e-07
 6.68489000e+00 5.70530528e-07
 6.71323000e+00 1.13688849e-06
 6.73823000e+00 1.10713956e-06
 6.76325000e+00 8.77299099e-07
 6.78823000e+00 1.04743838e-06
 6.81318000e+00 1.41754537e-06
 6.83823000e+00 9.87463661e-07
 6.86316000e+00 1.55745715e-06
 6.88818000e+00 1.32727282e-06
 6.90978000e+00 1.30115812e-06
 6.93827000e+00 4.66633111e-07
 6.96318000e+00 1.23637128e-06
 6.98818000e+00 1.20592920e-06
 7.01321000e+00 9.75379019e-07
 7.03818000e+00 1.14483032e-06
 7.05978000e+00 1.11834642e-06
 7.08815000e+00 1.38347941e-06
 7.11311000e+00 1.75272556e-06
 7.13813000e+00 1.52182430e-06
 7.16313000e+00 1.49087383e-06
 7.18476000e+00 1.16403556e-06
 7.20971000e+00 1.63300843e-06
 7.23803000e+00 2.39769983e-06
 7.26309000e+00 1.76637485e-06
 7.28816000e+00 1.03496096e-06
 7.30971000e+00 1.50789638e-06
 7.33811000e+00 1.47214166e-06
 7.36309000e+00 1.64061015e-06
 7.38469000e+00 1.61328252e-06
 7.40969000e+00 1.58158044e-06
 7.43805000e+00 1.94552239e-06
 7.45969000e+00 1.51793994e-06
 7.48469000e+00 1.48600059e-06
 7.50965000e+00 1.85403250e-06
 7.53807000e+00 1.61753520e-06
 7.56305000e+00 1.78536913e-06
 7.58463000e+00 1.95751563e-06
 7.60957000e+00 2.42524925e-06
 7.63463000e+00 1.89274498e-06
 7.65961000e+00 2.06026152e-06
 7.68461000e+00 2.02766864e-06
 7.70963000e+00 1.79496563e-06
 7.73461000e+00 1.96223051e-06
 7.75961000e+00 1.92938422e-06
 7.78461000e+00 1.89645242e-06
 7.80958000e+00 2.06347426e-06
 7.83461000e+00 1.83033018e-06
 7.85958000e+00 1.99717855e-06
 7.88457000e+00 2.06391283e-06
 7.90953000e+00 2.43059907e-06
 7.93457000e+00 1.99708964e-06
 7.95953000e+00 2.36359811e-06
 7.98451000e+00 2.52999005e-06
 8.00953000e+00 2.29623765e-06
 8.03453000e+00 2.26242117e-06
 8.05949000e+00 2.62856742e-06
 8.08449000e+00 2.59456729e-06
 8.10951000e+00 2.36044707e-06
 8.13449000e+00 2.52628809e-06
 8.16293000e+00 2.08728345e-06
 8.18449000e+00 2.45763292e-06
 8.20947000e+00 2.62319042e-06
 8.23445000e+00 2.78865223e-06
 8.25943000e+00 2.95401771e-06
 8.28449000e+00 2.31917485e-06
 8.30945000e+00 2.68437338e-06
 8.33439000e+00 3.24950182e-06
 8.35941000e+00 3.01441933e-06
 8.38439000e+00 3.17929327e-06
 8.40933000e+00 3.64412345e-06
 8.43435000e+00 3.40873973e-06
 8.45601000e+00 2.87802548e-06
 8.48438000e+00 3.13768002e-06
 8.50589000e+00 3.90700178e-06
 8.53438000e+00 3.06625011e-06
 8.55929000e+00 3.83050794e-06
 8.58429000e+00 3.79453150e-06
 8.60933000e+00 3.35839119e-06
 8.63087000e+00 3.92721675e-06
 8.65587000e+00 3.89093468e-06
 8.68085000e+00 4.05457356e-06
 8.70580000e+00 4.51814753e-06
 8.73420000e+00 4.47655157e-06
 8.75580000e+00 4.44481969e-06
 8.78069000e+00 5.40815150e-06
 8.80569000e+00 5.37120940e-06
 8.83067000e+00 5.53418408e-06
 8.85563000e+00 5.89707499e-06
 8.88400000e+00 6.15475741e-06
 8.90553000e+00 6.72254338e-06
 8.93056000e+00 6.48498410e-06
 8.95891000e+00 6.84230112e-06
 8.98047000e+00 7.20973940e-06
 9.00201000e+00 7.77711962e-06
 9.02689000e+00 8.83933127e-06
 9.05189000e+00 8.80124046e-06
 9.07689000e+00 8.76302825e-06
 9.10180000e+00 9.62483195e-06
 9.12674000e+00 1.01864671e-05
 9.15167000e+00 1.07479941e-05
 9.17660000e+00 1.14093967e-05
 9.20150000e+00 1.23707205e-05
 9.22645000e+00 1.27318403e-05
 9.24796000e+00 1.35982184e-05
 9.27285000e+00 1.45591941e-05
 9.29784000e+00 1.46198836e-05
 9.32272000e+00 1.57806161e-05
 9.34762000e+00 1.66411861e-05
 9.37250000e+00 1.78016561e-05
 9.39398000e+00 1.88674214e-05
 9.41892000e+00 1.94275470e-05
 9.44376000e+00 2.08876980e-05
 9.46862000e+00 2.21476813e-05
 9.49012000e+00 2.31129630e-05
 9.51500000e+00 2.41726580e-05
 9.53989000e+00 2.52321977e-05
 9.56134000e+00 2.65972169e-05
 9.58961000e+00 2.78509537e-05
 9.61109000e+00 2.89156792e-05
 9.63592000e+00 3.04747701e-05
 9.66083000e+00 3.13335844e-05
 9.68228000e+00 3.26980022e-05
 9.70718000e+00 3.36565600e-05
 9.73886000e+00 3.47036188e-05
 9.75340000e+00 3.71792395e-05
 9.77826000e+00 3.84374374e-05
 9.80313000e+00 3.96954668e-05
 9.82457000e+00 4.11591619e-05
 9.84604000e+00 4.23226914e-05
 9.87081000e+00 4.44804714e-05
 9.89564000e+00 4.60379932e-05
 9.92051000e+00 4.72952887e-05
 9.94195000e+00 4.87583459e-05
 9.96675000e+00 5.06154646e-05
 9.99161000e+00 5.18723179e-05
 1.00131000e+01 5.34348885e-05
 1.00379000e+01 5.55915410e-05
 1.00594000e+01 5.70538278e-05
 1.00841000e+01 5.91103468e-05
 1.01090000e+01 6.04663449e-05
 1.01304000e+01 6.19283915e-05
 1.01552000e+01 6.39842486e-05
 1.01767000e+01 6.52458400e-05
 1.01980000e+01 6.78076597e-05
 1.02262000e+01 6.93569120e-05
 1.02476000e+01 7.12182485e-05
 1.02691000e+01 7.26792704e-05
 1.02938000e+01 7.48343236e-05
 1.03186000e+01 7.66890134e-05
 1.03400000e+01 7.87497675e-05
 1.03649000e+01 8.04039294e-05
 1.03862000e+01 8.24645690e-05
 1.04110000e+01 8.43185656e-05
 1.04324000e+01 8.63787163e-05
 1.04572000e+01 8.82323568e-05
 1.04820000e+01 9.02858036e-05
 1.05034000e+01 9.23454754e-05
 1.05248000e+01 9.44050002e-05
 1.05461000e+01 9.65645668e-05
 1.05709000e+01 9.90173027e-05
 1.05957000e+01 1.00669836e-04
 1.06171000e+01 1.02528712e-04
 1.06384000e+01 1.05287627e-04
 1.06631000e+01 1.07739791e-04
 1.06879000e+01 1.09391551e-04
 1.07094000e+01 1.11449558e-04
 1.07308000e+01 1.14007600e-04
 1.07555000e+01 1.16058971e-04
 1.07768000e+01 1.18716861e-04
 1.08016000e+01 1.21167627e-04
 1.08230000e+01 1.22824962e-04
 1.08478000e+01 1.24975309e-04
 1.08691000e+01 1.27432482e-04
 1.08904000e+01 1.30389484e-04
 1.09152000e+01 1.32439205e-04
 1.09365000e+01 1.34895835e-04
 1.09612000e+01 1.37445323e-04
 1.09825000e+01 1.40301572e-04
 1.10073000e+01 1.42350408e-04
 1.10286000e+01 1.45106269e-04
 1.10500000e+01 1.47361739e-04
 1.10747000e+01 1.49910112e-04
 1.10961000e+01 1.52165179e-04
 1.11174000e+01 1.55020268e-04
 1.11421000e+01 1.57767950e-04
 1.11634000e+01 1.60222626e-04
 1.11847000e+01 1.62777108e-04
 1.12129000e+01 1.65416543e-04
 1.12309000e+01 1.68177702e-04
 1.12488000e+01 1.70838935e-04
 1.12734000e+01 1.74185425e-04
 1.12948000e+01 1.76638653e-04
 1.13161000e+01 1.78791892e-04
 1.13374000e+01 1.82144922e-04
 1.13621000e+01 1.84390190e-04
 1.13834000e+01 1.87542761e-04
 1.14046000e+01 1.90995340e-04
 1.14259000e+01 1.93747478e-04
 1.14506000e+01 1.96691698e-04
 1.14719000e+01 1.99743356e-04
 1.14932000e+01 2.02494787e-04
 1.15145000e+01 2.05445989e-04
 1.15391000e+01 2.08889343e-04
 1.15604000e+01 2.11840044e-04
 1.15784000e+01 2.14798198e-04
 1.15997000e+01 2.17848459e-04
 1.16209000e+01 2.20998714e-04
 1.16422000e+01 2.24348490e-04
 1.16668000e+01 2.27490176e-04
 1.16881000e+01 2.30639414e-04
 1.17060000e+01 2.33896560e-04
 1.17272000e+01 2.37045570e-04
 1.17485000e+01 2.40194080e-04
 1.17697000e+01 2.43742572e-04
 1.17944000e+01 2.46882227e-04
 1.18122000e+01 2.50138516e-04
 1.18334000e+01 2.53686206e-04
 1.18547000e+01 2.57333375e-04
 1.18760000e+01 2.60580265e-04
 1.19007000e+01 2.63918323e-04
 1.19185000e+01 2.67073445e-04
 1.19363000e+01 2.71028365e-04
 1.19609000e+01 2.74365727e-04
 1.19788000e+01 2.77919900e-04
 1.20000000e+01 2.81465349e-04
 1.20212000e+01 2.85010496e-04
 1.20390000e+01 2.88764205e-04
 1.20636000e+01 2.92299870e-04
 1.20814000e+01 2.96053056e-04
 1.20993000e+01 3.00005753e-04
 1.21206000e+01 3.03349167e-04
 1.21418000e+01 3.07092520e-04
 1.21629000e+01 3.11035813e-04
 1.21808000e+01 3.14387446e-04
 1.22020000e+01 3.18329851e-04
 1.22232000e+01 3.22171912e-04
 1.22409000e+01 3.26123273e-04
 1.22622000e+01 3.29664414e-04
 1.22833000e+01 3.33805753e-04
 1.23045000e+01 3.37946453e-04
 1.23223000e+01 3.41496379e-04
 1.23436000e+01 3.44836114e-04
 1.23648000e+01 3.49275753e-04
 1.23826000e+01 3.53024777e-04
 1.24003000e+01 3.57173815e-04
 1.24216000e+01 3.60712125e-04
 1.24393000e+01 3.64660555e-04
 1.24571000e+01 3.68908409e-04
 1.24749000e+01 3.72455975e-04
 1.24961000e+01 3.76193142e-04
 1.25139000e+01 3.80540061e-04
 1.25454000e+01 3.82745384e-04
 1.25529000e+01 3.88222701e-04
 1.25707000e+01 3.92668644e-04
 1.25885000e+01 3.95714272e-04
 1.26062000e+01 4.00359890e-04
 1.26274000e+01 4.04694332e-04
 1.26452000e+01 4.08338929e-04
 1.26630000e+01 4.12883192e-04
 1.26807000e+01 4.17227433e-04
 1.26986000e+01 4.20570699e-04
 1.27164000e+01 4.24613932e-04
 1.27375000e+01 4.28746183e-04
 1.27553000e+01 4.32888638e-04
 1.27731000e+01 4.36430728e-04
 1.27909000e+01 4.40672447e-04
 1.28087000e+01 4.45013790e-04
 1.28264000e+01 4.49355084e-04
 1.28443000e+01 4.52695325e-04
 1.28620000e+01 4.56635842e-04
 1.28798000e+01 4.60875624e-04
 1.28975000e+01 4.65215341e-04
 1.29155000e+01 4.68753618e-04
 1.29332000e+01 4.72692505e-04
 1.29509000e+01 4.77330970e-04
 1.29687000e+01 4.81468656e-04
 1.29866000e+01 4.84205546e-04
 1.30043000e+01 4.88742697e-04
 1.30221000e+01 4.92479037e-04
 1.30400000e+01 4.96514553e-04
 1.30544000e+01 5.00462331e-04
 1.30756000e+01 5.04384878e-04
 1.30899000e+01 5.08332243e-04
 1.31078000e+01 5.11465906e-04
 1.31222000e+01 5.15612170e-04
 1.31366000e+01 5.20058099e-04
 1.31579000e+01 5.23177494e-04
 1.31722000e+01 5.03300000e-04
 1.31866000e+01 5.07700000e-04
 1.32044000e+01 5.11700000e-04
 1.32188000e+01 5.15100000e-04
 1.32367000e+01 5.18900000e-04
 1.32511000e+01 5.22900000e-04
 1.32689000e+01 5.26600000e-04
 1.32867000e+01 5.30300000e-04
 1.33011000e+01 5.34200000e-04
 1.33189000e+01 5.37500000e-04
 1.33335000e+01 5.41100000e-04
 1.33478000e+01 5.45200000e-04
 1.33656000e+01 5.49000000e-04
 1.33835000e+01 5.52400000e-04
 1.34013000e+01 5.56000000e-04
 1.34157000e+01 5.60000000e-04
 1.34302000e+01 5.63600000e-04
 1.34481000e+01 5.66700000e-04
 1.34625000e+01 5.70400000e-04
 1.34769000e+01 5.74200000e-04
 1.34947000e+01 5.77800000e-04
 1.35059000e+01 5.80900000e-04
 1.35237000e+01 5.84500000e-04
 1.35382000e+01 5.87700000e-04
 1.35526000e+01 5.91100000e-04
 1.35670000e+01 5.94700000e-04
 1.35816000e+01 5.98100000e-04
 1.35994000e+01 6.01700000e-04
 1.36174000e+01 6.03600000e-04
 1.36251000e+01 6.06800000e-04
 1.36394000e+01 6.11400000e-04
 1.36574000e+01 6.14400000e-04
 1.36719000e+01 6.17500000e-04
 1.36863000e+01 6.21300000e-04
 1.37007000e+01 6.24500000e-04
 1.37152000e+01 6.27500000e-04
 1.37332000e+01 6.30700000e-04
 1.37477000e+01 6.33600000e-04
 1.37621000e+01 6.37000000e-04
 1.37766000e+01 6.40200000e-04
 1.37911000e+01 6.43300000e-04
 1.38057000e+01 6.45700000e-04
 1.38201000e+01 6.49300000e-04
 1.38346000e+01 6.52000000e-04
 1.38491000e+01 6.55400000e-04
 1.38637000e+01 6.58400000e-04
 1.38781000e+01 6.61500000e-04
 1.38926000e+01 6.64300000e-04
 1.39037000e+01 6.67300000e-04
 1.39216000e+01 6.70700000e-04
 1.39362000e+01 6.73400000e-04
 1.39507000e+01 6.76200000e-04
 1.39618000e+01 6.78700000e-04
 1.39763000e+01 6.82300000e-04
 1.39909000e+01 6.84800000e-04
 1.40053000e+01 6.88200000e-04
 1.40199000e+01 6.90500000e-04
 1.40345000e+01 6.92700000e-04
 1.40489000e+01 6.96000000e-04
 1.40635000e+01 6.99000000e-04
 1.40782000e+01 7.00300000e-04
 1.40892000e+01 7.03700000e-04
 1.41036000e+01 7.07500000e-04
 1.41182000e+01 7.10000000e-04
 1.41294000e+01 7.12300000e-04
 1.41440000e+01 7.14700000e-04
 1.41585000e+01 7.17600000e-04
 1.41696000e+01 7.20200000e-04
 1.41842000e+01 7.22900000e-04
 1.41987000e+01 7.25300000e-04
 1.42098000e+01 7.28200000e-04
 1.42244000e+01 7.30700000e-04
 1.42356000e+01 7.33300000e-04
 1.42502000e+01 7.35600000e-04
 1.42647000e+01 7.38600000e-04
 1.42759000e+01 7.40500000e-04
 1.42904000e+01 7.43500000e-04
 1.43049000e+01 7.46600000e-04
 1.43195000e+01 7.48700000e-04
 1.43306000e+01 7.51100000e-04
 1.43453000e+01 7.53800000e-04
 1.43598000e+01 7.55900000e-04
 1.43710000e+01 7.58500000e-04
 1.43855000e+01 7.60800000e-04
 1.43968000e+01 7.63300000e-04
 1.44147000e+01 7.66100000e-04
 1.44258000e+01 7.68200000e-04
 1.44370000e+01 7.70900000e-04
 1.44516000e+01 7.72900000e-04
 1.44662000e+01 7.75400000e-04
 1.44774000e+01 7.77300000e-04
 1.44919000e+01 7.80300000e-04
 1.45101000e+01 7.80300000e-04
 1.45178000e+01 7.83600000e-04
 1.45323000e+01 7.86600000e-04
 1.45469000e+01 7.89100000e-04
 1.45615000e+01 7.90800000e-04
 1.45727000e+01 7.93800000e-04
 1.45872000e+01 7.96100000e-04
 1.46018000e+01 7.98300000e-04
 1.46130000e+01 8.00600000e-04
 1.46275000e+01 8.02700000e-04
 1.46388000e+01 8.05000000e-04
 1.46533000e+01 8.07300000e-04
 1.46645000e+01 8.09500000e-04
 1.46758000e+01 8.11200000e-04
 1.46904000e+01 8.13700000e-04
 1.47049000e+01 8.16000000e-04
 1.47161000e+01 8.18300000e-04
 1.47274000e+01 8.19800000e-04
 1.47386000e+01 8.22200000e-04
 1.47531000e+01 8.24700000e-04
 1.47643000e+01 8.26600000e-04
 1.47790000e+01 8.28700000e-04
 1.47936000e+01 8.31000000e-04
 1.48082000e+01 8.32900000e-04
 1.48194000e+01 8.34900000e-04
 1.48304000e+01 8.37800000e-04
 1.48452000e+01 8.39500000e-04
 1.48598000e+01 8.41400000e-04
 1.48709000e+01 8.43700000e-04
 1.48822000e+01 8.45000000e-04
 1.48969000e+01 8.47100000e-04
 1.49080000e+01 8.49500000e-04
 1.49261000e+01 8.50900000e-04
 1.49338000e+01 8.53100000e-04
 1.49450000e+01 8.56000000e-04
 1.49597000e+01 8.57500000e-04
 1.49709000e+01 8.59400000e-04
 1.49854000e+01 8.61700000e-04
 1.50002000e+01 8.63400000e-04
 1.50113000e+01 8.65500000e-04
 1.50259000e+01 8.67400000e-04
 1.50371000e+01 8.69400000e-04
 1.50518000e+01 8.71700000e-04
 1.50630000e+01 8.73200000e-04
 1.50776000e+01 8.75300000e-04
 1.50856000e+01 8.76800000e-04
 1.51001000e+01 8.79100000e-04
 1.51147000e+01 8.80800000e-04
 1.51259000e+01 8.82900000e-04
 1.51372000e+01 8.84400000e-04
 1.51484000e+01 8.86500000e-04
 1.51630000e+01 8.88400000e-04
 1.51776000e+01 8.90300000e-04
 1.51888000e+01 8.92400000e-04
 1.52001000e+01 8.94100000e-04
 1.52148000e+01 8.95200000e-04
 1.52260000e+01 8.97500000e-04
 1.52406000e+01 8.99200000e-04
 1.52519000e+01 9.01300000e-04
 1.52665000e+01 9.03200000e-04
 1.52777000e+01 9.04900000e-04
 1.52890000e+01 9.06800000e-04
 1.53037000e+01 9.08300000e-04
 1.53183000e+01 9.09600000e-04
 1.53329000e+01 9.11200000e-04
 1.53408000e+01 9.13400000e-04
 1.53520000e+01 9.15100000e-04
 1.53633000e+01 9.16300000e-04
 1.53778000e+01 9.19500000e-04
 1.53892000e+01 9.20600000e-04
 1.54038000e+01 9.21800000e-04
 1.54150000e+01 9.23700000e-04
 1.54263000e+01 9.25200000e-04
 1.54375000e+01 9.27600000e-04
 1.54521000e+01 9.29500000e-04
 1.54668000e+01 9.30500000e-04
 1.54780000e+01 9.32400000e-04
 1.54894000e+01 9.33900000e-04
 1.55040000e+01 9.35800000e-04
 1.55152000e+01 9.37500000e-04
 1.55298000e+01 9.39200000e-04
 1.55412000e+01 9.40200000e-04
 1.55490000e+01 9.41900000e-04
 1.55636000e+01 9.44000000e-04
 1.55749000e+01 9.45500000e-04
 1.55862000e+01 9.46800000e-04
 1.55974000e+01 9.48500000e-04
 1.56086000e+01 9.50400000e-04
 1.56234000e+01 9.51700000e-04
 1.56346000e+01 9.53600000e-04
 1.56493000e+01 9.55000000e-04
 1.56605000e+01 9.56700000e-04
 1.56719000e+01 9.57400000e-04
 1.56831000e+01 9.59700000e-04
 1.56977000e+01 9.61400000e-04
 1.57090000e+01 9.61800000e-04
 1.57237000e+01 9.63900000e-04
 1.57350000e+01 9.64800000e-04
 1.57429000e+01 9.65900000e-04
 1.57574000e+01 9.68800000e-04
 1.57722000e+01 9.69400000e-04
 1.57835000e+01 9.70900000e-04
 1.57947000e+01 9.72800000e-04
 1.58060000e+01 9.74100000e-04
 1.58207000e+01 9.75400000e-04
 1.58319000e+01 9.77100000e-04
 1.58433000e+01 9.77900000e-04
 1.58579000e+01 9.79600000e-04
 1.58659000e+01 9.80700000e-04
 1.58805000e+01 9.82600000e-04
 1.58917000e+01 9.84300000e-04
 1.59031000e+01 9.84900000e-04
 1.59144000e+01 9.86200000e-04
 1.59256000e+01 9.88100000e-04
 1.59402000e+01 9.89600000e-04
 1.59516000e+01 9.90800000e-04
 1.59629000e+01 9.92100000e-04
 1.59741000e+01 9.93800000e-04
 1.59855000e+01 9.94800000e-04
 1.59934000e+01 9.95900000e-04
 1.60080000e+01 9.97000000e-04
 1.60193000e+01 9.98700000e-04
 1.60272000e+01 1.00010000e-03
 1.60419000e+01 1.00100000e-03
 1.60532000e+01 1.00250000e-03
 1.60644000e+01 1.00370000e-03
 1.60792000e+01 1.00500000e-03
 1.60905000e+01 1.00580000e-03
 1.61089000e+01 1.00420000e-03
 1.61099000e+01 1.00670000e-03
 1.61245000e+01 1.00880000e-03
 1.61392000e+01 1.01030000e-03
 1.61504000e+01 1.01150000e-03
 1.61584000e+01 1.01260000e-03
 1.61731000e+01 1.01390000e-03
 1.61844000e+01 1.01490000e-03
 1.61956000e+01 1.01640000e-03
 1.62070000e+01 1.01750000e-03
 1.62183000e+01 1.01880000e-03
 1.62329000e+01 1.02020000e-03
 1.62443000e+01 1.02130000e-03
 1.62556000e+01 1.02190000e-03
 1.62669000e+01 1.02340000e-03
 1.62816000e+01 1.02450000e-03
 1.62929000e+01 1.02570000e-03
 1.63042000e+01 1.02680000e-03
 1.63155000e+01 1.02790000e-03
 1.63268000e+01 1.02890000e-03
 1.63382000e+01 1.03000000e-03
 1.63494000e+01 1.03140000e-03
 1.63642000e+01 1.03190000e-03
 1.63722000e+01 1.03310000e-03
 1.63834000e+01 1.03440000e-03
 1.63981000e+01 1.03550000e-03
 1.64060000e+01 1.03650000e-03
 1.64208000e+01 1.03760000e-03
 1.64321000e+01 1.03820000e-03
 1.64434000e+01 1.03910000e-03
 1.64547000e+01 1.03990000e-03
 1.64661000e+01 1.04120000e-03
 1.64775000e+01 1.04140000e-03
 1.64887000e+01 1.04290000e-03
 1.65001000e+01 1.04410000e-03
 1.65115000e+01 1.04440000e-03
 1.65227000e+01 1.04610000e-03
 1.65374000e+01 1.04730000e-03
 1.65488000e+01 1.04770000e-03
 1.65601000e+01 1.04880000e-03
 1.65714000e+01 1.04980000e-03
 1.65827000e+01 1.05090000e-03
 1.65941000e+01 1.05150000e-03
 1.66054000e+01 1.05260000e-03
 1.66168000e+01 1.05320000e-03
 1.66282000e+01 1.05390000e-03
 1.66395000e+01 1.05510000e-03
 1.66542000e+01 1.05580000e-03
 1.66655000e+01 1.05680000e-03
 1.66769000e+01 1.05770000e-03
 1.66882000e+01 1.05830000e-03
 1.66995000e+01 1.05940000e-03
 1.67109000e+01 1.06060000e-03
 1.67222000e+01 1.06090000e-03
 1.67336000e+01 1.06130000e-03
 1.67448000e+01 1.06300000e-03
 1.67563000e+01 1.06360000e-03
 1.67676000e+01 1.06430000e-03
 1.67790000e+01 1.06450000e-03
 1.67903000e+01 1.06590000e-03
 1.68016000e+01 1.06660000e-03
 1.68130000e+01 1.06680000e-03
 1.68243000e+01 1.06780000e-03
 1.68357000e+01 1.06850000e-03
 1.68505000e+01 1.06850000e-03
 1.68584000e+01 1.06970000e-03
 1.68697000e+01 1.07060000e-03
 1.68811000e+01 1.07160000e-03
 1.68925000e+01 1.07230000e-03
 1.69038000e+01 1.07270000e-03
 1.69152000e+01 1.07360000e-03
 1.69266000e+01 1.07380000e-03
 1.69378000e+01 1.07520000e-03
 1.69526000e+01 1.07570000e-03
 1.69606000e+01 1.07690000e-03
 1.69720000e+01 1.07670000e-03
 1.69832000e+01 1.07820000e-03
 1.69947000e+01 1.07840000e-03
 1.70060000e+01 1.07910000e-03
 1.70175000e+01 1.07880000e-03
 1.70287000e+01 1.08010000e-03
 1.70435000e+01 1.08140000e-03
 1.70549000e+01 1.08140000e-03
 1.70629000e+01 1.08120000e-03
 1.70743000e+01 1.08260000e-03
 1.70856000e+01 1.08370000e-03
 1.70969000e+01 1.08410000e-03
 1.71083000e+01 1.08460000e-03
 1.71197000e+01 1.08540000e-03
 1.71310000e+01 1.08580000e-03
 1.71390000e+01 1.08580000e-03
 1.71538000e+01 1.08690000e-03
 1.71652000e+01 1.08690000e-03
 1.71732000e+01 1.08750000e-03
 1.71845000e+01 1.08840000e-03
 1.71993000e+01 1.08900000e-03
 1.72108000e+01 1.08820000e-03
 1.72187000e+01 1.08900000e-03
 1.72334000e+01 1.09070000e-03
 1.72448000e+01 1.09090000e-03
 1.72562000e+01 1.09110000e-03
 1.72641000e+01 1.09180000e-03
 1.72755000e+01 1.09260000e-03
 1.72903000e+01 1.09260000e-03
 1.72983000e+01 1.09280000e-03
 1.73097000e+01 1.09350000e-03
 1.73210000e+01 1.09470000e-03
 1.73324000e+01 1.09470000e-03
 1.73438000e+01 1.09490000e-03
 1.73552000e+01 1.09580000e-03
 1.73699000e+01 1.09620000e-03
 1.73779000e+01 1.09660000e-03
 1.73894000e+01 1.09700000e-03
 1.74007000e+01 1.09750000e-03
 1.74121000e+01 1.09750000e-03
 1.74201000e+01 1.09750000e-03
 1.74315000e+01 1.09830000e-03
 1.74428000e+01 1.09940000e-03
 1.74542000e+01 1.09960000e-03
 1.74623000e+01 1.09920000e-03
 1.74737000e+01 1.09980000e-03
 1.74850000e+01 1.10040000e-03
 1.74965000e+01 1.10090000e-03
 1.75078000e+01 1.10110000e-03
 1.75192000e+01 1.10110000e-03
 1.75306000e+01 1.10150000e-03
 1.75387000e+01 1.10150000e-03
 1.75500000e+01 1.10250000e-03
 1.75684000e+01 1.10020000e-03
 1.75730000e+01 1.10170000e-03
 1.75842000e+01 1.10300000e-03
 1.75956000e+01 1.10280000e-03
 1.76069000e+01 1.10400000e-03
 1.76184000e+01 1.10420000e-03
 1.76298000e+01 1.10440000e-03
 1.76412000e+01 1.10440000e-03
 1.76526000e+01 1.10490000e-03
 1.76607000e+01 1.10470000e-03
 1.76719000e+01 1.10610000e-03
 1.76833000e+01 1.10570000e-03
 1.76947000e+01 1.10660000e-03
 1.77096000e+01 1.10610000e-03
 1.77176000e+01 1.10610000e-03
 1.77325000e+01 1.10660000e-03
 1.77439000e+01 1.10660000e-03
 1.77518000e+01 1.10740000e-03
 1.77631000e+01 1.10800000e-03
 1.77747000e+01 1.10740000e-03
 1.77860000e+01 1.10810000e-03
 1.77973000e+01 1.10870000e-03
 1.78088000e+01 1.10890000e-03
 1.78169000e+01 1.10850000e-03
 1.78282000e+01 1.10890000e-03
 1.78396000e+01 1.10890000e-03
 1.78511000e+01 1.10930000e-03
 1.78624000e+01 1.11020000e-03
 1.78739000e+01 1.10930000e-03
 1.78819000e+01 1.11020000e-03
 1.78966000e+01 1.11100000e-03
 1.79081000e+01 1.11040000e-03
 1.79195000e+01 1.11000000e-03
 1.79275000e+01 1.11060000e-03
 1.79388000e+01 1.11140000e-03
 1.79503000e+01 1.11080000e-03
 1.79617000e+01 1.11160000e-03
 1.79731000e+01 1.11160000e-03
 1.79845000e+01 1.11190000e-03
 1.79959000e+01 1.11250000e-03
 1.80073000e+01 1.11250000e-03
 1.80154000e+01 1.11210000e-03
 1.80268000e+01 1.11230000e-03
 1.80382000e+01 1.11290000e-03
 1.80497000e+01 1.11230000e-03
 1.80576000e+01 1.11290000e-03
 1.80724000e+01 1.11380000e-03
 1.80839000e+01 1.11310000e-03
 1.80952000e+01 1.11350000e-03
 1.81066000e+01 1.11380000e-03
 1.81181000e+01 1.11360000e-03
 1.81296000e+01 1.11310000e-03
 1.81409000e+01 1.11420000e-03
 1.81523000e+01 1.11460000e-03
 1.81638000e+01 1.11380000e-03
 1.81752000e+01 1.11420000e-03
 1.81899000e+01 1.11460000e-03
 1.82014000e+01 1.11440000e-03
 1.82129000e+01 1.11400000e-03
 1.82242000e+01 1.11480000e-03
 1.82356000e+01 1.11460000e-03
 1.82471000e+01 1.11460000e-03
 1.82584000e+01 1.11520000e-03
 1.82699000e+01 1.11480000e-03
 1.82849000e+01 1.11360000e-03
 1.82929000e+01 1.11420000e-03
 1.83042000e+01 1.11500000e-03
 1.83155000e+01 1.11520000e-03
 1.83270000e+01 1.11540000e-03
 1.83384000e+01 1.11590000e-03
 1.83498000e+01 1.11590000e-03
 1.83613000e+01 1.11540000e-03
 1.83693000e+01 1.11570000e-03
 1.83807000e+01 1.11570000e-03
 1.83921000e+01 1.11610000e-03
 1.84036000e+01 1.11590000e-03
 1.84149000e+01 1.11630000e-03
 1.84298000e+01 1.11610000e-03
 1.84379000e+01 1.11590000e-03
 1.84527000e+01 1.11590000e-03
 1.84606000e+01 1.11630000e-03
 1.84688000e+01 1.11590000e-03
 1.84801000e+01 1.11630000e-03
 1.84915000e+01 1.11670000e-03
 1.85029000e+01 1.11630000e-03
 1.85145000e+01 1.11590000e-03
 1.85259000e+01 1.11610000e-03
 1.85372000e+01 1.11670000e-03
 1.85487000e+01 1.11650000e-03
 1.85567000e+01 1.11650000e-03
 1.85681000e+01 1.11710000e-03
 1.85795000e+01 1.11630000e-03
 1.85910000e+01 1.11710000e-03
 1.86024000e+01 1.11670000e-03
 1.86104000e+01 1.11650000e-03
 1.86253000e+01 1.11670000e-03
 1.86367000e+01 1.11630000e-03
 1.86448000e+01 1.11590000e-03
 1.86561000e+01 1.11650000e-03
 1.86710000e+01 1.11670000e-03
 1.86824000e+01 1.11670000e-03
 1.86904000e+01 1.11670000e-03
 1.87019000e+01 1.11690000e-03
 1.87133000e+01 1.11670000e-03
 1.87247000e+01 1.11650000e-03
 1.87361000e+01 1.11670000e-03
 1.87475000e+01 1.11720000e-03
 1.87556000e+01 1.11630000e-03
 1.87703000e+01 1.11710000e-03
 1.87819000e+01 1.11690000e-03
 1.87899000e+01 1.11630000e-03
 1.88014000e+01 1.11610000e-03
 1.88095000e+01 1.11610000e-03
 1.88208000e+01 1.11670000e-03
 1.88356000e+01 1.11710000e-03
 1.88437000e+01 1.11610000e-03
 1.88517000e+01 1.11650000e-03
 1.88665000e+01 1.11690000e-03
 1.88745000e+01 1.11650000e-03
 1.88861000e+01 1.11610000e-03
 1.88975000e+01 1.11610000e-03
 1.89054000e+01 1.11650000e-03
 1.89169000e+01 1.11650000e-03
 1.89284000e+01 1.11610000e-03
 1.89398000e+01 1.11610000e-03
 1.89511000e+01 1.11630000e-03
 1.89626000e+01 1.11630000e-03
 1.89740000e+01 1.11630000e-03
 1.89925000e+01 1.11355000e-03
 1.89941000e+01 1.11080000e-03
 1.90054000e+01 1.11230000e-03
 1.90166000e+01 1.11350000e-03
 1.90314000e+01 1.11350000e-03
 1.90429000e+01 1.11380000e-03
 1.90543000e+01 1.11420000e-03
 1.90657000e+01 1.11400000e-03
 1.90771000e+01 1.11400000e-03
 1.90886000e+01 1.11420000e-03
 1.90998000e+01 1.11540000e-03
 1.91113000e+01 1.11480000e-03
 1.91227000e+01 1.11520000e-03
 1.91342000e+01 1.11440000e-03
 1.91457000e+01 1.11420000e-03
 1.91570000e+01 1.11460000e-03
 1.91685000e+01 1.11440000e-03
 1.91766000e+01 1.11380000e-03
 1.91880000e+01 1.11420000e-03
 1.91994000e+01 1.11460000e-03
 1.92108000e+01 1.11460000e-03
 1.92223000e+01 1.11400000e-03
 1.92337000e+01 1.11440000e-03
 1.92452000e+01 1.11400000e-03
 1.92566000e+01 1.11350000e-03
 1.92679000e+01 1.11440000e-03
 1.92795000e+01 1.11400000e-03
 1.92909000e+01 1.11380000e-03
 1.92989000e+01 1.11360000e-03
 1.93104000e+01 1.11330000e-03
 1.93218000e+01 1.11380000e-03
 1.93332000e+01 1.11360000e-03
 1.93482000e+01 1.11230000e-03
 1.93563000e+01 1.11230000e-03
 1.93676000e+01 1.11290000e-03
 1.93789000e+01 1.11360000e-03
 1.93905000e+01 1.11270000e-03
 1.94020000e+01 1.11230000e-03
 1.94099000e+01 1.11310000e-03
 1.94246000e+01 1.11330000e-03
 1.94362000e+01 1.11310000e-03
 1.94476000e+01 1.11250000e-03
 1.94556000e+01 1.11250000e-03
 1.94671000e+01 1.11270000e-03
 1.94785000e+01 1.11310000e-03
 1.94900000e+01 1.11210000e-03
 1.95014000e+01 1.11210000e-03
 1.95129000e+01 1.11230000e-03
 1.95243000e+01 1.11230000e-03
 1.95356000e+01 1.11250000e-03
 1.95473000e+01 1.11120000e-03
 1.95552000e+01 1.11140000e-03
 1.95700000e+01 1.11210000e-03
 1.95781000e+01 1.11100000e-03
 1.95896000e+01 1.11120000e-03
 1.96009000e+01 1.11190000e-03
 1.96123000e+01 1.11160000e-03
 1.96238000e+01 1.11160000e-03
 1.96353000e+01 1.11100000e-03
 1.96468000e+01 1.11020000e-03
 1.96549000e+01 1.11020000e-03
 1.96662000e+01 1.11100000e-03
 1.96809000e+01 1.11140000e-03
 1.96925000e+01 1.11040000e-03
 1.97041000e+01 1.10930000e-03
 1.97120000e+01 1.10970000e-03
 1.97268000e+01 1.11000000e-03
 1.97382000e+01 1.11040000e-03
 1.97497000e+01 1.11020000e-03
 1.97611000e+01 1.10970000e-03
 1.97726000e+01 1.10910000e-03
 1.97807000e+01 1.10930000e-03
 1.97921000e+01 1.10930000e-03
 1.98068000e+01 1.10990000e-03
 1.98149000e+01 1.10930000e-03
 1.98264000e+01 1.10930000e-03
 1.98377000e+01 1.10970000e-03
 1.98492000e+01 1.10910000e-03
 1.98607000e+01 1.10890000e-03
 1.98721000e+01 1.10890000e-03
 1.98835000e+01 1.10890000e-03
 1.98917000e+01 1.10850000e-03
 1.99031000e+01 1.10810000e-03
 1.99145000e+01 1.10800000e-03
 1.99258000e+01 1.10870000e-03
 1.99374000e+01 1.10810000e-03
 1.99488000e+01 1.10800000e-03
 1.99602000e+01 1.10810000e-03
 1.99717000e+01 1.10810000e-03
 1.99832000e+01 1.10740000e-03
 1.99946000e+01 1.10700000e-03
 2.00059000e+01 1.10760000e-03
 2.00176000e+01 1.10660000e-03
 2.00255000e+01 1.10680000e-03
 2.00403000e+01 1.10720000e-03
 2.00518000e+01 1.10640000e-03
 2.00633000e+01 1.10610000e-03
 2.00747000e+01 1.10610000e-03
 2.00827000e+01 1.10630000e-03
 2.00976000e+01 1.10640000e-03
 2.01090000e+01 1.10640000e-03
 2.01204000e+01 1.10610000e-03
 2.01285000e+01 1.10630000e-03
 2.01433000e+01 1.10590000e-03
 2.01513000e+01 1.10590000e-03
 2.01627000e+01 1.10570000e-03
 2.01743000e+01 1.10530000e-03
 2.01858000e+01 1.10470000e-03
 2.01971000e+01 1.10530000e-03
 2.02085000e+01 1.10570000e-03
 2.02201000e+01 1.10450000e-03
 2.02315000e+01 1.10420000e-03
 2.02395000e+01 1.10420000e-03
 2.02510000e+01 1.10420000e-03
 2.02590000e+01 1.10450000e-03
 2.02704000e+01 1.10450000e-03
 2.02853000e+01 1.10440000e-03
 2.02934000e+01 1.10360000e-03
 2.03048000e+01 1.10360000e-03
 2.03161000e+01 1.10380000e-03
 2.03277000e+01 1.10340000e-03
 2.03391000e+01 1.10340000e-03
 2.03505000e+01 1.10320000e-03
 2.03620000e+01 1.10320000e-03
 2.03734000e+01 1.10300000e-03
 2.03848000e+01 1.10280000e-03
 2.03963000e+01 1.10250000e-03
 2.04077000e+01 1.10300000e-03
 2.04195000e+01 1.09960000e-03
 2.04273000e+01 1.10090000e-03
 2.04388000e+01 1.10170000e-03
 2.04503000e+01 1.10090000e-03
 2.04617000e+01 1.10060000e-03
 2.04731000e+01 1.10130000e-03
 2.04879000e+01 1.10150000e-03
 2.04960000e+01 1.10080000e-03
 2.05074000e+01 1.10080000e-03
 2.05189000e+01 1.10040000e-03
 2.05303000e+01 1.10080000e-03
 2.05416000e+01 1.10090000e-03
 2.05531000e+01 1.10000000e-03
 2.05646000e+01 1.10080000e-03
 2.05760000e+01 1.10040000e-03
 2.05875000e+01 1.09960000e-03
 2.05990000e+01 1.09920000e-03
 2.06104000e+01 1.09960000e-03
 2.06217000e+01 1.10000000e-03
 2.06300000e+01 1.09870000e-03
 2.06413000e+01 1.09940000e-03
 2.06528000e+01 1.09890000e-03
 2.06641000e+01 1.09900000e-03
 2.06757000e+01 1.09890000e-03
 2.06871000e+01 1.09870000e-03
 2.07019000e+01 1.09850000e-03
 2.07101000e+01 1.09790000e-03
 2.07181000e+01 1.09770000e-03
 2.07328000e+01 1.09850000e-03
 2.07443000e+01 1.09710000e-03
 2.07558000e+01 1.09710000e-03
 2.07672000e+01 1.09730000e-03
 2.07787000e+01 1.09700000e-03
 2.07901000e+01 1.09660000e-03
 2.08016000e+01 1.09660000e-03
 2.08130000e+01 1.09680000e-03
 2.08244000e+01 1.09640000e-03
 2.08325000e+01 1.09620000e-03
 2.08472000e+01 1.09710000e-03
 2.08588000e+01 1.09600000e-03
 2.08702000e+01 1.09580000e-03
 2.08817000e+01 1.09580000e-03
 2.08897000e+01 1.09560000e-03
 2.09045000e+01 1.09530000e-03
 2.09126000e+01 1.09540000e-03
 2.09241000e+01 1.09510000e-03
 2.09389000e+01 1.09510000e-03
 2.09503000e+01 1.09490000e-03
 2.09617000e+01 1.09530000e-03
 2.09698000e+01 1.09450000e-03
 2.09846000e+01 1.09450000e-03
 2.09927000e+01 1.09470000e-03
 2.10041000e+01 1.09470000e-03
 2.10190000e+01 1.09370000e-03
 2.10271000e+01 1.09350000e-03
 2.10419000e+01 1.09370000e-03
 2.10499000e+01 1.09340000e-03
 2.10614000e+01 1.09320000e-03
 2.10728000e+01 1.09350000e-03
 2.10876000e+01 1.09350000e-03
 2.10991000e+01 1.09300000e-03
 2.11072000e+01 1.09200000e-03
 2.11186000e+01 1.09260000e-03
 2.11301000e+01 1.09200000e-03
 2.11449000e+01 1.09150000e-03
 2.11530000e+01 1.09200000e-03
 2.11644000e+01 1.09150000e-03
 2.11758000e+01 1.09150000e-03
 2.11873000e+01 1.09130000e-03
 2.11987000e+01 1.09170000e-03
 2.12102000e+01 1.09110000e-03
 2.12216000e+01 1.09130000e-03
 2.12331000e+01 1.09110000e-03
 2.12446000e+01 1.09030000e-03
 2.12525000e+01 1.09050000e-03
 2.12674000e+01 1.09010000e-03
 2.12755000e+01 1.09010000e-03
 2.12903000e+01 1.09030000e-03
 2.12983000e+01 1.08980000e-03
 2.13098000e+01 1.08990000e-03
 2.13212000e+01 1.08980000e-03
 2.13326000e+01 1.08990000e-03
 2.13441000e+01 1.08920000e-03
 2.13557000e+01 1.08840000e-03
 2.13636000e+01 1.08860000e-03
 2.13750000e+01 1.08880000e-03
 2.13899000e+01 1.08860000e-03
 2.14013000e+01 1.08920000e-03
 2.14127000e+01 1.08860000e-03
 2.14242000e+01 1.08790000e-03
 2.14324000e+01 1.08750000e-03
 2.14471000e+01 1.08770000e-03
 2.14551000e+01 1.08770000e-03
 2.14666000e+01 1.08770000e-03
 2.14781000e+01 1.08730000e-03
 2.14895000e+01 1.08730000e-03
 2.15044000e+01 1.08650000e-03
 2.15125000e+01 1.08600000e-03
 2.15239000e+01 1.08630000e-03
 2.15353000e+01 1.08650000e-03
 2.15468000e+01 1.08620000e-03
 2.15582000e+01 1.08600000e-03
 2.15662000e+01 1.08600000e-03
 2.15810000e+01 1.08620000e-03
 2.15925000e+01 1.08600000e-03
 2.16006000e+01 1.08520000e-03
 2.16120000e+01 1.08520000e-03
 2.16236000e+01 1.08460000e-03
 2.16349000e+01 1.08500000e-03
 2.16463000e+01 1.08480000e-03
 2.16579000e+01 1.08460000e-03
 2.16692000e+01 1.08480000e-03
 2.16773000e+01 1.08440000e-03
 2.16887000e+01 1.08410000e-03
 2.17002000e+01 1.08390000e-03
 2.17117000e+01 1.08350000e-03
 2.17196000e+01 1.08390000e-03
 2.17346000e+01 1.08370000e-03
 2.17426000e+01 1.08310000e-03
 2.17541000e+01 1.08240000e-03
 2.17656000e+01 1.08240000e-03
 2.17770000e+01 1.08270000e-03
 2.17883000e+01 1.08310000e-03
 2.17998000e+01 1.08240000e-03
 2.18113000e+01 1.08270000e-03
 2.18228000e+01 1.08180000e-03
 2.18308000e+01 1.08120000e-03
 2.18456000e+01 1.08160000e-03
 2.18608000e+01 1.07820000e-03
 2.18653000e+01 1.07990000e-03
 2.18766000e+01 1.08010000e-03
 2.18882000e+01 1.07950000e-03
 2.18996000e+01 1.07990000e-03
 2.19144000e+01 1.07970000e-03
 2.19225000e+01 1.07990000e-03
 2.19373000e+01 1.07970000e-03
 2.19487000e+01 1.07970000e-03
 2.19567000e+01 1.07930000e-03
 2.19682000e+01 1.07950000e-03
 2.19797000e+01 1.07860000e-03
 2.19911000e+01 1.07890000e-03
 2.20025000e+01 1.07930000e-03
 2.20173000e+01 1.07910000e-03
 2.20254000e+01 1.07880000e-03
 2.20368000e+01 1.07820000e-03
 2.20450000e+01 1.07710000e-03
 2.20564000e+01 1.07780000e-03
 2.20678000e+01 1.07800000e-03
 2.20825000e+01 1.07840000e-03
 2.20942000e+01 1.07690000e-03
 2.21022000e+01 1.07690000e-03
 2.21169000e+01 1.07760000e-03
 2.21284000e+01 1.07740000e-03
 2.21365000e+01 1.07650000e-03
 2.21479000e+01 1.07690000e-03
 2.21594000e+01 1.07650000e-03
 2.21709000e+01 1.07610000e-03
 2.21823000e+01 1.07570000e-03
 2.21937000e+01 1.07550000e-03
 2.22018000e+01 1.07550000e-03
 2.22201000e+01 1.07480000e-03
 2.22247000e+01 1.07460000e-03
 2.22361000e+01 1.07520000e-03
 2.22509000e+01 1.07520000e-03
 2.22624000e+01 1.07440000e-03
 2.22739000e+01 1.07420000e-03
 2.22819000e+01 1.07460000e-03
 2.22968000e+01 1.07360000e-03
 2.23048000e+01 1.07360000e-03
 2.23163000e+01 1.07400000e-03
 2.23277000e+01 1.07400000e-03
 2.23391000e+01 1.07330000e-03
 2.23506000e+01 1.07310000e-03
 2.23621000e+01 1.07290000e-03
 2.23734000e+01 1.07330000e-03
 2.23849000e+01 1.07270000e-03
 2.23965000e+01 1.07190000e-03
 2.24045000e+01 1.07190000e-03
 2.24158000e+01 1.07230000e-03
 2.24272000e+01 1.07270000e-03
 2.24387000e+01 1.07230000e-03
 2.24502000e+01 1.07160000e-03
 2.24617000e+01 1.07100000e-03
 2.24697000e+01 1.07230000e-03
 2.24811000e+01 1.07190000e-03
 2.24959000e+01 1.07160000e-03
 2.25075000e+01 1.06980000e-03
 2.25155000e+01 1.07080000e-03
 2.25269000e+01 1.07080000e-03
 2.25418000e+01 1.07020000e-03
 2.25499000e+01 1.06970000e-03
 2.25613000e+01 1.06970000e-03
 2.25762000e+01 1.06930000e-03
 2.25842000e+01 1.06910000e-03
 2.25923000e+01 1.06890000e-03
 2.26071000e+01 1.06910000e-03
 2.26185000e+01 1.06890000e-03
 2.26300000e+01 1.06870000e-03
 2.26380000e+01 1.06870000e-03
 2.26495000e+01 1.06830000e-03
 2.26643000e+01 1.06810000e-03
 2.26724000e+01 1.06810000e-03
 2.26838000e+01 1.06780000e-03
 2.26953000e+01 1.06740000e-03
 2.27034000e+01 1.06740000e-03
 2.27181000e+01 1.06800000e-03
 2.27296000e+01 1.06720000e-03
 2.27412000e+01 1.06640000e-03
 2.27492000e+01 1.06620000e-03
 2.27605000e+01 1.06700000e-03
 2.27719000e+01 1.06660000e-03
 2.27835000e+01 1.06610000e-03
 2.27949000e+01 1.06610000e-03
 2.28029000e+01 1.06590000e-03
 2.28144000e+01 1.06590000e-03
 2.28292000e+01 1.06570000e-03
 2.28372000e+01 1.06570000e-03
 2.28487000e+01 1.06490000e-03
 2.28602000e+01 1.06550000e-03
 2.28716000e+01 1.06550000e-03
 2.28830000e+01 1.06490000e-03
 2.28946000e+01 1.06430000e-03
 2.29026000e+01 1.06420000e-03
 2.29140000e+01 1.06430000e-03
 2.29289000e+01 1.06320000e-03
 2.29370000e+01 1.06300000e-03
 2.29483000e+01 1.06380000e-03
 2.29598000e+01 1.06340000e-03
 2.29713000e+01 1.06340000e-03
 2.29793000e+01 1.06320000e-03
 2.29907000e+01 1.06320000e-03
 2.30023000e+01 1.06260000e-03
 2.30136000e+01 1.06300000e-03
 2.30251000e+01 1.06250000e-03
 2.30332000e+01 1.06230000e-03
 2.30446000e+01 1.06210000e-03
 2.30560000e+01 1.06230000e-03
 2.30675000e+01 1.06150000e-03
 2.30790000e+01 1.06110000e-03
 2.30904000e+01 1.06110000e-03
 2.31018000e+01 1.06150000e-03
 2.31099000e+01 1.06150000e-03
 2.31213000e+01 1.06130000e-03
 2.31328000e+01 1.06070000e-03
 2.31442000e+01 1.06040000e-03
 2.31523000e+01 1.06070000e-03
 2.31637000e+01 1.06060000e-03
 2.31752000e+01 1.05960000e-03
