 1.24306455e+00 9.83881349e-07 -7.57575495e-07
 1.26800770e+00 9.66643744e-07 -7.16106362e-07
 1.29295215e+00 9.48566095e-07 -6.74113295e-07
 1.31789784e+00 9.28919769e-07 -6.20136031e-07
 1.34284350e+00 9.09155851e-07 -5.52000751e-07
 1.36779042e+00 8.88200867e-07 -4.69621422e-07
 1.39273606e+00 8.67143446e-07 -3.74616157e-07
 1.41768296e+00 8.45989955e-07 -2.68465813e-07
 1.44263115e+00 8.23683842e-07 -1.56864607e-07
 1.46760944e+00 8.04791281e-07 -6.44628318e-08
 1.49259183e+00 7.95380253e-07 -1.61975865e-08
 1.51757557e+00 7.89967825e-07 1.15587704e-08
 1.54256062e+00 7.87587573e-07 2.57649799e-08
 1.56754568e+00 7.85975029e-07 2.67788751e-08
 1.59253201e+00 7.84449915e-07 2.59859707e-08
 1.61751966e+00 7.83416453e-07 2.23518653e-08
 1.64250862e+00 7.83676296e-07 1.49373932e-08
 1.66749757e+00 7.84893546e-07 7.13703753e-09
 1.69248784e+00 7.85291037e-07 -1.18023661e-09
 1.71747805e+00 7.85949927e-07 -7.45330902e-09
 1.74246827e+00 7.87559484e-07 -1.49145703e-08
 1.76745846e+00 7.88109073e-07 -2.17671509e-08
 1.79244607e+00 7.88810251e-07 -2.80589090e-08
 1.81743371e+00 7.90007422e-07 -3.32135388e-08
 1.84242002e+00 7.91355917e-07 -3.74629449e-08
 1.86740764e+00 7.92155314e-07 -3.88023366e-08
 1.89239528e+00 7.93706229e-07 -4.03638695e-08
 1.91738284e+00 7.95412140e-07 -3.81877530e-08
 1.94237169e+00 7.96141871e-07 -3.82778943e-08
 1.96735926e+00 7.97556162e-07 -3.91562596e-08
 1.99234428e+00 7.98386909e-07 -3.50565988e-08
 2.01732926e+00 7.98446007e-07 -3.11841046e-08
 2.04231425e+00 7.99548738e-07 -2.23955985e-08
 2.06729924e+00 8.00969869e-07 -1.11616602e-08
 2.09228422e+00 8.01238080e-07 2.16051678e-10
 2.11727182e+00 7.99449940e-07 7.12555665e-10
 2.14225942e+00 7.98015300e-07 -3.49961098e-10
 2.16724698e+00 7.95996843e-07 8.75575804e-10
 2.19223581e+00 7.93541492e-07 1.90501047e-09
 2.21722464e+00 7.91361691e-07 2.92968390e-10
 2.24221348e+00 7.89827564e-07 3.02708911e-09
 2.26720361e+00 7.88431955e-07 9.18278065e-09
 2.29219376e+00 7.87020612e-07 1.36008940e-08
 2.31718391e+00 7.87043036e-07 1.94893537e-08
 2.34217406e+00 7.86865171e-07 2.29959279e-08
 2.36716423e+00 7.87218667e-07 2.84269205e-08
 2.39215439e+00 7.88110535e-07 3.50206971e-08
 2.41714456e+00 7.89178866e-07 3.92677357e-08
 2.44213474e+00 7.90061947e-07 3.86622179e-08
 2.46712489e+00 7.91093260e-07 3.80128184e-08
 2.49211502e+00 7.92222959e-07 3.75812040e-08
 2.51710516e+00 7.93074852e-07 3.57076078e-08
 2.54209532e+00 7.93314212e-07 3.57935706e-08
 2.56708546e+00 7.93659705e-07 3.42355274e-08
 2.59207560e+00 7.94799955e-07 3.19291179e-08
 2.61706835e+00 7.96003923e-07 3.79113805e-08
 2.64205982e+00 7.96930039e-07 4.08176257e-08
 2.66705256e+00 7.98674605e-07 5.09025881e-08
 2.69204532e+00 8.00532304e-07 5.93431567e-08
 2.71703804e+00 8.03205029e-07 7.10888455e-08
 2.74203075e+00 8.05198201e-07 7.34284130e-08
 2.76702217e+00 8.07245165e-07 7.66210167e-08
 2.79201360e+00 8.08993654e-07 7.73638108e-08
 2.81700376e+00 8.10840955e-07 7.40428112e-08
 2.84199647e+00 8.13478459e-07 7.15843272e-08
 2.86698919e+00 8.16136936e-07 6.68302519e-08
 2.89198189e+00 8.18069803e-07 6.35319586e-08
 2.91697459e+00 8.19255631e-07 6.23883364e-08
 2.94196600e+00 8.20800384e-07 6.18037092e-08
 2.96695603e+00 8.22296825e-07 6.88922239e-08
 2.99194610e+00 8.24431742e-07 7.32261574e-08
 3.01693617e+00 8.26870849e-07 8.01453086e-08
 3.04192492e+00 8.29613335e-07 8.33159920e-08
 3.06691366e+00 8.33391308e-07 8.34967905e-08
 3.09190238e+00 8.36756243e-07 8.81222056e-08
 3.11689369e+00 8.41670513e-07 9.94511552e-08
 3.14188497e+00 8.45370670e-07 1.12991945e-07
 3.16687495e+00 8.48927504e-07 1.27804504e-07
 3.19186496e+00 8.53818245e-07 1.39770974e-07
 3.21685492e+00 8.59305836e-07 1.53147884e-07
 3.24184617e+00 8.64262024e-07 1.67443720e-07
 3.26683737e+00 8.70115547e-07 1.86047921e-07
 3.29183115e+00 8.76088129e-07 2.02889197e-07
 3.31682494e+00 8.81444634e-07 2.24466309e-07
 3.34181742e+00 8.87290992e-07 2.47464471e-07
 3.36680854e+00 8.93953478e-07 2.70996038e-07
 3.39179442e+00 9.00952688e-07 2.88863726e-07
 3.41677896e+00 9.08531911e-07 3.06831488e-07
 3.44176350e+00 9.16660134e-07 3.19925019e-07
 3.46674672e+00 9.24606314e-07 3.27119411e-07
 3.49172992e+00 9.33059565e-07 3.32172266e-07
 3.51671310e+00 9.41454716e-07 3.41095562e-07
 3.54169625e+00 9.49394360e-07 3.54656559e-07
 3.56667936e+00 9.57543068e-07 3.67449441e-07
 3.59166249e+00 9.65708401e-07 3.80239103e-07
 3.61664559e+00 9.74060298e-07 3.90952873e-07
 3.64162737e+00 9.81677170e-07 3.99810688e-07
 3.66660784e+00 9.89455052e-07 4.11429319e-07
 3.69158828e+00 9.97175674e-07 4.19231403e-07
 3.71656998e+00 1.00407831e-06 4.17857172e-07
 3.74155037e+00 1.01180845e-06 4.13574650e-07
 3.76652943e+00 1.02035257e-06 4.09394364e-07
 3.79150847e+00 1.02839950e-06 4.00700098e-07
 3.81648616e+00 1.03518702e-06 3.91475465e-07
 3.84146255e+00 1.04267407e-06 3.76973900e-07
 3.86643762e+00 1.04978132e-06 3.59330198e-07
 3.89141007e+00 1.05685859e-06 3.49009548e-07
 3.91638508e+00 1.06384355e-06 3.38850064e-07
 3.94135882e+00 1.06910514e-06 3.26931231e-07
 3.96633121e+00 1.07390836e-06 3.17841891e-07
 3.99130235e+00 1.07862121e-06 3.03386249e-07
 4.01627211e+00 1.08468031e-06 2.86631090e-07
 4.04124315e+00 1.09019518e-06 2.71220040e-07
 4.06621284e+00 1.09583348e-06 2.55779670e-07
 4.09118508e+00 1.10185655e-06 2.45598017e-07
 4.11615604e+00 1.10858771e-06 2.31964969e-07
 4.14112568e+00 1.11495938e-06 2.14579313e-07
 4.16609399e+00 1.12094304e-06 1.92963093e-07
 4.19106226e+00 1.12648727e-06 1.70667320e-07
 4.21603181e+00 1.13118801e-06 1.50266669e-07
 4.24100271e+00 1.13614291e-06 1.26751682e-07
 4.26597226e+00 1.14097860e-06 1.07922806e-07
 4.29094048e+00 1.14563725e-06 9.39848380e-08
 4.31591128e+00 1.15079470e-06 7.92550456e-08
 4.34088339e+00 1.15498091e-06 6.40125586e-08
 4.36585417e+00 1.15924641e-06 5.38683851e-08
 4.39082238e+00 1.16286303e-06 4.71118918e-08
 4.41579055e+00 1.16656709e-06 3.94197346e-08
 4.44075999e+00 1.17012161e-06 3.60569082e-08
 4.46572809e+00 1.17381722e-06 4.32135256e-08
 4.49069619e+00 1.17887935e-06 5.34415284e-08
 4.51566556e+00 1.18363447e-06 6.51653955e-08
 4.54063626e+00 1.18808001e-06 8.02355646e-08
 4.56560432e+00 1.19311080e-06 9.52013005e-08
 4.59057103e+00 1.19776547e-06 1.18399105e-07
 4.61553903e+00 1.20198188e-06 1.46050984e-07
 4.64050835e+00 1.20666495e-06 1.73118041e-07
 4.66547895e+00 1.21401749e-06 1.93191451e-07
 4.69045087e+00 1.22133850e-06 2.12718634e-07
 4.71542147e+00 1.22826402e-06 2.28199440e-07
 4.74039335e+00 1.23602238e-06 2.43055276e-07
 4.76536390e+00 1.24456416e-06 2.59750898e-07
 4.79033313e+00 1.25295104e-06 2.80818106e-07
 4.81530104e+00 1.26151666e-06 3.03450588e-07
 4.84026764e+00 1.27025304e-06 3.22720635e-07
 4.86523160e+00 1.27859500e-06 3.46712636e-07
 4.89019424e+00 1.28739825e-06 3.67875847e-07
 4.91515814e+00 1.29589552e-06 3.88249981e-07
 4.94012334e+00 1.30458040e-06 4.12168172e-07
 4.96508719e+00 1.31412601e-06 4.37322451e-07
 4.99004717e+00 1.32356131e-06 4.51910875e-07
 5.01500842e+00 1.33372960e-06 4.71067950e-07
 5.03997097e+00 1.34387746e-06 4.90534641e-07
 5.06493220e+00 1.35398036e-06 5.03387122e-07
 5.08989470e+00 1.36435011e-06 5.10797141e-07
 5.11485849e+00 1.37493932e-06 5.17094881e-07
 5.13982354e+00 1.38532104e-06 5.22656768e-07
 5.16478990e+00 1.39437434e-06 5.27446982e-07
 5.18975362e+00 1.40533518e-06 5.35747253e-07
 5.21471855e+00 1.41519872e-06 5.43641433e-07
 5.23968478e+00 1.42532451e-06 5.49273450e-07
 5.26465223e+00 1.43525811e-06 5.60280893e-07
 5.28962103e+00 1.44532561e-06 5.60746305e-07
 5.31459507e+00 1.45207103e-06 5.41048497e-07
 5.33957043e+00 1.45836618e-06 5.14152532e-07
 5.36454189e+00 1.46533938e-06 4.86920833e-07
 5.38951200e+00 1.47224414e-06 4.64730043e-07
 5.41448339e+00 1.47937921e-06 4.39771815e-07
 5.43945475e+00 1.48634634e-06 4.09205410e-07
 5.46442478e+00 1.49416954e-06 3.78751405e-07
 5.48939477e+00 1.50241555e-06 3.49255013e-07
 5.51436471e+00 1.50991596e-06 3.21949649e-07
 5.53933594e+00 1.51771789e-06 2.95581357e-07
 5.56430845e+00 1.52614783e-06 2.75078604e-07
 5.58927834e+00 1.53479968e-06 2.53207740e-07
 5.61424814e+00 1.54432537e-06 2.35286435e-07
 5.63921923e+00 1.55429362e-06 2.20384794e-07
 5.66419025e+00 1.56336224e-06 2.13187281e-07
 5.68915996e+00 1.57164574e-06 1.96654101e-07
 5.71412965e+00 1.58021391e-06 1.80999916e-07
 5.73910065e+00 1.58870602e-06 1.68813180e-07
 5.76407036e+00 1.59640742e-06 1.59327013e-07
 5.78903743e+00 1.60439349e-06 1.48100575e-07
 5.81400314e+00 1.61153317e-06 1.40520584e-07
 5.83897015e+00 1.61904268e-06 1.35400421e-07
 5.86393844e+00 1.62761113e-06 1.36264071e-07
 5.88890670e+00 1.63645416e-06 1.41016903e-07
 5.91387492e+00 1.64513746e-06 1.50671619e-07
 5.93884314e+00 1.65347143e-06 1.60890204e-07
 5.96381001e+00 1.66194694e-06 1.76255730e-07
 5.98877809e+00 1.67224937e-06 2.00421460e-07
 6.01374615e+00 1.68355499e-06 2.25950947e-07
 6.03871553e+00 1.69387641e-06 2.49091268e-07
 6.06368489e+00 1.70393534e-06 2.74890341e-07
 6.08865553e+00 1.71367809e-06 3.02397398e-07
 6.11362744e+00 1.72340301e-06 3.31870292e-07
 6.13860193e+00 1.73324523e-06 3.62523388e-07
 6.16357640e+00 1.74297658e-06 3.93882842e-07
 6.18855083e+00 1.75378463e-06 4.25607813e-07
 6.21352394e+00 1.76400555e-06 4.58812025e-07
 6.23849707e+00 1.77418726e-06 4.90305773e-07
 6.26347141e+00 1.78575105e-06 5.15808422e-07
 6.28844577e+00 1.79701091e-06 5.42632063e-07
 6.31342009e+00 1.80793832e-06 5.72292307e-07
 6.33839436e+00 1.81974666e-06 5.99729764e-07
 6.36336728e+00 1.83325444e-06 6.29055121e-07
 6.38833887e+00 1.84694863e-06 6.57451798e-07
 6.41330913e+00 1.86151083e-06 6.83499187e-07
 6.43827800e+00 1.87576128e-06 7.10403660e-07
 6.46324691e+00 1.88966441e-06 7.37990504e-07
 6.48821449e+00 1.90485868e-06 7.56503710e-07
 6.51318075e+00 1.92004420e-06 7.72410750e-07
 6.53814572e+00 1.93594399e-06 7.81914240e-07
 6.56310930e+00 1.95142126e-06 7.90715386e-07
 6.58806103e+00 1.96667790e-06 7.86269506e-07
 6.61301139e+00 1.98144693e-06 7.77042325e-07
 6.63796431e+00 1.99509489e-06 7.69765514e-07
 6.66291720e+00 2.00900421e-06 7.64237612e-07
 6.68786876e+00 2.02275810e-06 7.52275414e-07
 6.71282158e+00 2.03701770e-06 7.35821702e-07
 6.73777437e+00 2.05172936e-06 7.19845952e-07
 6.76272584e+00 2.06649299e-06 7.00931326e-07
 6.78767597e+00 2.08127111e-06 6.76974266e-07
 6.81262474e+00 2.09600419e-06 6.55685850e-07
 6.83757221e+00 2.11064192e-06 6.37454805e-07
 6.86251963e+00 2.12478440e-06 6.17430617e-07
 6.88746577e+00 2.13949603e-06 5.94751904e-07
 6.91241191e+00 2.15295623e-06 5.69398014e-07
 6.93735936e+00 2.16663340e-06 5.40521170e-07
 6.96230672e+00 2.18045736e-06 5.07467955e-07
 6.98725275e+00 2.19431443e-06 4.76266576e-07
 7.01219740e+00 2.20775838e-06 4.51814261e-07
 7.03714201e+00 2.21960832e-06 4.26286088e-07
 7.06208658e+00 2.23123721e-06 3.99652079e-07
 7.08703240e+00 2.24364071e-06 3.76616118e-07
 7.11197689e+00 2.25600602e-06 3.56808585e-07
 7.13692004e+00 2.26828283e-06 3.44593980e-07
 7.16186184e+00 2.28168130e-06 3.40559264e-07
 7.18680229e+00 2.29575694e-06 3.40798675e-07
 7.21174268e+00 2.30879995e-06 3.41892457e-07
 7.23668437e+00 2.32200052e-06 3.43575044e-07
 7.26162346e+00 2.33718992e-06 3.53240388e-07
 7.28656123e+00 2.35181887e-06 3.64577835e-07
 7.31149759e+00 2.36705117e-06 3.82479149e-07
 7.33643518e+00 2.38291282e-06 4.06225950e-07
 7.36137142e+00 2.39857613e-06 4.30128422e-07
 7.38630500e+00 2.41542177e-06 4.57409283e-07
 7.41123720e+00 2.43279655e-06 4.89315047e-07
 7.43616935e+00 2.45114794e-06 5.24889862e-07
 7.46109882e+00 2.47127589e-06 5.68577686e-07
 7.48602950e+00 2.49249146e-06 6.19520326e-07
 7.51096008e+00 2.51426869e-06 6.77837348e-07
 7.53589058e+00 2.53952760e-06 7.45537822e-07
 7.56081832e+00 2.56643560e-06 8.28038876e-07
 7.58574333e+00 2.59586186e-06 9.21390860e-07
 7.61066823e+00 2.62870715e-06 1.02526359e-06
 7.63559436e+00 2.66497409e-06 1.14331005e-06
 7.66052032e+00 2.70518798e-06 1.27800633e-06
 7.68544616e+00 2.74873509e-06 1.42449097e-06
 7.71037316e+00 2.79681947e-06 1.57887257e-06
 7.73529994e+00 2.84769824e-06 1.75296371e-06
 7.76022523e+00 2.90358017e-06 1.94163278e-06
 7.78514896e+00 2.96572181e-06 2.15326419e-06
 7.81007113e+00 3.03296903e-06 2.38707367e-06
 7.83499178e+00 3.10637384e-06 2.63078746e-06
 7.85991610e+00 3.18950810e-06 2.87406315e-06
 7.88483885e+00 3.28072111e-06 3.12970469e-06
 7.90975867e+00 3.37951646e-06 3.40401693e-06
 7.93467688e+00 3.48625598e-06 3.70163215e-06
 7.95959341e+00 3.60251200e-06 4.02219966e-06
 7.98450697e+00 3.72874968e-06 4.36172181e-06
 8.00941752e+00 3.86488023e-06 4.72883985e-06
 8.03432500e+00 4.01198085e-06 5.12497524e-06
 8.05922942e+00 4.16980981e-06 5.54087667e-06
 8.08413075e+00 4.33938218e-06 5.98388085e-06
 8.10902894e+00 4.52073962e-06 6.45831309e-06
 8.13392393e+00 4.71582291e-06 6.96188556e-06
 8.15881438e+00 4.92454375e-06 7.50264051e-06
 8.18369761e+00 5.14719914e-06 8.07265673e-06
 8.20857491e+00 5.38537235e-06 8.67755591e-06
 8.23344757e+00 5.64161034e-06 9.31129419e-06
 8.25831424e+00 5.91506556e-06 9.98040971e-06
 8.28317488e+00 6.20639003e-06 1.06841504e-05
 8.30802941e+00 6.51648336e-06 1.14157994e-05
 8.33287649e+00 6.84604952e-06 1.21794937e-05
 8.35771612e+00 7.19585867e-06 1.29755970e-05
 8.38254822e+00 7.56573823e-06 1.38033591e-05
 8.40737273e+00 7.95610871e-06 1.46688694e-05
 8.43218966e+00 8.36712823e-06 1.55657808e-05
 8.45699764e+00 8.79955702e-06 1.64918883e-05
 8.48179789e+00 9.25385793e-06 1.74349645e-05
 8.50659039e+00 9.72872491e-06 1.83944627e-05
 8.53137506e+00 1.02254729e-05 1.93928663e-05
 8.55614919e+00 1.07451243e-05 2.04161690e-05
 8.58091283e+00 1.12888782e-05 2.14550960e-05
 8.60566329e+00 1.18563862e-05 2.25105607e-05
 8.63040047e+00 1.24473069e-05 2.35756835e-05
 8.65512696e+00 1.30626770e-05 2.46580029e-05
 8.67984136e+00 1.37027218e-05 2.57522628e-05
 8.70454366e+00 1.43669078e-05 2.68515339e-05
 8.72923380e+00 1.50543840e-05 2.79587353e-05
 8.75390782e+00 1.57662990e-05 2.90661950e-05
 8.77856826e+00 1.65018851e-05 3.01651418e-05
 8.80321385e+00 1.72603805e-05 3.12593729e-05
 8.82784582e+00 1.80427104e-05 3.23480021e-05
 8.85246285e+00 1.88480457e-05 3.34278065e-05
 8.87706352e+00 1.96764575e-05 3.44993109e-05
 8.90164519e+00 2.05258070e-05 3.55594618e-05
 8.92620916e+00 2.13963826e-05 3.65992457e-05
 8.95075533e+00 2.22878280e-05 3.76171977e-05
 8.97527977e+00 2.31987566e-05 3.86055430e-05
 8.99978371e+00 2.41307315e-05 3.95680204e-05
 9.02427105e+00 2.50818783e-05 4.04983468e-05
 9.04874047e+00 2.60519242e-05 4.13973642e-05
 9.07319065e+00 2.70397444e-05 4.22569513e-05
 9.09762145e+00 2.80446412e-05 4.30758829e-05
 9.12203288e+00 2.90659594e-05 4.38489001e-05
 9.14642358e+00 3.01031185e-05 4.45782387e-05
 9.17079357e+00 3.11543922e-05 4.52580335e-05
 9.19514147e+00 3.22187357e-05 4.58934374e-05
 9.21946729e+00 3.32955961e-05 4.64768412e-05
 9.24376966e+00 3.43838309e-05 4.70116965e-05
 9.26805120e+00 3.54818014e-05 4.74968486e-05
 9.29231190e+00 3.65888329e-05 4.79286541e-05
 9.31655041e+00 3.77043412e-05 4.83047445e-05
 9.34076540e+00 3.88269924e-05 4.86318876e-05
 9.36495554e+00 3.99563333e-05 4.89122114e-05
 9.38912085e+00 4.10922299e-05 4.91459247e-05
 9.41326394e+00 4.22324138e-05 4.93292719e-05
 9.43738481e+00 4.33764508e-05 4.94560481e-05
 9.46148083e+00 4.45244205e-05 4.95396935e-05
 9.48555199e+00 4.56754378e-05 4.95843153e-05
 9.50960089e+00 4.68271496e-05 4.95849041e-05
 9.53362627e+00 4.79784901e-05 4.95445692e-05
 9.55762686e+00 4.91308069e-05 4.94621174e-05
 9.58160525e+00 5.02821912e-05 4.93398498e-05
 9.60555749e+00 5.14319331e-05 4.91910471e-05
 9.62948621e+00 5.25798748e-05 4.90137879e-05
 9.65339015e+00 5.37241751e-05 4.88075449e-05
 9.67726928e+00 5.48627185e-05 4.85735557e-05
 9.70112492e+00 5.59961069e-05 4.83155997e-05
 9.72495443e+00 5.71262725e-05 4.80352250e-05
 9.74875390e+00 5.82509503e-05 4.77272617e-05
 9.77252860e+00 5.93691227e-05 4.74119339e-05
 9.79627988e+00 6.04819624e-05 4.70790801e-05
 9.82000637e+00 6.15889883e-05 4.67438051e-05
 9.84371073e+00 6.26889428e-05 4.64003297e-05
 9.86739428e+00 6.37834965e-05 4.60483851e-05
 9.89105447e+00 6.48713121e-05 4.56969250e-05
 9.91469131e+00 6.59521478e-05 4.53435118e-05
 9.93830353e+00 6.70255331e-05 4.49872664e-05
 9.96189241e+00 6.80917757e-05 4.46389276e-05
 9.98545929e+00 6.91512032e-05 4.42968711e-05
 1.00090016e+01 7.02040147e-05 4.39585763e-05
 1.00325205e+01 7.12490133e-05 4.36358018e-05
 1.00560174e+01 7.22854289e-05 4.33215753e-05
 1.00794922e+01 7.33148513e-05 4.30236594e-05
 1.01029426e+01 7.43382098e-05 4.27514415e-05
 1.01263697e+01 7.53566333e-05 4.25059475e-05
 1.01497735e+01 7.63693065e-05 4.22893878e-05
 1.01731529e+01 7.73765056e-05 4.20910385e-05
 1.01965102e+01 7.83801471e-05 4.19155818e-05
 1.02198471e+01 7.93788022e-05 4.17584916e-05
 1.02431581e+01 8.03730310e-05 4.16250670e-05
 1.02664447e+01 8.13634853e-05 4.15318742e-05
 1.02897081e+01 8.23514299e-05 4.14710811e-05
 1.03129483e+01 8.33376871e-05 4.14328528e-05
 1.03361642e+01 8.43224331e-05 4.14218578e-05
 1.03593569e+01 8.53059460e-05 4.14372043e-05
 1.03825252e+01 8.62887870e-05 4.14760635e-05
 1.04056717e+01 8.72716473e-05 4.15399362e-05
 1.04287950e+01 8.82543421e-05 4.16300234e-05
 1.04518953e+01 8.92387835e-05 4.17463744e-05
 1.04749700e+01 9.02248694e-05 4.18894862e-05
 1.04980177e+01 9.12128039e-05 4.20609437e-05
 1.05210397e+01 9.22050061e-05 4.22533426e-05
 1.05440385e+01 9.32005924e-05 4.24643830e-05
 1.05670157e+01 9.42001553e-05 4.26931192e-05
 1.05899686e+01 9.52047267e-05 4.29476989e-05
 1.06128944e+01 9.62140131e-05 4.32257834e-05
 1.06357946e+01 9.72290504e-05 4.35183427e-05
 1.06586704e+01 9.82500914e-05 4.38359010e-05
 1.06815219e+01 9.92758753e-05 4.41726832e-05
 1.07043452e+01 1.00307405e-04 4.45289129e-05
 1.07271414e+01 1.01345554e-04 4.49043878e-05
 1.07499118e+01 1.02391411e-04 4.53012552e-05
 1.07726539e+01 1.03444137e-04 4.57178607e-05
 1.07953717e+01 1.04503178e-04 4.61468647e-05
 1.08180612e+01 1.05569140e-04 4.65885473e-05
 1.08407223e+01 1.06643724e-04 4.70536299e-05
 1.08633551e+01 1.07726433e-04 4.75243452e-05
 1.08859581e+01 1.08818041e-04 4.80081761e-05
 1.09085329e+01 1.09919518e-04 4.85008457e-05
 1.09310806e+01 1.11032226e-04 4.89875792e-05
 1.09535974e+01 1.12154534e-04 4.94938545e-05
 1.09760831e+01 1.13285422e-04 5.00070143e-05
 1.09985380e+01 1.14426676e-04 5.05321427e-05
 1.10209579e+01 1.15579431e-04 5.10737989e-05
 1.10433430e+01 1.16743130e-04 5.16235075e-05
 1.10656946e+01 1.17916566e-04 5.21858910e-05
 1.10880112e+01 1.19099895e-04 5.27593310e-05
 1.11102928e+01 1.20293737e-04 5.33368710e-05
 1.11325396e+01 1.21498080e-04 5.39192177e-05
 1.11547501e+01 1.22712164e-04 5.45056331e-05
 1.11769243e+01 1.23937916e-04 5.50953964e-05
 1.11990624e+01 1.25174091e-04 5.56811244e-05
 1.12211602e+01 1.26419667e-04 5.62645965e-05
 1.12432204e+01 1.27674867e-04 5.68468543e-05
 1.12652456e+01 1.28939256e-04 5.74339748e-05
 1.12872345e+01 1.30211721e-04 5.80108241e-05
 1.13091871e+01 1.31493031e-04 5.85764354e-05
 1.13311035e+01 1.32782970e-04 5.91322545e-05
 1.13529822e+01 1.34083341e-04 5.96817139e-05
 1.13748207e+01 1.35390365e-04 6.02217974e-05
 1.13966203e+01 1.36705634e-04 6.07507033e-05
 1.14183797e+01 1.38029902e-04 6.12802495e-05
 1.14400977e+01 1.39363107e-04 6.18030358e-05
 1.14617728e+01 1.40703115e-04 6.23109466e-05
 1.14834052e+01 1.42051301e-04 6.28100263e-05
 1.15049987e+01 1.43397439e-04 6.32484470e-05
 1.15265495e+01 1.44750478e-04 6.36712599e-05
 1.15480537e+01 1.46110858e-04 6.40890773e-05
 1.15695112e+01 1.47476930e-04 6.44879140e-05
 1.15909233e+01 1.48849980e-04 6.48825006e-05
 1.16122912e+01 1.50229745e-04 6.52649904e-05
 1.16336151e+01 1.51615574e-04 6.56304635e-05
 1.16548936e+01 1.53008300e-04 6.59891775e-05
 1.16761228e+01 1.54408026e-04 6.63441452e-05
 1.16973015e+01 1.55812399e-04 6.66890249e-05
 1.17184323e+01 1.57221004e-04 6.70310562e-05
 1.17395165e+01 1.58633411e-04 6.73529410e-05
 1.17605527e+01 1.60049802e-04 6.76524249e-05
 1.17815398e+01 1.61467260e-04 6.79355458e-05
 1.18024750e+01 1.62885349e-04 6.82035090e-05
 1.18233612e+01 1.64305839e-04 6.84520163e-05
 1.18441969e+01 1.65729012e-04 6.86842981e-05
 1.18649810e+01 1.67151751e-04 6.88979278e-05
 1.18857135e+01 1.68574032e-04 6.90843543e-05
 1.19063902e+01 1.69994355e-04 6.92493170e-05
 1.19270139e+01 1.71412946e-04 6.93975036e-05
 1.19475861e+01 1.72829033e-04 6.95177565e-05
 1.19681041e+01 1.74242241e-04 6.95965186e-05
 1.19885692e+01 1.75653011e-04 6.96470055e-05
 1.20089802e+01 1.77059319e-04 6.96799568e-05
 1.20293371e+01 1.78458220e-04 6.96660724e-05
 1.20496413e+01 1.79850076e-04 6.96185621e-05
 1.20698901e+01 1.81233293e-04 6.95255817e-05
 1.20900850e+01 1.82606114e-04 6.93987251e-05
 1.21102272e+01 1.83971124e-04 6.92417616e-05
 1.21303168e+01 1.85324411e-04 6.90428695e-05
 1.21503511e+01 1.86667250e-04 6.88097341e-05
 1.21703304e+01 1.87997028e-04 6.85241916e-05
 1.21902545e+01 1.89315800e-04 6.81960397e-05
 1.22101210e+01 1.90624947e-04 6.78482998e-05
 1.22299312e+01 1.91919385e-04 6.74491587e-05
 1.22496852e+01 1.93200568e-04 6.70122361e-05
 1.22693803e+01 1.94470354e-04 6.65496791e-05
 1.22890180e+01 1.95729165e-04 6.60431803e-05
 1.23085945e+01 1.96975221e-04 6.55019222e-05
 1.23281098e+01 1.98205858e-04 6.49273476e-05
 1.23475625e+01 1.99421334e-04 6.43289965e-05
 1.23669515e+01 2.00619925e-04 6.36962523e-05
 1.23862780e+01 2.01800774e-04 6.30122061e-05
 1.24055422e+01 2.02963622e-04 6.23017494e-05
 1.24247441e+01 2.04107292e-04 6.15270247e-05
 1.24438837e+01 2.05231145e-04 6.07005808e-05
 1.24629612e+01 2.06335543e-04 5.98521124e-05
 1.24819778e+01 2.07419079e-04 5.89734797e-05
 1.25009336e+01 2.08479738e-04 5.80393479e-05
 1.25198300e+01 2.09515308e-04 5.70484979e-05
 1.25386565e+01 2.10526334e-04 5.59793964e-05
 1.25574210e+01 2.11513477e-04 5.48642516e-05
 1.25761262e+01 2.12473679e-04 5.36891744e-05
 1.25947722e+01 2.13407826e-04 5.24559123e-05
 1.26133578e+01 2.14316197e-04 5.11900453e-05
 1.26318817e+01 2.15196871e-04 4.98819461e-05
 1.26503427e+01 2.16051225e-04 4.85458391e-05
 1.26687422e+01 2.16877156e-04 4.71839762e-05
 1.26870815e+01 2.17675700e-04 4.57887646e-05
 1.27053607e+01 2.18447259e-04 4.43587992e-05
 1.27235784e+01 2.19191403e-04 4.29164875e-05
 1.27417322e+01 2.19908250e-04 4.14603044e-05
 1.27598235e+01 2.20596545e-04 3.99815535e-05
 1.27778536e+01 2.21249347e-04 3.84461443e-05
 1.27958213e+01 2.21873430e-04 3.68727186e-05
 1.28137253e+01 2.22471689e-04 3.53012437e-05
 1.28315669e+01 2.23040724e-04 3.37189548e-05
 1.28493463e+01 2.23579777e-04 3.21254076e-05
 1.28670636e+01 2.24091133e-04 3.05281172e-05
 1.28847200e+01 2.24576800e-04 2.89094287e-05
 1.29023143e+01 2.25035833e-04 2.72745412e-05
 1.29198466e+01 2.25463519e-04 2.56290925e-05
 1.29373183e+01 2.25861330e-04 2.39470902e-05
 1.29547280e+01 2.26229172e-04 2.22545951e-05
 1.29720760e+01 2.26567842e-04 2.05525254e-05
 1.29893621e+01 2.26877633e-04 1.88263442e-05
 1.30065851e+01 2.27155007e-04 1.70864432e-05
 1.30237465e+01 2.27403803e-04 1.53179935e-05
 1.30408448e+01 2.27621599e-04 1.35307897e-05
 1.30578814e+01 2.27807910e-04 1.17613979e-05
 1.30748539e+01 2.27963709e-04 9.99064407e-06
 1.30917649e+01 2.28089917e-04 8.22435929e-06
 1.31086143e+01 2.28185840e-04 6.45216301e-06
 1.31254023e+01 2.28253937e-04 4.70405093e-06
 1.31421328e+01 2.28293608e-04 2.98156032e-06
 1.31588031e+01 2.28304405e-04 1.25954471e-06
 1.31754146e+01 2.28284638e-04 -4.38376990e-07
 1.31919689e+01 2.28237291e-04 -2.10715528e-06
 1.32084657e+01 2.28164790e-04 -3.73272035e-06
 1.32249079e+01 2.28066287e-04 -5.32471313e-06
 1.32412940e+01 2.27943441e-04 -6.87043771e-06
 1.32576268e+01 2.27797033e-04 -8.40216406e-06
 1.32739063e+01 2.27625030e-04 -9.93657721e-06
 1.32901313e+01 2.27428823e-04 -1.14614094e-05
 1.33063031e+01 2.27207917e-04 -1.29505031e-05
 1.33224218e+01 2.26959685e-04 -1.44692149e-05
 1.33384873e+01 2.26688172e-04 -1.59736188e-05
 1.33545009e+01 2.26395697e-04 -1.74155052e-05
 1.33704614e+01 2.26081842e-04 -1.88058734e-05
 1.33863676e+01 2.25749431e-04 -2.01680012e-05
 1.34022180e+01 2.25395840e-04 -2.14981438e-05
 1.34180195e+01 2.25033595e-04 -2.29295793e-05
 1.34337679e+01 2.24655181e-04 -2.43386243e-05
 1.34494621e+01 2.24258900e-04 -2.57193432e-05
 1.34651032e+01 2.23845747e-04 -2.70977691e-05
 1.34806913e+01 2.23416886e-04 -2.84240696e-05
 1.34962266e+01 2.22972583e-04 -2.97198225e-05
 1.35117115e+01 2.22515520e-04 -3.09735914e-05
 1.35271448e+01 2.22042895e-04 -3.21810768e-05
 1.35425277e+01 2.21554666e-04 -3.33198135e-05
 1.35578604e+01 2.21052138e-04 -3.44066362e-05
 1.35731442e+01 2.20536375e-04 -3.54251316e-05
 1.35883815e+01 2.20010715e-04 -3.63834548e-05
 1.36035712e+01 2.19473120e-04 -3.72952904e-05
 1.36187104e+01 2.18926034e-04 -3.81873726e-05
 1.36338058e+01 2.18368807e-04 -3.90377277e-05
 1.36488589e+01 2.17799345e-04 -3.98335153e-05
 1.36638667e+01 2.17219089e-04 -4.05569710e-05
 1.36788308e+01 2.16629036e-04 -4.12385747e-05
 1.36937511e+01 2.16031521e-04 -4.18609806e-05
 1.37086303e+01 2.15424912e-04 -4.24293559e-05
 1.37234683e+01 2.14809307e-04 -4.29307286e-05
 1.37382626e+01 2.14189006e-04 -4.33723919e-05
 1.37530143e+01 2.13562403e-04 -4.37783887e-05
 1.37677248e+01 2.12927872e-04 -4.41292402e-05
 1.37823942e+01 2.12285363e-04 -4.44224534e-05
 1.37970236e+01 2.11640395e-04 -4.46917442e-05
 1.38116158e+01 2.10980782e-04 -4.50214222e-05
 1.38261695e+01 2.10315150e-04 -4.53589982e-05
 1.38406859e+01 2.09645667e-04 -4.57011403e-05
 1.38551650e+01 2.08970754e-04 -4.60243901e-05
 1.38696094e+01 2.08290597e-04 -4.63880133e-05
 1.38840178e+01 2.07607632e-04 -4.67391566e-05
 1.38983915e+01 2.06924240e-04 -4.71229238e-05
 1.39127332e+01 2.06237443e-04 -4.75148865e-05
 1.39270389e+01 2.05545940e-04 -4.78674914e-05
 1.39413111e+01 2.04853766e-04 -4.82581220e-05
 1.39555486e+01 2.04160806e-04 -4.86579106e-05
 1.39697539e+01 2.03463656e-04 -4.90329668e-05
 1.39839271e+01 2.02764271e-04 -4.93701002e-05
 1.39980667e+01 2.02062072e-04 -4.96774520e-05
 1.40121742e+01 2.01358647e-04 -4.99599552e-05
 1.40262494e+01 2.00651839e-04 -5.02048160e-05
 1.40402924e+01 1.99944496e-04 -5.04222888e-05
 1.40543032e+01 1.99236696e-04 -5.06342321e-05
 1.40682805e+01 1.98528850e-04 -5.08030793e-05
 1.40822253e+01 1.97823494e-04 -5.09764439e-05
 1.40961391e+01 1.97119976e-04 -5.11314791e-05
 1.41100220e+01 1.96414949e-04 -5.12363208e-05
 1.41238752e+01 1.95709090e-04 -5.13073186e-05
 1.41377026e+01 1.95002906e-04 -5.13826704e-05
 1.41515041e+01 1.94298728e-04 -5.14809493e-05
 1.41652784e+01 1.93598538e-04 -5.15439493e-05
 1.41790281e+01 1.92898993e-04 -5.15777453e-05
 1.41927546e+01 1.92201673e-04 -5.16335177e-05
 1.42064565e+01 1.91507328e-04 -5.16869632e-05
 1.42201351e+01 1.90812668e-04 -5.17253545e-05
 1.42337918e+01 1.90118366e-04 -5.17745483e-05
 1.42474264e+01 1.89425170e-04 -5.17862796e-05
 1.42610415e+01 1.88729324e-04 -5.18267897e-05
 1.42746346e+01 1.88034943e-04 -5.18610726e-05
 1.42882068e+01 1.87345563e-04 -5.18497688e-05
 1.43017583e+01 1.86657292e-04 -5.18009267e-05
 1.43152877e+01 1.85970461e-04 -5.16973271e-05
 1.43287963e+01 1.85286438e-04 -5.15577560e-05
 1.43422881e+01 1.84609897e-04 -5.14759720e-05
 1.43557591e+01 1.83938054e-04 -5.13896780e-05
 1.43692092e+01 1.83265151e-04 -5.12626276e-05
 1.43826410e+01 1.82595255e-04 -5.11117358e-05
 1.43960546e+01 1.81928957e-04 -5.09427212e-05
 1.44094512e+01 1.81263512e-04 -5.07311213e-05
 1.44228282e+01 1.80598517e-04 -5.04814891e-05
 1.44361857e+01 1.79935455e-04 -5.01866935e-05
 1.44495275e+01 1.79277064e-04 -4.98585445e-05
 1.44628536e+01 1.78622551e-04 -4.95321788e-05
 1.44761626e+01 1.77972638e-04 -4.91843807e-05
 1.44894559e+01 1.77326356e-04 -4.88204035e-05
 1.45027321e+01 1.76685419e-04 -4.84200563e-05
 1.45159885e+01 1.76051009e-04 -4.80679459e-05
 1.45292304e+01 1.75419847e-04 -4.77262985e-05
 1.45424564e+01 1.74794748e-04 -4.73884745e-05
 1.45556653e+01 1.74174717e-04 -4.70432175e-05
 1.45688571e+01 1.73556053e-04 -4.67423764e-05
 1.45820330e+01 1.72940754e-04 -4.64431962e-05
 1.45951930e+01 1.72328059e-04 -4.61719340e-05
 1.46083346e+01 1.71717415e-04 -4.58899790e-05
 1.46214617e+01 1.71108765e-04 -4.56088087e-05
 1.46345729e+01 1.70503391e-04 -4.53422519e-05
 1.46476696e+01 1.69902748e-04 -4.50825432e-05
 1.46607504e+01 1.69304002e-04 -4.48458907e-05
 1.46738180e+01 1.68702132e-04 -4.46278994e-05
 1.46868750e+01 1.68096955e-04 -4.44611435e-05
 1.46999186e+01 1.67490971e-04 -4.42816446e-05
 1.47129476e+01 1.66886752e-04 -4.41088483e-05
 1.47259634e+01 1.66285377e-04 -4.39776962e-05
 1.47389684e+01 1.65689662e-04 -4.38365374e-05
 1.47519640e+01 1.65097510e-04 -4.36931797e-05
 1.47649502e+01 1.64511574e-04 -4.36398719e-05
 1.47779271e+01 1.63929514e-04 -4.36203409e-05
 1.47908932e+01 1.63348100e-04 -4.36038892e-05
 1.48038472e+01 1.62771728e-04 -4.35742711e-05
 1.48167878e+01 1.62199677e-04 -4.35397555e-05
 1.48297176e+01 1.61629648e-04 -4.35519023e-05
 1.48426380e+01 1.61062959e-04 -4.35766709e-05
 1.48555464e+01 1.60498230e-04 -4.36088922e-05
 1.48684427e+01 1.59935631e-04 -4.36611868e-05
 1.48813283e+01 1.59377202e-04 -4.37337958e-05
 1.48942043e+01 1.58819410e-04 -4.38132866e-05
 1.49070696e+01 1.58261333e-04 -4.39314307e-05
 1.49199227e+01 1.57703845e-04 -4.40330513e-05
 1.49327611e+01 1.57149082e-04 -4.41509502e-05
 1.49455887e+01 1.56595730e-04 -4.42585984e-05
 1.49584055e+01 1.56043955e-04 -4.43524113e-05
 1.49712103e+01 1.55493701e-04 -4.44233976e-05
 1.49840041e+01 1.54945047e-04 -4.44357322e-05
 1.49967872e+01 1.54397837e-04 -4.44342305e-05
 1.50095568e+01 1.53852535e-04 -4.43962055e-05
 1.50223156e+01 1.53307190e-04 -4.43321994e-05
 1.50350624e+01 1.52764675e-04 -4.42592666e-05
 1.50477970e+01 1.52220297e-04 -4.41775354e-05
 1.50605183e+01 1.51678475e-04 -4.40649650e-05
 1.50732274e+01 1.51137001e-04 -4.39103639e-05
 1.50859244e+01 1.50593587e-04 -4.37698731e-05
 1.50986130e+01 1.50048739e-04 -4.36212234e-05
 1.51112908e+01 1.49498369e-04 -4.34485234e-05
 1.51239552e+01 1.48945145e-04 -4.32741491e-05
 1.51366088e+01 1.48393393e-04 -4.30502331e-05
 1.51492528e+01 1.47838921e-04 -4.28282128e-05
 1.51618886e+01 1.47280768e-04 -4.25740553e-05
 1.51745163e+01 1.46732184e-04 -4.24029389e-05
 1.51871318e+01 1.46186657e-04 -4.22495792e-05
 1.51997379e+01 1.45640917e-04 -4.21063593e-05
 1.52123358e+01 1.45096611e-04 -4.19597355e-05
 1.52249242e+01 1.44554650e-04 -4.18834695e-05
 1.52375043e+01 1.44011351e-04 -4.18250018e-05
 1.52500736e+01 1.43468157e-04 -4.17910675e-05
 1.52626347e+01 1.42926815e-04 -4.17795728e-05
 1.52751849e+01 1.42387670e-04 -4.17639972e-05
 1.52877255e+01 1.41849334e-04 -4.17872004e-05
 1.53002566e+01 1.41310711e-04 -4.18290748e-05
 1.53127767e+01 1.40774744e-04 -4.18818552e-05
 1.53252846e+01 1.40239634e-04 -4.19532945e-05
 1.53377777e+01 1.39705556e-04 -4.20635132e-05
 1.53502600e+01 1.39172039e-04 -4.21922143e-05
 1.53627326e+01 1.38641061e-04 -4.23261265e-05
 1.53751956e+01 1.38109928e-04 -4.24653388e-05
 1.53876453e+01 1.37581011e-04 -4.25982554e-05
 1.54000827e+01 1.37050477e-04 -4.27299713e-05
 1.54125065e+01 1.36519555e-04 -4.28497430e-05
 1.54249156e+01 1.35989829e-04 -4.29279023e-05
 1.54373125e+01 1.35459427e-04 -4.30056978e-05
 1.54496985e+01 1.34929670e-04 -4.30612017e-05
 1.54620724e+01 1.34402333e-04 -4.31174441e-05
 1.54744329e+01 1.33875686e-04 -4.31961993e-05
 1.54867798e+01 1.33344153e-04 -4.32568777e-05
 1.54991173e+01 1.32796457e-04 -4.34662095e-05
 1.55114400e+01 1.32244073e-04 -4.37324226e-05
 1.55237493e+01 1.31687364e-04 -4.40032970e-05
 1.55360438e+01 1.31128075e-04 -4.43024877e-05
 1.55483249e+01 1.30567170e-04 -4.46450937e-05
 1.55605938e+01 1.30003439e-04 -4.49782509e-05
 1.55728520e+01 1.29441330e-04 -4.53700537e-05
 1.55850980e+01 1.28877135e-04 -4.57841718e-05
 1.55973318e+01 1.28308297e-04 -4.61541195e-05
 1.56095548e+01 1.27737484e-04 -4.65088035e-05
 1.56217671e+01 1.27165028e-04 -4.68239183e-05
 1.56339683e+01 1.26590672e-04 -4.71073028e-05
 1.56461601e+01 1.26016578e-04 -4.73767869e-05
 1.56583397e+01 1.25439696e-04 -4.76425965e-05
 1.56705084e+01 1.24862976e-04 -4.78968858e-05
 1.56826675e+01 1.24284167e-04 -4.81517743e-05
 1.56948183e+01 1.23703716e-04 -4.83825419e-05
 1.57069583e+01 1.23122771e-04 -4.85973591e-05
 1.57190887e+01 1.22541851e-04 -4.88171411e-05
 1.57312057e+01 1.21959826e-04 -4.90248352e-05
 1.57433105e+01 1.21376283e-04 -4.92208017e-05
 1.57554069e+01 1.20794070e-04 -4.94095140e-05
 1.57674938e+01 1.20208523e-04 -4.95876602e-05
 1.57795673e+01 1.19622348e-04 -4.97614613e-05
 1.57916272e+01 1.19034924e-04 -4.98949259e-05
 1.58036763e+01 1.18446191e-04 -4.99982347e-05
 1.58157144e+01 1.17858263e-04 -5.00713244e-05
 1.58277403e+01 1.17268653e-04 -5.01092358e-05
 1.58397541e+01 1.16675573e-04 -5.01169713e-05
 1.58517569e+01 1.16082431e-04 -5.01537993e-05
 1.58637463e+01 1.15486209e-04 -5.01956368e-05
 1.58757260e+01 1.14889470e-04 -5.02432723e-05
 1.58876935e+01 1.14287660e-04 -5.03023341e-05
 1.58996502e+01 1.13683797e-04 -5.03475203e-05
 1.59115960e+01 1.13078497e-04 -5.03744949e-05
 1.59235309e+01 1.12468082e-04 -5.03945320e-05
 1.59354563e+01 1.11857790e-04 -5.03877886e-05
 1.59473722e+01 1.11250573e-04 -5.03937188e-05
 1.59592798e+01 1.10646237e-04 -5.04611889e-05
 1.59711779e+01 1.10041830e-04 -5.05345637e-05
 1.59830664e+01 1.09437446e-04 -5.05956520e-05
 1.59949453e+01 1.08835494e-04 -5.06589053e-05
 1.60068184e+01 1.08230410e-04 -5.06787807e-05
 1.60186834e+01 1.07624963e-04 -5.06742560e-05
 1.60305414e+01 1.07021208e-04 -5.06876363e-05
 1.60423951e+01 1.06417447e-04 -5.07016398e-05
 1.60542419e+01 1.05815556e-04 -5.07167681e-05
 1.60660830e+01 1.05210808e-04 -5.07048415e-05
 1.60779198e+01 1.04604292e-04 -5.06600639e-05
 1.60897510e+01 1.04000201e-04 -5.06303622e-05
 1.61015765e+01 1.03396350e-04 -5.06163890e-05
 1.61133909e+01 1.02793943e-04 -5.06712452e-05
 1.61252034e+01 1.02193313e-04 -5.07394703e-05
 1.61370114e+01 1.01591685e-04 -5.08241383e-05
 1.61488137e+01 1.00988395e-04 -5.09532572e-05
 1.61606103e+01 1.00388905e-04 -5.11096740e-05
 1.61724024e+01 9.97897893e-05 -5.12685735e-05
 1.61841888e+01 9.91900266e-05 -5.14279886e-05
 1.61959695e+01 9.85871703e-05 -5.16130623e-05
 1.62077445e+01 9.79843046e-05 -5.17943880e-05
 1.62195137e+01 9.73802052e-05 -5.19623305e-05
 1.62312772e+01 9.67709282e-05 -5.21128729e-05
 1.62430337e+01 9.61598638e-05 -5.22595103e-05
 1.62547832e+01 9.55450677e-05 -5.23785336e-05
 1.62665283e+01 9.49244745e-05 -5.25399863e-05
 1.62782677e+01 9.42998640e-05 -5.26848787e-05
 1.62899987e+01 9.36749276e-05 -5.28424670e-05
 1.63017215e+01 9.30472985e-05 -5.29525617e-05
 1.63134373e+01 9.24172702e-05 -5.30175767e-05
 1.63251460e+01 9.17875499e-05 -5.30959790e-05
 1.63368491e+01 9.11578787e-05 -5.31659158e-05
 1.63485466e+01 9.05283414e-05 -5.32716383e-05
 1.63602370e+01 8.99015656e-05 -5.33681110e-05
 1.63719204e+01 8.92717859e-05 -5.34335089e-05
 1.63835993e+01 8.86462119e-05 -5.34821336e-05
 1.63952739e+01 8.80210947e-05 -5.35435927e-05
 1.64069415e+01 8.73979203e-05 -5.35570646e-05
 1.64186047e+01 8.67750393e-05 -5.35404235e-05
 1.64302622e+01 8.61545899e-05 -5.35163143e-05
 1.64419140e+01 8.55315529e-05 -5.35165986e-05
 1.64535601e+01 8.49107431e-05 -5.35360117e-05
 1.64652031e+01 8.42940108e-05 -5.35576666e-05
 1.64768417e+01 8.36783838e-05 -5.35984519e-05
 1.64884759e+01 8.30605693e-05 -5.36905718e-05
 1.65001057e+01 8.24421392e-05 -5.37652684e-05
 1.65117311e+01 8.18277797e-05 -5.38286655e-05
 1.65233519e+01 8.12166301e-05 -5.39041134e-05
 1.65349684e+01 8.06059712e-05 -5.39521001e-05
 1.65465791e+01 7.99973388e-05 -5.39696177e-05
 1.65581841e+01 7.93903105e-05 -5.39786757e-05
 1.65697820e+01 7.87831586e-05 -5.39920997e-05
 1.65813742e+01 7.81755743e-05 -5.39670198e-05
 1.65929607e+01 7.75663399e-05 -5.39348286e-05
 1.66045390e+01 7.69555606e-05 -5.38764816e-05
 1.66161102e+01 7.63465194e-05 -5.37937301e-05
 1.66276756e+01 7.57369658e-05 -5.36719568e-05
 1.66392340e+01 7.51194305e-05 -5.35432980e-05
 1.66507853e+01 7.44983456e-05 -5.34063578e-05
 1.66623282e+01 7.38767838e-05 -5.32018553e-05
 1.66738627e+01 7.32532963e-05 -5.29374801e-05
 1.66853902e+01 7.26275306e-05 -5.26354187e-05
 1.66969092e+01 7.20023791e-05 -5.22996645e-05
 1.67084227e+01 7.13923790e-05 -5.20844017e-05
 1.67199278e+01 7.07866381e-05 -5.19116746e-05
 1.67314247e+01 7.01825093e-05 -5.17700187e-05
 1.67429145e+01 6.95808632e-05 -5.16573081e-05
 1.67543973e+01 6.89845205e-05 -5.15211765e-05
 1.67658717e+01 6.83906945e-05 -5.13761773e-05
 1.67773391e+01 6.77990516e-05 -5.12452983e-05
 1.67887995e+01 6.72119102e-05 -5.11269212e-05
 1.68002540e+01 6.66270545e-05 -5.09997232e-05
 1.68117015e+01 6.60450536e-05 -5.08631236e-05
 1.68231419e+01 6.54649429e-05 -5.07209999e-05
 1.68345766e+01 6.48869274e-05 -5.05659309e-05
 1.68460055e+01 6.43092415e-05 -5.04186677e-05
 1.68574247e+01 6.37326501e-05 -5.03348565e-05
 1.68688368e+01 6.31567999e-05 -5.02612733e-05
 1.68802431e+01 6.25854513e-05 -5.01764015e-05
 1.68916437e+01 6.20172099e-05 -5.00800714e-05
 1.69030371e+01 6.14492218e-05 -5.00030129e-05
 1.69144235e+01 6.08821341e-05 -4.99375693e-05
 1.69258027e+01 6.03169727e-05 -4.98713434e-05
 1.69371747e+01 5.97538649e-05 -4.98059575e-05
 1.69485398e+01 5.91905783e-05 -4.97154017e-05
 1.69598964e+01 5.86289080e-05 -4.96647090e-05
 1.69712459e+01 5.80672727e-05 -4.96135350e-05
 1.69825871e+01 5.75035532e-05 -4.95728014e-05
 1.69939212e+01 5.69411617e-05 -4.95020338e-05
 1.70052495e+01 5.63673756e-05 -4.95272876e-05
 1.70165709e+01 5.57889325e-05 -4.95779798e-05
 1.70278850e+01 5.52112490e-05 -4.96410119e-05
 1.70391921e+01 5.46324486e-05 -4.97300658e-05
 1.70504894e+01 5.40570685e-05 -4.98003244e-05
 1.70617770e+01 5.34833761e-05 -4.98533540e-05
 1.70730574e+01 5.29136246e-05 -4.99470304e-05
 1.70843307e+01 5.23443848e-05 -5.00523787e-05
 1.70955969e+01 5.17756462e-05 -5.01345911e-05
 1.71068547e+01 5.12084765e-05 -5.02496734e-05
 1.71181042e+01 5.06445126e-05 -5.03045066e-05
 1.71293464e+01 5.00808924e-05 -5.03270143e-05
 1.71405815e+01 4.95222877e-05 -5.03166914e-05
 1.71518134e+01 4.89642533e-05 -5.03140885e-05
 1.71630381e+01 4.84058880e-05 -5.03139242e-05
 1.71742571e+01 4.78470295e-05 -5.03050210e-05
 1.71854727e+01 4.72876277e-05 -5.03078908e-05
 1.71966839e+01 4.67295447e-05 -5.02704222e-05
 1.72078879e+01 4.61755099e-05 -5.01911864e-05
 1.72190846e+01 4.56225151e-05 -5.01489385e-05
 1.72302768e+01 4.50707666e-05 -5.00921860e-05
 1.72414631e+01 4.45234497e-05 -5.00024676e-05
 1.72526436e+01 4.39798530e-05 -4.98812289e-05
 1.72638168e+01 4.34373748e-05 -4.97608727e-05
 1.72749856e+01 4.28975780e-05 -4.96361414e-05
 1.72861498e+01 4.23586184e-05 -4.94964821e-05
 1.72973068e+01 4.18199267e-05 -4.93232479e-05
 1.73084592e+01 4.12861192e-05 -4.91099883e-05
 1.73196070e+01 4.07541696e-05 -4.89300397e-05
 1.73307489e+01 4.02237723e-05 -4.86830182e-05
 1.73418863e+01 3.96980131e-05 -4.83594405e-05
 1.73530191e+01 3.91738001e-05 -4.80092496e-05
 1.73641473e+01 3.86511163e-05 -4.76819883e-05
 1.73752671e+01 3.81296863e-05 -4.73237175e-05
 1.73863809e+01 3.76122493e-05 -4.69036027e-05
 1.73974888e+01 3.70979109e-05 -4.64912644e-05
 1.74085908e+01 3.65884155e-05 -4.60412331e-05
 1.74196868e+01 3.60832855e-05 -4.55747367e-05
 1.74307809e+01 3.55867065e-05 -4.51432049e-05
 1.74418715e+01 3.50978545e-05 -4.46878853e-05
 1.74529589e+01 3.46154376e-05 -4.41979059e-05
 1.74640418e+01 3.41363651e-05 -4.36918409e-05
 1.74751225e+01 3.36608419e-05 -4.31818976e-05
 1.74862012e+01 3.31919565e-05 -4.26585994e-05
 1.74972780e+01 3.27259069e-05 -4.21466741e-05
 1.75083513e+01 3.22669670e-05 -4.16468482e-05
 1.75194226e+01 3.18152098e-05 -4.10909477e-05
 1.75304932e+01 3.13685557e-05 -4.05510854e-05
 1.75415616e+01 3.09251713e-05 -3.99766187e-05
 1.75526306e+01 3.04890652e-05 -3.94115588e-05
 1.75637000e+01 3.00553706e-05 -3.88165970e-05
 1.75747646e+01 2.96233674e-05 -3.83055072e-05
 1.75858296e+01 2.91958796e-05 -3.77961175e-05
 1.75968951e+01 2.87777284e-05 -3.73078012e-05
 1.76079611e+01 2.83622427e-05 -3.68672605e-05
 1.76190290e+01 2.79483728e-05 -3.64132178e-05
 1.76301000e+01 2.75396854e-05 -3.59659574e-05
 1.76411728e+01 2.71377040e-05 -3.55822842e-05
 1.76522474e+01 2.67371149e-05 -3.52549006e-05
 1.76633238e+01 2.63386214e-05 -3.49142468e-05
 1.76744045e+01 2.59414823e-05 -3.45928163e-05
 1.76854896e+01 2.55456559e-05 -3.42750901e-05
 1.76965791e+01 2.51522966e-05 -3.39352555e-05
 1.77076731e+01 2.47600706e-05 -3.35939030e-05
 1.77187689e+01 2.43655977e-05 -3.33570667e-05
 1.77298691e+01 2.39694076e-05 -3.31713638e-05
 1.77409709e+01 2.35767867e-05 -3.30208073e-05
 1.77520732e+01 2.31873823e-05 -3.28944724e-05
 1.77631784e+01 2.27999123e-05 -3.27531734e-05
 1.77742881e+01 2.24162895e-05 -3.25706131e-05
 1.77854021e+01 2.20417738e-05 -3.24394674e-05
 1.77965192e+01 2.16724057e-05 -3.23638253e-05
 1.78076394e+01 2.13047692e-05 -3.22693221e-05
 1.78187626e+01 2.09399191e-05 -3.21743281e-05
 1.78298914e+01 2.05803655e-05 -3.20887717e-05
 1.78410245e+01 2.02235910e-05 -3.20065081e-05
 1.78521620e+01 1.98694779e-05 -3.18982626e-05
 1.78633063e+01 1.95193026e-05 -3.18040095e-05
 1.78744550e+01 1.91728350e-05 -3.17314033e-05
 1.78856093e+01 1.88289546e-05 -3.16935465e-05
 1.78967705e+01 1.84857331e-05 -3.16186019e-05
 1.79079348e+01 1.81434654e-05 -3.15388406e-05
 1.79191020e+01 1.78047218e-05 -3.14639637e-05
 1.79302721e+01 1.74688191e-05 -3.13655729e-05
 1.79414491e+01 1.71342705e-05 -3.12628611e-05
 1.79526318e+01 1.67990226e-05 -3.11579814e-05
 1.79638202e+01 1.64638492e-05 -3.10561980e-05
 1.79750141e+01 1.61304736e-05 -3.09105288e-05
 1.79862136e+01 1.57996947e-05 -3.07556778e-05
 1.79974162e+01 1.54727108e-05 -3.06064170e-05
 1.80086217e+01 1.51501381e-05 -3.04074299e-05
 1.80198302e+01 1.48259358e-05 -3.01658671e-05
 1.80310443e+01 1.45037573e-05 -2.98599939e-05
 1.80422626e+01 1.41847382e-05 -2.95435592e-05
 1.80534838e+01 1.38671725e-05 -2.92075536e-05
 1.80647093e+01 1.35508229e-05 -2.88440087e-05
 1.80759416e+01 1.32334093e-05 -2.84540127e-05
 1.80871770e+01 1.29142487e-05 -2.80474953e-05
 1.80984153e+01 1.25972807e-05 -2.76274770e-05
 1.81096578e+01 1.22831347e-05 -2.71752354e-05
 1.81209034e+01 1.19730066e-05 -2.67017910e-05
 1.81321506e+01 1.16642553e-05 -2.61816025e-05
 1.81434021e+01 1.13689635e-05 -2.57628854e-05
 1.81546553e+01 1.10812713e-05 -2.53799162e-05
 1.81659102e+01 1.07967204e-05 -2.49902492e-05
 1.81771666e+01 1.05183218e-05 -2.46313230e-05
 1.81884246e+01 1.02444951e-05 -2.42296568e-05
 1.81996804e+01 9.97219170e-06 -2.38319858e-05
 1.82109351e+01 9.70511595e-06 -2.34088800e-05
 1.82221887e+01 9.44357514e-06 -2.29986867e-05
 1.82334401e+01 9.18430918e-06 -2.26086935e-05
 1.82446880e+01 8.92833945e-06 -2.22762494e-05
 1.82559310e+01 8.67130365e-06 -2.19442682e-05
 1.82671691e+01 8.41836296e-06 -2.16047805e-05
 1.82784036e+01 8.16875907e-06 -2.12153391e-05
 1.82896317e+01 7.92150353e-06 -2.08955978e-05
 1.83008534e+01 7.67863060e-06 -2.06255920e-05
 1.83120716e+01 7.44101552e-06 -2.03619650e-05
 1.83232849e+01 7.20800452e-06 -2.01374878e-05
 1.83344920e+01 6.97576688e-06 -1.99385931e-05
 1.83456929e+01 6.74313491e-06 -1.97350055e-05
 1.83568863e+01 6.51522694e-06 -1.95498589e-05
 1.83680721e+01 6.29041276e-06 -1.93719157e-05
 1.83792529e+01 6.06566134e-06 -1.91949124e-05
 1.83904289e+01 5.84120644e-06 -1.90176601e-05
 1.84015986e+01 5.62031655e-06 -1.88503143e-05
 1.84127620e+01 5.40250990e-06 -1.86886389e-05
 1.84239191e+01 5.18888151e-06 -1.85364939e-05
 1.84350702e+01 4.96756742e-06 -1.85235010e-05
 1.84462138e+01 4.72506053e-06 -1.87337379e-05
 1.84573473e+01 4.47284906e-06 -1.91291580e-05
 1.84684722e+01 4.21383959e-06 -1.95914954e-05
 1.84795933e+01 3.94635810e-06 -2.00884257e-05
 1.84907109e+01 3.67533239e-06 -2.06257388e-05
 1.85018250e+01 3.40550723e-06 -2.11991356e-05
 1.85129342e+01 3.13492851e-06 -2.17990859e-05
 1.85240384e+01 2.86165370e-06 -2.23944699e-05
 1.85351376e+01 2.59005422e-06 -2.30049145e-05
 1.85462319e+01 2.32330523e-06 -2.35218691e-05
 1.85573212e+01 2.05988704e-06 -2.39873532e-05
 1.85684081e+01 1.80128752e-06 -2.43718148e-05
 1.85794926e+01 1.54281180e-06 -2.46779638e-05
 1.85905749e+01 1.28461233e-06 -2.49341416e-05
 1.86016534e+01 1.03093391e-06 -2.51252103e-05
 1.86127283e+01 7.81230206e-07 -2.52651585e-05
 1.86238009e+01 5.31302918e-07 -2.53635873e-05
 1.86348685e+01 2.86432936e-07 -2.54312702e-05
 1.86459298e+01 4.66167486e-08 -2.54268633e-05
 1.86569887e+01 -1.91098088e-07 -2.53180208e-05
 1.86680453e+01 -4.25594500e-07 -2.51640250e-05
 1.86790968e+01 -6.55868989e-07 -2.49227528e-05
 1.86901433e+01 -8.83962237e-07 -2.46023320e-05
 1.87011875e+01 -1.11023802e-06 -2.42416271e-05
 1.87122292e+01 -1.32784653e-06 -2.38219344e-05
 1.87232686e+01 -1.54211071e-06 -2.33156910e-05
 1.87343056e+01 -1.75475632e-06 -2.27182279e-05
 1.87453389e+01 -1.96260335e-06 -2.20852584e-05
 1.87563686e+01 -2.16749455e-06 -2.14038554e-05
 1.87673985e+01 -2.36803618e-06 -2.06501035e-05
 1.87784261e+01 -2.56333271e-06 -1.98318968e-05
 1.87894527e+01 -2.75567009e-06 -1.90412919e-05
 1.88004795e+01 -2.94750284e-06 -1.82510259e-05
 1.88115065e+01 -3.13467949e-06 -1.74444944e-05
 1.88225362e+01 -3.31368163e-06 -1.65899910e-05
 1.88335687e+01 -3.48987804e-06 -1.56936919e-05
 1.88446015e+01 -3.66215908e-06 -1.47889769e-05
 1.88556371e+01 -3.82134023e-06 -1.39250962e-05
 1.88666781e+01 -3.96805833e-06 -1.30605234e-05
 1.88777220e+01 -4.10556150e-06 -1.21637216e-05
 1.88887712e+01 -4.23618315e-06 -1.12686925e-05
 1.88998245e+01 -4.36010707e-06 -1.03783455e-05
 1.89108819e+01 -4.47796849e-06 -9.45815038e-06
 1.89219459e+01 -4.58753823e-06 -8.48201853e-06
 1.89330167e+01 -4.68988607e-06 -7.52986797e-06
 1.89440928e+01 -4.78540015e-06 -6.59730575e-06
 1.89551743e+01 -4.87254986e-06 -5.67646918e-06
 1.89662613e+01 -4.95231359e-06 -4.74520144e-06
 1.89773536e+01 -5.02236096e-06 -3.80675629e-06
 1.89884514e+01 -5.08875091e-06 -2.90862599e-06
 1.89995493e+01 -5.14943937e-06 -2.10367656e-06
 1.90106546e+01 -5.20150569e-06 -1.42468160e-06
 1.90217677e+01 -5.25016919e-06 -8.95305812e-07
 1.90328873e+01 -5.29643236e-06 -4.57589204e-07
 1.90440096e+01 -5.33581391e-06 -9.57409456e-08
 1.90551344e+01 -5.37128336e-06 2.02568799e-07
 1.90662617e+01 -5.40456115e-06 4.69951366e-07
 1.90773917e+01 -5.43632055e-06 6.55697450e-07
 1.90885245e+01 -5.46793482e-06 7.04489221e-07
 1.90996586e+01 -5.50003120e-06 6.38764828e-07
 1.91107941e+01 -5.53160970e-06 5.62502074e-07
 1.91219324e+01 -5.55982310e-06 4.79585965e-07
 1.91330721e+01 -5.58818294e-06 3.50291773e-07
 1.91442133e+01 -5.62309323e-06 1.43502926e-07
 1.91553545e+01 -5.65937684e-06 -1.52232176e-07
 1.91664972e+01 -5.69875986e-06 -4.61059102e-07
 1.91776412e+01 -5.73770355e-06 -7.76875894e-07
 1.91887879e+01 -5.77589949e-06 -1.12689494e-06
 1.91999386e+01 -5.81606092e-06 -1.50803467e-06
 1.92110934e+01 -5.85855143e-06 -1.95236358e-06
 1.92222496e+01 -5.90033066e-06 -2.46172646e-06
 1.92334073e+01 -5.94336446e-06 -3.00875404e-06
 1.92445689e+01 -5.98566715e-06 -3.53323064e-06
 1.92557332e+01 -6.02940532e-06 -4.06667520e-06
 1.92668988e+01 -6.07426618e-06 -4.60982519e-06
 1.92780660e+01 -6.11917957e-06 -5.10463065e-06
 1.92892344e+01 -6.16539466e-06 -5.59058964e-06
 1.93004043e+01 -6.21254333e-06 -6.08187030e-06
 1.93115782e+01 -6.26110617e-06 -6.56296509e-06
 1.93227559e+01 -6.31288788e-06 -7.00401489e-06
 1.93339351e+01 -6.36572198e-06 -7.44999053e-06
 1.93451170e+01 -6.42404483e-06 -7.87338948e-06
 1.93562989e+01 -6.48724106e-06 -8.30027845e-06
 1.93674820e+01 -6.55015331e-06 -8.71370975e-06
 1.93786665e+01 -6.61428041e-06 -9.13213494e-06
 1.93898511e+01 -6.67961340e-06 -9.53584064e-06
 1.94010358e+01 -6.74784292e-06 -9.89630333e-06
 1.94122217e+01 -6.82052358e-06 -1.01892471e-05
 1.94234104e+01 -6.89632734e-06 -1.04692233e-05
 1.94345979e+01 -6.97801006e-06 -1.07163300e-05
 1.94457855e+01 -7.06434628e-06 -1.08694444e-05
 1.94569718e+01 -7.15747614e-06 -1.09932996e-05
 1.94681583e+01 -7.25485228e-06 -1.10844249e-05
 1.94793462e+01 -7.35434046e-06 -1.11021897e-05
 1.94905342e+01 -7.46039166e-06 -1.10422968e-05
 1.95017222e+01 -7.57384225e-06 -1.09214571e-05
 1.95129104e+01 -7.69277816e-06 -1.07420960e-05
 1.95240973e+01 -7.81624053e-06 -1.04760545e-05
 1.95352842e+01 -7.94413282e-06 -1.00893216e-05
 1.95464713e+01 -8.07613975e-06 -9.56224394e-06
 1.95576583e+01 -8.21327838e-06 -8.92047375e-06
 1.95688494e+01 -8.34368746e-06 -8.28040146e-06
 1.95800394e+01 -8.45636424e-06 -7.79510658e-06
 1.95912297e+01 -8.55672061e-06 -7.41932318e-06
 1.96024200e+01 -8.64989499e-06 -7.09735673e-06
 1.96136118e+01 -8.73692528e-06 -6.82940558e-06
 1.96248052e+01 -8.82067496e-06 -6.63018001e-06
 1.96360001e+01 -8.89971278e-06 -6.44144513e-06
 1.96471963e+01 -8.97114333e-06 -6.26009684e-06
 1.96583939e+01 -9.03943553e-06 -6.15699753e-06
 1.96695955e+01 -9.10635969e-06 -6.12780776e-06
 1.96807997e+01 -9.17658886e-06 -6.08394538e-06
 1.96920042e+01 -9.24720097e-06 -6.03213271e-06
 1.97032073e+01 -9.31838359e-06 -5.94639652e-06
 1.97144091e+01 -9.38679427e-06 -5.87770432e-06
 1.97256135e+01 -9.45186658e-06 -5.82180727e-06
 1.97368168e+01 -9.51834083e-06 -5.78240502e-06
 1.97480188e+01 -9.58506075e-06 -5.74750126e-06
 1.97592183e+01 -9.64825226e-06 -5.73169095e-06
 1.97704152e+01 -9.71074412e-06 -5.73393180e-06
 1.97816096e+01 -9.77397152e-06 -5.73277352e-06
 1.97928040e+01 -9.83868815e-06 -5.72017151e-06
 1.98039983e+01 -9.90228799e-06 -5.71280364e-06
 1.98151902e+01 -9.96688059e-06 -5.67416078e-06
 1.98263822e+01 -1.00313097e-05 -5.63330198e-06
 1.98375742e+01 -1.00944168e-05 -5.61773362e-06
 1.98487663e+01 -1.01574202e-05 -5.53553381e-06
 1.98599586e+01 -1.02319341e-05 -5.57089653e-06
 1.98711497e+01 -1.03114430e-05 -5.64963961e-06
 1.98823383e+01 -1.03913582e-05 -5.72562238e-06
 1.98935244e+01 -1.04732098e-05 -5.83858909e-06
 1.99047106e+01 -1.05597391e-05 -5.96865708e-06
 1.99158968e+01 -1.06470007e-05 -6.08099594e-06
 1.99270858e+01 -1.07286323e-05 -6.21698575e-06
 1.99382750e+01 -1.08069992e-05 -6.39264276e-06
 1.99494644e+01 -1.08839656e-05 -6.57742652e-06
 1.99606537e+01 -1.09635738e-05 -6.74219215e-06
 1.99718433e+01 -1.10402030e-05 -6.89488353e-06
 1.99830329e+01 -1.11113823e-05 -7.04008098e-06
 1.99942212e+01 -1.11834904e-05 -7.18545873e-06
 2.00054095e+01 -1.12539788e-05 -7.27182513e-06
 2.00165980e+01 -1.13235262e-05 -7.30320312e-06
 2.00277864e+01 -1.13927849e-05 -7.35585761e-06
 2.00389762e+01 -1.14630597e-05 -7.43181020e-06
 2.00501649e+01 -1.15331288e-05 -7.47489744e-06
 2.00613522e+01 -1.16027814e-05 -7.44486044e-06
 2.00725369e+01 -1.16734404e-05 -7.45112555e-06
 2.00837191e+01 -1.17420432e-05 -7.44288610e-06
 2.00949015e+01 -1.18112712e-05 -7.41671666e-06
 2.01060812e+01 -1.18804437e-05 -7.34827855e-06
 2.01172583e+01 -1.19505017e-05 -7.21560666e-06
 2.01284329e+01 -1.20167458e-05 -7.08575495e-06
 2.01396077e+01 -1.20800332e-05 -6.94144548e-06
 2.01507799e+01 -1.21455966e-05 -6.77062561e-06
 2.01619496e+01 -1.22095170e-05 -6.62710408e-06
 2.01731182e+01 -1.22687162e-05 -6.44813081e-06
 2.01842855e+01 -1.23314726e-05 -6.26112641e-06
 2.01954514e+01 -1.23963602e-05 -6.07310591e-06
 2.02066161e+01 -1.24623745e-05 -5.84281857e-06
 2.02177797e+01 -1.25279089e-05 -5.59042642e-06
 2.02289419e+01 -1.25908682e-05 -5.38568573e-06
 2.02401017e+01 -1.26507565e-05 -5.22267617e-06
 2.02512616e+01 -1.27098657e-05 -5.03583387e-06
 2.02624227e+01 -1.27714966e-05 -4.80544572e-06
 2.02735865e+01 -1.28323757e-05 -4.57124084e-06
 2.02847544e+01 -1.28837810e-05 -4.32834304e-06
 2.02959223e+01 -1.29311890e-05 -4.10651402e-06
 2.03070942e+01 -1.29764594e-05 -3.90125174e-06
 2.03182700e+01 -1.30210476e-05 -3.67617269e-06
 2.03294486e+01 -1.30649561e-05 -3.43318982e-06
 2.03406311e+01 -1.31068869e-05 -3.20148127e-06
 2.03518163e+01 -1.31438837e-05 -2.99453105e-06
 2.03630030e+01 -1.31774560e-05 -2.81052370e-06
 2.03741923e+01 -1.32070993e-05 -2.63276315e-06
 2.03853856e+01 -1.32360253e-05 -2.42769368e-06
 2.03965816e+01 -1.32598612e-05 -2.19613145e-06
 2.04077790e+01 -1.32818628e-05 -1.97314359e-06
 2.04189790e+01 -1.33032857e-05 -1.70889837e-06
 2.04301802e+01 -1.33211846e-05 -1.47838256e-06
 2.04413853e+01 -1.33353841e-05 -1.25221771e-06
 2.04525955e+01 -1.33497796e-05 -1.04621626e-06
 2.04638097e+01 -1.33653647e-05 -8.69716311e-07
 2.04750277e+01 -1.33794874e-05 -7.20518805e-07
 2.04862483e+01 -1.33919007e-05 -6.06101141e-07
 2.04974690e+01 -1.34027956e-05 -5.20163351e-07
 2.05086922e+01 -1.34137888e-05 -4.09540206e-07
 2.05199194e+01 -1.34223079e-05 -2.84998613e-07
 2.05311504e+01 -1.34299703e-05 -1.68880924e-07
 2.05423840e+01 -1.34412696e-05 -8.10858984e-08
 2.05536204e+01 -1.34536919e-05 3.19501070e-08
 2.05648595e+01 -1.34665929e-05 1.05958936e-07
 2.05761026e+01 -1.34799246e-05 1.32644553e-07
 2.05873483e+01 -1.34940387e-05 1.76855145e-07
 2.05985967e+01 -1.35066428e-05 1.65681101e-07
 2.06098464e+01 -1.35182817e-05 1.15687574e-07
 2.06210987e+01 -1.35315851e-05 6.65982211e-08
 2.06323537e+01 -1.35415770e-05 2.45284587e-08
 2.06436139e+01 -1.35492372e-05 -6.69651317e-08
 2.06548794e+01 -1.35537187e-05 -1.68223762e-07
 2.06661488e+01 -1.35563291e-05 -2.76155997e-07
 2.06774235e+01 -1.35607350e-05 -4.02915417e-07
 2.06887022e+01 -1.35662092e-05 -5.22482649e-07
 2.06999861e+01 -1.35728046e-05 -6.51523290e-07
 2.07112700e+01 -1.35812368e-05 -7.67139424e-07
 2.07225592e+01 -1.35890858e-05 -8.68302392e-07
 2.07338534e+01 -1.35984432e-05 -9.70199016e-07
 2.07451504e+01 -1.36080531e-05 -1.04138722e-06
 2.07564499e+01 -1.36166744e-05 -1.11618198e-06
 2.07677521e+01 -1.36216377e-05 -1.20307901e-06
 2.07790569e+01 -1.36281536e-05 -1.28622103e-06
 2.07903644e+01 -1.36409872e-05 -1.36860692e-06
 2.08016731e+01 -1.36547617e-05 -1.48620079e-06
 2.08129832e+01 -1.36674974e-05 -1.62566885e-06
 2.08242945e+01 -1.36795502e-05 -1.77526716e-06
 2.08356072e+01 -1.36885423e-05 -1.89681218e-06
 2.08469225e+01 -1.36980142e-05 -1.99494653e-06
 2.08582378e+01 -1.37106587e-05 -2.06470999e-06
 2.08695532e+01 -1.37278383e-05 -2.13021515e-06
 2.08808686e+01 -1.37451886e-05 -2.20322307e-06
 2.08921827e+01 -1.37628671e-05 -2.26730421e-06
 2.09034980e+01 -1.37816711e-05 -2.29795218e-06
 2.09148121e+01 -1.38016088e-05 -2.31967058e-06
 2.09261275e+01 -1.38226832e-05 -2.31140509e-06
 2.09374455e+01 -1.38470435e-05 -2.30496801e-06
 2.09487622e+01 -1.38767522e-05 -2.30269196e-06
 2.09600777e+01 -1.39096858e-05 -2.27993169e-06
 2.09713919e+01 -1.39440960e-05 -2.20715212e-06
 2.09827074e+01 -1.39798539e-05 -2.11036440e-06
 2.09940217e+01 -1.40196888e-05 -1.95183709e-06
 2.10053361e+01 -1.40500931e-05 -1.88252798e-06
 2.10166505e+01 -1.40744902e-05 -1.81892345e-06
 2.10279623e+01 -1.40966909e-05 -1.73546659e-06
 2.10392729e+01 -1.41169034e-05 -1.70236100e-06
 2.10505796e+01 -1.41337217e-05 -1.71361716e-06
 2.10618851e+01 -1.41521044e-05 -1.75264218e-06
 2.10731906e+01 -1.41713270e-05 -1.77119968e-06
 2.10844948e+01 -1.41891328e-05 -1.79092649e-06
 2.10957952e+01 -1.42060668e-05 -1.80257354e-06
 2.11070918e+01 -1.42195209e-05 -1.80916126e-06
 2.11183857e+01 -1.42329053e-05 -1.81673858e-06
 2.11296770e+01 -1.42478398e-05 -1.80288569e-06
 2.11409656e+01 -1.42615465e-05 -1.81433771e-06
 2.11522490e+01 -1.42788121e-05 -1.81926124e-06
 2.11635285e+01 -1.42967548e-05 -1.78977793e-06
 2.11748053e+01 -1.43128321e-05 -1.76364878e-06
 2.11860783e+01 -1.43280511e-05 -1.77500351e-06
 2.11973474e+01 -1.43466690e-05 -1.82150871e-06
 2.12086127e+01 -1.43700621e-05 -1.85132642e-06
 2.12198728e+01 -1.43915550e-05 -1.90768865e-06
 2.12311276e+01 -1.44121493e-05 -1.91372407e-06
 2.12423773e+01 -1.44325903e-05 -1.91371866e-06
 2.12536216e+01 -1.44520003e-05 -1.88460479e-06
 2.12648634e+01 -1.44736879e-05 -1.85224931e-06
 2.12760988e+01 -1.44994132e-05 -1.84237463e-06
 2.12873328e+01 -1.45266532e-05 -1.81881743e-06
 2.12985630e+01 -1.45662892e-05 -1.95113878e-06
 2.13097882e+01 -1.46101033e-05 -2.15081957e-06
 2.13210095e+01 -1.46603096e-05 -2.33675852e-06
 2.13322269e+01 -1.47134543e-05 -2.58639950e-06
 2.13434406e+01 -1.47673812e-05 -2.85547375e-06
 2.13546517e+01 -1.48231305e-05 -3.13358920e-06
 2.13658590e+01 -1.48787594e-05 -3.42264681e-06
 2.13770663e+01 -1.49331879e-05 -3.72740549e-06
 2.13882737e+01 -1.49861703e-05 -4.02418329e-06
 2.13994772e+01 -1.50401350e-05 -4.30819145e-06
 2.14106769e+01 -1.50923021e-05 -4.55684327e-06
 2.14218715e+01 -1.51449818e-05 -4.81962776e-06
 2.14330623e+01 -1.52004419e-05 -5.02399272e-06
 2.14442517e+01 -1.52526887e-05 -5.19347212e-06
 2.14554385e+01 -1.53013862e-05 -5.32204353e-06
 2.14666241e+01 -1.53479157e-05 -5.41153458e-06
 2.14778072e+01 -1.53935628e-05 -5.48499423e-06
 2.14889876e+01 -1.54417352e-05 -5.60017056e-06
 2.15001642e+01 -1.54894480e-05 -5.69585522e-06
 2.15113344e+01 -1.55345015e-05 -5.77257207e-06
 2.15225031e+01 -1.55752575e-05 -5.79755319e-06
 2.15336706e+01 -1.56171195e-05 -5.83172433e-06
 2.15448355e+01 -1.56617925e-05 -5.83016006e-06
 2.15559977e+01 -1.57026210e-05 -5.78093464e-06
 2.15671587e+01 -1.57405473e-05 -5.67846148e-06
 2.15783184e+01 -1.57801308e-05 -5.54412745e-06
 2.15894742e+01 -1.58195903e-05 -5.32982335e-06
 2.16006276e+01 -1.58564614e-05 -5.08876474e-06
 2.16117797e+01 -1.58911557e-05 -4.85183818e-06
 2.16229318e+01 -1.59261512e-05 -4.60626067e-06
 2.16340826e+01 -1.59607415e-05 -4.36995393e-06
 2.16452309e+01 -1.59942230e-05 -4.12743365e-06
 2.16563792e+01 -1.60299455e-05 -3.87364832e-06
 2.16675263e+01 -1.60692120e-05 -3.60165784e-06
 2.16786720e+01 -1.61073768e-05 -3.27893542e-06
 2.16898192e+01 -1.61396456e-05 -2.94631957e-06
 2.17009677e+01 -1.61715169e-05 -2.60159001e-06
 2.17121176e+01 -1.62011271e-05 -2.26883934e-06
 2.17232688e+01 -1.62250960e-05 -1.94372391e-06
 2.17344241e+01 -1.62488062e-05 -1.62557045e-06
 2.17455794e+01 -1.62701162e-05 -1.32476347e-06
 2.17567373e+01 -1.62871761e-05 -1.01557154e-06
 2.17678979e+01 -1.62991867e-05 -7.05077288e-07
 2.17790610e+01 -1.63106824e-05 -3.89105709e-07
 2.17902267e+01 -1.63199405e-05 -8.10804012e-08
 2.18013951e+01 -1.63283589e-05 2.47937963e-07
 2.18125662e+01 -1.63333757e-05 6.14185970e-07
 2.18237399e+01 -1.63339189e-05 9.71036592e-07
 2.18349150e+01 -1.63334724e-05 1.28590961e-06
 2.18460940e+01 -1.63307551e-05 1.54733496e-06
 2.18572730e+01 -1.63238740e-05 1.80040309e-06
 2.18684505e+01 -1.63125612e-05 2.02880852e-06
 2.18796304e+01 -1.62970472e-05 2.23362268e-06
 2.18908130e+01 -1.62808441e-05 2.40849432e-06
 2.19019980e+01 -1.62662065e-05 2.52883392e-06
 2.19131843e+01 -1.62489704e-05 2.69263290e-06
 2.19243691e+01 -1.62281742e-05 2.85992533e-06
 2.19355565e+01 -1.62017144e-05 2.99771331e-06
 2.19467426e+01 -1.61772755e-05 3.03770039e-06
 2.19579260e+01 -1.61518671e-05 3.06198913e-06
 2.19691106e+01 -1.61250224e-05 3.07547941e-06
 2.19802979e+01 -1.61015079e-05 3.10806535e-06
 2.19914864e+01 -1.60812054e-05 3.10932673e-06
 2.20026762e+01 -1.60613946e-05 3.07438779e-06
 2.20138674e+01 -1.60415049e-05 2.99192982e-06
 2.20250572e+01 -1.60233944e-05 2.88369326e-06
 2.20362458e+01 -1.60075781e-05 2.75181105e-06
 2.20474344e+01 -1.59930406e-05 2.62066692e-06
 2.20586256e+01 -1.59792056e-05 2.45978069e-06
 2.20698193e+01 -1.59670646e-05 2.29708643e-06
 2.20810157e+01 -1.59538302e-05 2.11982015e-06
 2.20922109e+01 -1.59386517e-05 1.90897183e-06
 2.21034060e+01 -1.59231713e-05 1.66216243e-06
 2.21146024e+01 -1.59085045e-05 1.40854907e-06
 2.21257975e+01 -1.58946473e-05 1.15630614e-06
 2.21369914e+01 -1.58821890e-05 8.94507278e-07
 2.21481840e+01 -1.58709950e-05 6.22353992e-07
 2.21593779e+01 -1.58594650e-05 4.15830351e-07
 2.21705730e+01 -1.58500784e-05 2.39479153e-07
 2.21817681e+01 -1.58426528e-05 2.68538817e-08
 2.21929619e+01 -1.58381420e-05 -2.17542309e-07
 2.22041544e+01 -1.58309515e-05 -4.65599506e-07
 2.22153482e+01 -1.58243675e-05 -6.97786344e-07
 2.22265380e+01 -1.58197030e-05 -9.37695257e-07
 2.22377291e+01 -1.58164145e-05 -1.17770245e-06
 2.22489201e+01 -1.58164077e-05 -1.38414867e-06
 2.22601073e+01 -1.58178871e-05 -1.55329728e-06
 2.22712918e+01 -1.58202587e-05 -1.70008993e-06
 2.22824723e+01 -1.58230933e-05 -1.81887804e-06
 2.22936515e+01 -1.58280505e-05 -1.93933406e-06
 2.23048254e+01 -1.58341386e-05 -2.00818695e-06
 2.23159980e+01 -1.58410590e-05 -2.01139125e-06
 2.23271679e+01 -1.58487952e-05 -1.98041082e-06
 2.23383352e+01 -1.58568534e-05 -1.95847260e-06
 2.23494987e+01 -1.58657495e-05 -1.94504309e-06
 2.23606582e+01 -1.58762952e-05 -1.90028863e-06
 2.23718151e+01 -1.58944229e-05 -1.83294904e-06
 2.23829681e+01 -1.59182675e-05 -1.75337572e-06
 2.23941172e+01 -1.59457116e-05 -1.59033572e-06
 2.24052623e+01 -1.59749401e-05 -1.40081271e-06
 2.24164047e+01 -1.60034904e-05 -1.19658882e-06
 2.24275446e+01 -1.60342518e-05 -9.36424644e-07
 2.24386834e+01 -1.60535632e-05 -7.64618758e-07
 2.24498183e+01 -1.60696487e-05 -6.27412823e-07
 2.24609494e+01 -1.60814699e-05 -4.90886350e-07
 2.24720766e+01 -1.60886271e-05 -4.06549156e-07
 2.24832012e+01 -1.60934803e-05 -3.22790725e-07
 2.24943246e+01 -1.60959117e-05 -2.45381623e-07
 2.25054429e+01 -1.60954453e-05 -1.42434268e-07
 2.25165573e+01 -1.60947871e-05 -7.78458029e-08
 2.25276704e+01 -1.60955947e-05 -2.92207898e-08
 2.25387810e+01 -1.60958453e-05 2.94784149e-09
 2.25498863e+01 -1.60946219e-05 6.00015790e-08
 2.25609877e+01 -1.60886078e-05 9.99194815e-08
 2.25720851e+01 -1.60798984e-05 1.46527837e-07
 2.25831760e+01 -1.60726748e-05 2.05265230e-07
 2.25942642e+01 -1.60677596e-05 2.72688999e-07
 2.26053498e+01 -1.60629469e-05 3.62194305e-07
 2.26164301e+01 -1.60563480e-05 4.64494595e-07
 2.26275040e+01 -1.60473460e-05 4.83746477e-07
