 -1.96040000e+01 -3.52467778e-06
 -1.95859000e+01 -2.62758148e-06
 -1.95678000e+01 -1.63048612e-06
 -1.95429000e+01 -1.23448351e-06
 -1.95180000e+01 -5.38482656e-07
 -1.94929000e+01 -1.24251571e-06
 -1.94678000e+01 -2.04655055e-06
 -1.94463000e+01 -1.45000811e-06
 -1.94213000e+01 -1.45403018e-06
 -1.93964000e+01 4.19620598e-08
 -1.93714000e+01 -3.62063569e-07
 -1.93463000e+01 -1.26610709e-06
 -1.93213000e+01 -9.70136297e-07
 -1.92964000e+01 -5.74151159e-07
 -1.92714000e+01 -3.78183929e-07
 -1.92463000e+01 -9.82234631e-07
 -1.92213000e+01 -1.48627099e-06
 -1.91998000e+01 -5.89743692e-07
 -1.91747000e+01 -7.93799550e-07
 -1.91497000e+01 -1.09784105e-06
 -1.91247000e+01 -8.01884344e-07
 -1.90998000e+01 -6.05913256e-07
 -1.90714000e+01 -4.10510662e-07
 -1.90463000e+01 -1.31457580e-06
 -1.90213000e+01 -1.01862655e-06
 -1.89964000e+01 -6.22662891e-07
 -1.89748000e+01 -4.26165749e-07
 -1.89464000e+01 -6.30773415e-07
 -1.89214000e+01 -2.34831394e-07
 -1.88997000e+01 -1.33835519e-06
 -1.88748000e+01 -4.24003077e-08
 -1.88463000e+01 -1.04703247e-06
 -1.88248000e+01 -4.50528479e-07
 -1.87825000e+01 -2.75741060e-06
 -1.87714000e+01 -2.59217405e-07
 -1.87497000e+01 -1.16275067e-06
 -1.87248000e+01 -4.66806674e-07
 -1.86997000e+01 -1.07089709e-06
 -1.86748000e+01 -6.74956725e-07
 -1.86464000e+01 -6.79589213e-07
 -1.86247000e+01 -1.08313042e-06
 -1.85998000e+01 -6.87195533e-07
 -1.85748000e+01 -9.12788043e-08
 -1.85464000e+01 -6.95919629e-07
 -1.85248000e+01 -9.94508600e-08
 -1.84997000e+01 -9.03556007e-07
 -1.84748000e+01 -5.07630278e-07
 -1.84498000e+01 -1.11722753e-07
 -1.84214000e+01 -3.16374043e-07
 -1.83964000e+01 -7.20470463e-07
 -1.83781000e+01 -9.23470214e-07
 -1.83499000e+01 4.71905276e-07
 -1.83215000e+01 2.67245585e-07
 -1.83031000e+01 -1.63577465e-06
 -1.82782000e+01 -1.39863410e-07
 -1.82465000e+01 4.54928550e-07
 -1.82247000e+01 -9.48654740e-07
 -1.81997000e+01 -9.52765760e-07
 -1.81748000e+01 4.31378113e-08
 -1.81497000e+01 -9.60993393e-07
 -1.81248000e+01 -7.65093539e-07
 -1.80998000e+01 -1.69212017e-07
 -1.80748000e+01 -5.73332365e-07
 -1.80497000e+01 -9.77471078e-07
 -1.80249000e+01 4.18437819e-07
 -1.79964000e+01 1.37340710e-08
 -1.79748000e+01 -7.89832501e-07
 -1.79531000e+01 -9.93416998e-07
 -1.79281000e+01 -9.97548359e-07
 -1.78998000e+01 -6.02227333e-07
 -1.78748000e+01 -6.36271139e-09
 -1.78498000e+01 -4.10499977e-07
 -1.78248000e+01 -4.14639131e-07
 -1.77998000e+01 -8.18780175e-07
 -1.77782000e+01 -4.22359561e-07
 -1.77531000e+01 -1.02652072e-06
 -1.77248000e+01 -3.12146702e-08
 -1.77032000e+01 -4.34798970e-07
 -1.76749000e+01 4.60502786e-07
 -1.76464000e+01 -2.44231122e-07
 -1.76247000e+01 -1.34783720e-06
 -1.76032000e+01 -8.51411449e-07
 -1.75748000e+01 -2.56134950e-07
 -1.75498000e+01 -8.60295000e-07
 -1.75248000e+01 -2.64456961e-07
 -1.74998000e+01 -2.68620835e-07
 -1.74748000e+01 -8.72786622e-07
 -1.74498000e+01 -7.69543263e-08
 -1.74248000e+01 -2.81123948e-07
 -1.73998000e+01 -6.85295490e-07
 -1.73782000e+01 -6.88901250e-07
 -1.73498000e+01 -9.36443415e-08
 -1.73249000e+01 1.02195059e-07
 -1.72998000e+01 -7.02000895e-07
 -1.72747000e+01 -1.10619879e-06
 -1.72532000e+01 -9.09796150e-07
 -1.72282000e+01 -3.13980921e-07
 -1.71998000e+01 -5.18737168e-07
 -1.71748000e+01 -5.22926073e-07
 -1.71532000e+01 -9.26546849e-07
 -1.71283000e+01 7.69277404e-07
 -1.71032000e+01 -1.34933832e-07
 -1.70748000e+01 -1.39701101e-07
 -1.70532000e+01 -7.43328593e-07
 -1.70248000e+01 -5.48100285e-07
 -1.70032000e+01 -3.51731144e-07
 -1.69783000e+01 4.40814738e-08
 -1.69532000e+01 -1.60141503e-07
 -1.69248000e+01 -3.64922069e-07
 -1.69032000e+01 -3.68559684e-07
 -1.68782000e+01 -5.72771712e-07
 -1.68498000e+01 -1.77558956e-07
 -1.68248000e+01 -1.81775176e-07
 -1.68032000e+01 -9.85419573e-07
 -1.67782000e+01 -3.89639458e-07
 -1.67532000e+01 -7.93861312e-07
 -1.67282000e+01 -1.98085137e-07
 -1.66998000e+01 -8.02885796e-07
 -1.66748000e+01 -6.07113838e-07
 -1.66532000e+01 -8.10768458e-07
 -1.66249000e+01 1.84441078e-07
 -1.65999000e+01 -1.97928926e-08
 -1.65782000e+01 -8.23469586e-07
 -1.65532000e+01 -1.02770726e-06
 -1.65283000e+01 -3.19299625e-08
 -1.65033000e+01 4.63828394e-07
 -1.64748000e+01 -4.41009507e-07
 -1.64532000e+01 -6.44677852e-07
 -1.64249000e+01 -4.94863159e-08
 -1.63999000e+01 2.46263796e-07
 -1.63782000e+01 -1.05742673e-06
 -1.63565000e+01 -6.61118758e-07
 -1.63283000e+01 6.34081050e-07
 -1.63064000e+01 -1.26964852e-06
 -1.62783000e+01 1.25563800e-07
 -1.62533000e+01 -7.86978364e-08
 -1.62282000e+01 -2.82978542e-07
 -1.62032000e+01 -6.87244209e-07
 -1.61815000e+01 -4.90948440e-07
 -1.61499000e+01 2.03654662e-07
 -1.61283000e+01 9.99637881e-08
 -1.61033000e+01 -1.04309940e-07
 -1.60782000e+01 -3.08602797e-07
 -1.60532000e+01 -3.12880580e-07
 -1.60282000e+01 -5.17160388e-07
 -1.60032000e+01 -5.21442226e-07
 -1.59782000e+01 -3.25726093e-07
 -1.59532000e+01 -7.30011993e-07
 -1.59283000e+01 3.65717228e-07
 -1.59032000e+01 -5.38589898e-07
 -1.58782000e+01 -9.42881908e-07
 -1.58533000e+01 5.28412228e-08
 -1.58249000e+01 5.47960713e-07
 -1.57998000e+01 -3.56354892e-07
 -1.57816000e+01 -1.59485425e-07
 -1.57533000e+01 3.56446099e-08
 -1.57283000e+01 5.31340335e-07
 -1.57033000e+01 -1.72965993e-07
 -1.56782000e+01 -7.77291613e-07
 -1.56565000e+01 -3.81032964e-07
 -1.56283000e+01 -1.85897314e-07
 -1.55929000e+01 -1.39200734e-06
 -1.55783000e+01 5.47150292e-09
 -1.55532000e+01 -7.98864464e-07
 -1.55283000e+01 -3.16794097e-09
 -1.54999000e+01 -2.08078830e-07
 -1.54814000e+01 -1.41127926e-06
 -1.54533000e+01 2.83857367e-07
 -1.54283000e+01 4.79528322e-07
 -1.54032000e+01 -4.24820131e-07
 -1.53815000e+01 -1.22858124e-06
 -1.53533000e+01 4.66528709e-07
 -1.53283000e+01 4.62191339e-07
 -1.53066000e+01 -2.41575189e-07
 -1.52783000e+01 2.53510339e-07
 -1.52498000e+01 -6.51441571e-07
 -1.52315000e+01 -6.54622652e-07
 -1.52033000e+01 -5.95268442e-08
 -1.51783000e+01 -2.63876763e-07
 -1.51532000e+01 -6.68246193e-07
 -1.51283000e+01 2.27417101e-07
 -1.51065000e+01 -4.76381407e-07
 -1.50815000e+01 -4.80739465e-07
 -1.50533000e+01 2.14342117e-07
 -1.50283000e+01 9.97957283e-09
 -1.50032000e+01 -4.94402546e-07
 -1.49816000e+01 -2.98175319e-07
 -1.49533000e+01 1.96879260e-07
 -1.49283000e+01 -1.07491744e-07
 -1.49065000e+01 -5.11304990e-07
 -1.48783000e+01 3.83759884e-07
 -1.48532000e+01 -9.20635002e-07
 -1.48282000e+01 -5.25014510e-07
 -1.48032000e+01 -7.29396147e-07
 -1.47783000e+01 3.66237624e-07
 -1.47565000e+01 -5.37586755e-07
 -1.47283000e+01 -4.25362972e-08
 -1.47065000e+01 -7.46364403e-07
 -1.46784000e+01 5.48698803e-07
 -1.46533000e+01 -3.55713219e-07
 -1.46315000e+01 -5.59546929e-07
 -1.46066000e+01 3.36072204e-07
 -1.45816000e+01 -6.83284006e-08
 -1.45533000e+01 -3.73312481e-07
 -1.45316000e+01 -1.77136065e-07
 -1.45065000e+01 -9.81560762e-07
 -1.44816000e+01 -3.85952351e-07
 -1.44534000e+01 1.10907146e-06
 -1.44283000e+01 1.04639976e-07
 -1.44032000e+01 -9.99793685e-07
 -1.43816000e+01 -1.03610855e-07
 -1.43533000e+01 -4.08614505e-07
 -1.43283000e+01 -2.13037004e-07
 -1.43066000e+01 -4.16877496e-07
 -1.42816000e+01 -1.21304057e-07
 -1.42533000e+01 -2.26317552e-07
 -1.42315000e+01 -6.30181442e-07
 -1.42033000e+01 -2.35182147e-07
 -1.41817000e+01 6.60985646e-07
 -1.41533000e+01 -2.44055481e-07
 -1.41283000e+01 -2.48495431e-07
 -1.41034000e+01 4.47080201e-07
 -1.40783000e+01 -2.57381907e-07
 -1.40533000e+01 -2.61828438e-07
 -1.40283000e+01 -2.66277167e-07
 -1.39998000e+01 -6.71351403e-07
 -1.39816000e+01 -2.74593290e-07
 -1.39566000e+01 -1.79048337e-07
 -1.39317000e+01 4.16512243e-07
 -1.39065000e+01 -8.87982896e-07
 -1.38816000e+01 2.07573271e-07
 -1.38533000e+01 -4.97480017e-07
 -1.38316000e+01 -2.01356724e-07
 -1.38066000e+01 1.94174951e-07
 -1.37816000e+01 1.89704406e-07
 -1.37567000e+01 5.85249532e-07
 -1.37316000e+01 1.80756642e-07
 -1.37065000e+01 -9.23738494e-07
 -1.36817000e+01 3.71817889e-07
 -1.36533000e+01 -5.33273469e-07
 -1.36283000e+01 -2.37757685e-07
 -1.36066000e+01 -5.41651798e-07
 -1.35784000e+01 5.53285127e-07
 -1.35566000e+01 -5.50630837e-07
 -1.35316000e+01 -2.55123721e-07
 -1.35067000e+01 3.40399132e-07
 -1.34783000e+01 -5.64710056e-07
 -1.34566000e+01 -3.68615866e-07
 -1.34315000e+01 -7.73135764e-07
 -1.34034000e+01 5.21801412e-07
 -1.33816000e+01 -8.21282962e-08
 -1.33534000e+01 3.12785769e-07
 -1.33284000e+01 9.08274553e-07
 -1.33066000e+01 -2.95661076e-07
 -1.32816000e+01 -3.00176537e-07
 -1.32566000e+01 9.53057325e-08
 -1.32283000e+01 -3.09811082e-07
 -1.32033000e+01 -3.14333662e-07
 -1.31816000e+01 8.17388918e-08
 -1.31566000e+01 -1.22787946e-07
 -1.31284000e+01 2.72103041e-07
 -1.31066000e+01 -3.31848472e-07
 -1.30816000e+01 -3.36382165e-07
 -1.30566000e+01 -3.40918148e-07
 -1.30317000e+01 6.54561734e-07
 -1.30034000e+01 2.49421646e-07
 -1.29816000e+01 -3.54539863e-07
 -1.29567000e+01 2.40933155e-07
 -1.29283000e+01 -1.64232939e-07
 -1.29066000e+01 3.18177245e-08
 -1.28817000e+01 2.27283855e-07
 -1.28566000e+01 -6.77288749e-07
 -1.28317000e+01 4.18172779e-07
 -1.28034000e+01 2.13011807e-07
 -1.27817000e+01 2.09052443e-07
 -1.27566000e+01 4.47053851e-09
 -1.27317000e+01 7.99922830e-07
 -1.27066000e+01 -4.66373992e-09
 -1.26816000e+01 -2.09234368e-07
 -1.26566000e+01 -2.13807326e-07
 -1.26316000e+01 -2.18382616e-07
 -1.26066000e+01 -4.22960241e-07
 -1.25851000e+01 5.73101133e-07
 -1.25567000e+01 7.67895830e-07
 -1.25316000e+01 -3.67071465e-08
 -1.25066000e+01 -4.12941342e-08
 -1.24816000e+01 -5.45883469e-07
 -1.24567000e+01 1.49543218e-07
 -1.24316000e+01 -4.55069190e-07
 -1.23963000e+01 -2.26155998e-06
 -1.23817000e+01 1.35754070e-07
 -1.23533000e+01 -2.69472961e-07
 -1.23316000e+01 -4.73468909e-07
 -1.23066000e+01 -7.80747440e-08
 -1.22816000e+01 -2.82682947e-07
 -1.22567000e+01 1.12724927e-07
 -1.22284000e+01 3.07502906e-07
 -1.22066000e+01 -7.96521786e-07
 -1.21851000e+01 2.99507136e-07
 -1.21534000e+01 2.93648895e-07
 -1.21317000e+01 2.89636470e-07
 -1.21100000e+01 -5.14377753e-07
 -1.20817000e+01 8.03844063e-08
 -1.20567000e+01 7.57547900e-08
 -1.20316000e+01 -1.28895752e-07
 -1.20066000e+01 -3.33530167e-07
 -1.19817000e+01 4.61851571e-07
 -1.19567000e+01 5.72123660e-08
 -1.19318000e+01 1.25258933e-06
 -1.19066000e+01 -5.52091839e-07
 -1.18816000e+01 -5.56738272e-07
 -1.18567000e+01 2.38631483e-07
 -1.18316000e+01 -3.66038377e-07
 -1.18067000e+01 2.29326566e-07
 -1.17817000e+01 2.46704796e-08
 -1.17567000e+01 6.20011971e-07
 -1.17317000e+01 1.53510379e-08
 -1.17101000e+01 2.11322037e-07
 -1.16817000e+01 6.02188626e-09
 -1.16600000e+01 -6.98029992e-07
 -1.16317000e+01 1.96683003e-07
 -1.16067000e+01 3.92009906e-07
 -1.15817000e+01 -1.26656322e-08
 -1.15600000e+01 -6.16725980e-07
 -1.15351000e+01 -2.13873599e-08
 -1.15067000e+01 1.73293081e-07
 -1.14816000e+01 -2.31410994e-07
 -1.14566000e+01 -2.36098786e-07
 -1.14317000e+01 -4.07702699e-08
 -1.14067000e+01 1.54537031e-07
 -1.13851000e+01 -4.95194447e-08
 -1.13600000e+01 -4.54235531e-07
 -1.13351000e+01 1.41083504e-07
 -1.13101000e+01 3.36381275e-07
 -1.12817000e+01 1.31036541e-07
 -1.12567000e+01 -7.36709739e-08
 -1.12316000e+01 -2.78399813e-07
 -1.12067000e+01 3.16906556e-07
 -1.11851000e+01 3.12832977e-07
 -1.11567000e+01 1.07474149e-07
 -1.11317000e+01 -9.72457878e-08
 -1.11101000e+01 2.98674180e-07
 -1.10817000e+01 4.93306857e-07
 -1.10566000e+01 -5.11439481e-07
 -1.10350000e+01 -5.15525997e-07
 -1.10067000e+01 4.79117082e-07
 -1.09851000e+01 2.75026246e-07
 -1.09566000e+01 -5.30374252e-07
 -1.09317000e+01 6.49047471e-08
 -1.09067000e+01 4.60162276e-07
 -1.08816000e+01 -1.04460170e-06
 -1.08567000e+01 5.06697777e-08
 -1.08317000e+01 4.45919745e-07
 -1.08034000e+01 -1.59460341e-07
 -1.07850000e+01 -7.62960086e-07
 -1.07602000e+01 8.32320697e-07
 -1.07318000e+01 8.26913368e-07
 -1.07100000e+01 -8.77239549e-07
 -1.06851000e+01 -1.81985381e-07
 -1.06601000e+01 1.32471885e-08
 -1.06318000e+01 8.07847385e-07
 -1.06067000e+01 4.03055428e-07
 -1.05817000e+01 -1.71999532e-09
 -1.05566000e+01 -4.06517090e-07
 -1.05317000e+01 1.88721491e-07
 -1.05101000e+01 -2.15410953e-07
 -1.04851000e+01 3.79803736e-07
 -1.04567000e+01 -2.56354901e-08
 -1.04317000e+01 1.69573715e-07
 -1.04067000e+01 5.64780348e-07
 -1.03851000e+01 -2.39363195e-07
 -1.03601000e+01 -2.44161364e-07
 -1.03352000e+01 9.51057094e-07
 -1.03067000e+01 3.45581100e-07
 -1.02851000e+01 -2.58571366e-07
 -1.02601000e+01 1.36620125e-07
 -1.02317000e+01 3.31154514e-07
 -1.02067000e+01 1.26340465e-07
 -1.01851000e+01 1.22179035e-07
 -1.01601000e+01 3.17360140e-07
 -1.01351000e+01 1.12538641e-07
 -1.01068000e+01 7.07077558e-07
 -1.00851000e+01 -9.71121812e-08
 -1.00601000e+01 -3.01941510e-07
 -1.00351000e+01 2.93226546e-07
 -1.00067000e+01 2.87734279e-07
 -9.98507000e+00 -1.16451009e-07
 -9.96007000e+00 -1.21290823e-07
 -9.93514000e+00 4.73880299e-07
 -9.91005000e+00 -3.30982213e-07
 -9.88507000e+00 -1.35826041e-07
 -9.85678000e+00 8.58685114e-07
 -9.83167000e+00 -1.46189576e-07
 -9.80999000e+00 -9.50400534e-07
 -9.78509000e+00 4.47606244e-08
 -9.76011000e+00 2.39903596e-07
 -9.73516000e+00 6.35049758e-07
 -9.71016000e+00 6.30183540e-07
 -9.68507000e+00 -1.74702869e-07
 -9.66007000e+00 -1.79574416e-07
 -9.63514000e+00 4.15565024e-07
 -9.60676000e+00 6.10028596e-07
 -9.58503000e+00 -5.94212864e-07
 -9.56018000e+00 8.00934211e-07
 -9.53174000e+00 3.95376954e-07
 -9.50674000e+00 3.90489018e-07
 -9.48503000e+00 -6.13757842e-07
 -9.46011000e+00 1.81364869e-07
 -9.43514000e+00 3.76475113e-07
 -9.41009000e+00 -2.84330066e-08
 -9.38511000e+00 1.66669894e-07
 -9.36014000e+00 3.61772063e-07
 -9.33516000e+00 5.56869574e-07
 -9.31016000e+00 5.51960456e-07
 -9.28516000e+00 5.47048630e-07
 -9.26005000e+00 -4.57887536e-07
 -9.23511000e+00 1.37207006e-07
 -9.19981000e+00 -1.76974079e-06
 -9.18178000e+00 7.26708431e-07
 -9.16005000e+00 -4.77572902e-07
 -9.13509000e+00 -8.24931645e-08
 -9.11007000e+00 -2.87427986e-07
 -9.08511000e+00 1.07646299e-07
 -9.05672000e+00 1.02040378e-07
 -9.03174000e+00 2.97104876e-07
 -9.01007000e+00 -3.07178859e-07
 -8.98514000e+00 2.87890414e-07
 -8.96007000e+00 -3.17070758e-07
 -8.93509000e+00 -1.22016874e-07
 -8.91014000e+00 2.73040205e-07
 -8.88511000e+00 6.80786741e-08
 -8.86014000e+00 2.63126278e-07
 -8.83511000e+00 5.81592127e-08
 -8.81009000e+00 -1.46808641e-07
 -8.78514000e+00 2.48234639e-07
 -8.76007000e+00 -3.56748704e-07
 -8.73521000e+00 9.38306937e-07
 -8.71007000e+00 -3.66695908e-07
 -8.68516000e+00 4.28344240e-07
 -8.66011000e+00 2.33537202e-08
 -8.63518000e+00 6.18384325e-07
 -8.61014000e+00 2.13390206e-07
 -8.58511000e+00 8.39527584e-09
 -8.56007000e+00 -3.96604459e-07
 -8.53521000e+00 8.98428963e-07
 -8.51005000e+00 -6.06600377e-07
 -8.48518000e+00 5.88425455e-07
 -8.46016000e+00 3.83418474e-07
 -8.43172000e+00 -2.22763407e-08
 -8.40665000e+00 -6.27299376e-07
 -8.38516000e+00 3.68392617e-07
 -8.36016000e+00 3.63378347e-07
 -8.33518000e+00 5.58365260e-07
 -8.31005000e+00 -6.46680785e-07
 -8.28514000e+00 1.48314515e-07
 -8.26016000e+00 3.43292918e-07
 -8.23516000e+00 3.38264458e-07
 -8.21011000e+00 -6.67769168e-08
 -8.18856000e+00 3.28883802e-07
 -8.16014000e+00 1.23157942e-07
 -8.13518000e+00 5.18126132e-07
 -8.11009000e+00 -2.86934760e-07
 -8.08856000e+00 3.08720133e-07
 -8.06016000e+00 3.02985293e-07
 -8.03507000e+00 -5.02084239e-07
 -8.01007000e+00 -5.07138467e-07
 -7.98179000e+00 5.87140721e-07
 -7.96345000e+00 -7.16571283e-07
 -7.93514000e+00 7.76957428e-08
 -7.91018000e+00 4.72638094e-07
 -7.88505000e+00 -7.32456915e-07
 -7.86019000e+00 5.62499938e-07
 -7.83519000e+00 5.57425498e-07
 -7.81014000e+00 5.23379978e-08
 -7.78514000e+00 4.72577423e-08
 -7.76014000e+00 4.21745765e-08
 -7.73521000e+00 7.37102742e-07
 -7.71343000e+00 -9.67330621e-07
 -7.68859000e+00 5.27610441e-07
 -7.65673000e+00 2.11175764e-08
 -7.63509000e+00 -3.83295229e-07
 -7.60667000e+00 -5.89093941e-07
 -7.58521000e+00 7.06524925e-07
 -7.56014000e+00 1.40405571e-09
 -7.53521000e+00 6.96308849e-07
 -7.51009000e+00 -4.08828153e-07
 -7.48519000e+00 4.86076896e-07
 -7.46019000e+00 4.80958537e-07
 -7.43519000e+00 4.75837220e-07
 -7.40676000e+00 1.70009663e-07
 -7.38512000e+00 -2.34428656e-07
 -7.36354000e+00 -3.88568825e-08
 -7.33854000e+00 -4.39896622e-08
 -7.31021000e+00 6.50190277e-07
 -7.28516000e+00 1.45040867e-07
 -7.26018000e+00 3.39902866e-07
 -7.23512000e+00 -2.65254585e-07
 -7.21011000e+00 -2.70404740e-07
 -7.18525000e+00 1.02447302e-06
 -7.16351000e+00 -2.80008784e-07
 -7.13525000e+00 1.01416189e-06
 -7.11358000e+00 3.09689309e-07
 -7.08509000e+00 -4.96194320e-07
 -7.06358000e+00 2.99360939e-07
 -7.03519000e+00 3.93491126e-07
 -7.01014000e+00 -1.11691353e-07
 -6.98849000e+00 -5.16172867e-07
 -6.96361000e+00 5.78674213e-07
 -6.93519000e+00 3.72784449e-07
 -6.91356000e+00 6.82992183e-08
 -6.88525000e+00 9.62425378e-07
 -6.86018000e+00 2.57220526e-07
 -6.83509000e+00 -5.47991543e-07
 -6.81007000e+00 -7.53192129e-07
 -6.78523000e+00 7.41641676e-07
 -6.76016000e+00 3.64245863e-08
 -6.73858000e+00 2.31931305e-07
 -6.71025000e+00 9.26029106e-07
 -6.68851000e+00 -3.78502820e-07
 -6.66365000e+00 9.16312012e-07
 -6.63523000e+00 7.10380594e-07
 -6.61351000e+00 -3.94155178e-07
 -6.58861000e+00 5.00642111e-07
 -6.56019000e+00 2.94700174e-07
 -6.53519000e+00 2.89469976e-07
 -6.51356000e+00 -1.50576881e-08
 -6.48859000e+00 2.79712624e-07
 -6.46359000e+00 2.74473554e-07
 -6.43863000e+00 6.69239768e-07
 -6.41021000e+00 4.63276693e-07
 -6.38856000e+00 -4.12686038e-08
 -6.36359000e+00 2.53486182e-07
 -6.33518000e+00 1.47514572e-07
 -6.31021000e+00 4.42262697e-07
 -6.28859000e+00 2.37712898e-07
 -6.26009000e+00 -6.68288337e-07
 -6.23858000e+00 1.27179611e-07
 -6.21029000e+00 1.22121551e-06
 -6.18847000e+00 -8.83387341e-07
 -6.16363000e+00 6.11369833e-07
 -6.13521000e+00 4.05367582e-07
 -6.11351000e+00 -4.99218164e-07
 -6.08861000e+00 3.95516917e-07
 -6.06011000e+00 -5.10513048e-07
 -6.03854000e+00 -3.15079516e-07
 -5.99982000e+00 -2.42328264e-06
 -5.98525000e+00 7.73628616e-07
 -5.96351000e+00 -5.30982123e-07
 -5.93858000e+00 6.37276209e-08
 -5.91358000e+00 5.84193271e-08
 -5.88859000e+00 1.53109966e-07
 -5.86019000e+00 1.47072241e-07
 -5.83861000e+00 3.42481659e-07
 -5.81019000e+00 1.36432402e-07
 -5.78863000e+00 5.31840545e-07
 -5.76356000e+00 -1.73501879e-07
 -5.73519000e+00 1.20448566e-07
 -5.71361000e+00 3.15844117e-07
 -5.68521000e+00 3.09780846e-07
 -5.66018000e+00 4.43360036e-09
 -5.63518000e+00 -9.10472130e-10
 -5.61354000e+00 -4.05538915e-07
 -5.58859000e+00 8.91216719e-08
 -5.56019000e+00 8.30400096e-08
 -5.53534000e+00 1.47771511e-06
 -5.51354000e+00 -4.26958869e-07
 -5.48861000e+00 2.67693029e-07
 -5.46023000e+00 4.61600868e-07
 -5.43861000e+00 2.56957011e-07
 -5.41023000e+00 4.50857429e-07
 -5.38854000e+00 -4.53807147e-07
 -5.36365000e+00 6.40837055e-07
 -5.33867000e+00 8.35458618e-07
 -5.31361000e+00 2.30059659e-07
 -5.28861000e+00 2.24670331e-07
 -5.26363000e+00 4.19282023e-07
 -5.23529000e+00 1.01316496e-06
 -5.21023000e+00 4.07752326e-07
 -5.18856000e+00 -2.96930789e-07
 -5.16025000e+00 5.96947371e-07
 -5.13858000e+00 -1.07741490e-07
 -5.11361000e+00 1.86852516e-07
 -5.08863000e+00 3.81441036e-07
 -5.06359000e+00 -2.39867779e-08
 -5.03859000e+00 -2.94092582e-08
 -5.01363000e+00 3.65173607e-07
 -4.98863000e+00 3.59744450e-07
 -4.96361000e+00 1.54307599e-07
 -4.93861000e+00 1.48871741e-07
 -4.91354000e+00 -5.56582707e-07
 -4.89201000e+00 1.38730341e-07
 -4.86029000e+00 9.31820540e-07
 -4.83851000e+00 -7.72927098e-07
 -4.81359000e+00 -7.83623395e-08
 -4.78859000e+00 -8.38184017e-08
 -4.76359000e+00 -8.92778462e-08
 -4.73869000e+00 9.05281181e-07
 -4.71363000e+00 2.99801849e-07
 -4.68861000e+00 9.43278595e-08
 -4.66019000e+00 -1.11894129e-07
 -4.63865000e+00 4.83387190e-07
 -4.61021000e+00 7.71530758e-08
 -4.58851000e+00 -8.27606586e-07
 -4.56369000e+00 8.66946257e-07
 -4.53871000e+00 1.06146058e-06
 -4.51359000e+00 -1.44059293e-07
 -4.48861000e+00 5.04481627e-08
 -4.46361000e+00 4.49477865e-08
 -4.43859000e+00 -1.60560435e-07
 -4.41019000e+00 -1.66816953e-07
 -4.38861000e+00 2.84259971e-08
 -4.36365000e+00 4.22920657e-07
 -4.33863000e+00 2.17398624e-07
 -4.31361000e+00 1.18731214e-08
 -4.28863000e+00 2.06352988e-07
 -4.26029000e+00 8.00086157e-07
 -4.23865000e+00 3.95297889e-07
 -4.21359000e+00 -2.10250379e-07
 -4.18861000e+00 -1.57844208e-08
 -4.16361000e+00 -2.13263831e-08
 -4.13531000e+00 9.72395897e-07
 -4.11359000e+00 -2.32425239e-07
 -4.09199000e+00 -2.37222363e-07
 -4.06367000e+00 5.56484106e-07
 -4.04207000e+00 5.51680924e-07
 -4.01365000e+00 3.45357180e-07
 -3.99205000e+00 3.40547912e-07
 -3.96361000e+00 -6.57883075e-08
 -3.93867000e+00 5.28651484e-07
 -3.91365000e+00 3.23069903e-07
 -3.88861000e+00 -8.25196918e-08
 -3.86359000e+00 -2.88108376e-07
 -3.83865000e+00 3.06317268e-07
 -3.81031000e+00 8.99978680e-07
 -3.79201000e+00 -1.04116771e-07
 -3.76369000e+00 6.89541585e-07
 -3.73859000e+00 -3.16082841e-07
 -3.71369000e+00 6.78333987e-07
 -3.68863000e+00 7.27113539e-08
 -3.66363000e+00 6.70985930e-08
 -3.63861000e+00 -1.38522253e-07
 -3.61359000e+00 -3.44146699e-07
 -3.58865000e+00 2.50243251e-07
 -3.56707000e+00 4.45386110e-07
 -3.53869000e+00 6.38994358e-07
 -3.51369000e+00 6.33359993e-07
 -3.48863000e+00 2.77084721e-08
 -3.46361000e+00 -1.77937660e-07
 -3.43867000e+00 4.16430643e-07
 -3.41361000e+00 -1.89231794e-07
 -3.39203000e+00 5.88916345e-09
 -3.36369000e+00 5.99477622e-07
 -3.33865000e+00 1.93808760e-07
 -3.31365000e+00 1.88145296e-07
 -3.28867000e+00 3.82482710e-07
 -3.26369000e+00 5.76816465e-07
 -3.23869000e+00 5.71142016e-07
 -3.21369000e+00 5.65463894e-07
 -3.18861000e+00 -2.40236095e-07
 -3.16705000e+00 1.54860951e-07
 -3.13876000e+00 1.14842337e-06
 -3.11365000e+00 1.42705455e-07
 -3.09199000e+00 -4.62229841e-07
 -3.06367000e+00 3.31313168e-07
 -3.04205000e+00 1.26380581e-07
 -3.01367000e+00 3.19901489e-07
 -2.98867000e+00 3.14190074e-07
 -2.96699000e+00 -4.90765881e-07
 -2.94209000e+00 5.03538627e-07
 -2.91373000e+00 8.97047200e-07
 -2.89196000e+00 -8.07939082e-07
 -2.86369000e+00 4.85581615e-07
 -2.83871000e+00 6.79852368e-07
 -2.80667000e+00 -1.62750160e-06
 -2.78869000e+00 4.68368838e-07
 -2.76363000e+00 -1.37390071e-07
 -2.74207000e+00 2.57652305e-07
 -2.71707000e+00 2.51900153e-07
 -2.68871000e+00 6.45370335e-07
 -2.66705000e+00 4.03798931e-08
 -2.63869000e+00 4.33841476e-07
 -2.61363000e+00 -1.71940191e-07
 -2.59207000e+00 2.23082581e-07
 -2.56367000e+00 2.16521985e-07
 -2.53869000e+00 4.10747365e-07
 -2.51707000e+00 2.05746399e-07
 -2.48865000e+00 -8.31839151e-10
 -2.46703000e+00 -2.05839428e-07
 -2.43869000e+00 3.87592166e-07
 -2.41373000e+00 7.81803061e-07
 -2.38865000e+00 -2.40177353e-08
 -2.36707000e+00 1.70970679e-07
 -2.33871000e+00 5.64380186e-07
 -2.31707000e+00 1.59347991e-07
 -2.29205000e+00 -4.64738033e-08
 -2.26705000e+00 -5.22948167e-08
 -2.23873000e+00 7.41106456e-07
 -2.21363000e+00 -2.64746156e-07
 -2.19211000e+00 5.30232866e-07
 -2.16373000e+00 7.23606924e-07
 -2.13876000e+00 9.17772968e-07
 -2.11703000e+00 -2.87307169e-07
 -2.09209000e+00 3.06858605e-07
 -2.06709000e+00 3.01006434e-07
 -2.03876000e+00 8.94370015e-07
 -2.01369000e+00 2.88493059e-07
 -1.98873000e+00 6.82637962e-07
 -1.96703000e+00 -3.22455596e-07
 -1.94209000e+00 2.71686663e-07
 -1.91707000e+00 6.58061853e-08
 -1.89203000e+00 -3.40082958e-07
 -1.86716000e+00 8.54063949e-07
 -1.83871000e+00 4.47363501e-07
 -1.81701000e+00 -5.57750668e-07
 -1.79211000e+00 4.36377310e-07
 -1.76709000e+00 2.30473010e-07
 -1.73876000e+00 8.23782784e-07
 -1.72047000e+00 1.94608149e-08
 -1.69218000e+00 1.01277161e-06
 -1.66707000e+00 6.83001824e-09
 -1.64211000e+00 4.00919914e-07
 -1.61718000e+00 9.95012917e-07
 -1.58867000e+00 -1.17472388e-08
 -1.57041000e+00 -6.16079715e-07
 -1.54221000e+00 1.27722516e-06
 -1.51707000e+00 -2.87478091e-08
 -1.49209000e+00 1.65313187e-07
 -1.46713000e+00 5.59374898e-07
 -1.43876000e+00 7.52620419e-07
 -1.41707000e+00 -5.25471789e-08
 -1.39209000e+00 1.41497593e-07
 -1.36709000e+00 1.35533524e-07
 -1.34211000e+00 3.29570152e-07
 -1.31707000e+00 -7.64116376e-08
 -1.29213000e+00 5.17626382e-07
 -1.26365000e+00 -2.89186834e-07
 -1.23867000e+00 -9.51671356e-08
 -1.21363000e+00 -5.01165920e-07
 -1.19207000e+00 -1.06334315e-07
 -1.16713000e+00 4.87683207e-07
 -1.14216000e+00 6.81689418e-07
 -1.11703000e+00 -5.24346940e-07
 -1.09213000e+00 4.69667824e-07
 -1.06716000e+00 6.63661633e-07
 -1.03863000e+00 -5.43205937e-07
 -1.01707000e+00 -1.48399322e-07
 -9.95556000e-01 6.46415286e-07
 -9.67051000e-01 -3.60459859e-07
 -9.42156000e-01 6.33531254e-07
 -9.17072000e-01 -1.72527446e-07
 -8.92114000e-01 2.21440104e-07
 -8.63756000e-01 6.14580788e-07
 -8.42135000e-01 4.09347406e-07
 -8.17072000e-01 -1.96723053e-07
 -7.95472000e-01 -2.01958141e-07
 -7.67156000e-01 5.91174276e-07
 -7.42051000e-01 -4.14919063e-07
 -7.20535000e-01 3.79855304e-07
 -6.92135000e-01 3.72952936e-07
 -6.67051000e-01 -4.33148062e-07
 -6.42156000e-01 5.60792680e-07
 -6.17135000e-01 3.54698502e-07
 -5.92030000e-01 -6.51420425e-07
 -5.70535000e-01 3.43337105e-07
 -5.42156000e-01 5.36410839e-07
 -5.17114000e-01 1.30294430e-07
 -4.95493000e-01 -7.49898725e-08
 -4.67135000e-01 3.18074393e-07
 -4.42093000e-01 -8.80549210e-08
 -4.13714000e-01 1.04993773e-07
 -3.92156000e-01 4.99709525e-07
 -3.67114000e-01 9.35672553e-08
 -3.42177000e-01 6.87446427e-07
 -3.17093000e-01 -1.18714831e-07
 -2.92135000e-01 2.75150525e-07
 -2.67093000e-01 -1.31009119e-07
 -2.42177000e-01 6.62857898e-07
 -2.17114000e-01 5.66843639e-08
 -1.92114000e-01 5.05219785e-08
 -1.70535000e-01 2.45199340e-07
 -1.45556000e-01 4.39033991e-07
 -1.20472000e-01 -3.67161678e-07
 -9.55139000e-02 2.66693652e-08
 -6.71348000e-02 2.19649507e-07
 -4.20928000e-02 -1.86549598e-07
 -2.05139000e-02 8.10503240e-09
 4.48613000e-03 1.90809117e-09
 3.28128000e-02 6.94881207e-07
 5.78233000e-02 5.88672224e-07
 7.95281000e-02 -4.16719701e-07
 1.07792000e-01 8.76253937e-07
 1.32844000e-01 3.70021294e-07
 1.54507000e-01 -2.35371814e-07
 1.82823000e-01 5.57573729e-07
 2.07823000e-01 5.51340631e-07
 2.32865000e-01 1.45092573e-07
 2.54465000e-01 1.39699692e-07
 2.79444000e-01 3.33458995e-07
 3.04371000e-01 1.02722681e-06
 3.32865000e-01 1.20097338e-07
 3.57886000e-01 -8.61679915e-08
 4.57686000e-01 -2.01120329e-06
 4.21785000e-01 -3.90218904e-06
 4.39864000e-01 -1.80672726e-06
 4.61370000e-01 -9.12128821e-07
 4.82928000e-01 -5.17546822e-07
 5.07907000e-01 -3.23828830e-07
 5.29486000e-01 -1.29259432e-07
 5.54444000e-01 2.64455361e-07
 5.79423000e-01 4.58160302e-07
 6.01065000e-01 5.27025182e-08
 6.29392000e-01 7.45553686e-07
 6.54413000e-01 5.39234277e-07
 6.79423000e-01 4.32913042e-07
 7.04465000e-01 2.65790991e-08
 7.29444000e-01 2.20256478e-07
 7.57823000e-01 4.13067659e-07
 7.82886000e-01 -1.93286130e-07
 8.01107000e-01 -3.97908309e-07
 8.26013000e-01 4.95769716e-07
 8.54413000e-01 4.88555216e-07
 8.79423000e-01 3.82196907e-07
 9.04423000e-01 3.75836475e-07
 9.29444000e-01 1.69466022e-07
 9.54423000e-01 3.63101588e-07
 9.79413000e-01 4.56729669e-07
 1.00442000e+00 3.50348721e-07
 1.02942000e+00 3.43964858e-07
 1.05107000e+00 -6.15673714e-08
 1.07933000e+00 1.23120602e-06
 1.10449000e+00 -2.75232931e-07
 1.12607000e+00 -8.07595076e-08
 1.15437000e+00 8.11987593e-07
 1.18281000e+00 4.04692688e-07
 1.20451000e+00 -5.00877533e-07
 1.22609000e+00 -3.06420507e-07
 1.25435000e+00 9.86315343e-07
 1.27947000e+00 -1.20146801e-07
 1.30444000e+00 7.34248576e-08
 1.32599000e+00 5.67873129e-07
 1.35437000e+00 7.60556413e-07
 1.37941000e+00 3.54095649e-07
 1.40441000e+00 3.47640389e-07
 1.42941000e+00 3.41180310e-07
 1.45444000e+00 3.47076434e-08
 1.47607000e+00 -1.70889699e-07
 1.50439000e+00 5.21776261e-07
 1.52941000e+00 3.15291646e-07
 1.55104000e+00 9.68172010e-09
 1.57607000e+00 -1.96814570e-07
 1.60095000e+00 8.96723231e-07
 1.62933000e+00 1.08934606e-06
 1.65451000e+00 -6.17204569e-07
 1.67601000e+00 2.77198231e-07
 1.70439000e+00 4.69804373e-07
 1.72944000e+00 -3.67271775e-08
 1.75441000e+00 2.56757216e-07
 1.77935000e+00 8.50244531e-07
 1.80451000e+00 -6.56330581e-07
 1.82607000e+00 -2.61968881e-07
 1.85431000e+00 1.23064032e-06
 1.87942000e+00 1.24063367e-07
 1.90113000e+00 -8.81627076e-07
 1.92601000e+00 2.11846975e-07
 1.95431000e+00 1.20441797e-06
 1.98619000e+00 3.96041526e-07
 2.00111000e+00 -7.07881485e-07
 2.02267000e+00 -3.13553544e-07
 2.05435000e+00 7.78105236e-07
 2.07941000e+00 1.71501324e-07
 2.10102000e+00 6.58025107e-08
 2.12599000e+00 3.59212938e-07
 2.15433000e+00 9.51727923e-07
 2.17939000e+00 3.45103794e-07
 2.20101000e+00 1.39384875e-07
 2.22595000e+00 7.32783039e-07
 2.25099000e+00 3.26149648e-07
 2.27937000e+00 5.18625281e-07
 2.30441000e+00 1.11980993e-07
 2.32602000e+00 6.24272769e-09
 2.35097000e+00 4.99612817e-07
 2.37933000e+00 8.92070581e-07
 2.40439000e+00 2.85400474e-07
 2.42601000e+00 7.96418293e-08
 2.45087000e+00 1.47301543e-06
 2.47929000e+00 1.26543387e-06
 2.50111000e+00 -8.40391537e-07
 2.52262000e+00 -4.61380408e-08
 2.55441000e+00 4.53620818e-08
 2.57942000e+00 -6.13308828e-08
 2.60097000e+00 4.32897917e-07
 2.62595000e+00 6.26203307e-07
 2.65441000e+00 1.85697175e-08
 2.67607000e+00 -4.87244499e-07
 2.70095000e+00 6.06072091e-07
 2.72931000e+00 9.98447536e-07
 2.75101000e+00 -7.39104487e-09
 2.77939000e+00 1.84967083e-07
 2.80095000e+00 5.79157095e-07
 2.82599000e+00 1.72404394e-07
 2.85099000e+00 1.65657194e-07
 2.87595000e+00 5.58915512e-07
 2.90439000e+00 1.51227446e-07
 2.92601000e+00 -5.46215940e-08
 2.95099000e+00 1.38615405e-07
 2.97595000e+00 5.31852509e-07
 3.00099000e+00 1.25062594e-07
 3.02601000e+00 -8.17272517e-08
 3.05102000e+00 -1.88519741e-07
 3.07604000e+00 -3.95320314e-07
 3.10091000e+00 8.97914553e-07
 3.12935000e+00 4.90171786e-07
 3.15442000e+00 -2.16659285e-07
 3.17601000e+00 -1.22546475e-07
 3.20091000e+00 8.70658753e-07
 3.22595000e+00 4.63820360e-07
 3.25093000e+00 6.56992932e-07
 3.27593000e+00 6.50154607e-07
 3.30101000e+00 -1.56711069e-07
 3.32601000e+00 -1.63560304e-07
 3.35099000e+00 2.95904864e-08
 3.37595000e+00 4.22741307e-07
 3.40099000e+00 1.58646868e-08
 3.42599000e+00 8.99356000e-09
 3.45107000e+00 -6.97905078e-07
 3.47593000e+00 5.95251330e-07
 3.50091000e+00 7.88369210e-07
 3.52601000e+00 -2.18551527e-07
 3.55437000e+00 1.73622155e-07
 3.58624000e+00 -5.35181309e-07
 3.60099000e+00 -3.92587643e-08
 3.62599000e+00 -4.61741279e-08
 3.65085000e+00 1.34694371e-06
 3.67599000e+00 -6.00215800e-08
 3.69762000e+00 -3.66018913e-07
 3.72251000e+00 7.27074670e-07
 3.75095000e+00 3.19176401e-07
 3.77591000e+00 7.12238596e-07
 3.80097000e+00 1.05267351e-07
 3.82259000e+00 -1.00751500e-07
 3.85097000e+00 9.13413032e-08
 3.87597000e+00 8.43697975e-08
 3.89755000e+00 2.78347437e-07
 3.92593000e+00 4.70420951e-07
 3.95097000e+00 6.34212364e-08
 3.97593000e+00 4.56438198e-07
 4.00091000e+00 6.49443869e-07
 4.02595000e+00 2.42427012e-07
 4.05097000e+00 3.54100220e-08
 4.07597000e+00 2.83929030e-08
 4.10097000e+00 2.13700381e-08
 4.12597000e+00 1.43414175e-08
 4.15101000e+00 -3.92704229e-07
 4.17253000e+00 4.01235938e-07
 4.20095000e+00 1.93226560e-07
 4.22597000e+00 -1.38308223e-08
 4.25089000e+00 7.79134222e-07
 4.27591000e+00 5.72065222e-07
 4.30101000e+00 -4.35032243e-07
 4.32257000e+00 -4.11334078e-08
 4.35091000e+00 5.50840173e-07
 4.37933000e+00 3.42783539e-07
 4.40102000e+00 -5.63370345e-07
 4.42259000e+00 -2.69494570e-07
 4.45087000e+00 9.22469442e-07
 4.47601000e+00 -4.84680626e-07
 4.49757000e+00 -9.08172640e-08
 4.52593000e+00 3.01103907e-07
 4.55087000e+00 8.93993019e-07
 4.57597000e+00 -1.13169455e-07
 4.59761000e+00 -5.19349406e-07
 4.62251000e+00 4.73534128e-07
 4.64757000e+00 -1.33634044e-07
 4.67251000e+00 4.59226144e-07
 4.69757000e+00 -1.47954026e-07
 4.72251000e+00 4.44894200e-07
 4.75091000e+00 4.36742955e-07
 4.77589000e+00 6.29566879e-07
 4.80095000e+00 2.23617678e-08
 4.82261000e+00 -5.83870687e-07
 4.85084000e+00 1.00799958e-06
 4.87593000e+00 2.00767624e-07
 4.89764000e+00 -9.05495020e-07
 4.92255000e+00 -1.26864158e-08
 4.95087000e+00 7.79130384e-07
 4.97929000e+00 5.70910408e-07
 4.99759000e+00 -4.34386725e-07
 5.02251000e+00 3.58394629e-07
 5.05093000e+00 1.50154681e-07
 5.07593000e+00 1.42899737e-07
 5.09757000e+00 -2.63385119e-07
 5.12253000e+00 1.29360061e-07
 5.15095000e+00 -7.89079421e-08
 5.17593000e+00 1.13818214e-07
 5.20087000e+00 7.06549834e-07
 5.22257000e+00 -2.99779332e-07
 5.24755000e+00 -1.07070976e-07
 5.27591000e+00 2.84643208e-07
 5.30095000e+00 -1.22679307e-07
 5.32255000e+00 -1.29000901e-07
 5.35084000e+00 8.62712481e-07
 5.37591000e+00 2.55362328e-07
 5.39757000e+00 -3.50993162e-07
 5.42244000e+00 8.41703627e-07
 5.44751000e+00 2.34335355e-07
 5.47587000e+00 6.25992451e-07
 5.49757000e+00 -3.80396736e-07
 5.52249000e+00 4.12260099e-07
 5.54759000e+00 -5.95142501e-07
 5.57595000e+00 -2.03514289e-07
 5.59753000e+00 -9.89015033e-09
 5.62253000e+00 -1.72824212e-08
 5.65091000e+00 1.74318101e-07
 5.67257000e+00 -4.32098064e-07
 5.69751000e+00 1.60508179e-07
 5.72584000e+00 7.52101632e-07
 5.74753000e+00 -5.43401912e-08
 5.77257000e+00 -4.61783005e-07
 5.80084000e+00 7.29806288e-07
 5.82255000e+00 -2.76658368e-07
 5.85083000e+00 8.14913245e-07
 5.87595000e+00 -2.92580352e-07
 5.89753000e+00 -9.90231905e-08
 5.92239000e+00 1.19354866e-06
 5.94755000e+00 -3.13975722e-07
 5.97589000e+00 2.77540912e-07
 6.00089000e+00 2.70050330e-07
 6.02257000e+00 -5.36450841e-07
 6.04751000e+00 5.60642715e-08
 6.07251000e+00 4.85547689e-08
 6.09747000e+00 4.41050669e-07
 6.12245000e+00 6.33533930e-07
 6.15091000e+00 2.49619270e-08
 6.17255000e+00 -3.81561709e-07
 6.19751000e+00 1.09075875e-08
 6.22249000e+00 2.03364173e-07
 6.24749000e+00 1.95808019e-07
 6.27255000e+00 -4.11773009e-07
 6.29747000e+00 3.80681611e-07
 6.32243000e+00 6.73117407e-07
 6.34757000e+00 -6.34508151e-07
 6.37249000e+00 1.57926270e-07
 6.39747000e+00 3.50335716e-07
 6.42249000e+00 1.42726211e-07
 6.44747000e+00 3.35122073e-07
 6.47243000e+00 6.27517225e-07
 6.49755000e+00 -4.80143245e-07
 6.52253000e+00 -2.87767872e-07
 6.54747000e+00 3.04612882e-07
 6.57247000e+00 2.96968446e-07
 6.59753000e+00 -3.10701243e-07
 6.62249000e+00 8.16527865e-08
 6.64407000e+00 2.75036659e-07
 6.67244000e+00 4.66330966e-07
 6.69749000e+00 5.86366351e-08
 6.72249000e+00 5.09507081e-08
 6.74743000e+00 5.43276292e-07
 6.78291000e+00 -2.06765340e-06
 6.79739000e+00 9.27881953e-07
 6.82241000e+00 7.20161959e-07
 6.84755000e+00 -5.87602137e-07
 6.87245000e+00 4.04700883e-07
 6.89753000e+00 -4.03058799e-07
 6.92251000e+00 -2.10794598e-07
 6.94737000e+00 1.08149976e-06
 6.97245000e+00 3.73718830e-07
 6.99751000e+00 -2.34063027e-07
 7.02243000e+00 4.58191507e-07
 7.04415000e+00 -6.48565127e-07
 7.06897000e+00 1.04370730e-06
 7.10093000e+00 -4.66253652e-07
 7.12253000e+00 -4.72992340e-07
 7.14744000e+00 3.19229677e-07
 7.17243000e+00 4.11419541e-07
 7.19749000e+00 -9.64197028e-08
 7.22249000e+00 -1.04247405e-07
 7.24745000e+00 2.87930200e-07
 7.27243000e+00 3.80094305e-07
 7.29751000e+00 -3.27780253e-07
 7.31913000e+00 -5.34574324e-07
 7.34751000e+00 -3.43500997e-07
 7.36901000e+00 5.49730107e-07
 7.39749000e+00 -1.59244653e-07
 7.41904000e+00 2.33958080e-07
 7.44743000e+00 3.24995018e-07
 7.47245000e+00 2.17088035e-07
 7.49751000e+00 -3.90838994e-07
 7.51907000e+00 2.33516115e-09
 7.54743000e+00 2.93348066e-07
 7.57591000e+00 -4.15686665e-07
 7.59749000e+00 -2.22538930e-07
 7.61909000e+00 -2.29403104e-07
 7.64749000e+00 -2.38436700e-07
 7.67249000e+00 -2.46396796e-07
 7.69747000e+00 -5.43580086e-08
 7.72243000e+00 2.37679666e-07
 7.74407000e+00 -6.92296376e-08
 7.77241000e+00 4.21713316e-07
 7.79415000e+00 -8.85241046e-07
 7.81901000e+00 4.06799530e-07
 7.84739000e+00 5.97703942e-07
 7.87249000e+00 -3.10348588e-07
 7.89409000e+00 -3.17284399e-07
 7.91901000e+00 3.74706656e-07
 7.94739000e+00 5.65576466e-07
 7.97239000e+00 5.57525486e-07
 7.99749000e+00 -3.50565419e-07
 8.01913000e+00 -7.57547226e-07
 8.04739000e+00 5.33326435e-07
 8.07244000e+00 2.52284910e-08
 8.09407000e+00 -1.81770114e-07
 8.12247000e+00 -1.90968033e-07
 8.14744000e+00 9.36642787e-10
 8.17243000e+00 9.28270598e-08
 8.19747000e+00 -2.15306566e-07
 8.21909000e+00 -4.22335596e-07
 8.24411000e+00 -6.30477333e-07
 8.26903000e+00 6.14056603e-08
 8.29743000e+00 5.21456148e-08
 8.31905000e+00 -5.49105733e-08
 8.34749000e+00 -4.64201618e-07
 8.37584000e+00 -7.34734506e-08
 8.39741000e+00 2.19465278e-07
 8.42247000e+00 -2.88745925e-07
 8.44409000e+00 -4.95836399e-07
 8.46897000e+00 5.95996601e-07
 8.49741000e+00 1.86651317e-07
 8.51909000e+00 -5.20479617e-07
 8.54743000e+00 -2.98102411e-08
 8.57244000e+00 -1.38053084e-07
 8.59409000e+00 -5.45195044e-07
 8.61903000e+00 -5.34298230e-08
 8.64747000e+00 -3.62830070e-07
 8.66907000e+00 -3.69976508e-07
 8.69401000e+00 1.21764459e-07
 8.72237000e+00 5.12363028e-07
 8.74739000e+00 3.04060101e-07
 8.77239000e+00 2.95755633e-07
 8.79409000e+00 -6.11459288e-07
 8.81907000e+00 -4.19772415e-07
 8.84407000e+00 -4.28100420e-07
 8.86909000e+00 -6.36443339e-07
 8.89737000e+00 4.54116734e-07
 8.91899000e+00 2.46892787e-07
 8.94741000e+00 3.73873006e-08
 8.97237000e+00 4.29030202e-07
 8.99407000e+00 -4.78242132e-07
 9.01903000e+00 -1.86614769e-07
 9.04407000e+00 -4.95022617e-07
 9.06901000e+00 -3.40524511e-09
 9.09403000e+00 -2.11823161e-07
 9.11905000e+00 -3.20249506e-07
 9.14739000e+00 1.70195820e-07
 9.17251000e+00 -9.38282330e-07
 9.19407000e+00 -5.45565779e-07
 9.21897000e+00 3.46014589e-07
 9.24403000e+00 -2.62467664e-07
 9.26904000e+00 -3.70941532e-07
 9.29403000e+00 -2.79417162e-07
 9.31895000e+00 5.12122433e-07
 9.34403000e+00 -2.96400899e-07
 9.36903000e+00 -3.04905653e-07
 9.39399000e+00 8.65946071e-08
 9.41901000e+00 -1.21934202e-07
 9.44401000e+00 -1.30464847e-07
 9.46901000e+00 -1.39004163e-07
 9.49405000e+00 -4.47565851e-07
 9.51561000e+00 -1.54944654e-07
 9.54405000e+00 -4.64688028e-07
 9.56901000e+00 -1.73248499e-07
 9.59401000e+00 -1.81831444e-07
 9.61903000e+00 -3.90430049e-07
 9.64743000e+00 -4.00200938e-07
 9.66907000e+00 -7.07653723e-07
 9.69397000e+00 1.83762558e-07
 9.71903000e+00 -4.24885190e-07
 9.74405000e+00 -5.33528034e-07
 9.76903000e+00 -4.42165950e-07
 9.79397000e+00 1.49201085e-07
 9.81899000e+00 -5.94685073e-08
 9.84407000e+00 -7.68167892e-07
 9.86899000e+00 -7.68207235e-08
 9.89403000e+00 -4.85524223e-07
 9.91905000e+00 -5.94229804e-07
 9.94397000e+00 9.70904171e-08
 9.97599000e+00 -2.01407554e-06
 9.99403000e+00 -5.20372974e-07
 1.00190000e+01 7.09026433e-08
 1.00441000e+01 -8.37876323e-07
 1.00656000e+01 -5.45403475e-07
 1.00939000e+01 4.44678375e-07
 1.01190000e+01 -1.64128124e-07
 1.01440000e+01 -3.72908749e-07
 1.01690000e+01 -1.81698588e-07
 1.01940000e+01 9.50233919e-09
 1.02190000e+01 -3.99305988e-07
 1.02440000e+01 1.91876409e-07
 1.02690000e+01 -4.16950489e-07
 1.02906000e+01 -7.24584431e-07
 1.03156000e+01 1.66571288e-07
 1.03440000e+01 -2.43487166e-07
 1.03690000e+01 -7.52351454e-07
 1.03906000e+01 -6.60017768e-07
 1.04156000e+01 1.31100406e-07
 1.04441000e+01 -9.79036391e-07
 1.04656000e+01 -2.86691585e-07
 1.04906000e+01 -4.95601791e-07
 1.05156000e+01 -1.04521500e-07
 1.05440000e+01 -7.14665846e-07
 1.05690000e+01 -1.23605924e-07
 1.05906000e+01 -8.31337857e-07
 1.06156000e+01 -1.40295790e-07
 1.06440000e+01 -1.50483663e-07
 1.06690000e+01 -1.59462151e-07
 1.06906000e+01 -8.67227339e-07
 1.07156000e+01 2.37761569e-08
 1.07440000e+01 -1.86455639e-07
 1.07690000e+01 -3.95472884e-07
 1.07906000e+01 -6.03271630e-07
 1.08156000e+01 -4.12307057e-07
 1.08372000e+01 -9.20121545e-07
 1.08655000e+01 7.69628949e-07
 1.08940000e+01 -2.40705723e-07
 1.09157000e+01 -1.14858317e-06
 1.09405000e+01 1.42404929e-07
 1.09689000e+01 3.32072879e-07
 1.09906000e+01 -6.75830310e-07
 1.10156000e+01 -8.49446549e-08
 1.10405000e+01 1.05967550e-07
 1.10690000e+01 -1.04446307e-07
 1.10940000e+01 -7.13591985e-07
 1.11156000e+01 -3.21501935e-07
 1.11440000e+01 -1.31913483e-07
 1.11656000e+01 -7.39840838e-07
 1.11906000e+01 -3.49025437e-07
 1.12155000e+01 4.18166338e-08
 1.12406000e+01 -7.67425047e-07
 1.12656000e+01 -3.76640105e-07
 1.12905000e+01 6.14171558e-07
 1.13190000e+01 -3.96357663e-07
 1.13440000e+01 -6.05604789e-07
 1.13656000e+01 -6.13602579e-07
 1.13905000e+01 1.77168208e-07
 1.14155000e+01 1.67891630e-07
 1.14439000e+01 -4.26591139e-08
 1.14656000e+01 -1.05072979e-06
 1.14905000e+01 3.39999733e-07
 1.15154000e+01 8.30718925e-07
 1.15405000e+01 -7.86469112e-08
 1.15690000e+01 -1.08929422e-06
 1.15906000e+01 -2.97372842e-07
 1.16156000e+01 -7.06732902e-07
 1.16405000e+01 2.83933999e-07
 1.16655000e+01 7.45528736e-08
 1.16906000e+01 -5.34876432e-07
 1.17156000e+01 -3.44278808e-07
 1.17406000e+01 -3.53691827e-07
 1.17655000e+01 -1.63077796e-07
 1.17905000e+01 -1.72512132e-07
 1.18156000e+01 -5.81994989e-07
 1.18439000e+01 4.07300195e-07
 1.18656000e+01 -8.00917442e-07
 1.18905000e+01 -1.03569177e-08
 1.19122000e+01 -4.18592042e-07
 1.19406000e+01 -4.29382155e-07
 1.19656000e+01 -4.38892105e-07
 1.19905000e+01 1.51625149e-07
 1.20155000e+01 -5.79065846e-08
 1.20372000e+01 -4.66189008e-07
 1.20655000e+01 -2.77002937e-07
 1.20905000e+01 -2.86567609e-07
 1.21156000e+01 -4.96181638e-07
 1.21405000e+01 2.94269923e-07
 1.21655000e+01 -1.15327928e-07
 1.21871000e+01 -3.23629419e-07
 1.22121000e+01 6.67519935e-08
 1.22405000e+01 2.55811731e-07
 1.22656000e+01 -7.53869329e-07
 1.22905000e+01 -3.63484427e-07
 1.23121000e+01 2.81657270e-08
 1.23372000e+01 -9.81547677e-07
 1.23655000e+01 7.48689145e-09
 1.23905000e+01 -2.02211966e-07
 1.24122000e+01 -8.10639783e-07
 1.24406000e+01 -1.02168270e-06
 1.24621000e+01 -4.30052453e-07
 1.24870000e+01 3.60243629e-07
 1.25120000e+01 3.50489292e-07
 1.25405000e+01 -2.60644680e-07
 1.25621000e+01 -4.69093039e-07
 1.25871000e+01 1.21117996e-07
 1.26121000e+01 -2.88682554e-07
 1.26371000e+01 -2.98494717e-07
 1.26621000e+01 9.16814764e-08
 1.26871000e+01 -3.18154002e-07
 1.27121000e+01 7.19988193e-08
 1.27371000e+01 -1.37860090e-07
 1.27655000e+01 5.09259195e-08
 1.27871000e+01 -3.57613218e-07
 1.28121000e+01 -3.67507496e-07
 1.28371000e+01 -1.77413623e-07
 1.28621000e+01 1.26683717e-08
 1.28871000e+01 -5.97261543e-07
 1.29121000e+01 -2.07203396e-07
 1.29370000e+01 1.82882620e-07
 1.29620000e+01 2.72916846e-07
 1.29871000e+01 -3.71008936e-08
 1.30121000e+01 -2.47090807e-07
 1.30404000e+01 4.41586019e-07
 1.30622000e+01 -8.67147019e-07
 1.30836000e+01 1.24271194e-07
 1.31120000e+01 1.12868495e-07
 1.31371000e+01 -9.72223633e-08
 1.31759000e+01 -2.61284528e-06
 1.31872000e+01 -9.17400821e-07
 1.32120000e+01 1.72592363e-07
 1.32371000e+01 -5.37547869e-07
 1.32620000e+01 1.52380374e-07
 1.32871000e+01 -3.57784735e-07
 1.33121000e+01 -1.67921809e-07
 1.33370000e+01 3.21969271e-07
 1.33620000e+01 9.11807275e-07
 1.33837000e+01 -7.97023497e-07
 1.34086000e+01 9.28318332e-08
 1.34336000e+01 6.82633852e-07
 1.34620000e+01 7.10336227e-08
 1.34837000e+01 -8.37840946e-07
 1.35086000e+01 4.51964008e-07
 1.35370000e+01 2.40320509e-07
 1.35620000e+01 4.30057318e-07
 1.35871000e+01 -4.80259801e-07
 1.36086000e+01 1.08925419e-08
 1.36336000e+01 5.92605476e-10
 1.36620000e+01 7.88876230e-07
 1.36837000e+01 -3.20087317e-07
 1.37087000e+01 -3.30426094e-07
 1.37370000e+01 3.57854723e-07
 1.37620000e+01 3.47488192e-07
 1.37837000e+01 -3.61520553e-07
 1.38086000e+01 7.28130059e-07
 1.38371000e+01 -3.83731621e-07
 1.38587000e+01 -3.92732931e-07
 1.38836000e+01 -1.03121676e-07
 1.39086000e+01 2.86434642e-07
 1.39370000e+01 7.45545078e-08
 1.39621000e+01 -4.35959494e-07
 1.39836000e+01 -1.44976213e-07
 1.40086000e+01 4.45267798e-08
 1.40371000e+01 -4.67456181e-07
 1.40553000e+01 -6.75117608e-07
 1.40835000e+01 8.12997266e-07
 1.41120000e+01 6.00968211e-07
 1.41336000e+01 -8.16029317e-09
 1.41586000e+01 -3.18738371e-07
 1.41836000e+01 -2.93300885e-08
 1.42086000e+01 -2.39935483e-07
 1.42336000e+01 -5.05545928e-08
 1.42586000e+01 5.38812546e-07
 1.42836000e+01 -3.71834105e-07
 1.43053000e+01 -5.81086606e-07
 1.43336000e+01 1.06831075e-07
 1.43586000e+01 9.61428294e-08
 1.43836000e+01 4.85440643e-07
 1.44086000e+01 7.47244764e-08
 1.44302000e+01 -1.34545578e-07
 1.44585000e+01 6.53293056e-07
 1.44836000e+01 4.42491715e-07
 1.45086000e+01 -1.68280756e-07
 1.45302000e+01 4.22400418e-07
 1.45585000e+01 1.31017497e-06
 1.45835000e+01 7.99359922e-07
 1.46087000e+01 -7.11556115e-07
 1.46336000e+01 3.77643498e-07
 1.46552000e+01 -4.31737059e-07
 1.46802000e+01 -4.26076141e-08
 1.47051000e+01 9.46550953e-07
 1.47335000e+01 7.34168078e-07
 1.47620000e+01 -2.78277253e-07
 1.47802000e+01 -4.86234708e-07
 1.48018000e+01 -9.56887691e-08
 1.48336000e+01 -1.09627151e-07
 1.48552000e+01 -5.19108289e-07
 1.48801000e+01 6.69948416e-07
 1.49052000e+01 5.89023896e-08
 1.49301000e+01 4.47929621e-07
 1.49586000e+01 3.53523334e-08
 1.49802000e+01 2.25807171e-07
 1.50051000e+01 4.14789876e-07
 1.50336000e+01 -1.97838531e-07
 1.50551000e+01 7.92621850e-07
 1.50801000e+01 9.81515249e-07
 1.51052000e+01 1.70349016e-07
 1.51335000e+01 7.57740870e-07
 1.51551000e+01 1.04810458e-06
 1.51802000e+01 -4.63107443e-07
 1.52018000e+01 -4.72768375e-07
 1.52267000e+01 7.16080517e-07
 1.52551000e+01 1.00334337e-06
 1.52801000e+01 6.92114615e-07
 1.53017000e+01 8.82400521e-07
 1.53301000e+01 8.69610664e-07
 1.53551000e+01 8.58335374e-07
 1.53800000e+01 1.14708968e-06
 1.54017000e+01 6.37276549e-07
 1.54267000e+01 9.25956450e-07
 1.54516000e+01 1.31466599e-06
 1.54766000e+01 1.50331444e-06
 1.55016000e+01 1.69194706e-06
 1.55300000e+01 1.67901446e-06
 1.55551000e+01 8.67567481e-07
 1.55732000e+01 1.45930290e-06
 1.55981000e+01 2.44791968e-06
 1.56265000e+01 2.23491696e-06
 1.56482000e+01 1.42496777e-06
 1.56731000e+01 2.41353644e-06
 1.56980000e+01 2.90208903e-06
 1.57230000e+01 3.49057944e-06
 1.57480000e+01 3.07905355e-06
 1.57697000e+01 2.86903583e-06
 1.57947000e+01 3.45747937e-06
 1.58197000e+01 3.04590648e-06
 1.58446000e+01 4.53436350e-06
 1.58696000e+01 3.82275766e-06
 1.58912000e+01 4.41271686e-06
 1.59195000e+01 4.89954277e-06
 1.59444000e+01 6.08793375e-06
 1.59695000e+01 5.47621469e-06
 1.59877000e+01 4.66770662e-06
 1.60126000e+01 6.35605202e-06
 1.60375000e+01 6.74438068e-06
 1.60626000e+01 6.13259861e-06
 1.60841000e+01 6.92249279e-06
 1.61124000e+01 8.20917152e-06
 1.61374000e+01 7.99738541e-06
 1.61556000e+01 7.88879435e-06
 1.61771000e+01 8.37863384e-06
 1.62055000e+01 9.16519300e-06
 1.62269000e+01 1.02550503e-05
 1.62554000e+01 9.54152284e-06
 1.62736000e+01 9.83287242e-06
 1.63019000e+01 1.08194032e-05
 1.63338000e+01 1.00041936e-05
 1.63450000e+01 1.13988468e-05
 1.63698000e+01 1.30869949e-05
 1.63915000e+01 1.26766103e-05
 1.64164000e+01 1.32646779e-05
 1.64448000e+01 1.37510468e-05
 1.64663000e+01 1.39407121e-05
 1.64912000e+01 1.50287267e-05
 1.65128000e+01 1.54183154e-05
 1.65344000e+01 1.50078906e-05
 1.65558000e+01 1.68975491e-05
 1.65842000e+01 1.68838045e-05
 1.66058000e+01 1.68733352e-05
 1.66308000e+01 1.74612010e-05
 1.66556000e+01 1.86491459e-05
 1.66772000e+01 1.86386317e-05
 1.66987000e+01 1.95281525e-05
 1.67237000e+01 1.95159504e-05
 1.67453000e+01 2.06053929e-05
 1.67704000e+01 2.02931073e-05
 1.67953000e+01 2.11809012e-05
 1.68169000e+01 2.11702979e-05
 1.68383000e+01 2.24597790e-05
 1.68665000e+01 2.43458966e-05
 1.68916000e+01 2.36335203e-05
 1.69099000e+01 2.26244850e-05
 1.69313000e+01 2.49139063e-05
 1.69562000e+01 2.53015799e-05
 1.69812000e+01 2.57891851e-05
 1.70061000e+01 2.65768209e-05
 1.70277000e+01 2.61660800e-05
 1.70526000e+01 2.73536804e-05
 1.70776000e+01 2.71412118e-05
 1.70957000e+01 2.86321725e-05
 1.71172000e+01 2.90214220e-05
 1.71422000e+01 2.92089034e-05
 1.71638000e+01 2.96980717e-05
 1.71887000e+01 3.04855671e-05
 1.72136000e+01 3.15730431e-05
 1.72386000e+01 3.15604492e-05
 1.72602000e+01 3.15495522e-05
 1.72817000e+01 3.19386909e-05
 1.73032000e+01 3.34278151e-05
 1.73315000e+01 3.40134770e-05
 1.73497000e+01 3.38042426e-05
 1.73746000e+01 3.45915915e-05
 1.73995000e+01 3.60789205e-05
 1.74211000e+01 3.69679126e-05
 1.74460000e+01 3.77552043e-05
 1.74677000e+01 3.67441128e-05
 1.74892000e+01 3.75331084e-05
 1.75108000e+01 3.79220377e-05
 1.75356000e+01 3.92093081e-05
 1.75606000e+01 3.93964554e-05
 1.75821000e+01 4.04853856e-05
 1.76071000e+01 4.08724946e-05
 1.76286000e+01 4.10613918e-05
 1.76501000e+01 4.21502736e-05
 1.76751000e+01 4.27373262e-05
 1.76966000e+01 4.35261747e-05
 1.77182000e+01 4.35149558e-05
 1.77432000e+01 4.36019513e-05
 1.77680000e+01 4.49890300e-05
 1.77896000e+01 4.54777590e-05
 1.78179000e+01 4.60629680e-05
 1.78360000e+01 4.70534938e-05
 1.78576000e+01 4.73421728e-05
 1.78791000e+01 4.83308884e-05
 1.79040000e+01 4.87177996e-05
 1.79256000e+01 4.89064281e-05
 1.79472000e+01 4.99950406e-05
 1.79721000e+01 5.05818932e-05
 1.79937000e+01 5.10704707e-05
 1.80151000e+01 5.27591379e-05
 1.80434000e+01 5.31441265e-05
 1.80650000e+01 5.35326501e-05
 1.80866000e+01 5.31211573e-05
 1.81081000e+01 5.43097013e-05
 1.81330000e+01 5.57964131e-05
 1.81545000e+01 5.59849216e-05
 1.81795000e+01 5.64715387e-05
 1.82010000e+01 5.76600115e-05
 1.82226000e+01 5.74484139e-05
 1.82441000e+01 5.81368534e-05
 1.82656000e+01 5.93252761e-05
 1.82906000e+01 5.95117931e-05
 1.83120000e+01 6.10002336e-05
 1.83370000e+01 6.11867083e-05
 1.83585000e+01 6.20750582e-05
 1.83800000e+01 6.28633912e-05
 1.84049000e+01 6.35498578e-05
 1.84265000e+01 6.37380995e-05
 1.84481000e+01 6.49263238e-05
 1.84731000e+01 6.49126729e-05
 1.84911000e+01 6.62028297e-05
 1.85161000e+01 6.70891386e-05
 1.85444000e+01 6.76736119e-05
 1.85626000e+01 6.74636106e-05
 1.85807000e+01 6.82536518e-05
 1.86090000e+01 6.95380559e-05
 1.86305000e+01 7.01261871e-05
 1.86521000e+01 7.03142452e-05
 1.86735000e+01 7.22023963e-05
 1.86985000e+01 7.22885319e-05
 1.87200000e+01 7.30765891e-05
 1.87416000e+01 7.34645728e-05
 1.87630000e+01 7.47526499e-05
 1.87880000e+01 7.47386987e-05
 1.88095000e+01 7.63266811e-05
 1.88344000e+01 7.65127403e-05
 1.88526000e+01 7.71025353e-05
 1.88775000e+01 7.77885523e-05
 1.89024000e+01 7.87745447e-05
 1.89206000e+01 7.94642906e-05
 1.89455000e+01 8.06502402e-05
 1.89672000e+01 7.98379753e-05
 1.89853000e+01 8.10277307e-05
 1.90100000e+01 8.36137291e-05
 1.90350000e+01 8.39995324e-05
 1.90599000e+01 8.43853673e-05
 1.90781000e+01 8.43749977e-05
 1.90996000e+01 8.58627305e-05
 1.91245000e+01 8.64484997e-05
 1.91460000e+01 8.69361915e-05
 1.91675000e+01 8.82238643e-05
 1.91924000e+01 8.90095637e-05
 1.92106000e+01 8.93990948e-05
 1.92355000e+01 8.99847496e-05
 1.92708000e+01 8.89643683e-05
 1.92786000e+01 9.14598578e-05
 1.93034000e+01 9.29454994e-05
 1.93250000e+01 9.33329727e-05
 1.93465000e+01 9.44204842e-05
 1.93681000e+01 9.48079179e-05
 1.93896000e+01 9.56953900e-05
 1.94111000e+01 9.70828423e-05
 1.94359000e+01 9.81683439e-05
 1.94576000e+01 9.77556362e-05
 1.94790000e+01 9.92430841e-05
 1.95006000e+01 9.98303946e-05
 1.95254000e+01 1.00915800e-04
 1.95436000e+01 1.01305072e-04
 1.95651000e+01 1.02292381e-04
 1.95900000e+01 1.02777657e-04
 1.96149000e+01 1.04162906e-04
 1.96364000e+01 1.04650147e-04
 1.96546000e+01 1.05039330e-04
 1.96795000e+01 1.06324507e-04
 1.97010000e+01 1.07311686e-04
 1.97226000e+01 1.07898784e-04
 1.97441000e+01 1.08585921e-04
 1.97657000e+01 1.09172977e-04
 1.97871000e+01 1.10660133e-04
 1.98120000e+01 1.11745161e-04
 1.98335000e+01 1.12332210e-04
 1.98551000e+01 1.12719178e-04
 1.98732000e+01 1.13808241e-04
 1.98981000e+01 1.14193171e-04
 1.99196000e+01 1.15680135e-04
 1.99411000e+01 1.16067078e-04
 1.99660000e+01 1.16851928e-04
 1.99842000e+01 1.17740837e-04
 2.00056000e+01 1.18827776e-04
 2.00271000e+01 1.20414631e-04
 2.00520000e+01 1.20599381e-04
 2.00703000e+01 1.21088154e-04
 2.00952000e+01 1.22372853e-04
 2.01167000e+01 1.22959617e-04
 2.01382000e+01 1.23746359e-04
 2.01597000e+01 1.25033078e-04
 2.01812000e+01 1.25819775e-04
 2.02027000e+01 1.26906450e-04
 2.02243000e+01 1.27093040e-04
 2.02458000e+01 1.27279669e-04
 2.02672000e+01 1.29866338e-04
 2.02887000e+01 1.30052922e-04
 2.03102000e+01 1.31039484e-04
 2.03351000e+01 1.31923891e-04
 2.03567000e+01 1.32710340e-04
 2.03782000e+01 1.33596828e-04
 2.03964000e+01 1.34185372e-04
 2.04212000e+01 1.35669735e-04
 2.04428000e+01 1.36456090e-04
 2.04643000e+01 1.37342485e-04
 2.04857000e+01 1.38628919e-04
 2.05073000e+01 1.39015203e-04
 2.05288000e+01 1.39601527e-04
 2.05504000e+01 1.40187764e-04
 2.05718000e+01 1.41674104e-04
 2.05934000e+01 1.42160292e-04
 2.06149000e+01 1.42946520e-04
 2.06363000e+01 1.44432788e-04
 2.06612000e+01 1.45416780e-04
 2.06827000e+01 1.46502931e-04
 2.07010000e+01 1.46291125e-04
 2.07225000e+01 1.47777231e-04
 2.07439000e+01 1.49163377e-04
 2.07655000e+01 1.49249369e-04
 2.07869000e+01 1.51035466e-04
 2.08119000e+01 1.51319194e-04
 2.08300000e+01 1.52307391e-04
 2.08548000e+01 1.53591190e-04
 2.08730000e+01 1.53979280e-04
 2.08978000e+01 1.55663021e-04
 2.09161000e+01 1.55251002e-04
 2.09375000e+01 1.57136924e-04
 2.09590000e+01 1.57922754e-04
 2.09838000e+01 1.59206377e-04
 2.10054000e+01 1.59392086e-04
 2.10236000e+01 1.60080024e-04
 2.10451000e+01 1.61465751e-04
 2.10666000e+01 1.62551452e-04
 2.10881000e+01 1.63537127e-04
 2.11096000e+01 1.63822775e-04
 2.11277000e+01 1.65410673e-04
 2.11526000e+01 1.66293993e-04
 2.11740000e+01 1.68179629e-04
 2.11956000e+01 1.67765104e-04
 2.12137000e+01 1.68952912e-04
 2.12352000e+01 1.69638405e-04
 2.12567000e+01 1.70923871e-04
 2.12816000e+01 1.71307005e-04
 2.12998000e+01 1.72594654e-04
 2.13213000e+01 1.73780039e-04
 2.13462000e+01 1.74463078e-04
 2.13644000e+01 1.74450657e-04
 2.13824000e+01 1.76238353e-04
 2.14073000e+01 1.77121301e-04
 2.14287000e+01 1.78806617e-04
 2.14469000e+01 1.79194106e-04
 2.14718000e+01 1.80676957e-04
 2.14933000e+01 1.81062119e-04
 2.15114000e+01 1.81949606e-04
 2.15329000e+01 1.83134716e-04
 2.15544000e+01 1.84019797e-04
 2.15761000e+01 1.84404711e-04
 2.15975000e+01 1.86289805e-04
 2.16190000e+01 1.86474800e-04
 2.16405000e+01 1.87959767e-04
 2.16620000e+01 1.88544704e-04
 2.16834000e+01 1.90229682e-04
 2.17050000e+01 1.90414491e-04
 2.17231000e+01 1.91301738e-04
 2.17446000e+01 1.92086563e-04
 2.17661000e+01 1.93771358e-04
 2.17910000e+01 1.94453711e-04
 2.18125000e+01 1.95638441e-04
 2.18306000e+01 1.96125563e-04
 2.18522000e+01 1.97110167e-04
 2.18737000e+01 1.98394812e-04
 2.18952000e+01 1.98779426e-04
 2.19166000e+01 2.00464082e-04
 2.19348000e+01 2.00451008e-04
 2.19563000e+01 2.02135535e-04
 2.19777000e+01 2.03420103e-04
 2.20026000e+01 2.04402109e-04
 2.20312000e+01 2.03081390e-04
 2.20390000e+01 2.04875730e-04
 2.20603000e+01 2.07760252e-04
 2.20852000e+01 2.08142118e-04
 2.21035000e+01 2.08528764e-04
 2.21250000e+01 2.09213045e-04
 2.21464000e+01 2.11097368e-04
 2.21679000e+01 2.12081586e-04
 2.21894000e+01 2.13165771e-04
 2.22109000e+01 2.13549924e-04
 2.22291000e+01 2.14036484e-04
 2.22506000e+01 2.15020577e-04
 2.22720000e+01 2.16504711e-04
 2.22935000e+01 2.17488738e-04
 2.23117000e+01 2.17975192e-04
 2.23331000e+01 2.19659233e-04
 2.23580000e+01 2.20440622e-04
 2.23761000e+01 2.22127066e-04
 2.23977000e+01 2.22710857e-04
 2.24125000e+01 2.22499731e-04
 2.24372000e+01 2.25681127e-04
 2.24587000e+01 2.25864897e-04
 2.24803000e+01 2.26048557e-04
 2.25017000e+01 2.27732334e-04
 2.25199000e+01 2.27918511e-04
 2.25379000e+01 2.29804814e-04
 2.25628000e+01 2.30485828e-04
 2.25810000e+01 2.31471920e-04
 2.26025000e+01 2.32355459e-04
 2.26241000e+01 2.32938885e-04
 2.26455000e+01 2.34422430e-04
 2.26636000e+01 2.35408485e-04
 2.26886000e+01 2.35889182e-04
 2.27032000e+01 2.37077887e-04
 2.27247000e+01 2.37961223e-04
 2.27462000e+01 2.39644524e-04
 2.27677000e+01 2.40227788e-04
 2.27859000e+01 2.40013592e-04
 2.28073000e+01 2.42296867e-04
 2.28289000e+01 2.43179949e-04
 2.28504000e+01 2.43963072e-04
 2.28686000e+01 2.44448756e-04
 2.28899000e+01 2.46731968e-04
 2.29114000e+01 2.47914985e-04
 2.29330000e+01 2.47497886e-04
 2.29511000e+01 2.48383528e-04
 2.29725000e+01 2.50466517e-04
 2.29940000e+01 2.51549389e-04
 2.30155000e+01 2.52132223e-04
 2.30336000e+01 2.53617741e-04
 2.30552000e+01 2.54200424e-04
 2.30767000e+01 2.54983148e-04
 2.30949000e+01 2.55268493e-04
 2.31163000e+01 2.57151225e-04
 2.31378000e+01 2.58333838e-04
 2.31593000e+01 2.59016411e-04
 2.31774000e+01 2.59801709e-04
 2.31989000e+01 2.61084209e-04
 2.32170000e+01 2.61869445e-04
 2.32419000e+01 2.63149088e-04
 2.32600000e+01 2.63334256e-04
 2.32782000e+01 2.64619314e-04
 2.32996000e+01 2.66701707e-04
 2.33211000e+01 2.67683976e-04
 2.33460000e+01 2.68163391e-04
 2.33608000e+01 2.68751129e-04
 2.33789000e+01 2.69636106e-04
 2.33969000e+01 2.71521137e-04
 2.34184000e+01 2.72503219e-04
 2.34400000e+01 2.72485175e-04
 2.34581000e+01 2.74170022e-04
 2.34795000e+01 2.75452068e-04
 2.35010000e+01 2.76633987e-04
 2.35226000e+01 2.76715778e-04
 2.35373000e+01 2.78103362e-04
 2.35622000e+01 2.78982283e-04
 2.35769000e+01 2.79769812e-04
 2.36017000e+01 2.81448726e-04
 2.36164000e+01 2.82036200e-04
 2.36378000e+01 2.84017928e-04
 2.36628000e+01 2.84796526e-04
 2.36777000e+01 2.84183742e-04
 2.36957000e+01 2.86068269e-04
 2.37206000e+01 2.87446814e-04
 2.37387000e+01 2.88331180e-04
 2.37602000e+01 2.89112567e-04
 2.37782000e+01 2.90596949e-04
 2.37997000e+01 2.91678253e-04
 2.38211000e+01 2.93559597e-04
 2.38394000e+01 2.92943608e-04
 2.38575000e+01 2.94527761e-04
 2.38790000e+01 2.96008893e-04
 2.39005000e+01 2.96489978e-04
 2.39186000e+01 2.97074019e-04
 2.39401000e+01 2.98755017e-04
 2.39615000e+01 3.00436057e-04
 2.39831000e+01 3.00016871e-04
 2.39978000e+01 3.01403786e-04
 2.40158000e+01 3.03287733e-04
 2.40375000e+01 3.03268335e-04
 2.40555000e+01 3.04752207e-04
 2.40770000e+01 3.06232898e-04
 2.40984000e+01 3.07313630e-04
 2.41199000e+01 3.08494222e-04
 2.41415000e+01 3.08674674e-04
 2.41596000e+01 3.09358255e-04
 2.41742000e+01 3.11244984e-04
 2.41991000e+01 3.12222298e-04
 2.42172000e+01 3.13305765e-04
 2.42355000e+01 3.13689012e-04
 2.42568000e+01 3.15769466e-04
 2.42784000e+01 3.16449593e-04
 2.42965000e+01 3.17432900e-04
 2.43146000e+01 3.18516170e-04
 2.43360000e+01 3.19696341e-04
 2.43542000e+01 3.20379437e-04
 2.43722000e+01 3.21662682e-04
 2.43938000e+01 3.22042526e-04
 2.44119000e+01 3.23325594e-04
 2.44300000e+01 3.24508625e-04
 2.44515000e+01 3.25188418e-04
 2.44696000e+01 3.26371365e-04
 2.44877000e+01 3.27654273e-04
 2.45091000e+01 3.28934015e-04
 2.45272000e+01 3.30416838e-04
 2.45488000e+01 3.30296288e-04
 2.45635000e+01 3.31782271e-04
 2.45884000e+01 3.33058468e-04
 2.46269000e+01 3.33421516e-04
 2.46247000e+01 3.33823632e-04
 2.46427000e+01 3.36206298e-04
 2.46609000e+01 3.36188731e-04
 2.46822000e+01 3.38468119e-04
 2.47004000e+01 3.38650463e-04
 2.47219000e+01 3.39729551e-04
 2.47433000e+01 3.41608679e-04
 2.47616000e+01 3.41790784e-04
 2.47796000e+01 3.43473141e-04
 2.48011000e+01 3.43852013e-04
 2.48192000e+01 3.44934180e-04
 2.48373000e+01 3.46516305e-04
 2.48587000e+01 3.47795115e-04
 2.48769000e+01 3.48477047e-04
 2.48949000e+01 3.50159135e-04
 2.49166000e+01 3.50337483e-04
 2.49313000e+01 3.51122780e-04
 2.49494000e+01 3.52204638e-04
 2.49708000e+01 3.53683130e-04
 2.49889000e+01 3.54464891e-04
 2.50070000e+01 3.55946607e-04
 2.50284000e+01 3.57824932e-04
 2.50433000e+01 3.57809804e-04
 2.50613000e+01 3.59491487e-04
 2.50828000e+01 3.59869549e-04
 2.51010000e+01 3.60250929e-04
 2.51191000e+01 3.61532364e-04
 2.51371000e+01 3.62813857e-04
 2.51552000e+01 3.63995200e-04
 2.51733000e+01 3.65076497e-04
 2.51915000e+01 3.66257643e-04
 2.52130000e+01 3.66935309e-04
 2.52311000e+01 3.68016455e-04
 2.52492000e+01 3.68397553e-04
 2.52672000e+01 3.70478708e-04
 2.52853000e+01 3.71259711e-04
 2.53035000e+01 3.71740559e-04
 2.53216000e+01 3.72321464e-04
 2.53431000e+01 3.74398718e-04
 2.53611000e+01 3.75879622e-04
 2.53826000e+01 3.76956748e-04
 2.54008000e+01 3.77337330e-04
 2.54188000e+01 3.79018076e-04
 2.54370000e+01 3.78998556e-04
 2.54551000e+01 3.79779094e-04
 2.54731000e+01 3.82059688e-04
 2.54913000e+01 3.82740015e-04
 2.55127000e+01 3.84416816e-04
 2.55309000e+01 3.84597029e-04
 2.55491000e+01 3.84777189e-04
 2.55671000e+01 3.86257516e-04
 2.55851000e+01 3.88337789e-04
 2.56066000e+01 3.88914159e-04
 2.56248000e+01 3.89094096e-04
 2.56394000e+01 3.91677963e-04
 2.56575000e+01 3.93057913e-04
 2.56791000e+01 3.92833916e-04
 2.56939000e+01 3.92817428e-04
 2.57154000e+01 3.94093410e-04
 2.57300000e+01 3.96177056e-04
 2.57515000e+01 3.96852908e-04
 2.57697000e+01 3.97632404e-04
 2.57844000e+01 3.98715801e-04
 2.58093000e+01 3.99687594e-04
 2.58240000e+01 4.00570891e-04
 2.58387000e+01 4.01554150e-04
 2.58567000e+01 4.02833599e-04
 2.58782000e+01 4.04508977e-04
 2.58965000e+01 4.03887955e-04
 2.59112000e+01 4.05271025e-04
 2.59326000e+01 4.06546309e-04
 2.59508000e+01 4.07425224e-04
 2.59688000e+01 4.09104311e-04
 2.59868000e+01 4.10483339e-04
 2.60084000e+01 4.10658093e-04
 2.60198000e+01 4.11544734e-04
 2.60412000e+01 4.13619591e-04
 2.60594000e+01 4.13798140e-04
 2.60809000e+01 4.14672719e-04
 2.60955000e+01 4.16055407e-04
 2.61136000e+01 4.16933887e-04
 2.61317000e+01 4.17912304e-04
 2.61499000e+01 4.19190538e-04
 2.61681000e+01 4.19390419e-04
 2.61861000e+01 4.20890419e-04
 2.62008000e+01 4.21690419e-04
 2.62224000e+01 4.21990419e-04
 2.62405000e+01 4.22790419e-04
 2.62518000e+01 4.24490419e-04
 2.62732000e+01 4.26390419e-04
 2.62880000e+01 4.26590419e-04
 2.63060000e+01 4.28490419e-04
 2.63276000e+01 4.28990419e-04
 2.63423000e+01 4.29390419e-04
 2.63604000e+01 4.30790419e-04
 2.63786000e+01 4.31290419e-04
 2.63967000e+01 4.32790419e-04
 2.64114000e+01 4.33390419e-04
 2.64295000e+01 4.34490419e-04
 2.64475000e+01 4.36590419e-04
 2.64656000e+01 4.36990419e-04
 2.64838000e+01 4.37390419e-04
 2.65020000e+01 4.38090419e-04
 2.65166000e+01 4.39690419e-04
 2.65346000e+01 4.41590419e-04
 2.65528000e+01 4.41690419e-04
 2.65710000e+01 4.42290419e-04
 2.65856000e+01 4.43790419e-04
 2.66038000e+01 4.44990419e-04
 2.66253000e+01 4.45690419e-04
 2.66400000e+01 4.46290419e-04
 2.66547000e+01 4.47590419e-04
 2.66761000e+01 4.49690419e-04
 2.66943000e+01 4.49890419e-04
 2.67125000e+01 4.49890419e-04
 2.67273000e+01 4.50690419e-04
 2.67419000e+01 4.52690419e-04
 2.67633000e+01 4.54590419e-04
 2.67781000e+01 4.54290419e-04
 2.67963000e+01 4.54790419e-04
 2.68109000e+01 4.56290419e-04
 2.68291000e+01 4.57290419e-04
 2.68473000e+01 4.57690419e-04
 2.68619000e+01 4.58790419e-04
 2.68799000e+01 4.60690419e-04
 2.68981000e+01 4.61090419e-04
 2.69128000e+01 4.61690419e-04
 2.69379000e+01 4.60690419e-04
 2.69458000e+01 4.63190419e-04
 2.69638000e+01 4.64890419e-04
 2.69820000e+01 4.65290419e-04
 2.69966000e+01 4.66590419e-04
 2.70147000e+01 4.67490419e-04
 2.70330000e+01 4.67890419e-04
 2.70477000e+01 4.69090419e-04
 2.70623000e+01 4.70190419e-04
 2.70838000e+01 4.71290419e-04
 2.70987000e+01 4.70790419e-04
 2.71167000e+01 4.72790419e-04
 2.71314000e+01 4.74190419e-04
 2.71496000e+01 4.73990419e-04
 2.71642000e+01 4.76090419e-04
 2.71824000e+01 4.76290419e-04
 2.72005000e+01 4.77190419e-04
 2.72153000e+01 4.78290419e-04
 2.72300000e+01 4.79290419e-04
 2.72447000e+01 4.79690419e-04
 2.72628000e+01 4.81390419e-04
 2.72809000e+01 4.81890419e-04
 2.72957000e+01 4.82290419e-04
 2.73104000e+01 4.83590419e-04
 2.73284000e+01 4.85390419e-04
 2.73466000e+01 4.85390419e-04
 2.73614000e+01 4.85890419e-04
 2.73795000e+01 4.87090419e-04
 2.73942000e+01 4.87990419e-04
 2.74124000e+01 4.89090419e-04
 2.74271000e+01 4.89690419e-04
 2.74485000e+01 4.91590419e-04
 2.74635000e+01 4.90090419e-04
 2.74747000e+01 4.91590419e-04
 2.74927000e+01 4.94290419e-04
 2.75075000e+01 4.94090419e-04
 2.75257000e+01 4.94590419e-04
 2.75404000e+01 4.95190419e-04
 2.75551000e+01 4.96490419e-04
 2.75766000e+01 4.97090419e-04
 2.75880000e+01 4.97890419e-04
 2.76028000e+01 4.98590419e-04
 2.76174000e+01 5.00490419e-04
 2.76390000e+01 5.00490419e-04
 2.76503000e+01 5.01090419e-04
 2.76684000e+01 5.02790419e-04
 2.76865000e+01 5.03890419e-04
 2.77013000e+01 5.03590419e-04
 2.77160000e+01 5.04490419e-04
 2.77274000e+01 5.05290419e-04
 2.77421000e+01 5.06590419e-04
 2.77636000e+01 5.07690419e-04
 2.77784000e+01 5.07890419e-04
 2.77931000e+01 5.08890419e-04
 2.78078000e+01 5.09590419e-04
 2.78260000e+01 5.10990419e-04
 2.78441000e+01 5.11290419e-04
 2.78554000e+01 5.12090419e-04
 2.78702000e+01 5.12690419e-04
 2.78882000e+01 5.14190419e-04
 2.79031000e+01 5.14390419e-04
 2.79178000e+01 5.15490419e-04
 2.79359000e+01 5.16790419e-04
 2.79507000e+01 5.16790419e-04
 2.79689000e+01 5.16790419e-04
 2.79768000e+01 5.18290419e-04
 2.79915000e+01 5.19490419e-04
 2.80096000e+01 5.19690419e-04
 2.80209000e+01 5.20990419e-04
 2.80390000e+01 5.21790419e-04
 2.80538000e+01 5.22690419e-04
 2.80686000e+01 5.23090419e-04
 2.80833000e+01 5.23790419e-04
 2.80980000e+01 5.24790419e-04
 2.81128000e+01 5.25190419e-04
 2.81276000e+01 5.26290419e-04
 2.81423000e+01 5.27290419e-04
 2.81604000e+01 5.27590419e-04
 2.81751000e+01 5.28390419e-04
 2.81933000e+01 5.28990419e-04
 2.82082000e+01 5.28990419e-04
 2.82161000e+01 5.30090419e-04
 2.82340000e+01 5.32390419e-04
 2.82489000e+01 5.31790419e-04
 2.82670000e+01 5.32590419e-04
 2.82784000e+01 5.33290419e-04
 2.82932000e+01 5.33890419e-04
 2.83112000e+01 5.35590419e-04
 2.83258000e+01 5.36890419e-04
 2.83406000e+01 5.37290419e-04
 2.83556000e+01 5.35990419e-04
 2.83668000e+01 5.38090419e-04
 2.83849000e+01 5.39390419e-04
 2.83963000e+01 5.39190419e-04
 2.84111000e+01 5.39990419e-04
 2.84259000e+01 5.39990419e-04
 2.84440000e+01 5.41290419e-04
 2.84553000e+01 5.42390419e-04
 2.84700000e+01 5.42790419e-04
 2.84849000e+01 5.42790419e-04
 2.84996000e+01 5.43790419e-04
 2.85143000e+01 5.45090419e-04
 2.85290000e+01 5.45490419e-04
 2.85438000e+01 5.45590419e-04
 2.85586000e+01 5.46390419e-04
 2.85699000e+01 5.47890419e-04
 2.85846000e+01 5.48290419e-04
 2.85994000e+01 5.48890419e-04
 2.86108000e+01 5.49390419e-04
 2.86256000e+01 5.49990419e-04
 2.86403000e+01 5.50990419e-04
 2.86516000e+01 5.51890419e-04
 2.86664000e+01 5.52690419e-04
 2.86811000e+01 5.53190419e-04
 2.86926000e+01 5.52490419e-04
 2.87039000e+01 5.53190419e-04
 2.87220000e+01 5.55490419e-04
 2.87368000e+01 5.55290419e-04
 2.87482000e+01 5.55290419e-04
 2.87629000e+01 5.56290419e-04
 2.87776000e+01 5.57190419e-04
 2.87924000e+01 5.58390419e-04
 2.88072000e+01 5.58490419e-04
 2.88186000e+01 5.58690419e-04
 2.88333000e+01 5.59490419e-04
 2.88481000e+01 5.60390419e-04
 2.88628000e+01 5.60790419e-04
 2.88742000e+01 5.61590419e-04
 2.88994000e+01 5.59690419e-04
 2.88970000e+01 5.61990419e-04
 2.89117000e+01 5.63090419e-04
 2.89265000e+01 5.63290419e-04
 2.89412000e+01 5.64390419e-04
 2.89526000e+01 5.64790419e-04
 2.89708000e+01 5.65190419e-04
 2.89820000e+01 5.66490419e-04
 2.89967000e+01 5.67590419e-04
 2.90116000e+01 5.66490419e-04
 2.90231000e+01 5.67090419e-04
 2.90378000e+01 5.68190419e-04
 2.90525000e+01 5.69190419e-04
 2.90638000e+01 5.69290419e-04
 2.90787000e+01 5.69490419e-04
 2.90900000e+01 5.70290419e-04
 2.91047000e+01 5.71590419e-04
 2.91195000e+01 5.71790419e-04
 2.91309000e+01 5.72190419e-04
 2.91422000e+01 5.73090419e-04
 2.91571000e+01 5.72790419e-04
 2.91684000e+01 5.73490419e-04
 2.91798000e+01 5.74290419e-04
 2.91946000e+01 5.74790419e-04
 2.92093000e+01 5.75590419e-04
 2.92207000e+01 5.75190419e-04
 2.92321000e+01 5.76390419e-04
 2.92502000e+01 5.77290419e-04
 2.92617000e+01 5.76690419e-04
 2.92730000e+01 5.77490419e-04
 2.92844000e+01 5.78290419e-04
 2.92991000e+01 5.78790419e-04
 2.93173000e+01 5.79190419e-04
 2.93253000e+01 5.79190419e-04
 2.93367000e+01 5.80290419e-04
 2.93549000e+01 5.80490419e-04
 2.93628000e+01 5.80890419e-04
 2.93775000e+01 5.81890419e-04
 2.93890000e+01 5.82590419e-04
 2.94036000e+01 5.83790419e-04
 2.94184000e+01 5.83890419e-04
 2.94299000e+01 5.82990419e-04
 2.94379000e+01 5.83590419e-04
 2.94559000e+01 5.85690419e-04
 2.94674000e+01 5.84890419e-04
 2.94789000e+01 5.83890419e-04
 2.94902000e+01 5.85690419e-04
 2.95049000e+01 5.86590419e-04
 2.95196000e+01 5.87390419e-04
 2.95310000e+01 5.88090419e-04
 2.95425000e+01 5.87490419e-04
 2.95573000e+01 5.87890419e-04
 2.95686000e+01 5.89090419e-04
 2.95833000e+01 5.89790419e-04
 2.95948000e+01 5.89390419e-04
 2.96095000e+01 5.90390419e-04
 2.96209000e+01 5.90990419e-04
 2.96356000e+01 5.91890419e-04
 2.96471000e+01 5.92090419e-04
 2.96585000e+01 5.92090419e-04
 2.96766000e+01 5.92890419e-04
 2.96880000e+01 5.92990419e-04
 2.97029000e+01 5.92990419e-04
 2.97142000e+01 5.93390419e-04
 2.97290000e+01 5.93790419e-04
 2.97403000e+01 5.94790419e-04
 2.97518000e+01 5.94890419e-04
 2.97666000e+01 5.94890419e-04
 2.97745000e+01 5.95690419e-04
 2.97891000e+01 5.96990419e-04
 2.98040000e+01 5.97590419e-04
 2.98121000e+01 5.96490419e-04
 2.98234000e+01 5.97190419e-04
 2.98381000e+01 5.98490419e-04
 2.98496000e+01 5.98390419e-04
 2.98609000e+01 5.99290419e-04
 2.98757000e+01 5.99490419e-04
 2.98838000e+01 5.99290419e-04
 2.98951000e+01 6.00390419e-04
 2.99098000e+01 6.01190419e-04
 2.99211000e+01 6.02290419e-04
 2.99393000e+01 6.02090419e-04
 2.99475000e+01 6.00790419e-04
 2.99589000e+01 6.00790419e-04
 2.99669000e+01 6.01390419e-04
 2.99850000e+01 6.03490419e-04
 2.99963000e+01 6.03690419e-04
 3.00077000e+01 6.04390419e-04
 3.00190000e+01 6.05390419e-04
 3.00306000e+01 6.04390419e-04
 3.00386000e+01 6.04390419e-04
 3.00533000e+01 6.05390419e-04
 3.00648000e+01 6.04790419e-04
 3.00727000e+01 6.05790419e-04
 3.00841000e+01 6.06290419e-04
 3.00988000e+01 6.06490419e-04
 3.01137000e+01 6.06690419e-04
 3.01217000e+01 6.06690419e-04
 3.01330000e+01 6.07490419e-04
 3.01445000e+01 6.07790419e-04
 3.01592000e+01 6.08790419e-04
 3.01706000e+01 6.08390419e-04
 3.01820000e+01 6.08990419e-04
 3.01934000e+01 6.09490419e-04
 3.02047000e+01 6.10290419e-04
 3.02195000e+01 6.10690419e-04
 3.02310000e+01 6.10090419e-04
 3.02424000e+01 6.11190419e-04
 3.02503000e+01 6.11590419e-04
 3.02618000e+01 6.11190419e-04
 3.02731000e+01 6.12390419e-04
 3.02878000e+01 6.13090419e-04
 3.02991000e+01 6.14090419e-04
 3.03107000e+01 6.12990419e-04
 3.03188000e+01 6.12190419e-04
 3.03302000e+01 6.12990419e-04
 3.03414000e+01 6.14690419e-04
 3.03596000e+01 6.14990419e-04
 3.03677000e+01 6.14690419e-04
 3.03756000e+01 6.15390419e-04
