 1.47910421e+00 1.58298077e-07 -2.77424946e-07
 1.50403749e+00 1.54583111e-07 -2.85873683e-07
 1.52896989e+00 1.50386109e-07 -2.94739958e-07
 1.55390140e+00 1.45635212e-07 -3.04842012e-07
 1.57883473e+00 1.39382607e-07 -3.14014744e-07
 1.60376983e+00 1.33065696e-07 -3.16485294e-07
 1.62870680e+00 1.27328306e-07 -3.17256130e-07
 1.65364473e+00 1.20099220e-07 -3.12885442e-07
 1.67858261e+00 1.12026141e-07 -3.08460230e-07
 1.70352141e+00 1.04768483e-07 -3.00277234e-07
 1.72846021e+00 9.70530991e-08 -2.86134740e-07
 1.75339897e+00 8.90711009e-08 -2.66029136e-07
 1.77833772e+00 8.12221445e-08 -2.41465445e-07
 1.80327561e+00 7.26839718e-08 -2.15244965e-07
 1.82821254e+00 6.32541381e-08 -1.89199184e-07
 1.85315034e+00 5.23445907e-08 -1.57727184e-07
 1.87808818e+00 4.13459644e-08 -1.20220748e-07
 1.90302604e+00 3.00911651e-08 -8.19314099e-08
 1.92798578e+00 2.05062144e-08 -5.34955087e-08
 1.95295111e+00 1.39884686e-08 -4.71704352e-08
 1.97791838e+00 9.86771042e-09 -4.55268691e-08
 2.00288293e+00 7.48865178e-09 -4.56353058e-08
 2.02784929e+00 5.37279932e-09 -5.31441185e-08
 2.05282019e+00 3.70929725e-09 -6.45012433e-08
 2.07779299e+00 1.57209803e-09 -8.01574308e-08
 2.10276487e+00 -8.83554719e-10 -9.66969449e-08
 2.12773767e+00 -3.87388215e-09 -1.13244829e-07
 2.15271044e+00 -5.51108003e-09 -1.24468137e-07
 2.17768234e+00 -8.01088365e-09 -1.32826145e-07
 2.20265242e+00 -1.14467235e-08 -1.41726817e-07
 2.22762247e+00 -1.45583775e-08 -1.46597133e-07
 2.25259348e+00 -1.73397495e-08 -1.50399351e-07
 2.27756538e+00 -1.95662228e-08 -1.51190106e-07
 2.30253731e+00 -2.20794817e-08 -1.50699400e-07
 2.32750833e+00 -2.44379832e-08 -1.53721844e-07
 2.35247936e+00 -2.62071300e-08 -1.60679474e-07
 2.37745041e+00 -2.83293228e-08 -1.66202861e-07
 2.40241966e+00 -3.05683255e-08 -1.68511650e-07
 2.42738798e+00 -3.25922297e-08 -1.68382050e-07
 2.45235721e+00 -3.48356045e-08 -1.68264530e-07
 2.47732742e+00 -3.66257058e-08 -1.64492673e-07
 2.50229676e+00 -3.79013286e-08 -1.55719911e-07
 2.52726694e+00 -3.92067304e-08 -1.47760112e-07
 2.55223984e+00 -4.06987222e-08 -1.40535778e-07
 2.57721183e+00 -4.23877917e-08 -1.33847317e-07
 2.60218199e+00 -4.38578314e-08 -1.29951119e-07
 2.62715305e+00 -4.64945006e-08 -1.21290862e-07
 2.65212508e+00 -4.91066734e-08 -1.16761907e-07
 2.67709436e+00 -5.10316876e-08 -1.12794095e-07
 2.70206450e+00 -5.34751408e-08 -1.06994122e-07
 2.72703648e+00 -5.62430124e-08 -1.00078611e-07
 2.75200761e+00 -5.74962445e-08 -9.20183222e-08
 2.77697872e+00 -5.76320660e-08 -8.53615158e-08
 2.80194892e+00 -5.90939809e-08 -7.82492767e-08
 2.82691915e+00 -6.02739819e-08 -7.32199343e-08
 2.85189029e+00 -6.07321588e-08 -6.73435799e-08
 2.87686233e+00 -6.12269019e-08 -5.93040705e-08
 2.90183530e+00 -6.29159805e-08 -5.16439127e-08
 2.92680646e+00 -6.50375767e-08 -4.54002569e-08
 2.95177848e+00 -6.63437772e-08 -3.51436314e-08
 2.97675144e+00 -6.83345758e-08 -2.75269864e-08
 3.00172442e+00 -7.02411942e-08 -2.11958394e-08
 3.02669741e+00 -7.14085270e-08 -1.61771713e-08
 3.05167127e+00 -7.19686659e-08 -6.71073209e-09
 3.07664603e+00 -7.28073054e-08 9.13387807e-10
 3.10161986e+00 -7.40439148e-08 2.89255678e-09
 3.12659282e+00 -7.43876464e-08 5.60774665e-09
 3.15156305e+00 -7.56114751e-08 1.07127761e-08
 3.17653140e+00 -7.73191603e-08 2.09490803e-08
 3.20149976e+00 -7.83741149e-08 2.50178858e-08
 3.22646724e+00 -7.90677762e-08 3.20902237e-08
 3.25143563e+00 -7.95942680e-08 4.22055513e-08
 3.27640495e+00 -7.92003856e-08 5.40148279e-08
 3.30137522e+00 -7.88100761e-08 6.57879827e-08
 3.32634546e+00 -7.96850792e-08 7.61206026e-08
 3.35131661e+00 -7.85684157e-08 8.53266842e-08
 3.37628775e+00 -7.67404430e-08 9.12249989e-08
 3.40125891e+00 -7.69406882e-08 9.68009659e-08
 3.42623007e+00 -7.70471478e-08 1.00562932e-07
 3.45120124e+00 -7.51532716e-08 1.01048719e-07
 3.47617325e+00 -7.26736416e-08 1.00815381e-07
 3.50114527e+00 -7.17538256e-08 1.02560772e-07
 3.52611915e+00 -7.06799870e-08 1.06876610e-07
 3.55109302e+00 -6.84858392e-08 1.04998932e-07
 3.57606418e+00 -6.55830953e-08 9.92950872e-08
 3.60102980e+00 -6.35690930e-08 9.18534047e-08
 3.62599542e+00 -6.14301666e-08 8.27565106e-08
 3.65096103e+00 -5.92823818e-08 7.04058638e-08
 3.67592671e+00 -5.71942392e-08 6.00206430e-08
 3.70089325e+00 -5.51566896e-08 5.47336005e-08
 3.72586159e+00 -5.36416866e-08 4.60520973e-08
 3.75083089e+00 -5.22104543e-08 3.62052319e-08
 3.77580017e+00 -5.10616408e-08 2.93671734e-08
 3.80076949e+00 -5.01818054e-08 2.23863338e-08
 3.82573880e+00 -4.97627010e-08 1.51396620e-08
 3.85071082e+00 -4.83477504e-08 1.00578695e-08
 3.87568284e+00 -4.64889651e-08 3.71841545e-09
 3.90065394e+00 -4.53523834e-08 -4.37743459e-09
 3.92562683e+00 -4.41104499e-08 -5.87024050e-09
 3.95059974e+00 -4.27778973e-08 -6.41263319e-09
 3.97557263e+00 -4.07233999e-08 -6.01795720e-09
 4.00054460e+00 -4.05036632e-08 -1.75421871e-09
 4.02551655e+00 -4.10675939e-08 1.01248295e-08
 4.05048765e+00 -4.12240172e-08 1.34492756e-08
 4.07545785e+00 -4.13610420e-08 1.36183495e-08
 4.10042804e+00 -4.13657555e-08 1.20457240e-08
 4.12539824e+00 -4.11306349e-08 8.10167825e-09
 4.15036842e+00 -4.09836092e-08 5.16331859e-09
 4.17533766e+00 -4.17980903e-08 5.85068388e-10
 4.20030874e+00 -4.23095046e-08 -3.99913644e-09
 4.22527983e+00 -4.13414863e-08 -8.88816670e-09
 4.25024998e+00 -4.09155768e-08 -1.32284345e-08
 4.27522016e+00 -4.18702374e-08 -1.51630897e-08
 4.30019035e+00 -4.18534132e-08 -1.40690440e-08
 4.32516052e+00 -4.21405593e-08 -1.61045924e-08
 4.35013248e+00 -4.20334283e-08 -1.30952563e-08
 4.37510446e+00 -4.22792286e-08 -1.14033402e-08
 4.40007372e+00 -4.26340106e-08 -1.04072611e-08
 4.42504199e+00 -4.21847053e-08 -3.65761674e-09
 4.45001207e+00 -4.21526303e-08 -1.32984999e-10
 4.47498220e+00 -4.16712936e-08 4.45185876e-09
 4.49995229e+00 -4.09470070e-08 8.10438756e-09
 4.52492329e+00 -4.12788910e-08 9.71614968e-09
 4.54989338e+00 -4.16043634e-08 1.11832421e-08
 4.57486261e+00 -4.16742089e-08 1.25794059e-08
 4.59983091e+00 -4.09350329e-08 1.31336470e-08
 4.62480009e+00 -3.89967497e-08 1.16059875e-08
 4.64977110e+00 -3.78932332e-08 1.33234512e-08
 4.67474392e+00 -3.76290975e-08 1.33464918e-08
 4.69971861e+00 -3.70271568e-08 1.14061377e-08
 4.72469419e+00 -3.59711310e-08 7.56873098e-09
 4.74967068e+00 -3.55300862e-08 7.95325904e-09
 4.77464628e+00 -3.59053392e-08 7.77997041e-09
 4.79962098e+00 -3.64460352e-08 1.25172752e-08
 4.82459472e+00 -3.68525420e-08 2.23916966e-08
 4.84956936e+00 -3.76831350e-08 2.57584989e-08
 4.87454315e+00 -3.80642279e-08 2.96873198e-08
 4.89951603e+00 -3.79598046e-08 3.43272417e-08
 4.92448975e+00 -3.80490322e-08 3.83592336e-08
 4.94946438e+00 -3.77430180e-08 4.24620413e-08
 4.97443811e+00 -3.67166408e-08 4.94281194e-08
 4.99940917e+00 -3.53391601e-08 4.96428233e-08
 5.02438111e+00 -3.47547790e-08 4.85809532e-08
 5.04935396e+00 -3.45657168e-08 5.19510559e-08
 5.07432589e+00 -3.37175650e-08 5.42609329e-08
 5.09929784e+00 -3.32582124e-08 5.43912259e-08
 5.12427343e+00 -3.20232126e-08 4.99668175e-08
 5.14924903e+00 -3.03261184e-08 4.49038996e-08
 5.17422370e+00 -2.79661057e-08 3.95109568e-08
 5.19919742e+00 -2.68798203e-08 3.91892341e-08
 5.22417026e+00 -2.55837019e-08 3.82959904e-08
 5.24914308e+00 -2.32194248e-08 3.55124001e-08
 5.27411867e+00 -2.37214884e-08 2.38645868e-08
 5.29909333e+00 -2.34598217e-08 1.75640980e-08
 5.32406702e+00 -2.31104407e-08 1.65713570e-08
 5.34904164e+00 -2.34427197e-08 1.14740717e-08
 5.37401447e+00 -2.31593857e-08 8.16483205e-09
 5.39898641e+00 -2.32797154e-08 2.35329095e-09
 5.42395924e+00 -2.35889506e-08 -6.12421756e-09
 5.44893209e+00 -2.29258317e-08 -7.64290151e-09
 5.47390584e+00 -2.22452748e-08 -6.14919469e-09
 5.49887871e+00 -2.17436982e-08 -5.86265511e-09
 5.52385245e+00 -2.11078093e-08 -3.37409448e-09
 5.54882621e+00 -2.17256289e-08 -1.41181512e-09
 5.57379990e+00 -2.14085965e-08 4.43215298e-09
 5.59877359e+00 -2.15762859e-08 6.34445102e-09
 5.62374820e+00 -2.22205829e-08 4.83818626e-09
 5.64872372e+00 -2.24939960e-08 3.82406514e-09
 5.67369831e+00 -2.22992452e-08 3.95588120e-09
 5.69867381e+00 -2.17522980e-08 -6.58618598e-10
 5.72364931e+00 -2.17069294e-08 -4.90732273e-09
 5.74862393e+00 -2.15108617e-08 -6.63615469e-09
 5.77359944e+00 -2.08363409e-08 -8.12685309e-09
 5.79857583e+00 -2.13048316e-08 -9.64750303e-09
 5.82355044e+00 -2.29151552e-08 -1.04454057e-08
 5.84852596e+00 -2.43709857e-08 -1.63897696e-08
 5.87349878e+00 -2.51218174e-08 -1.90958571e-08
 5.89847066e+00 -2.65380075e-08 -2.13319846e-08
 5.92344342e+00 -2.80150634e-08 -2.16633772e-08
 5.94841717e+00 -2.84637619e-08 -2.17197790e-08
 5.97339091e+00 -2.82749636e-08 -2.38839998e-08
 5.99836373e+00 -2.93642493e-08 -2.39551804e-08
 6.02333475e+00 -2.98083134e-08 -2.68402158e-08
 6.04830574e+00 -2.97194007e-08 -3.09552088e-08
 6.07327855e+00 -3.02821013e-08 -3.66771198e-08
 6.09825227e+00 -3.19243962e-08 -3.97813010e-08
 6.12322601e+00 -3.35757879e-08 -4.42994188e-08
 6.14819981e+00 -3.47581317e-08 -5.20013274e-08
 6.17317178e+00 -3.65010396e-08 -5.91522204e-08
 6.19814373e+00 -3.79708134e-08 -6.85605140e-08
 6.22311566e+00 -3.95087132e-08 -7.50578171e-08
 6.24808669e+00 -4.07968516e-08 -8.28347104e-08
 6.27305771e+00 -4.19415099e-08 -8.65630060e-08
 6.29802871e+00 -4.43306277e-08 -9.37672125e-08
 6.32299971e+00 -4.68140397e-08 -9.52619119e-08
 6.34797164e+00 -4.85370044e-08 -9.26202514e-08
 6.37294356e+00 -4.98127597e-08 -9.61903514e-08
 6.39791546e+00 -5.23475631e-08 -9.63549697e-08
 6.42288737e+00 -5.45599114e-08 -9.31233348e-08
 6.44785929e+00 -5.50602501e-08 -9.18134505e-08
 6.47283120e+00 -5.47907237e-08 -8.80762327e-08
 6.49780406e+00 -5.55343987e-08 -8.18629244e-08
 6.52277782e+00 -5.74993862e-08 -7.80053072e-08
 6.54775155e+00 -5.82808491e-08 -7.46681220e-08
 6.57272528e+00 -5.92651788e-08 -6.94191838e-08
 6.59769903e+00 -6.04362027e-08 -6.42583298e-08
 6.62267367e+00 -6.17950203e-08 -6.03911747e-08
 6.64764833e+00 -6.27102902e-08 -5.81367798e-08
 6.67262482e+00 -6.34869664e-08 -5.47887818e-08
 6.69760225e+00 -6.42050982e-08 -5.25526152e-08
 6.72257970e+00 -6.52590573e-08 -5.22366941e-08
 6.74755715e+00 -6.74879051e-08 -5.16500286e-08
 6.77253373e+00 -6.90712504e-08 -5.12617893e-08
 6.79750470e+00 -7.02393173e-08 -5.55141169e-08
 6.82247572e+00 -7.15940821e-08 -5.70687419e-08
 6.84744772e+00 -7.30749207e-08 -6.03141738e-08
 6.87242059e+00 -7.42414535e-08 -6.59495242e-08
 6.89739437e+00 -7.58543576e-08 -6.55828441e-08
 6.92236904e+00 -7.78284503e-08 -6.61891493e-08
 6.94734281e+00 -7.97467132e-08 -7.13480975e-08
 6.97231568e+00 -8.16986500e-08 -6.71314835e-08
 6.99728856e+00 -8.34539820e-08 -5.99937753e-08
 7.02226142e+00 -8.61799383e-08 -5.25557792e-08
 7.04723432e+00 -8.82784942e-08 -4.59140001e-08
 7.07220901e+00 -9.07116079e-08 -3.88947491e-08
 7.09718469e+00 -9.28064009e-08 -3.51422670e-08
 7.12215853e+00 -9.44160832e-08 -3.33856406e-08
 7.14713235e+00 -9.60961704e-08 -3.42685919e-08
 7.17210529e+00 -9.78389761e-08 -3.62325800e-08
 7.19707825e+00 -9.93008955e-08 -3.57171670e-08
 7.22205119e+00 -9.94193520e-08 -3.50611948e-08
 7.24702412e+00 -9.90595223e-08 -3.26756592e-08
 7.27199794e+00 -9.88762051e-08 -2.49238351e-08
 7.29697088e+00 -9.89602434e-08 -2.00128686e-08
 7.32194292e+00 -9.86478327e-08 -2.04164775e-08
 7.34691675e+00 -9.92317309e-08 -2.05544769e-08
 7.37188967e+00 -9.98842446e-08 -2.58588828e-08
 7.39686532e+00 -1.00603063e-07 -2.36764537e-08
 7.42184097e+00 -1.00447825e-07 -2.20543548e-08
 7.44681845e+00 -9.98378350e-08 -2.05093397e-08
 7.47179592e+00 -9.97364848e-08 -1.04487971e-08
 7.49677249e+00 -9.95031140e-08 -3.99210831e-09
 7.52174905e+00 -9.94492087e-08 2.07243911e-09
 7.54672743e+00 -9.99046272e-08 7.11698023e-09
 7.57170493e+00 -9.94718123e-08 1.01085207e-08
 7.59667967e+00 -9.89882270e-08 1.14074108e-08
 7.62165350e+00 -9.85774449e-08 1.08557312e-08
 7.64662911e+00 -9.81581558e-08 1.28699361e-08
 7.67160472e+00 -9.91297730e-08 1.31480367e-08
 7.69658034e+00 -1.00433870e-07 1.09636619e-08
 7.72155503e+00 -1.00697252e-07 8.98568511e-09
 7.74652883e+00 -1.00968200e-07 6.56394941e-09
 7.77150354e+00 -1.01552020e-07 3.59213494e-09
 7.79647736e+00 -1.02327858e-07 1.58434257e-09
 7.82145205e+00 -1.01833345e-07 -1.32515872e-09
 7.84642767e+00 -1.01778824e-07 -2.76369569e-09
 7.87140239e+00 -1.02458381e-07 -6.94502893e-10
 7.89637620e+00 -1.02058316e-07 -1.51896822e-09
 7.92135090e+00 -1.01652782e-07 -2.51785094e-09
 7.94632653e+00 -1.01454805e-07 -1.33426717e-09
 7.97130128e+00 -1.01226928e-07 1.39961613e-09
 7.99627515e+00 -1.01458481e-07 5.20444611e-09
 8.02124716e+00 -1.02147360e-07 1.13825566e-08
 8.04622007e+00 -1.02481317e-07 1.21283343e-08
 8.07119210e+00 -1.02337735e-07 1.22943023e-08
 8.09616322e+00 -1.02326686e-07 1.37439972e-08
 8.12113525e+00 -1.02667146e-07 1.51142723e-08
 8.14610727e+00 -1.02725165e-07 1.33593426e-08
 8.17107841e+00 -1.03225280e-07 9.35307994e-09
 8.19604772e+00 -1.03421482e-07 8.73770230e-09
 8.22101609e+00 -1.04173432e-07 8.90509601e-09
 8.24598536e+00 -1.05180987e-07 7.05968418e-09
 8.27095552e+00 -1.06361470e-07 3.31641212e-09
 8.29592658e+00 -1.07631113e-07 4.51846287e-09
 8.32089953e+00 -1.06439550e-07 -3.58839563e-09
 8.34587339e+00 -1.06654212e-07 -1.01989275e-08
 8.37084628e+00 -1.07353550e-07 -1.33379917e-08
 8.39581646e+00 -1.07600388e-07 -2.07173692e-08
 8.42078574e+00 -1.08532268e-07 -2.72909753e-08
 8.44575410e+00 -1.08554924e-07 -3.46507860e-08
 8.47072524e+00 -1.10102909e-07 -5.26873446e-08
 8.49569730e+00 -1.12914662e-07 -6.47434579e-08
 8.52066846e+00 -1.15607607e-07 -7.19582419e-08
 8.54564054e+00 -1.18504485e-07 -8.32162124e-08
 8.57061078e+00 -1.22025258e-07 -9.24582889e-08
 8.59557919e+00 -1.23948289e-07 -1.00629856e-07
 8.62054754e+00 -1.26750163e-07 -1.03214818e-07
 8.64551774e+00 -1.29073797e-07 -1.07674826e-07
 8.67048702e+00 -1.30696031e-07 -1.13900095e-07
 8.69545719e+00 -1.32273415e-07 -1.17128368e-07
 8.72042828e+00 -1.34350435e-07 -1.17839155e-07
 8.74539849e+00 -1.35744789e-07 -1.14838305e-07
 8.77036782e+00 -1.37057554e-07 -1.11707069e-07
 8.79533534e+00 -1.38992763e-07 -1.07902823e-07
 8.82030282e+00 -1.40718491e-07 -1.00249689e-07
 8.84527120e+00 -1.41952645e-07 -9.39830838e-08
 8.87023959e+00 -1.43011344e-07 -9.27736807e-08
 8.89520795e+00 -1.43998033e-07 -9.56239442e-08
 8.92017359e+00 -1.45024683e-07 -9.19771884e-08
 8.94514020e+00 -1.46478927e-07 -9.11501129e-08
 8.97010408e+00 -1.48015746e-07 -8.80320362e-08
 8.99506615e+00 -1.49933028e-07 -8.23021343e-08
 9.02002820e+00 -1.51702368e-07 -7.42758752e-08
 9.04499117e+00 -1.53330447e-07 -6.94190940e-08
 9.06995413e+00 -1.54609626e-07 -6.35003050e-08
 9.09491709e+00 -1.56603607e-07 -5.75018724e-08
 9.11988097e+00 -1.57820843e-07 -5.18908354e-08
 9.14484577e+00 -1.58476204e-07 -4.61753751e-08
 9.16980877e+00 -1.58563992e-07 -3.96289943e-08
 9.19476991e+00 -1.58822547e-07 -3.80402497e-08
 9.21973103e+00 -1.58332398e-07 -3.63172572e-08
 9.24469310e+00 -1.57515723e-07 -3.29179091e-08
 9.26965608e+00 -1.56894276e-07 -2.86243134e-08
 9.29461814e+00 -1.56370961e-07 -2.61192369e-08
 9.31958019e+00 -1.56275054e-07 -2.16902474e-08
 9.34454048e+00 -1.55717235e-07 -2.27546366e-08
 9.36949981e+00 -1.54262918e-07 -1.62954891e-08
 9.39446004e+00 -1.53228889e-07 -6.43319115e-09
 9.41942032e+00 -1.52604330e-07 -1.22256727e-09
 9.44437969e+00 -1.50987016e-07 5.22356177e-09
 9.46933902e+00 -1.48925493e-07 1.70940324e-08
 9.49429834e+00 -1.47710529e-07 3.04022565e-08
 9.51925764e+00 -1.46734482e-07 4.76734609e-08
 9.54421876e+00 -1.44858289e-07 6.58427159e-08
 9.56917988e+00 -1.41873786e-07 8.08755397e-08
 9.59414191e+00 -1.39800234e-07 9.67493677e-08
 9.61910394e+00 -1.37688224e-07 1.13078057e-07
 9.64406598e+00 -1.35125235e-07 1.29299810e-07
 9.66902619e+00 -1.32753665e-07 1.42321451e-07
 9.69398638e+00 -1.30379021e-07 1.54497793e-07
 9.71894656e+00 -1.27698234e-07 1.69982731e-07
 9.74390675e+00 -1.25237531e-07 1.82027190e-07
 9.76886601e+00 -1.22363656e-07 1.91307574e-07
 9.79382436e+00 -1.17825097e-07 2.01542584e-07
 9.81878272e+00 -1.13431122e-07 2.12081559e-07
 9.84374202e+00 -1.09377538e-07 2.21544886e-07
 9.86870037e+00 -1.05564261e-07 2.28091961e-07
 9.89365873e+00 -1.00734293e-07 2.34901264e-07
 9.91861797e+00 -9.53287694e-08 2.42800927e-07
 9.94357807e+00 -8.99217104e-08 2.51890327e-07
 9.96853821e+00 -8.50420858e-08 2.56136944e-07
 9.99349367e+00 -7.90180614e-08 2.57116247e-07
 1.00184481e+01 -7.26114669e-08 2.65414226e-07
 1.00434026e+01 -6.63969103e-08 2.75626610e-07
 1.00683570e+01 -6.06994162e-08 2.77501941e-07
 1.00933133e+01 -5.52120476e-08 2.78187289e-07
 1.01182696e+01 -5.02375962e-08 2.77222795e-07
 1.01432250e+01 -4.42628587e-08 2.76200041e-07
 1.01681795e+01 -3.80455192e-08 2.75893798e-07
 1.01931339e+01 -3.19103260e-08 2.72113666e-07
 1.02180875e+01 -2.56233748e-08 2.66131477e-07
 1.02430402e+01 -1.97126838e-08 2.59589838e-07
 1.02679929e+01 -1.44004013e-08 2.56739369e-07
 1.02929455e+01 -9.49171205e-09 2.55485866e-07
 1.03178999e+01 -5.44974905e-09 2.53384093e-07
 1.03428562e+01 -2.71472410e-10 2.52569055e-07
 1.03678116e+01 4.57941778e-09 2.47028421e-07
 1.03927660e+01 9.94478630e-09 2.39610013e-07
 1.04177205e+01 1.55909039e-08 2.27307138e-07
 1.04426768e+01 2.03491319e-08 2.17156159e-07
 1.04676321e+01 2.44019851e-08 2.06178995e-07
 1.04925892e+01 2.85519230e-08 1.97755147e-07
 1.05175482e+01 3.21247760e-08 1.92451301e-07
 1.05425071e+01 3.56422588e-08 1.84637747e-07
 1.05674651e+01 3.89893060e-08 1.75511659e-07
 1.05924222e+01 4.24741562e-08 1.64664277e-07
 1.06173802e+01 4.53419596e-08 1.52173774e-07
 1.06423391e+01 4.86255490e-08 1.42335071e-07
 1.06672970e+01 5.20011887e-08 1.32446990e-07
 1.06922541e+01 5.47290658e-08 1.23989554e-07
 1.07172120e+01 5.83774484e-08 1.11932450e-07
 1.07421709e+01 6.27236091e-08 1.00610728e-07
 1.07671288e+01 6.57575021e-08 8.91213690e-08
 1.07920858e+01 6.85367373e-08 7.62372498e-08
 1.08170428e+01 7.15727924e-08 6.29386806e-08
 1.08419997e+01 7.36945508e-08 4.51636260e-08
 1.08669594e+01 7.50690601e-08 3.10368002e-08
 1.08919201e+01 7.63320779e-08 1.89907181e-08
 1.09168789e+01 7.68949054e-08 4.08861732e-09
 1.09418385e+01 7.61031240e-08 -1.42350920e-08
 1.09667982e+01 7.47974088e-08 -3.11608187e-08
 1.09917561e+01 7.38411443e-08 -4.24194214e-08
 1.10167139e+01 7.32152987e-08 -5.02510845e-08
 1.10416727e+01 7.25841823e-08 -5.81269008e-08
 1.10666305e+01 7.14400201e-08 -6.51519707e-08
 1.10915865e+01 7.07523673e-08 -7.03753648e-08
 1.11165407e+01 6.97667574e-08 -7.56393071e-08
 1.11414948e+01 6.84605681e-08 -8.01559346e-08
 1.11664471e+01 6.74653518e-08 -8.26648174e-08
 1.11914002e+01 6.63456967e-08 -8.65221468e-08
 1.12163534e+01 6.58255995e-08 -9.06442797e-08
 1.12413066e+01 6.47393715e-08 -9.08790959e-08
 1.12662607e+01 6.39119138e-08 -9.08904448e-08
 1.12912147e+01 6.30071517e-08 -9.25387615e-08
 1.13161688e+01 6.19571656e-08 -9.34229071e-08
 1.13411211e+01 6.03595501e-08 -9.15598682e-08
 1.13660715e+01 5.86041585e-08 -8.73507244e-08
 1.13910218e+01 5.67736129e-08 -8.73546771e-08
 1.14159722e+01 5.45655794e-08 -8.45512651e-08
 1.14409226e+01 5.28484728e-08 -7.90941735e-08
 1.14658712e+01 5.18469630e-08 -7.17385096e-08
 1.14908198e+01 5.04674839e-08 -6.26806495e-08
 1.15157702e+01 5.07254821e-08 -6.08616819e-08
 1.15407217e+01 5.18654211e-08 -5.49952549e-08
 1.15656732e+01 5.19102218e-08 -5.04610448e-08
 1.15906219e+01 5.28604064e-08 -4.88379260e-08
 1.16155697e+01 5.43645817e-08 -4.74251802e-08
 1.16405174e+01 5.51200229e-08 -4.31404337e-08
 1.16654688e+01 5.31009283e-08 -4.91879993e-08
 1.16904203e+01 5.04369865e-08 -5.76951401e-08
 1.17153717e+01 4.80910476e-08 -6.34452828e-08
 1.17403231e+01 4.50851938e-08 -6.85886435e-08
 1.17652745e+01 4.25738087e-08 -7.17179334e-08
 1.17902259e+01 3.93792668e-08 -7.20332756e-08
 1.18151773e+01 3.63478885e-08 -7.15430319e-08
 1.18401277e+01 3.43163511e-08 -7.03828277e-08
 1.18650754e+01 3.29464118e-08 -5.95255429e-08
 1.18900222e+01 3.08466765e-08 -5.19095462e-08
 1.19149680e+01 2.95001154e-08 -4.40998148e-08
 1.19399138e+01 2.94298087e-08 -3.39251867e-08
 1.19648587e+01 2.91172367e-08 -2.06846487e-08
 1.19898026e+01 2.87722358e-08 -1.43888281e-08
 1.20147447e+01 2.90476007e-08 -4.16732036e-09
 1.20396858e+01 2.99464596e-08 7.24152554e-09
 1.20646279e+01 3.12351778e-08 2.17184219e-08
 1.20895699e+01 3.25832983e-08 3.19739407e-08
 1.21145111e+01 3.38897628e-08 4.33452431e-08
 1.21394503e+01 3.58839004e-08 5.16998774e-08
 1.21643887e+01 3.86648107e-08 6.56976965e-08
 1.21893261e+01 4.10700063e-08 7.88602485e-08
 1.22142646e+01 4.30994842e-08 9.07995722e-08
 1.22392039e+01 4.62441372e-08 1.02027199e-07
 1.22641423e+01 4.95587467e-08 1.17061039e-07
 1.22890797e+01 5.25020856e-08 1.29338787e-07
 1.23140163e+01 5.64140952e-08 1.43880949e-07
 1.23389538e+01 6.03371863e-08 1.54684605e-07
 1.23638912e+01 6.40566684e-08 1.60674046e-07
 1.23888260e+01 6.84202052e-08 1.62592859e-07
 1.24137588e+01 7.20366665e-08 1.70424490e-07
 1.24386935e+01 7.57014149e-08 1.76960186e-07
 1.24636272e+01 7.98070394e-08 1.74563776e-07
 1.24885609e+01 8.32680652e-08 1.72339980e-07
 1.25134955e+01 8.60770047e-08 1.73953549e-07
 1.25384312e+01 8.87967371e-08 1.71895381e-07
 1.25633641e+01 9.06198580e-08 1.67067779e-07
 1.25882970e+01 9.28888413e-08 1.67445384e-07
 1.26132317e+01 9.55666281e-08 1.71920648e-07
 1.26381673e+01 9.86506328e-08 1.73426919e-07
 1.26631029e+01 1.01400324e-07 1.72295063e-07
 1.26880394e+01 1.03927893e-07 1.71765595e-07
 1.27129759e+01 1.06667316e-07 1.66903041e-07
 1.27379124e+01 1.09420080e-07 1.61311588e-07
 1.27628489e+01 1.12390219e-07 1.59392170e-07
 1.27877836e+01 1.15476746e-07 1.52847983e-07
 1.28127174e+01 1.18072256e-07 1.41840108e-07
 1.28376511e+01 1.19830510e-07 1.34923762e-07
 1.28625858e+01 1.21785910e-07 1.27471964e-07
 1.28875214e+01 1.24574649e-07 1.20545519e-07
 1.29124570e+01 1.27761162e-07 1.10568882e-07
 1.29373916e+01 1.30267007e-07 1.01259260e-07
 1.29623263e+01 1.32920947e-07 9.73338038e-08
 1.29872618e+01 1.35718111e-07 9.67758386e-08
 1.30121974e+01 1.39100503e-07 9.07216234e-08
 1.30371321e+01 1.42218985e-07 8.85498555e-08
 1.30620648e+01 1.45449884e-07 9.85138778e-08
 1.30869975e+01 1.49153017e-07 1.10762880e-07
 1.31119330e+01 1.52787002e-07 1.14591405e-07
 1.31368686e+01 1.56708165e-07 1.19263978e-07
 1.31618032e+01 1.60511533e-07 1.18228820e-07
 1.31867295e+01 1.63527337e-07 1.13463705e-07
 1.32116548e+01 1.66835456e-07 1.12264524e-07
 1.32365801e+01 1.70809249e-07 1.12482472e-07
 1.32615063e+01 1.74162751e-07 1.08499206e-07
 1.32864316e+01 1.76702129e-07 1.00853474e-07
 1.33113551e+01 1.78653608e-07 9.16304807e-08
 1.33362786e+01 1.79999478e-07 8.12204250e-08
 1.33612012e+01 1.80770053e-07 6.66972342e-08
 1.33861238e+01 1.81224466e-07 6.01633684e-08
 1.34110473e+01 1.81987574e-07 4.91210509e-08
 1.34359717e+01 1.82619467e-07 4.11270074e-08
 1.34608971e+01 1.83141268e-07 3.32508895e-08
 1.34858216e+01 1.83801268e-07 2.51179309e-08
 1.35107471e+01 1.84784805e-07 1.56711852e-08
 1.35356743e+01 1.84806968e-07 7.42223487e-09
 1.35606007e+01 1.85152975e-07 3.91367751e-09
 1.35855253e+01 1.86456628e-07 4.14180974e-09
 1.36104489e+01 1.87648875e-07 2.98492325e-09
 1.36353743e+01 1.89341061e-07 4.18427718e-09
 1.36603007e+01 1.92045491e-07 7.77559404e-09
 1.36852262e+01 1.93339350e-07 1.17525765e-08
 1.37101517e+01 1.93678746e-07 1.22244721e-08
 1.37350762e+01 1.94524433e-07 1.40567303e-08
 1.37599989e+01 1.95743101e-07 2.17956157e-08
 1.37849207e+01 1.96794821e-07 3.47033742e-08
 1.38098424e+01 1.98931115e-07 4.70556543e-08
 1.38347651e+01 2.01729734e-07 6.25343666e-08
 1.38596858e+01 2.04749605e-07 8.05990284e-08
 1.38846066e+01 2.09322118e-07 9.72306530e-08
 1.39095273e+01 2.13826707e-07 1.15062434e-07
 1.39344480e+01 2.18774978e-07 1.35128084e-07
 1.39593660e+01 2.25215018e-07 1.55465832e-07
 1.39842821e+01 2.33540984e-07 1.74266750e-07
 1.40091972e+01 2.43275473e-07 1.95306190e-07
 1.40341123e+01 2.53506489e-07 2.22445130e-07
 1.40590255e+01 2.63310874e-07 2.50450599e-07
 1.40839396e+01 2.73879932e-07 2.78643061e-07
 1.41088518e+01 2.86437520e-07 3.13241353e-07
 1.41337612e+01 3.00103809e-07 3.55081898e-07
 1.41586687e+01 3.14418260e-07 3.96434137e-07
 1.41835744e+01 3.30371903e-07 4.41003605e-07
 1.42084782e+01 3.47969621e-07 4.93034660e-07
 1.42333800e+01 3.68155509e-07 5.52078190e-07
 1.42582800e+01 3.89961642e-07 6.17522914e-07
 1.42831771e+01 4.13305689e-07 6.87717708e-07
 1.43080724e+01 4.38508479e-07 7.63953579e-07
 1.43329666e+01 4.65429089e-07 8.40908405e-07
 1.43578580e+01 4.95525617e-07 9.26221198e-07
 1.43827467e+01 5.27716602e-07 1.01615495e-06
 1.44076315e+01 5.62311696e-07 1.11433651e-06
 1.44325135e+01 6.00344306e-07 1.21806180e-06
 1.44573945e+01 6.42491213e-07 1.33318469e-06
 1.44822727e+01 6.87510533e-07 1.45869271e-06
 1.45071461e+01 7.34312604e-07 1.58948906e-06
 1.45320149e+01 7.84836558e-07 1.72988693e-06
 1.45568807e+01 8.39517081e-07 1.88026109e-06
 1.45817428e+01 8.96807193e-07 2.04139347e-06
 1.46065993e+01 9.58797546e-07 2.20791919e-06
 1.46314501e+01 1.02557647e-06 2.38607512e-06
 1.46562960e+01 1.09663309e-06 2.57502761e-06
 1.46811373e+01 1.17181659e-06 2.76966683e-06
 1.47059765e+01 1.25398557e-06 2.95882211e-06
 1.47308110e+01 1.34205210e-06 3.15359478e-06
 1.47556380e+01 1.43577396e-06 3.36193245e-06
 1.47804565e+01 1.53480158e-06 3.57229487e-06
 1.48052684e+01 1.63840156e-06 3.78700030e-06
 1.48300763e+01 1.74779037e-06 4.00678959e-06
 1.48548785e+01 1.86148425e-06 4.22604281e-06
 1.48796731e+01 1.98013891e-06 4.45126520e-06
 1.49044600e+01 2.10452215e-06 4.69374783e-06
 1.49292375e+01 2.23560057e-06 4.93862243e-06
 1.49540055e+01 2.37266602e-06 5.19119861e-06
 1.49787631e+01 2.51513092e-06 5.45325763e-06
 1.50035121e+01 2.66336762e-06 5.72049236e-06
 1.50282516e+01 2.81905241e-06 5.99067263e-06
 1.50529787e+01 2.98075290e-06 6.26786204e-06
 1.50776955e+01 3.14774944e-06 6.54838643e-06
 1.51024008e+01 3.32141135e-06 6.84004092e-06
 1.51270957e+01 3.50207838e-06 7.13297379e-06
 1.51517764e+01 3.68872001e-06 7.42736191e-06
 1.51764448e+01 3.88145534e-06 7.72340851e-06
 1.52011017e+01 4.08007792e-06 8.02490393e-06
 1.52257471e+01 4.28509266e-06 8.32257918e-06
 1.52503801e+01 4.49687851e-06 8.61975273e-06
 1.52749999e+01 4.71402050e-06 8.91721132e-06
 1.52996054e+01 4.93708184e-06 9.21649103e-06
 1.53241977e+01 5.16580886e-06 9.50894624e-06
 1.53487749e+01 5.39932565e-06 9.80113488e-06
 1.53733369e+01 5.63805984e-06 1.00842576e-05
 1.53978820e+01 5.88281201e-06 1.03615340e-05
 1.54224128e+01 6.13452479e-06 1.06384786e-05
 1.54469293e+01 6.39116316e-06 1.09100276e-05
 1.54714307e+01 6.65113163e-06 1.11682236e-05
 1.54959160e+01 6.91677819e-06 1.14189602e-05
 1.55203843e+01 7.18744921e-06 1.16617123e-05
 1.55448337e+01 7.46262109e-06 1.18958483e-05
 1.55692651e+01 7.74275020e-06 1.21171605e-05
 1.55936794e+01 8.02687775e-06 1.23193847e-05
 1.56180776e+01 8.31390515e-06 1.25149558e-05
 1.56424588e+01 8.60283922e-06 1.26979111e-05
 1.56668219e+01 8.89525250e-06 1.28678669e-05
 1.56911661e+01 9.19104937e-06 1.30235965e-05
 1.57154915e+01 9.48922197e-06 1.31646065e-05
 1.57397970e+01 9.78973830e-06 1.32900755e-05
 1.57640828e+01 1.00923588e-05 1.34001858e-05
 1.57883505e+01 1.03967299e-05 1.34993409e-05
 1.58126001e+01 1.07027810e-05 1.35798120e-05
 1.58368299e+01 1.10098596e-05 1.36357563e-05
 1.58610398e+01 1.13168525e-05 1.36730936e-05
 1.58852289e+01 1.16245891e-05 1.36947112e-05
 1.59093999e+01 1.19322287e-05 1.37026062e-05
 1.59335493e+01 1.22391712e-05 1.36919247e-05
 1.59576761e+01 1.25456326e-05 1.36641223e-05
 1.59817811e+01 1.28515005e-05 1.36262733e-05
 1.60058671e+01 1.31570809e-05 1.35769980e-05
 1.60299341e+01 1.34628889e-05 1.35164908e-05
 1.60539804e+01 1.37662936e-05 1.34400645e-05
 1.60780059e+01 1.40663604e-05 1.33528672e-05
 1.61020115e+01 1.43631859e-05 1.32533223e-05
 1.61259955e+01 1.46588667e-05 1.31387276e-05
 1.61499578e+01 1.49515257e-05 1.30116160e-05
 1.61739002e+01 1.52424605e-05 1.28698733e-05
 1.61978247e+01 1.55307450e-05 1.27147782e-05
 1.62217284e+01 1.58146955e-05 1.25514840e-05
 1.62456133e+01 1.60950199e-05 1.23842736e-05
 1.62694783e+01 1.63724705e-05 1.22050843e-05
 1.62933244e+01 1.66473798e-05 1.20141638e-05
 1.63171480e+01 1.69184875e-05 1.18122016e-05
 1.63409472e+01 1.71849229e-05 1.15936639e-05
 1.63647285e+01 1.74478719e-05 1.13631871e-05
 1.63884909e+01 1.77059171e-05 1.11305027e-05
 1.64122373e+01 1.79594020e-05 1.08900422e-05
 1.64359657e+01 1.82084558e-05 1.06480744e-05
 1.64596744e+01 1.84531131e-05 1.04012204e-05
 1.64833634e+01 1.86935755e-05 1.01529814e-05
 1.65070327e+01 1.89292432e-05 9.90471666e-06
 1.65306842e+01 1.91603657e-05 9.65122901e-06
 1.65543178e+01 1.93864070e-05 9.39981873e-06
 1.65779354e+01 1.96070639e-05 9.15496558e-06
 1.66015344e+01 1.98230980e-05 8.91088095e-06
 1.66251164e+01 2.00352055e-05 8.67599137e-06
 1.66486815e+01 2.02425143e-05 8.45034322e-06
 1.66722288e+01 2.04464812e-05 8.22578938e-06
 1.66957584e+01 2.06460258e-05 7.99593256e-06
 1.67192711e+01 2.08406808e-05 7.77212752e-06
 1.67427680e+01 2.10311586e-05 7.55899208e-06
 1.67662497e+01 2.12174319e-05 7.35390362e-06
 1.67897155e+01 2.13990714e-05 7.15515041e-06
 1.68131653e+01 2.15769314e-05 6.96626364e-06
 1.68366000e+01 2.17501874e-05 6.78139760e-06
 1.68600206e+01 2.19187953e-05 6.60444591e-06
 1.68834235e+01 2.20841665e-05 6.43845445e-06
 1.69068087e+01 2.22456040e-05 6.27873056e-06
 1.69301788e+01 2.24038582e-05 6.12861100e-06
 1.69535358e+01 2.25583077e-05 5.98963091e-06
 1.69768787e+01 2.27093015e-05 5.86337183e-06
 1.70002075e+01 2.28573587e-05 5.74926641e-06
 1.70235223e+01 2.30036209e-05 5.64158099e-06
 1.70468221e+01 2.31470765e-05 5.53864993e-06
 1.70701060e+01 2.32875460e-05 5.44969792e-06
 1.70933750e+01 2.34247229e-05 5.36597702e-06
 1.71166300e+01 2.35606753e-05 5.28835016e-06
 1.71398729e+01 2.36948310e-05 5.22140431e-06
 1.71631045e+01 2.38266639e-05 5.16404509e-06
 1.71863248e+01 2.39549776e-05 5.11417178e-06
 1.72095320e+01 2.40808868e-05 5.06991753e-06
 1.72327261e+01 2.42054724e-05 5.03214737e-06
 1.72559063e+01 2.43284066e-05 5.00061486e-06
 1.72790735e+01 2.44499976e-05 4.96698670e-06
 1.73022284e+01 2.45703865e-05 4.94464933e-06
 1.73253731e+01 2.46899766e-05 4.92553300e-06
 1.73485038e+01 2.48086170e-05 4.91165673e-06
 1.73716243e+01 2.49259385e-05 4.90016127e-06
 1.73947335e+01 2.50417336e-05 4.89987936e-06
 1.74178316e+01 2.51562076e-05 4.90253106e-06
 1.74409175e+01 2.52717310e-05 4.90739878e-06
 1.74639914e+01 2.53862547e-05 4.91870424e-06
 1.74870531e+01 2.54998375e-05 4.93283831e-06
 1.75101045e+01 2.56135209e-05 4.94345318e-06
 1.75331465e+01 2.57270581e-05 4.95349419e-06
 1.75561782e+01 2.58396933e-05 4.96974264e-06
 1.75791997e+01 2.59525923e-05 4.98938457e-06
 1.76022099e+01 2.60644883e-05 5.00230530e-06
 1.76252063e+01 2.61760263e-05 5.01203061e-06
 1.76481915e+01 2.62889973e-05 5.02910515e-06
 1.76711664e+01 2.64020707e-05 5.05602788e-06
 1.76941318e+01 2.65161328e-05 5.08232506e-06
 1.77170862e+01 2.66305589e-05 5.10420226e-06
 1.77400311e+01 2.67457775e-05 5.12707976e-06
 1.77629686e+01 2.68630819e-05 5.13906938e-06
 1.77858939e+01 2.69808722e-05 5.14671483e-06
 1.78088079e+01 2.70984366e-05 5.16016430e-06
 1.78317080e+01 2.72165900e-05 5.17348486e-06
 1.78545960e+01 2.73349487e-05 5.18684597e-06
 1.78774747e+01 2.74533003e-05 5.19740254e-06
 1.79003476e+01 2.75693291e-05 5.19163280e-06
 1.79232103e+01 2.76850734e-05 5.18609641e-06
 1.79460636e+01 2.78012984e-05 5.18311490e-06
 1.79689075e+01 2.79185268e-05 5.17622520e-06
 1.79917402e+01 2.80354921e-05 5.17574271e-06
 1.80145633e+01 2.81524113e-05 5.17562549e-06
 1.80373772e+01 2.82700037e-05 5.17628404e-06
 1.80601790e+01 2.83889604e-05 5.18036754e-06
 1.80829704e+01 2.85087745e-05 5.19215714e-06
 1.81057515e+01 2.86285220e-05 5.19924999e-06
 1.81285223e+01 2.87485285e-05 5.20980514e-06
 1.81512818e+01 2.88691932e-05 5.22104459e-06
 1.81740311e+01 2.89900470e-05 5.23670225e-06
 1.81967682e+01 2.91117217e-05 5.24919142e-06
 1.82194942e+01 2.92340931e-05 5.26285227e-06
 1.82422099e+01 2.93572207e-05 5.26992500e-06
 1.82649162e+01 2.94807169e-05 5.27809952e-06
 1.82876149e+01 2.96027584e-05 5.29482782e-06
 1.83103042e+01 2.97244079e-05 5.30978830e-06
 1.83329841e+01 2.98477570e-05 5.31821282e-06
 1.83556529e+01 2.99709726e-05 5.33062407e-06
 1.83783114e+01 3.00939839e-05 5.34533258e-06
 1.84009606e+01 3.02167586e-05 5.36160080e-06
 1.84235996e+01 3.03387893e-05 5.37950145e-06
 1.84462283e+01 3.04619175e-05 5.39633017e-06
 1.84688485e+01 3.05856232e-05 5.41768929e-06
 1.84914593e+01 3.07105115e-05 5.43515029e-06
 1.85140616e+01 3.08348509e-05 5.45432787e-06
 1.85366527e+01 3.09592420e-05 5.47729870e-06
 1.85592308e+01 3.10834674e-05 5.49752996e-06
 1.85817976e+01 3.12083278e-05 5.51683565e-06
 1.86043560e+01 3.13330380e-05 5.53424611e-06
 1.86269040e+01 3.14567920e-05 5.55293498e-06
 1.86494417e+01 3.15805017e-05 5.57021783e-06
 1.86719692e+01 3.17050581e-05 5.58292622e-06
 1.86944863e+01 3.18315259e-05 5.59707423e-06
 1.87169923e+01 3.19578447e-05 5.61184907e-06
 1.87394880e+01 3.20838550e-05 5.62556358e-06
 1.87619733e+01 3.22106667e-05 5.63505138e-06
 1.87844494e+01 3.23377906e-05 5.64103323e-06
 1.88069152e+01 3.24641254e-05 5.64659989e-06
 1.88293707e+01 3.25897619e-05 5.65906336e-06
 1.88518150e+01 3.27143750e-05 5.67786005e-06
 1.88742499e+01 3.28399934e-05 5.69462573e-06
 1.88966737e+01 3.29654932e-05 5.70622450e-06
 1.89190846e+01 3.30902468e-05 5.70804431e-06
 1.89414851e+01 3.32155820e-05 5.71485221e-06
 1.89638745e+01 3.33411817e-05 5.72037564e-06
 1.89862525e+01 3.34665011e-05 5.72482323e-06
 1.90086229e+01 3.35916118e-05 5.72727529e-06
 1.90309839e+01 3.37168604e-05 5.72914683e-06
 1.90533338e+01 3.38416924e-05 5.73269013e-06
 1.90756707e+01 3.39660059e-05 5.73555325e-06
 1.90979972e+01 3.40900862e-05 5.74050995e-06
 1.91203135e+01 3.42144684e-05 5.74505117e-06
 1.91426186e+01 3.43398243e-05 5.74452377e-06
 1.91649135e+01 3.44657947e-05 5.74496147e-06
 1.91871981e+01 3.45918628e-05 5.74381283e-06
 1.92094724e+01 3.47178817e-05 5.73781850e-06
 1.92317374e+01 3.48429218e-05 5.72769580e-06
 1.92539913e+01 3.49680293e-05 5.71458215e-06
 1.92762265e+01 3.50921061e-05 5.69288456e-06
 1.92984515e+01 3.52152656e-05 5.66582461e-06
 1.93206644e+01 3.53387020e-05 5.63596421e-06
 1.93428661e+01 3.54617732e-05 5.60497347e-06
 1.93650576e+01 3.55848245e-05 5.57408627e-06
 1.93872379e+01 3.57067892e-05 5.53562699e-06
 1.94094070e+01 3.58271022e-05 5.50089612e-06
 1.94315667e+01 3.59468365e-05 5.47210530e-06
 1.94537154e+01 3.60652573e-05 5.44346249e-06
 1.94758528e+01 3.61846306e-05 5.41074085e-06
 1.94979800e+01 3.63033477e-05 5.37431343e-06
 1.95200970e+01 3.64207923e-05 5.34027464e-06
 1.95422028e+01 3.65377268e-05 5.30794036e-06
 1.95642993e+01 3.66539658e-05 5.27277106e-06
 1.95863873e+01 3.67696150e-05 5.24287602e-06
 1.96084643e+01 3.68841636e-05 5.20447634e-06
 1.96305282e+01 3.69987476e-05 5.16518331e-06
 1.96525793e+01 3.71125417e-05 5.12693694e-06
 1.96746210e+01 3.72264394e-05 5.08670471e-06
 1.96966515e+01 3.73384978e-05 5.04641671e-06
 1.97186708e+01 3.74492715e-05 5.00277553e-06
 1.97406790e+01 3.75590411e-05 4.95993984e-06
 1.97626761e+01 3.76678024e-05 4.91974133e-06
 1.97846628e+01 3.77756569e-05 4.88169059e-06
 1.98066392e+01 3.78823550e-05 4.84063343e-06
 1.98286027e+01 3.79882735e-05 4.80565712e-06
 1.98505551e+01 3.80940960e-05 4.76977017e-06
 1.98724954e+01 3.82000877e-05 4.74252620e-06
 1.98944264e+01 3.83044169e-05 4.71721041e-06
 1.99163471e+01 3.84078949e-05 4.69320710e-06
 1.99382567e+01 3.85111147e-05 4.66555601e-06
 1.99601542e+01 3.86142350e-05 4.63659519e-06
 1.99820407e+01 3.87159024e-05 4.60395338e-06
 2.00039169e+01 3.88168173e-05 4.57085709e-06
 2.00257829e+01 3.89178603e-05 4.53610102e-06
 2.00476396e+01 3.90171261e-05 4.50706041e-06
 2.00694854e+01 3.91144766e-05 4.47234001e-06
 2.00913208e+01 3.92110337e-05 4.43866133e-06
 2.01131451e+01 3.93068843e-05 4.40344066e-06
 2.01349582e+01 3.94022148e-05 4.37471822e-06
 2.01567601e+01 3.94974598e-05 4.34405689e-06
 2.01785518e+01 3.95920230e-05 4.32081521e-06
 2.02003342e+01 3.96859461e-05 4.29700191e-06
 2.02221054e+01 3.97793601e-05 4.27374504e-06
 2.02438664e+01 3.98727101e-05 4.24967603e-06
 2.02656180e+01 3.99656584e-05 4.22343563e-06
 2.02873595e+01 4.00573904e-05 4.19646814e-06
 2.03090918e+01 4.01486595e-05 4.17543636e-06
 2.03308148e+01 4.02403529e-05 4.14508972e-06
 2.03525260e+01 4.03324558e-05 4.11190709e-06
 2.03742260e+01 4.04223992e-05 4.08510739e-06
 2.03959157e+01 4.05115986e-05 4.06668605e-06
 2.04175980e+01 4.05996027e-05 4.04817955e-06
 2.04392693e+01 4.06872610e-05 4.02719873e-06
 2.04609293e+01 4.07734764e-05 4.00747712e-06
 2.04825792e+01 4.08594788e-05 3.99192866e-06
 2.05042199e+01 4.09450517e-05 3.97691326e-06
 2.05258512e+01 4.10298307e-05 3.96618706e-06
 2.05474732e+01 4.11134866e-05 3.95640450e-06
 2.05690851e+01 4.11962810e-05 3.94533875e-06
 2.05906876e+01 4.12789477e-05 3.93460318e-06
 2.06122846e+01 4.13634974e-05 3.90354367e-06
 2.06338723e+01 4.14481990e-05 3.87050872e-06
 2.06554508e+01 4.15312841e-05 3.83574112e-06
 2.06770182e+01 4.16141001e-05 3.80130508e-06
 2.06985745e+01 4.16966545e-05 3.77179260e-06
 2.07201224e+01 4.17791801e-05 3.74078064e-06
 2.07416638e+01 4.18582302e-05 3.69339034e-06
 2.07631951e+01 4.19349857e-05 3.64599860e-06
 2.07847170e+01 4.20115837e-05 3.61050132e-06
 2.08062306e+01 4.20884906e-05 3.57588469e-06
 2.08277331e+01 4.21642796e-05 3.54188183e-06
 2.08492264e+01 4.22388102e-05 3.50598807e-06
 2.08707095e+01 4.23130046e-05 3.47606633e-06
 2.08921833e+01 4.23871628e-05 3.44906460e-06
 2.09136461e+01 4.24611514e-05 3.42847618e-06
 2.09351005e+01 4.25347097e-05 3.40396789e-06
 2.09565465e+01 4.26068460e-05 3.37910527e-06
 2.09779842e+01 4.26779506e-05 3.35162713e-06
 2.09994109e+01 4.27490172e-05 3.32344311e-06
 2.10208274e+01 4.28196092e-05 3.29475491e-06
 2.10422347e+01 4.28890267e-05 3.26432051e-06
 2.10636327e+01 4.29583914e-05 3.23645397e-06
 2.10850223e+01 4.30273808e-05 3.20809573e-06
 2.11064027e+01 4.30973470e-05 3.18312066e-06
 2.11277738e+01 4.31668982e-05 3.16130104e-06
 2.11491366e+01 4.32347395e-05 3.14002409e-06
 2.11704902e+01 4.33036862e-05 3.13055650e-06
 2.11918346e+01 4.33732509e-05 3.12648679e-06
 2.12131688e+01 4.34419173e-05 3.12123846e-06
 2.12344956e+01 4.35112528e-05 3.11631272e-06
 2.12558141e+01 4.35796099e-05 3.11097527e-06
 2.12771234e+01 4.36488360e-05 3.10987255e-06
 2.12984234e+01 4.37185068e-05 3.10608716e-06
 2.13197142e+01 4.37885445e-05 3.10270676e-06
 2.13409957e+01 4.38584776e-05 3.10104042e-06
 2.13622662e+01 4.39268178e-05 3.10243213e-06
 2.13835282e+01 4.39950627e-05 3.10247337e-06
 2.14047819e+01 4.40636169e-05 3.10293493e-06
 2.14260274e+01 4.41312068e-05 3.10050802e-06
 2.14472627e+01 4.41988054e-05 3.09879112e-06
 2.14684898e+01 4.42663483e-05 3.09508288e-06
 2.14897067e+01 4.43341496e-05 3.09770221e-06
 2.15109135e+01 4.44017208e-05 3.10148246e-06
 2.15321111e+01 4.44674167e-05 3.10126682e-06
 2.15532995e+01 4.45336828e-05 3.10154459e-06
 2.15744788e+01 4.46011811e-05 3.09578199e-06
 2.15956488e+01 4.46674666e-05 3.09269379e-06
 2.16168086e+01 4.47328851e-05 3.08777409e-06
 2.16379582e+01 4.47988791e-05 3.08819655e-06
 2.16590986e+01 4.48657571e-05 3.09514633e-06
 2.16802297e+01 4.49317578e-05 3.09685217e-06
 2.17013508e+01 4.49969290e-05 3.09575379e-06
 2.17224608e+01 4.50628019e-05 3.09563579e-06
 2.17435625e+01 4.51288237e-05 3.10006051e-06
 2.17646559e+01 4.51944797e-05 3.10462280e-06
 2.17857401e+01 4.52605294e-05 3.11544248e-06
 2.18068132e+01 4.53258430e-05 3.13097132e-06
 2.18278753e+01 4.53906827e-05 3.14657734e-06
 2.18489273e+01 4.54546597e-05 3.15522789e-06
 2.18699692e+01 4.55192324e-05 3.16043756e-06
 2.18910010e+01 4.55838357e-05 3.16802359e-06
 2.19120226e+01 4.56484712e-05 3.17070202e-06
 2.19330332e+01 4.57131562e-05 3.16887939e-06
 2.19540346e+01 4.57774413e-05 3.16597213e-06
 2.19750267e+01 4.58412466e-05 3.16297020e-06
 2.19960105e+01 4.59044304e-05 3.16258254e-06
 2.20169825e+01 4.59673094e-05 3.15256733e-06
 2.20379379e+01 4.60296214e-05 3.13243890e-06
 2.20588840e+01 4.60919347e-05 3.11687797e-06
 2.20798210e+01 4.61551611e-05 3.10453944e-06
 2.21007479e+01 4.62172529e-05 3.09429604e-06
 2.21216656e+01 4.62789720e-05 3.07858339e-06
 2.21425722e+01 4.63400084e-05 3.05815640e-06
 2.21634678e+01 4.64013560e-05 3.04409182e-06
 2.21843515e+01 4.64633709e-05 3.03271982e-06
 2.22052241e+01 4.65238876e-05 3.02131037e-06
 2.22260840e+01 4.65853951e-05 3.00500397e-06
 2.22469327e+01 4.66469372e-05 2.99097140e-06
 2.22677704e+01 4.67087415e-05 2.97882344e-06
 2.22885980e+01 4.67692024e-05 2.96469740e-06
 2.23094137e+01 4.68300742e-05 2.94788250e-06
 2.23302193e+01 4.68909796e-05 2.92381645e-06
 2.23510130e+01 4.69514310e-05 2.89813866e-06
 2.23717939e+01 4.70117813e-05 2.87394010e-06
 2.23925620e+01 4.70717754e-05 2.85301258e-06
 2.24133172e+01 4.71333953e-05 2.83539907e-06
 2.24340631e+01 4.71949581e-05 2.82063828e-06
 2.24547971e+01 4.72549759e-05 2.80379318e-06
 2.24755184e+01 4.73135880e-05 2.79688735e-06
 2.24962277e+01 4.73725937e-05 2.78864028e-06
 2.25169232e+01 4.74314476e-05 2.78357751e-06
 2.25376069e+01 4.74900470e-05 2.77572758e-06
 2.25582796e+01 4.75487350e-05 2.77464336e-06
 2.25789403e+01 4.76083787e-05 2.77331984e-06
 2.25995901e+01 4.76694098e-05 2.78081471e-06
 2.26202279e+01 4.77294775e-05 2.78739024e-06
 2.26408537e+01 4.77899459e-05 2.79343740e-06
 2.26614668e+01 4.78523284e-05 2.79639184e-06
 2.26820679e+01 4.79145977e-05 2.79913061e-06
 2.27026553e+01 4.79765575e-05 2.79550359e-06
 2.27232326e+01 4.80380410e-05 2.79670782e-06
 2.27437988e+01 4.81002913e-05 2.80332924e-06
 2.27643550e+01 4.81608251e-05 2.80922766e-06
 2.27848992e+01 4.82212092e-05 2.81374933e-06
 2.28054315e+01 4.82825243e-05 2.82094330e-06
 2.28259519e+01 4.83429547e-05 2.82799128e-06
 2.28464594e+01 4.84033240e-05 2.83802313e-06
 2.28669542e+01 4.84648290e-05 2.84824773e-06
 2.28874378e+01 4.85262080e-05 2.86407299e-06
 2.29079104e+01 4.85885186e-05 2.88360788e-06
 2.29283720e+01 4.86499092e-05 2.90429719e-06
 2.29488217e+01 4.87105098e-05 2.91732556e-06
 2.29692595e+01 4.87708490e-05 2.93658418e-06
 2.29896862e+01 4.88314721e-05 2.95684073e-06
 2.30101001e+01 4.88924980e-05 2.97954989e-06
 2.30305004e+01 4.89534079e-05 2.99758256e-06
 2.30508887e+01 4.90146208e-05 3.02518415e-06
 2.30712660e+01 4.90760824e-05 3.05409637e-06
 2.30916314e+01 4.91375477e-05 3.08526662e-06
 2.31119848e+01 4.91995454e-05 3.11512510e-06
 2.31323263e+01 4.92621136e-05 3.14628927e-06
 2.31526549e+01 4.93244910e-05 3.17932516e-06
 2.31729698e+01 4.93878556e-05 3.21077626e-06
 2.31932728e+01 4.94502727e-05 3.24006166e-06
 2.32135620e+01 4.95132383e-05 3.26376133e-06
 2.32338384e+01 4.95761607e-05 3.28842190e-06
 2.32541001e+01 4.96380033e-05 3.31333642e-06
 2.32743490e+01 4.96992087e-05 3.33711458e-06
 2.32945878e+01 4.97634943e-05 3.34274155e-06
 2.33148129e+01 4.98293268e-05 3.34369611e-06
 2.33350233e+01 4.98949971e-05 3.35796839e-06
 2.33552181e+01 4.99597145e-05 3.36815836e-06
 2.33753982e+01 5.00249728e-05 3.37547506e-06
 2.33955664e+01 5.00910518e-05 3.37663434e-06
 2.34157290e+01 5.01545367e-05 3.36862989e-06
 2.34358798e+01 5.02162564e-05 3.35648437e-06
 2.34560177e+01 5.02779704e-05 3.34838455e-06
 2.34761437e+01 5.03391005e-05 3.33466239e-06
 2.34962569e+01 5.04016615e-05 3.32123324e-06
 2.35163564e+01 5.04646371e-05 3.30186673e-06
 2.35364420e+01 5.05272963e-05 3.27653965e-06
 2.35565175e+01 5.05906355e-05 3.25233214e-06
 2.35765793e+01 5.06540054e-05 3.21892653e-06
 2.35966301e+01 5.07174770e-05 3.18701964e-06
 2.36166689e+01 5.07804713e-05 3.14901153e-06
 2.36366977e+01 5.08420709e-05 3.11210033e-06
 2.36567155e+01 5.09036751e-05 3.08047465e-06
 2.36767187e+01 5.09666253e-05 3.04596015e-06
 2.36967109e+01 5.10278470e-05 3.01804810e-06
 2.37166928e+01 5.10892787e-05 2.99883120e-06
 2.37366629e+01 5.11506067e-05 2.97437068e-06
 2.37566210e+01 5.12109635e-05 2.94991044e-06
 2.37765654e+01 5.12713279e-05 2.91994371e-06
 2.37964970e+01 5.13307928e-05 2.89697238e-06
 2.38164157e+01 5.13897216e-05 2.87562210e-06
 2.38363199e+01 5.14486666e-05 2.86315269e-06
 2.38562113e+01 5.15087295e-05 2.85871948e-06
 2.38760898e+01 5.15693115e-05 2.85402699e-06
 2.38959546e+01 5.16307665e-05 2.85885500e-06
 2.39158046e+01 5.16918088e-05 2.86604144e-06
 2.39356420e+01 5.17524923e-05 2.86405056e-06
 2.39554637e+01 5.18125784e-05 2.86090473e-06
 2.39752690e+01 5.18726910e-05 2.85948140e-06
 2.39950569e+01 5.19321917e-05 2.86167266e-06
 2.40148301e+01 5.19917049e-05 2.86650534e-06
 2.40345887e+01 5.20529161e-05 2.86895005e-06
 2.40543327e+01 5.21134909e-05 2.87133895e-06
 2.40740629e+01 5.21737303e-05 2.87486366e-06
 2.40937785e+01 5.22331451e-05 2.87395058e-06
 2.41134777e+01 5.22937778e-05 2.87338145e-06
 2.41331596e+01 5.23537188e-05 2.88178296e-06
 2.41528231e+01 5.24120057e-05 2.89368203e-06
 2.41724693e+01 5.24698904e-05 2.89316843e-06
 2.41921010e+01 5.25286290e-05 2.89042747e-06
 2.42117152e+01 5.25875295e-05 2.89646449e-06
 2.42313140e+01 5.26463525e-05 2.91105216e-06
 2.42508980e+01 5.27047664e-05 2.92348029e-06
 2.42704656e+01 5.27629415e-05 2.94731349e-06
 2.42900158e+01 5.28200301e-05 2.96917255e-06
 2.43095496e+01 5.28760880e-05 2.98540213e-06
 2.43290669e+01 5.29337233e-05 3.00111151e-06
 2.43485670e+01 5.29914038e-05 3.02027157e-06
 2.43680514e+01 5.30496269e-05 3.04662153e-06
 2.43875213e+01 5.31076943e-05 3.07122676e-06
 2.44069748e+01 5.31645472e-05 3.08407286e-06
 2.44264128e+01 5.32205891e-05 3.09209750e-06
 2.44458352e+01 5.32774875e-05 3.10351121e-06
 2.44652429e+01 5.33342451e-05 3.11181841e-06
 2.44846360e+01 5.33905872e-05 3.10484066e-06
 2.45040136e+01 5.34485820e-05 3.10053251e-06
 2.45233748e+01 5.35074037e-05 3.11025426e-06
 2.45427214e+01 5.35651232e-05 3.12341862e-06
 2.45620525e+01 5.36214992e-05 3.12300094e-06
 2.45813699e+01 5.36768848e-05 3.11069937e-06
 2.46006691e+01 5.37331569e-05 3.09617526e-06
 2.46199400e+01 5.37881894e-05 3.07772784e-06
 2.46391944e+01 5.38416033e-05 3.05471732e-06
 2.46584324e+01 5.38952341e-05 3.02465286e-06
 2.46776557e+01 5.39474231e-05 2.98722747e-06
 2.46968628e+01 5.39980356e-05 2.94903032e-06
 2.47160533e+01 5.40471635e-05 2.91010164e-06
 2.47352266e+01 5.40964785e-05 2.86371573e-06
 2.47543808e+01 5.41458199e-05 2.82131789e-06
 2.47735176e+01 5.41932916e-05 2.76353494e-06
 2.47926353e+01 5.42397133e-05 2.69808359e-06
 2.48117347e+01 5.42846281e-05 2.62677212e-06
 2.48308151e+01 5.43280098e-05 2.54780490e-06
 2.48498771e+01 5.43696516e-05 2.47712697e-06
 2.48689210e+01 5.44107261e-05 2.41418571e-06
 2.48879466e+01 5.44515382e-05 2.33714362e-06
 2.49069523e+01 5.44912697e-05 2.25911816e-06
 2.49259388e+01 5.45310388e-05 2.18478428e-06
 2.49449079e+01 5.45696256e-05 2.10675768e-06
 2.49638615e+01 5.46069668e-05 2.01991370e-06
 2.49827969e+01 5.46431537e-05 1.93539120e-06
 2.50017150e+01 5.46780014e-05 1.85146409e-06
 2.50206166e+01 5.47104171e-05 1.77713666e-06
 2.50395001e+01 5.47429141e-05 1.70351297e-06
 2.50583672e+01 5.47734843e-05 1.62685324e-06
 2.50772188e+01 5.48024316e-05 1.55763557e-06
 2.50960531e+01 5.48305938e-05 1.48759671e-06
 2.51148711e+01 5.48571153e-05 1.40392393e-06
 2.51336736e+01 5.48809647e-05 1.31151689e-06
 2.51524597e+01 5.49029690e-05 1.22643665e-06
 2.51712312e+01 5.49262520e-05 1.14123178e-06
 2.51899865e+01 5.49490898e-05 1.05609712e-06
 2.52087252e+01 5.49715138e-05 9.87953535e-07
 2.52274476e+01 5.49940381e-05 9.18374796e-07
 2.52461528e+01 5.50153214e-05 8.49109145e-07
 2.52648415e+01 5.50354094e-05 7.84871927e-07
 2.52835148e+01 5.50536258e-05 7.25220081e-07
 2.53021735e+01 5.50706487e-05 6.74561784e-07
 2.53208178e+01 5.50874513e-05 6.20470608e-07
 2.53394475e+01 5.51045089e-05 5.59409975e-07
 2.53580598e+01 5.51218882e-05 5.14063120e-07
 2.53766567e+01 5.51391903e-05 4.77495992e-07
 2.53952364e+01 5.51553817e-05 4.45346994e-07
 2.54137988e+01 5.51708341e-05 4.07420203e-07
 2.54323440e+01 5.51854628e-05 3.81992679e-07
 2.54508728e+01 5.52011813e-05 3.68603236e-07
 2.54693852e+01 5.52165234e-05 3.58443257e-07
 2.54878813e+01 5.52307404e-05 3.53916498e-07
 2.55063611e+01 5.52448236e-05 3.60317657e-07
 2.55248227e+01 5.52594751e-05 3.78235102e-07
 2.55432670e+01 5.52735157e-05 4.03313748e-07
 2.55616941e+01 5.52876317e-05 4.23110623e-07
 2.55801029e+01 5.53020672e-05 4.46264668e-07
 2.55984946e+01 5.53178976e-05 4.86405301e-07
 2.56168681e+01 5.53345523e-05 5.28841934e-07
 2.56352235e+01 5.53501907e-05 5.63240237e-07
 2.56535617e+01 5.53644389e-05 5.99291957e-07
 2.56718828e+01 5.53790280e-05 6.50340499e-07
 2.56901856e+01 5.53942886e-05 7.22206827e-07
 2.57084721e+01 5.54101916e-05 7.88837102e-07
 2.57267395e+01 5.54249493e-05 8.52475705e-07
 2.57449906e+01 5.54397210e-05 9.23447044e-07
 2.57632291e+01 5.54568417e-05 9.82950563e-07
 2.57814494e+01 5.54747253e-05 1.02783517e-06
 2.57996525e+01 5.54918976e-05 1.07508265e-06
 2.58178347e+01 5.55110568e-05 1.12096235e-06
 2.58359987e+01 5.55296682e-05 1.17059159e-06
 2.58541454e+01 5.55484842e-05 1.21468174e-06
 2.58722777e+01 5.55640093e-05 1.23159204e-06
 2.58903920e+01 5.55785561e-05 1.25007688e-06
 2.59084880e+01 5.55942351e-05 1.26210024e-06
 2.59265678e+01 5.56090854e-05 1.27072753e-06
 2.59446294e+01 5.56249130e-05 1.27280162e-06
 2.59626728e+01 5.56413839e-05 1.26704316e-06
 2.59806981e+01 5.56567439e-05 1.25600126e-06
 2.59987053e+01 5.56714844e-05 1.24601957e-06
 2.60166917e+01 5.56864453e-05 1.23270337e-06
 2.60346618e+01 5.57004593e-05 1.22292864e-06
 2.60526138e+01 5.57129289e-05 1.19840172e-06
 2.60705468e+01 5.57254727e-05 1.16485008e-06
 2.60884580e+01 5.57388428e-05 1.12685122e-06
 2.61063502e+01 5.57507396e-05 1.07830662e-06
 2.61242225e+01 5.57634721e-05 1.02851616e-06
 2.61420750e+01 5.57750830e-05 9.74552133e-07
 2.61599083e+01 5.57844323e-05 9.24134324e-07
 2.61777209e+01 5.57930547e-05 8.69026316e-07
 2.61955116e+01 5.58002337e-05 8.20338893e-07
 2.62132825e+01 5.58064149e-05 7.66496938e-07
 2.62310316e+01 5.58134700e-05 7.03862163e-07
 2.62487589e+01 5.58201035e-05 6.29248402e-07
 2.62664672e+01 5.58252323e-05 5.46024718e-07
 2.62841538e+01 5.58294127e-05 4.63833762e-07
 2.63018205e+01 5.58337537e-05 3.88697478e-07
 2.63194672e+01 5.58364541e-05 3.16750147e-07
 2.63370923e+01 5.58377504e-05 2.37478040e-07
 2.63546974e+01 5.58378298e-05 1.52275459e-07
 2.63722818e+01 5.58377295e-05 5.71636675e-08
 2.63898453e+01 5.58360353e-05 -3.75075585e-08
 2.64073870e+01 5.58327108e-05 -1.33406564e-07
 2.64249097e+01 5.58296144e-05 -2.29872173e-07
 2.64424126e+01 5.58236700e-05 -3.53354550e-07
 2.64598947e+01 5.58152214e-05 -4.80344656e-07
 2.64773560e+01 5.58063328e-05 -5.90932123e-07
 2.64947965e+01 5.57954962e-05 -6.98148108e-07
 2.65122161e+01 5.57827595e-05 -8.14063532e-07
 2.65296159e+01 5.57668649e-05 -9.29137462e-07
 2.65469949e+01 5.57501981e-05 -1.04498728e-06
 2.65643541e+01 5.57322253e-05 -1.17330643e-06
 2.65816915e+01 5.57114432e-05 -1.29938178e-06
 2.65990082e+01 5.56882047e-05 -1.42374027e-06
 2.66163041e+01 5.56636536e-05 -1.52868161e-06
 2.66335783e+01 5.56370915e-05 -1.63603702e-06
 2.66508309e+01 5.56097446e-05 -1.75539519e-06
 2.66680635e+01 5.55821774e-05 -1.87250110e-06
 2.66852745e+01 5.55531597e-05 -1.97014363e-06
 2.67024639e+01 5.55218722e-05 -2.06870770e-06
 2.67196306e+01 5.54897169e-05 -2.17994497e-06
 2.67367737e+01 5.54544233e-05 -2.28169148e-06
 2.67538942e+01 5.54162989e-05 -2.35805314e-06
 2.67709921e+01 5.53774251e-05 -2.42138574e-06
 2.67880675e+01 5.53381190e-05 -2.49150056e-06
 2.68051203e+01 5.52986814e-05 -2.56786899e-06
 2.68221505e+01 5.52571992e-05 -2.63373534e-06
 2.68391590e+01 5.52151996e-05 -2.69013084e-06
 2.68561458e+01 5.51719504e-05 -2.74878765e-06
 2.68731100e+01 5.51274341e-05 -2.80283252e-06
 2.68900527e+01 5.50821118e-05 -2.85487385e-06
 2.69069727e+01 5.50368779e-05 -2.90105317e-06
 2.69238703e+01 5.49905666e-05 -2.94627621e-06
 2.69407406e+01 5.49432083e-05 -2.99407484e-06
 2.69575901e+01 5.48946000e-05 -3.02612771e-06
 2.69744180e+01 5.48459227e-05 -3.06606543e-06
 2.69912234e+01 5.47948551e-05 -3.11987436e-06
 2.70080062e+01 5.47432380e-05 -3.17272698e-06
 2.70247656e+01 5.46920749e-05 -3.22238342e-06
 2.70415015e+01 5.46391628e-05 -3.27138184e-06
 2.70582138e+01 5.45851686e-05 -3.30560910e-06
 2.70749054e+01 5.45314336e-05 -3.33713145e-06
 2.70915717e+01 5.44778748e-05 -3.36211233e-06
 2.71082144e+01 5.44225196e-05 -3.37984494e-06
 2.71248328e+01 5.43665190e-05 -3.39574890e-06
 2.71414286e+01 5.43108718e-05 -3.40868367e-06
 2.71580001e+01 5.42541248e-05 -3.42117021e-06
 2.71745480e+01 5.41971453e-05 -3.42514014e-06
 2.71910716e+01 5.41404204e-05 -3.42208371e-06
 2.72075708e+01 5.40825161e-05 -3.41589597e-06
 2.72240465e+01 5.40247778e-05 -3.41443489e-06
 2.72405005e+01 5.39660122e-05 -3.41460510e-06
 2.72569330e+01 5.39050146e-05 -3.42620800e-06
 2.72733420e+01 5.38445186e-05 -3.44918813e-06
 2.72897276e+01 5.37873173e-05 -3.47470105e-06
 2.73060888e+01 5.37295241e-05 -3.50752252e-06
 2.73224283e+01 5.36699754e-05 -3.53774737e-06
 2.73387435e+01 5.36099875e-05 -3.56724615e-06
 2.73550335e+01 5.35480368e-05 -3.59064580e-06
 2.73713009e+01 5.34865555e-05 -3.60898374e-06
 2.73875439e+01 5.34271750e-05 -3.62079434e-06
 2.74037634e+01 5.33687389e-05 -3.62545385e-06
 2.74199585e+01 5.33085307e-05 -3.65192386e-06
 2.74361293e+01 5.32486159e-05 -3.67767396e-06
 2.74522730e+01 5.31901296e-05 -3.69791330e-06
 2.74683895e+01 5.31315055e-05 -3.73173991e-06
 2.74844816e+01 5.30711481e-05 -3.76003553e-06
 2.75005484e+01 5.30088424e-05 -3.78953216e-06
 2.75165919e+01 5.29463103e-05 -3.82788823e-06
 2.75326100e+01 5.28850312e-05 -3.87577673e-06
 2.75486028e+01 5.28232385e-05 -3.92825020e-06
 2.75645713e+01 5.27583148e-05 -3.97881876e-06
 2.75805126e+01 5.26921491e-05 -4.03760137e-06
 2.75964296e+01 5.26264059e-05 -4.10234371e-06
 2.76123221e+01 5.25594680e-05 -4.16819870e-06
 2.76281912e+01 5.24900697e-05 -4.23353079e-06
 2.76440350e+01 5.24191439e-05 -4.30863890e-06
 2.76598545e+01 5.23487265e-05 -4.38510910e-06
 2.76756477e+01 5.22775921e-05 -4.45652048e-06
 2.76914147e+01 5.22042139e-05 -4.51071909e-06
 2.77071555e+01 5.21296956e-05 -4.56317642e-06
 2.77228711e+01 5.20553751e-05 -4.62779634e-06
 2.77385633e+01 5.19818461e-05 -4.70108858e-06
 2.77542311e+01 5.19079934e-05 -4.76056700e-06
 2.77698726e+01 5.18329019e-05 -4.79518312e-06
 2.77854880e+01 5.17578671e-05 -4.82436974e-06
 2.78010772e+01 5.16814615e-05 -4.86833894e-06
 2.78166393e+01 5.16029831e-05 -4.91545498e-06
 2.78321743e+01 5.15251157e-05 -4.94597645e-06
 2.78476813e+01 5.14471509e-05 -4.98225323e-06
 2.78631612e+01 5.13676963e-05 -5.02540100e-06
 2.78786150e+01 5.12859191e-05 -5.05923123e-06
 2.78940416e+01 5.12032009e-05 -5.08549909e-06
 2.79094411e+01 5.11207881e-05 -5.10355058e-06
 2.79248163e+01 5.10413613e-05 -5.15269702e-06
 2.79401627e+01 5.09612897e-05 -5.20819202e-06
 2.79554810e+01 5.08797032e-05 -5.26224370e-06
 2.79707703e+01 5.07978582e-05 -5.32519194e-06
 2.79860344e+01 5.07144386e-05 -5.38737758e-06
 2.80012731e+01 5.06301802e-05 -5.44363122e-06
 2.80164886e+01 5.05402936e-05 -5.54435549e-06
 2.80316779e+01 5.04489688e-05 -5.64722051e-06
 2.80468393e+01 5.03565993e-05 -5.74250593e-06
 2.80619745e+01 5.02625015e-05 -5.83576995e-06
 2.80770836e+01 5.01696235e-05 -5.94239419e-06
 2.80921665e+01 5.00762162e-05 -6.04999872e-06
 2.81072242e+01 4.99806037e-05 -6.15310720e-06
 2.81222567e+01 4.98862156e-05 -6.26053462e-06
 2.81372638e+01 4.97918712e-05 -6.34577746e-06
 2.81522466e+01 4.96955506e-05 -6.44121506e-06
 2.81672033e+01 4.95976538e-05 -6.54961468e-06
 2.81821338e+01 4.94986408e-05 -6.65987438e-06
 2.81970364e+01 4.93988778e-05 -6.76547548e-06
 2.82119100e+01 4.92981569e-05 -6.88126818e-06
 2.82267592e+01 4.91944326e-05 -6.99762100e-06
 2.82415823e+01 4.90892876e-05 -7.10842938e-06
 2.82563792e+01 4.89846385e-05 -7.21817649e-06
 2.82711482e+01 4.88788227e-05 -7.32535754e-06
 2.82858909e+01 4.87703133e-05 -7.41654769e-06
 2.83006075e+01 4.86614680e-05 -7.50089183e-06
 2.83152961e+01 4.85510559e-05 -7.59035613e-06
 2.83299568e+01 4.84393518e-05 -7.67447058e-06
 2.83445887e+01 4.83269364e-05 -7.74835863e-06
 2.83591927e+01 4.82132507e-05 -7.82308369e-06
 2.83737705e+01 4.80990063e-05 -7.88947278e-06
 2.83883212e+01 4.79814003e-05 -7.94445070e-06
 2.84028459e+01 4.78656519e-05 -8.01773201e-06
 2.84173445e+01 4.77506782e-05 -8.09399504e-06
 2.84318169e+01 4.76314716e-05 -8.16420336e-06
 2.84462603e+01 4.75103587e-05 -8.23472350e-06
 2.84606768e+01 4.73888661e-05 -8.30459563e-06
 2.84750663e+01 4.72671596e-05 -8.37994038e-06
 2.84894296e+01 4.71436800e-05 -8.46124915e-06
 2.85037667e+01 4.70187425e-05 -8.55946448e-06
 2.85180759e+01 4.68934362e-05 -8.65852717e-06
 2.85323582e+01 4.67668915e-05 -8.76896480e-06
 2.85466116e+01 4.66374173e-05 -8.87358561e-06
 2.85608379e+01 4.65077380e-05 -8.98381432e-06
 2.85750372e+01 4.63784370e-05 -9.09033786e-06
 2.85892105e+01 4.62495665e-05 -9.17390497e-06
 2.86033584e+01 4.61198934e-05 -9.23923940e-06
 2.86174821e+01 4.59885157e-05 -9.32309264e-06
 2.86315796e+01 4.58559389e-05 -9.41923906e-06
 2.86456510e+01 4.57247624e-05 -9.50193958e-06
 2.86596972e+01 4.55916389e-05 -9.57789222e-06
 2.86737191e+01 4.54538659e-05 -9.66636619e-06
 2.86877159e+01 4.53154075e-05 -9.75637379e-06
 2.87016893e+01 4.51765152e-05 -9.84641834e-06
 2.87156410e+01 4.50377675e-05 -9.93274665e-06
 2.87295693e+01 4.48991414e-05 -9.99434978e-06
 2.87434743e+01 4.47596593e-05 -1.00627085e-05
 2.87573568e+01 4.46186516e-05 -1.01391779e-05
 2.87712159e+01 4.44780988e-05 -1.02124311e-05
 2.87850525e+01 4.43374017e-05 -1.02688435e-05
 2.87988657e+01 4.41959772e-05 -1.03268513e-05
 2.88126556e+01 4.40542764e-05 -1.03766900e-05
 2.88264238e+01 4.39120361e-05 -1.04108140e-05
 2.88401705e+01 4.37713644e-05 -1.04356402e-05
 2.88538956e+01 4.36335298e-05 -1.04706196e-05
 2.88675964e+01 4.34958369e-05 -1.05058207e-05
 2.88812757e+01 4.33578680e-05 -1.05286564e-05
 2.88949277e+01 4.32201612e-05 -1.05766650e-05
 2.89085609e+01 4.30801132e-05 -1.06293102e-05
 2.89221752e+01 4.29380562e-05 -1.06844684e-05
 2.89357707e+01 4.27935033e-05 -1.07429492e-05
 2.89493464e+01 4.26484650e-05 -1.07970512e-05
 2.89629033e+01 4.25024472e-05 -1.08525100e-05
 2.89764394e+01 4.23539648e-05 -1.09145068e-05
 2.89899550e+01 4.22049123e-05 -1.09741052e-05
 2.90034499e+01 4.20564932e-05 -1.10082597e-05
 2.90169242e+01 4.19083372e-05 -1.10220160e-05
 2.90303787e+01 4.17585809e-05 -1.10479175e-05
 2.90438124e+01 4.16078590e-05 -1.10755653e-05
 2.90572264e+01 4.14585212e-05 -1.10948400e-05
 2.90706216e+01 4.13109605e-05 -1.11308728e-05
 2.90839952e+01 4.11650191e-05 -1.11663186e-05
 2.90973500e+01 4.10174117e-05 -1.11774125e-05
 2.91106841e+01 4.08697135e-05 -1.11909294e-05
 2.91239975e+01 4.07237123e-05 -1.11999686e-05
 2.91372912e+01 4.05798382e-05 -1.11981343e-05
 2.91505660e+01 4.04398920e-05 -1.11743860e-05
 2.91638237e+01 4.03006035e-05 -1.11339239e-05
 2.91770643e+01 4.01575119e-05 -1.10892761e-05
 2.91902888e+01 4.00105075e-05 -1.10473788e-05
 2.92034954e+01 3.98642913e-05 -1.10397326e-05
 2.92166840e+01 3.97192584e-05 -1.10111554e-05
 2.92298564e+01 3.95741600e-05 -1.09625014e-05
 2.92430126e+01 3.94311085e-05 -1.08969543e-05
 2.92561500e+01 3.92913183e-05 -1.08020521e-05
 2.92692694e+01 3.91531806e-05 -1.07231907e-05
 2.92823717e+01 3.90153423e-05 -1.06546709e-05
 2.92954579e+01 3.88778976e-05 -1.05743771e-05
 2.93085270e+01 3.87394268e-05 -1.05043353e-05
 2.93215754e+01 3.86029412e-05 -1.04477592e-05
 2.93346059e+01 3.84681027e-05 -1.03999481e-05
 2.93476201e+01 3.83332218e-05 -1.03492873e-05
 2.93606163e+01 3.81983055e-05 -1.03092087e-05
 2.93735964e+01 3.80639584e-05 -1.02948261e-05
 2.93865594e+01 3.79310296e-05 -1.02940067e-05
 2.93995053e+01 3.77976328e-05 -1.02872636e-05
 2.94124342e+01 3.76656082e-05 -1.02655152e-05
 2.94253451e+01 3.75336225e-05 -1.02468388e-05
 2.94382381e+01 3.74022268e-05 -1.02373138e-05
 2.94511157e+01 3.72718232e-05 -1.02340138e-05
 2.94639755e+01 3.71429146e-05 -1.02121850e-05
 2.94768181e+01 3.70146162e-05 -1.01741044e-05
 2.94896444e+01 3.68843813e-05 -1.01440663e-05
 2.95024555e+01 3.67541126e-05 -1.01002640e-05
 2.95152486e+01 3.66265415e-05 -1.00622780e-05
 2.95280219e+01 3.64998044e-05 -1.00388506e-05
 2.95407773e+01 3.63729847e-05 -9.98186074e-06
 2.95535164e+01 3.62482008e-05 -9.91150744e-06
 2.95662375e+01 3.61277967e-05 -9.82886444e-06
 2.95789414e+01 3.60079473e-05 -9.74835942e-06
 2.95916265e+01 3.58860069e-05 -9.68176595e-06
 2.96042936e+01 3.57619301e-05 -9.61408267e-06
 2.96169417e+01 3.56398073e-05 -9.52716160e-06
 2.96295728e+01 3.55197251e-05 -9.43037207e-06
 2.96421850e+01 3.54002786e-05 -9.32802553e-06
 2.96547783e+01 3.52820862e-05 -9.20786815e-06
