 -1.99421000e+01 -2.61584059e-06
 -1.99239000e+01 -2.12529167e-06
 -1.99023000e+01 -1.33650974e-06
 -1.98773000e+01 -1.14949553e-06
 -1.98524000e+01 -4.62431399e-07
 -1.98308000e+01 -6.73654520e-07
 -1.98024000e+01 -4.88413170e-07
 -1.97774000e+01 -3.01407128e-07
 -1.97524000e+01 -3.14403135e-07
 -1.97308000e+01 7.43666623e-08
 -1.97058000e+01 -3.38633171e-07
 -1.96808000e+01 -1.51635060e-07
 -1.96558000e+01 3.53609943e-08
 -1.96308000e+01 2.23549896e-08
 -1.96059000e+01 2.09398961e-07
 -1.95808000e+01 -3.66320361e-09
 -1.95558000e+01 -1.66753958e-08
 -1.95308000e+01 -2.96896542e-08
 -1.95059000e+01 3.57346089e-07
 -1.94808000e+01 -5.57243768e-08
 -1.94559000e+01 1.31307241e-07
 -1.94309000e+01 1.18284708e-07
 -1.94059000e+01 5.05260100e-07
 -1.93809000e+01 2.92233414e-07
 -1.93559000e+01 7.92046492e-08
 -1.93309000e+01 2.66173804e-07
 -1.93059000e+01 4.53140875e-07
 -1.92808000e+01 -1.59946282e-07
 -1.92559000e+01 2.27068763e-07
 -1.92309000e+01 4.14029575e-07
 -1.92059000e+01 9.88296500e-10
 -1.91809000e+01 1.87944926e-07
 -1.91559000e+01 3.74899462e-07
 -1.91173000e+01 -4.45246851e-07
 -1.91059000e+01 3.48802244e-07
 -1.90809000e+01 -6.42495130e-08
 -1.90559000e+01 3.22696628e-07
 -1.90309000e+01 1.09640666e-07
 -1.90058000e+01 -3.03469638e-07
 -1.89809000e+01 8.35224237e-08
 -1.89559000e+01 2.70460140e-07
 -1.89309000e+01 2.57395745e-07
 -1.89059000e+01 2.44329238e-07
 -1.88843000e+01 2.33038072e-07
 -1.88559000e+01 4.18189876e-07
 -1.88309000e+01 6.05117018e-07
 -1.88059000e+01 1.92042040e-07
 -1.87809000e+01 1.78964939e-07
 -1.87559000e+01 3.65885714e-07
 -1.87309000e+01 3.52804363e-07
 -1.87059000e+01 1.39720883e-07
 -1.86809000e+01 3.26635273e-07
 -1.86559000e+01 3.13547531e-07
 -1.86309000e+01 5.00457655e-07
 -1.86059000e+01 2.87365643e-07
 -1.85809000e+01 2.74271493e-07
 -1.85559000e+01 6.11752033e-08
 -1.85344000e+01 4.49910681e-07
 -1.85094000e+01 5.36810406e-07
 -1.84809000e+01 2.21873475e-07
 -1.84593000e+01 2.10550994e-07
 -1.84309000e+01 1.95661587e-07
 -1.84060000e+01 3.82604858e-07
 -1.83809000e+01 3.69441093e-07
 -1.83560000e+01 4.56380071e-07
 -1.83309000e+01 3.43211976e-07
 -1.83094000e+01 4.31930801e-07
 -1.82844000e+01 3.18811145e-07
 -1.82559000e+01 3.03852099e-07
 -1.82343000e+01 9.25128417e-08
 -1.82094000e+01 3.79439191e-07
 -1.81843000e+01 6.62583523e-08
 -1.81560000e+01 2.51394463e-07
 -1.81343000e+01 2.39995178e-07
 -1.81094000e+01 5.26912872e-07
 -1.80844000e+01 5.13775855e-07
 -1.80560000e+01 2.98849558e-07
 -1.80344000e+01 1.87495279e-07
 -1.80093000e+01 1.74299139e-07
 -1.79810000e+01 2.59417980e-07
 -1.79594000e+01 1.48058036e-07
 -1.79310000e+01 1.33119326e-07
 -1.79094000e+01 4.21755596e-07
 -1.78844000e+01 4.08601087e-07
 -1.78560000e+01 3.93654901e-07
 -1.78344000e+01 3.82285481e-07
 -1.78094000e+01 6.91243787e-08
 -1.77844000e+01 1.55961075e-07
 -1.77560000e+01 3.41004889e-07
 -1.77310000e+01 1.27836875e-07
 -1.77094000e+01 3.16457934e-07
 -1.76844000e+01 3.03285803e-07
 -1.76560000e+01 2.88319578e-07
 -1.76344000e+01 4.76934903e-07
 -1.76094000e+01 2.63756130e-07
 -1.75810000e+01 2.48782352e-07
 -1.75560000e+01 3.55988376e-08
 -1.75276000e+01 -7.93803311e-08
 -1.75094000e+01 1.10188329e-08
 -1.74844000e+01 3.97828947e-07
 -1.74594000e+01 1.84636833e-07
 -1.74344000e+01 3.71442488e-07
 -1.74094000e+01 3.58245910e-07
 -1.73810000e+01 -5.67481144e-08
 -1.73594000e+01 3.31846047e-07
 -1.73310000e+01 3.16846937e-07
 -1.73094000e+01 3.05437226e-07
 -1.72844000e+01 -1.07770548e-07
 -1.72594000e+01 4.79019432e-07
 -1.72344000e+01 4.65807164e-07
 -1.72094000e+01 4.52592646e-07
 -1.71844000e+01 4.39375876e-07
 -1.71594000e+01 2.26156852e-07
 -1.71344000e+01 2.12935571e-07
 -1.71094000e+01 1.99712032e-07
 -1.70844000e+01 3.86486232e-07
 -1.70594000e+01 1.73258170e-07
 -1.70344000e+01 1.60027842e-07
 -1.70094000e+01 3.46795248e-07
 -1.69844000e+01 3.33560384e-07
 -1.69594000e+01 1.20323248e-07
 -1.69344000e+01 1.07083839e-07
 -1.69094000e+01 2.93842154e-07
 -1.68844000e+01 2.80598191e-07
 -1.68594000e+01 2.67351947e-07
 -1.68344000e+01 4.54103421e-07
 -1.68094000e+01 2.40852611e-07
 -1.67844000e+01 2.27599514e-07
 -1.67594000e+01 4.14344128e-07
 -1.67310000e+01 3.99283229e-07
 -1.67094000e+01 1.87826479e-07
 -1.66844000e+01 1.74564212e-07
 -1.66594000e+01 3.61299648e-07
 -1.66344000e+01 3.48032783e-07
 -1.66094000e+01 1.34763616e-07
 -1.65844000e+01 3.21492145e-07
 -1.65594000e+01 3.08218366e-07
 -1.65344000e+01 9.49422789e-08
 -1.65095000e+01 4.81716998e-07
 -1.64845000e+01 4.68436295e-07
 -1.64594000e+01 2.55100140e-07
 -1.64345000e+01 4.41867940e-07
 -1.64094000e+01 2.28527127e-07
 -1.63844000e+01 2.15237138e-07
 -1.63594000e+01 2.01944825e-07
 -1.63344000e+01 1.88650184e-07
 -1.63094000e+01 -2.24646787e-07
 -1.62845000e+01 3.62107113e-07
 -1.62595000e+01 3.48805487e-07
 -1.62345000e+01 3.35501524e-07
 -1.62094000e+01 1.22141992e-07
 -1.61844000e+01 1.08833341e-07
 -1.61594000e+01 9.55223462e-08
 -1.61344000e+01 8.22090061e-08
 -1.61095000e+01 2.68946586e-07
 -1.60878000e+01 5.73866717e-08
 -1.60595000e+01 2.42308176e-07
 -1.60345000e+01 2.28985441e-07
 -1.60094000e+01 1.56070432e-08
 -1.59845000e+01 2.02332896e-07
 -1.59594000e+01 -1.10502411e-08
 -1.59276000e+01 -4.28009192e-07
 -1.59129000e+01 1.64149998e-07
 -1.58845000e+01 1.48999449e-07
 -1.58595000e+01 3.35660165e-07
 -1.58344000e+01 -7.77348633e-08
 -1.58094000e+01 -9.10789057e-08
 -1.57845000e+01 9.56280643e-08
 -1.57595000e+01 8.22792729e-08
 -1.57345000e+01 6.89280986e-08
 -1.57095000e+01 4.55574539e-07
 -1.56845000e+01 2.42218592e-07
 -1.56595000e+01 2.28860255e-07
 -1.56379000e+01 2.17316725e-07
 -1.56095000e+01 2.02136401e-07
 -1.55845000e+01 1.88770879e-07
 -1.55595000e+01 -2.45970419e-08
 -1.55345000e+01 1.62032635e-07
 -1.55129000e+01 5.50478740e-07
 -1.54845000e+01 3.35284773e-07
 -1.54595000e+01 1.21907230e-07
 -1.54345000e+01 1.08527274e-07
 -1.54095000e+01 9.51449049e-08
 -1.53845000e+01 -1.18239881e-07
 -1.53595000e+01 6.83729142e-08
 -1.53345000e+01 5.49832879e-08
 -1.53129000e+01 2.43412699e-07
 -1.52845000e+01 2.81967614e-08
 -1.52595000e+01 4.14799856e-07
 -1.52379000e+01 3.22297253e-09
 -1.52095000e+01 1.87998750e-07
 -1.51845000e+01 1.74594544e-07
 -1.51595000e+01 -3.88121013e-08
 -1.51345000e+01 -5.22211873e-08
 -1.51129000e+01 1.36191395e-07
 -1.50845000e+01 1.20953308e-07
 -1.50595000e+01 1.07536883e-07
 -1.50379000e+01 2.95943119e-07
 -1.50095000e+01 8.06966792e-08
 -1.49845000e+01 2.67272894e-07
 -1.49595000e+01 2.53846651e-07
 -1.49345000e+01 2.40417946e-07
 -1.49095000e+01 -1.73013222e-07
 -1.48845000e+01 1.35531436e-08
 -1.48595000e+01 1.17040558e-10
 -1.48345000e+01 2.86678466e-07
 -1.48129000e+01 1.75065546e-07
 -1.47845000e+01 -4.02061060e-08
 -1.47595000e+01 2.46347891e-07
 -1.47345000e+01 -6.71005937e-08
 -1.47129000e+01 2.21277916e-07
 -1.46846000e+01 4.06048802e-07
 -1.46595000e+01 9.25390388e-08
 -1.46345000e+01 7.90806030e-08
 -1.46095000e+01 6.56196731e-08
 -1.45845000e+01 1.52156246e-07
 -1.45595000e+01 1.38690320e-07
 -1.45345000e+01 1.25221892e-07
 -1.45129000e+01 1.13583153e-07
 -1.44879000e+01 1.00110054e-07
 -1.44595000e+01 8.48015694e-08
 -1.44379000e+01 -2.68436743e-08
 -1.44095000e+01 -4.21578701e-08
 -1.43845000e+01 4.43586351e-08
 -1.43595000e+01 3.08726199e-08
 -1.43311000e+01 -8.44505543e-08
 -1.43129000e+01 5.72795140e-09
 -1.42879000e+01 -7.76529641e-09
 -1.42596000e+01 1.76957293e-07
 -1.42380000e+01 1.65294612e-07
 -1.42096000e+01 1.49957465e-07
 -1.41845000e+01 -6.36002756e-08
 -1.41630000e+01 1.24784483e-07
 -1.41346000e+01 1.09438676e-07
 -1.41130000e+01 9.77650160e-08
 -1.40880000e+01 8.42514601e-08
 -1.40596000e+01 6.88969645e-08
 -1.40380000e+01 5.72166901e-08
 -1.40130000e+01 2.43695471e-07
 -1.39846000e+01 2.83322595e-08
 -1.39596000e+01 2.14805569e-07
 -1.39346000e+01 2.01276312e-07
 -1.39130000e+01 1.89584967e-07
 -1.38880000e+01 -2.39490793e-08
 -1.38630000e+01 -3.74856989e-08
 -1.38379000e+01 -2.51079057e-07
 -1.38130000e+01 -6.45666695e-08
 -1.37880000e+01 -7.81110260e-08
 -1.37630000e+01 1.08342033e-07
 -1.37346000e+01 9.29495690e-08
 -1.37130000e+01 -1.18759613e-07
 -1.36880000e+01 6.76856758e-08
 -1.36596000e+01 -1.47715625e-07
 -1.36380000e+01 4.05684646e-08
 -1.36129000e+01 -3.73048296e-07
 -1.35880000e+01 -1.86559151e-07
 -1.35596000e+01 -2.01972278e-07
 -1.35346000e+01 -1.55429589e-08
 -1.35130000e+01 3.72729869e-07
 -1.34880000e+01 -4.08456840e-08
 -1.34630000e+01 -5.44238549e-08
 -1.34380000e+01 -6.80046466e-08
 -1.34130000e+01 1.18411938e-07
 -1.33880000e+01 3.04825897e-07
 -1.33630000e+01 9.12372259e-08
 -1.33380000e+01 -1.22354077e-07
 -1.33130000e+01 6.40519855e-08
 -1.32880000e+01 2.50455410e-07
 -1.32630000e+01 3.68561941e-08
 -1.32380000e+01 2.32543346e-08
 -1.32130000e+01 9.64982884e-09
 -1.31880000e+01 -3.95732616e-09
 -1.31630000e+01 1.82432867e-07
 -1.31346000e+01 1.66968905e-07
 -1.31130000e+01 1.55205285e-07
 -1.30880000e+01 1.41587504e-07
 -1.30630000e+01 1.27967060e-07
 -1.30380000e+01 1.14343949e-07
 -1.30130000e+01 3.00718168e-07
 -1.29880000e+01 8.70897152e-08
 -1.29630000e+01 7.34585869e-08
 -1.29380000e+01 -1.40175220e-07
 -1.29130000e+01 4.61882926e-08
 -1.28880000e+01 3.25491206e-08
 -1.28630000e+01 1.89072615e-08
 -1.28380000e+01 2.05262712e-07
 -1.28130000e+01 -8.38452991e-09
 -1.27846000e+01 -2.38910682e-08
 -1.27630000e+01 1.64312895e-07
 -1.27278000e+01 -4.54914600e-07
 -1.27130000e+01 -6.30004888e-08
 -1.26880000e+01 -2.76661241e-07
 -1.26630000e+01 -9.03247040e-08
 -1.26380000e+01 -3.03990881e-07
 -1.26130000e+01 -1.17659775e-07
 -1.25880000e+01 6.86686109e-08
 -1.25630000e+01 5.49942739e-08
 -1.25380000e+01 4.13172108e-08
 -1.25130000e+01 2.76374186e-08
 -1.24881000e+01 2.14009630e-07
 -1.24630000e+01 2.69634920e-10
 -1.24380000e+01 -1.34183628e-08
 -1.24130000e+01 -2.71091017e-08
 -1.23880000e+01 -4.08025850e-08
 -1.23596000e+01 -5.63617155e-08
 -1.23380000e+01 -6.81977970e-08
 -1.23131000e+01 1.18155281e-07
 -1.22881000e+01 1.04450800e-07
 -1.22631000e+01 9.07435598e-08
 -1.22381000e+01 7.70335567e-08
 -1.22131000e+01 6.33207876e-08
 -1.21881000e+01 4.96052494e-08
 -1.21630000e+01 -1.64167940e-07
 -1.21380000e+01 -1.77889037e-07
 -1.21131000e+01 8.44198876e-09
 -1.20881000e+01 1.94715343e-07
 -1.20631000e+01 1.80985912e-07
 -1.20381000e+01 3.67253693e-07
 -1.20131000e+01 1.53518684e-07
 -1.19881000e+01 -6.02191205e-08
 -1.19631000e+01 -7.39597220e-08
 -1.19347000e+01 -8.95724434e-08
 -1.19131000e+01 9.85506698e-08
 -1.18881000e+01 -1.15198343e-07
 -1.18665000e+01 -1.27079753e-07
 -1.18415000e+01 5.91659929e-08
 -1.18131000e+01 4.35377436e-08
 -1.17881000e+01 5.29777470e-07
 -1.17631000e+01 1.60143741e-08
 -1.17381000e+01 2.02248451e-07
 -1.17131000e+01 1.88479699e-07
 -1.16881000e+01 -2.25291886e-07
 -1.16631000e+01 -3.90663069e-08
 -1.16381000e+01 -5.28435674e-08
 -1.16131000e+01 -6.66236705e-08
 -1.15881000e+01 1.19593381e-07
 -1.15631000e+01 1.05807582e-07
 -1.15381000e+01 -1.07981068e-07
 -1.15131000e+01 7.82274254e-08
 -1.14881000e+01 2.64433060e-07
 -1.14665000e+01 5.25124233e-08
 -1.14415000e+01 3.87127197e-08
 -1.14131000e+01 2.30327759e-08
 -1.13881000e+01 -1.90773059e-07
 -1.13631000e+01 -4.58176966e-09
 -1.13381000e+01 -1.83933593e-08
 -1.13131000e+01 1.67792169e-07
 -1.12881000e+01 1.53974811e-07
 -1.12631000e+01 -5.98454362e-08
 -1.12381000e+01 1.26331424e-07
 -1.12131000e+01 1.12505389e-07
 -1.11881000e+01 -1.01323546e-07
 -1.11631000e+01 8.48446170e-08
 -1.11347000e+01 -3.30871876e-07
 -1.11165000e+01 -1.40945687e-07
 -1.10881000e+01 1.43331655e-07
 -1.10631000e+01 2.94881730e-08
 -1.10415000e+01 1.17525053e-07
 -1.10131000e+01 -3.98207554e-07
 -1.09881000e+01 -1.20598057e-08
 -1.09631000e+01 7.40850125e-08
 -1.09381000e+01 -3.97731029e-08
 -1.09165000e+01 4.82511205e-08
 -1.08881000e+01 -6.74981483e-08
 -1.08631000e+01 -8.13650852e-08
 -1.08415000e+01 -9.33484921e-08
 -1.08132000e+01 1.90947692e-07
 -1.07881000e+01 -2.29835951e-08
 -1.07631000e+01 -1.36862343e-07
 -1.07381000e+01 -5.07440526e-08
 -1.07131000e+01 -1.64628727e-07
 -1.06881000e+01 -7.85163704e-08
 -1.06665000e+01 -1.90517687e-07
 -1.06381000e+01 -1.06300577e-07
 -1.06132000e+01 7.98584451e-08
 -1.05882000e+01 2.65958904e-07
 -1.05631000e+01 -2.47999240e-07
 -1.05415000e+01 -1.60013442e-07
 -1.05166000e+01 2.26134081e-07
 -1.04915000e+01 -1.87832670e-07
 -1.04631000e+01 -2.03639334e-07
 -1.04415000e+01 -2.15663900e-07
 -1.04132000e+01 -3.14217057e-08
 -1.03916000e+01 -4.34514614e-08
 -1.03632000e+01 1.40728212e-07
 -1.03382000e+01 -7.32013553e-08
 -1.03166000e+01 1.14761065e-07
 -1.02916000e+01 -9.91741402e-08
 -1.02666000e+01 -1.13112374e-07
 -1.02416000e+01 -1.27053642e-07
 -1.02166000e+01 -1.40997946e-07
 -1.01882000e+01 -1.56842364e-07
 -1.01666000e+01 -1.68895679e-07
 -1.01382000e+01 -1.84747019e-07
 -1.01166000e+01 2.03194396e-07
 -1.00916000e+01 -1.07651481e-08
 -1.00666000e+01 -2.47277510e-08
 -1.00416000e+01 -3.86934168e-08
 -1.00166000e+01 -5.26621492e-08
 -9.99158000e+00 -6.66451306e-08
 -9.96316000e+00 -2.82532013e-07
 -9.94158000e+00 -9.45979673e-08
 -9.91658000e+00 -1.08579006e-07
 -9.89158000e+00 -1.22563131e-07
 -9.86660000e+00 6.34608462e-08
 -9.84160000e+00 4.94705417e-08
 -9.81658000e+00 -1.64534056e-07
 -9.79158000e+00 -1.78530560e-07
 -9.76658000e+00 -1.92530170e-07
 -9.74158000e+00 -2.06532888e-07
 -9.71660000e+00 -2.05275120e-08
 -9.69162000e+00 1.65474753e-07
 -9.66318000e+00 -2.50465613e-07
 -9.64160000e+00 -6.25637076e-08
 -9.61660000e+00 -7.65820234e-08
 -9.59160000e+00 -9.06034708e-08
 -9.56658000e+00 -3.04639275e-07
 -9.53136000e+00 -5.24402439e-07
 -9.51658000e+00 -3.32697869e-07
 -9.49160000e+00 -1.46720656e-07
 -9.46658000e+00 -3.60769052e-07
 -9.44160000e+00 -1.74798142e-07
 -9.41662000e+00 1.11696148e-08
 -9.39158000e+00 -4.02899503e-07
 -9.36318000e+00 -4.18860335e-07
 -9.34162000e+00 -3.09798119e-08
 -9.31662000e+00 -4.50359660e-08
 -9.29162000e+00 -5.90952992e-08
 -9.26660000e+00 -2.73169067e-07
 -9.24162000e+00 -8.72235196e-08
 -9.21662000e+00 -1.01292415e-07
 -9.19162000e+00 -1.15364505e-07
 -9.16662000e+00 -1.29439795e-07
 -9.14162000e+00 -1.43518289e-07
 -9.11662000e+00 -1.57599990e-07
 -9.09164000e+00 2.83263671e-08
 -9.06662000e+00 -1.85773031e-07
 -9.04164000e+00 1.46895670e-10
 -9.01662000e+00 -2.13958951e-07
 -8.99162000e+00 -2.28056751e-07
 -8.96664000e+00 -4.21465014e-08
 -8.94162000e+00 -2.56262052e-07
 -8.91662000e+00 -2.70369561e-07
 -8.89168000e+00 3.15553554e-07
 -8.86664000e+00 -9.85830256e-08
 -8.84164000e+00 -1.12700279e-07
 -8.81662000e+00 -3.26832087e-07
 -8.79164000e+00 -1.40944561e-07
 -8.76666000e+00 4.49397049e-08
 -8.73824000e+00 -1.71123880e-07
 -8.71664000e+00 -1.83335486e-07
 -8.69166000e+00 2.53896498e-09
 -8.66662000e+00 -4.11623801e-07
 -8.64506000e+00 -2.38209013e-08
 -8.61666000e+00 -3.98913177e-08
 -8.59168000e+00 1.45969991e-07
 -8.56664000e+00 -2.68205966e-07
 -8.54166000e+00 -8.23512585e-08
 -8.51668000e+00 1.03500146e-07
 -8.49166000e+00 -1.10674420e-07
 -8.46666000e+00 -1.24840973e-07
 -8.44508000e+00 6.29277868e-08
 -8.42004000e+00 -3.51267638e-07
 -8.39166000e+00 -1.67360579e-07
 -8.36666000e+00 -1.81540444e-07
 -8.34171000e+00 2.04304722e-07
 -8.31666000e+00 -2.09910194e-07
 -8.29166000e+00 -2.24100088e-07
 -8.26668000e+00 -3.82819783e-08
 -8.24506000e+00 -2.50559001e-07
 -8.21671000e+00 1.33338504e-07
 -8.19170000e+00 1.19129500e-07
 -8.16666000e+00 -2.95099926e-07
 -8.14166000e+00 -3.09309998e-07
 -8.11670000e+00 7.64992959e-08
 -8.09511000e+00 6.42218424e-08
 -8.06668000e+00 -1.51949126e-07
 -8.04508000e+00 -1.64238126e-07
 -8.02011000e+00 2.15524028e-08
 -7.99170000e+00 5.38123338e-09
 -7.96671000e+00 -8.84688385e-09
 -7.93826000e+00 -4.25049109e-07
 -7.91674000e+00 2.62692352e-07
 -7.89168000e+00 -2.51585889e-07
 -7.86668000e+00 -2.65833371e-07
 -7.84511000e+00 -7.81288544e-08
 -7.81671000e+00 -9.43215196e-08
 -7.79171000e+00 -1.08579298e-07
 -7.76668000e+00 -3.22857634e-07
 -7.74170000e+00 -1.37110892e-07
 -7.72014000e+00 1.50584485e-07
 -7.69511000e+00 -1.63703743e-07
 -7.67008000e+00 -3.77995441e-07
 -7.64514000e+00 1.07760796e-07
 -7.62013000e+00 -6.52641427e-09
 -7.59513000e+00 -2.08113868e-08
 -7.56674000e+00 6.29623791e-08
 -7.54173000e+00 -5.13357472e-08
 -7.52010000e+00 -2.63704356e-07
 -7.49513000e+00 -7.79861172e-08
 -7.47011000e+00 -2.92299977e-07
 -7.44513000e+00 -1.06594453e-07
 -7.42013000e+00 -1.20903880e-07
 -7.39513000e+00 -1.35216820e-07
 -7.37013000e+00 -1.49533278e-07
 -7.34173000e+00 -1.65801047e-07
 -7.32014000e+00 -7.81710344e-08
 -7.29514000e+00 -9.24980719e-08
 -7.27014000e+00 -1.06828646e-07
 -7.24516000e+00 7.88487063e-08
 -7.21673000e+00 -2.37456358e-07
 -7.19178000e+00 2.48230630e-07
 -7.16676000e+00 3.38739034e-08
 -7.14173000e+00 -2.80492131e-07
 -7.12014000e+00 -1.92886641e-07
 -7.09514000e+00 -2.07242111e-07
 -7.07016000e+00 -2.15896683e-08
 -7.04516000e+00 -3.59522928e-08
 -7.02016000e+00 -5.03185034e-08
 -6.99514000e+00 -2.64699803e-07
 -6.97014000e+00 -2.79073204e-07
 -6.94516000e+00 -9.34387028e-08
 -6.92016000e+00 -1.07819309e-07
 -6.89516000e+00 -1.22203526e-07
 -6.87016000e+00 -1.36591359e-07
 -6.84518000e+00 4.90287005e-08
 -6.82014000e+00 -3.65389413e-07
 -6.79518000e+00 2.02349113e-08
 -6.77016000e+00 -1.94178959e-07
 -6.74516000e+00 -2.08584951e-07
 -6.72016000e+00 -2.22994591e-07
 -6.69518000e+00 -3.73963501e-08
 -6.67018000e+00 -5.18132962e-08
 -6.64518000e+00 -6.62339049e-08
 -6.62014000e+00 -4.80681263e-07
 -6.59518000e+00 -9.50861310e-08
 -6.57018000e+00 -1.09517759e-07
 -6.54518000e+00 -1.23953070e-07
 -6.52018000e+00 -1.38392070e-07
 -6.49858000e+00 -1.50870341e-07
 -6.47020000e+00 3.27304008e-08
 -6.44860000e+00 2.02457365e-08
 -6.42020000e+00 3.82650066e-09
 -6.39518000e+00 -2.10642587e-07
 -6.37020000e+00 -2.50922604e-08
 -6.33154000e+00 -6.47462461e-07
 -6.32018000e+00 -2.54037502e-07
 -6.29520000e+00 -6.84983598e-08
 -6.27018000e+00 -2.82986119e-07
 -6.24520000e+00 -9.74544608e-08
 -6.22020000e+00 -1.11938138e-07
 -6.19520000e+00 -1.26425573e-07
 -6.17022000e+00 5.90948219e-08
 -6.14520000e+00 -1.55411741e-07
 -6.12358000e+00 -3.67950033e-07
 -6.09524000e+00 2.15610200e-07
 -6.07020000e+00 -1.98919317e-07
 -6.04864000e+00 1.88567398e-07
 -6.02022000e+00 -2.79317013e-08
 -5.99522000e+00 -4.24493977e-08
 -5.97018000e+00 -4.56994139e-07
 -5.94520000e+00 -2.71507841e-07
 -5.92024000e+00 1.13986268e-07
 -5.89522000e+00 -1.00558318e-07
 -5.87022000e+00 -1.15095110e-07
 -5.84524000e+00 7.03758966e-08
 -5.82020000e+00 -3.44191844e-07
 -5.79522000e+00 -1.58728523e-07
 -5.77022000e+00 -1.73280693e-07
 -5.74524000e+00 1.21749251e-08
 -5.72362000e+00 -2.00416241e-07
 -5.69524000e+00 -1.69487241e-08
 -5.67024000e+00 -3.15163596e-08
 -5.64524000e+00 -4.60878768e-08
 -5.62024000e+00 -6.06632813e-08
 -5.59526000e+00 1.24769086e-07
 -5.57026000e+00 1.10185892e-07
 -5.54524000e+00 -1.04412877e-07
 -5.52364000e+00 -1.17019282e-07
 -5.49524000e+00 -1.33598819e-07
 -5.47022000e+00 -3.48209350e-07
 -5.44866000e+00 3.91974430e-08
 -5.42026000e+00 2.26045238e-08
 -5.39526000e+00 7.99387301e-09
 -5.37026000e+00 -6.62072383e-09
 -5.34524000e+00 -2.21250969e-07
 -5.32024000e+00 -2.35873479e-07
 -5.29868000e+00 1.51512885e-07
 -5.27368000e+00 1.36882988e-07
 -5.24868000e+00 1.22249115e-07
 -5.22366000e+00 -9.24004507e-08
 -5.19526000e+00 -1.09033894e-07
 -5.17026000e+00 -1.23680275e-07
 -5.14526000e+00 -1.38330657e-07
 -5.12370000e+00 2.49031637e-07
 -5.09868000e+00 3.43620610e-08
 -5.07366000e+00 -1.80311539e-07
 -5.04868000e+00 5.03429911e-09
 -5.02368000e+00 -9.63562393e-09
 -4.99528000e+00 -2.63055539e-08
 -4.97368000e+00 -3.89875852e-08
 -4.94530000e+00 1.44345040e-07
 -4.92030000e+00 1.29658386e-07
 -4.89870000e+00 1.16965845e-07
 -4.87368000e+00 -9.77401427e-08
 -4.84868000e+00 -1.12438451e-07
 -4.82370000e+00 7.28709242e-08
 -4.79530000e+00 5.61640565e-08
 -4.77370000e+00 4.34538883e-08
 -4.74190000e+00 2.47361263e-08
 -4.72370000e+00 1.40204556e-08
 -4.69871000e+00 9.93034646e-08
 -4.67371000e+00 8.45764668e-08
 -4.64870000e+00 -3.01605491e-08
 -4.62370000e+00 -4.48958046e-08
 -4.59531000e+00 3.83658214e-08
 -4.57370000e+00 -7.43787354e-08
 -4.54870000e+00 -8.91264237e-08
 -4.52374000e+00 1.96145337e-07
 -4.49874000e+00 1.81389334e-07
 -4.47371000e+00 -3.33885536e-08
 -4.44871000e+00 -4.81529087e-08
 -4.42374000e+00 1.37096277e-07
 -4.39871000e+00 -7.76941763e-08
 -4.37374000e+00 1.07546633e-07
 -4.34874000e+00 9.27655084e-08
 -4.32371000e+00 -1.22037571e-07
 -4.29871000e+00 -1.36827127e-07
 -4.27374000e+00 4.83968475e-08
 -4.24874000e+00 3.35988421e-08
 -4.22374000e+00 1.87965995e-08
 -4.19871000e+00 -1.96027657e-07
 -4.17371000e+00 -2.10838399e-07
 -4.14871000e+00 -2.25653399e-07
 -4.12370000e+00 -3.40478592e-07
 -4.09876000e+00 1.44733452e-07
 -4.07374000e+00 -7.01062165e-08
 -4.04876000e+00 1.15073557e-07
 -4.02374000e+00 -9.97746953e-08
 -3.99874000e+00 -1.14615379e-07
 -3.97036000e+00 6.85322570e-08
 -3.94871000e+00 -3.44327494e-07
 -3.92376000e+00 4.08485895e-08
 -3.89876000e+00 2.59906434e-08
 -3.87376000e+00 1.11283634e-08
 -3.84878000e+00 1.96273637e-07
 -3.82376000e+00 -1.86092265e-08
 -3.79878000e+00 1.66527351e-07
 -3.77378000e+00 1.51647668e-07
 -3.74878000e+00 1.36763616e-07
 -3.72376000e+00 -7.81367253e-08
 -3.70218000e+00 1.09008055e-07
 -3.67376000e+00 -1.07926749e-07
 -3.65222000e+00 4.79234291e-07
 -3.62374000e+00 -3.37746292e-07
 -3.59880000e+00 2.47379071e-07
 -3.57378000e+00 3.24523010e-08
 -3.54878000e+00 1.75330334e-08
 -3.52718000e+00 4.63921534e-09
 -3.50220000e+00 1.89723619e-07
 -3.47720000e+00 1.74791634e-07
 -3.45222000e+00 3.59867144e-07
 -3.42378000e+00 -5.71299737e-08
 -3.39880000e+00 1.27935998e-07
 -3.37380000e+00 1.12985535e-07
 -3.35222000e+00 3.00076688e-07
 -3.32720000e+00 8.51058903e-08
 -3.29880000e+00 6.81071959e-08
 -3.27380000e+00 5.31387407e-08
 -3.25220000e+00 4.02023584e-08
 -3.22722000e+00 2.25237461e-07
 -3.19882000e+00 2.08218230e-07
 -3.17380000e+00 -6.78032649e-09
 -3.14196000e+00 -4.25873806e-07
 -3.12720000e+00 -3.47274359e-08
 -3.10224000e+00 3.50296953e-07
 -3.07384000e+00 3.33251855e-07
 -3.05220000e+00 -7.97399955e-08
 -3.02380000e+00 -9.67955122e-08
 -2.99884000e+00 2.88209956e-07
 -2.97382000e+00 7.31747752e-08
 -2.94882000e+00 5.81470014e-08
 -2.92726000e+00 4.45183341e-07
 -2.90224000e+00 2.30134929e-07
 -2.87722000e+00 1.50818776e-08
 -2.85224000e+00 2.00048255e-07
 -2.82726000e+00 3.85009990e-07
 -2.79884000e+00 1.67895150e-07
 -2.77722000e+00 -4.51286928e-08
 -2.75224000e+00 1.39819056e-07
 -2.72726000e+00 3.24762131e-07
 -2.70224000e+00 1.09676403e-07
 -2.67730000e+00 6.94634229e-07
 -2.65226000e+00 2.79527030e-07
 -2.62728000e+00 4.64451318e-07
 -2.60226000e+00 2.49346741e-07
 -2.57386000e+00 2.32195915e-07
 -2.55226000e+00 2.19147531e-07
 -2.52726000e+00 2.04040811e-07
 -2.50226000e+00 1.88929335e-07
 -2.47724000e+00 -2.61989992e-08
 -2.45228000e+00 3.58704183e-07
 -2.42726000e+00 1.43566293e-07
 -2.40228000e+00 3.28447820e-07
 -2.37726000e+00 1.13300336e-07
 -2.34886000e+00 9.61007169e-08
 -2.32730000e+00 4.83039392e-07
 -2.30228000e+00 2.67877458e-07
 -2.27728000e+00 2.52722811e-07
 -2.25228000e+00 2.37563324e-07
 -2.22728000e+00 2.22398988e-07
 -2.20228000e+00 2.07229795e-07
 -2.17726000e+00 -7.95640511e-09
 -2.15231000e+00 4.76895020e-07
 -2.12731000e+00 4.61711209e-07
 -2.10230000e+00 3.46516429e-07
 -2.07728000e+00 1.31310665e-07
 -2.05230000e+00 3.16124306e-07
 -2.02730000e+00 3.00920871e-07
 -2.00228000e+00 8.57003395e-08
 -1.97388000e+00 6.84176452e-08
 -1.95230000e+00 2.55280964e-07
 -1.92733000e+00 5.40076036e-07
 -1.90231000e+00 3.24835694e-07
 -1.87731000e+00 3.09602561e-07
 -1.85573000e+00 4.96449315e-07
 -1.82736000e+00 6.79151831e-07
 -1.80230000e+00 1.63867134e-07
 -1.77733000e+00 4.48632324e-07
 -1.75230000e+00 1.33355883e-07
 -1.72731000e+00 2.18098826e-07
 -1.70236000e+00 6.02861171e-07
 -1.67736000e+00 5.87587938e-07
 -1.65231000e+00 1.72279087e-07
 -1.62733000e+00 3.57007953e-07
 -1.60233000e+00 3.41719520e-07
 -1.57733000e+00 3.26426003e-07
 -1.54551000e+00 1.06953047e-07
 -1.52738000e+00 6.95854293e-07
 -1.50233000e+00 2.80514857e-07
 -1.47736000e+00 4.65219291e-07
 -1.45236000e+00 4.49900220e-07
 -1.42738000e+00 6.34588271e-07
 -1.40236000e+00 4.19246648e-07
 -1.37738000e+00 6.03924396e-07
 -1.35233000e+00 1.88554024e-07
 -1.32733000e+00 1.73209148e-07
 -1.30238000e+00 5.57889787e-07
 -1.27736000e+00 3.42522246e-07
 -1.25236000e+00 3.27161778e-07
 -1.22738000e+00 5.11808386e-07
 -1.20238000e+00 4.96437475e-07
 -1.17740000e+00 6.81073629e-07
 -1.15580000e+00 6.67784413e-07
 -1.13078000e+00 4.52386165e-07
 -1.10578000e+00 4.36994957e-07
 -1.07740000e+00 6.19516461e-07
 -1.05580000e+00 6.06209022e-07
 -1.03078000e+00 3.90789628e-07
 -1.00580000e+00 5.75389581e-07
 -9.77398000e-01 5.57873437e-07
 -9.55819000e-01 7.44560592e-07
 -9.30798000e-01 5.29119274e-07
 -9.05798000e-01 5.13685566e-07
 -8.77398000e-01 4.96146370e-07
 -8.55798000e-01 4.82802060e-07
 -8.27419000e-01 6.65263632e-07
 -8.02419000e-01 6.49807694e-07
 -7.77461000e-01 1.03437233e-06
 -7.52398000e-01 4.18866607e-07
 -7.30819000e-01 6.05511959e-07
 -7.05840000e-01 7.90048090e-07
 -6.80840000e-01 7.74565780e-07
 -6.55840000e-01 7.59078015e-07
 -6.30840000e-01 7.43584785e-07
 -6.05840000e-01 7.28086080e-07
 -5.77419000e-01 5.10459866e-07
 -5.55840000e-01 6.97072198e-07
 -5.30840000e-01 6.81557000e-07
 -5.05861000e-01 8.66049322e-07
 -4.80840000e-01 6.50510035e-07
 -4.55861000e-01 8.34991296e-07
 -4.30840000e-01 6.19440905e-07
 -4.05861000e-01 8.03911059e-07
 -3.80882000e-01 9.88375648e-07
 -3.55882000e-01 9.72821593e-07
 -3.30861000e-01 7.57248868e-07
 -3.05861000e-01 7.41683603e-07
 -2.80861000e-01 7.26112718e-07
 -2.55882000e-01 9.10549289e-07
 -2.30882000e-01 8.94967136e-07
 -2.05903000e-01 1.07939243e-06
 -1.80882000e-01 8.63785857e-07
 -1.55882000e-01 8.48186709e-07
 -1.30903000e-01 1.03259498e-06
 -1.05882000e-01 8.16971335e-07
 -8.08818000e-02 8.01354963e-07
 -5.58818000e-02 7.85732991e-07
 -3.09028000e-02 9.70118415e-07
 -5.88184000e-03 7.54471858e-07
 1.90867000e-02 1.03885233e-06
 1.15512000e-01 -2.21522420e-07
 7.95384000e-02 -1.39898820e-06
 9.76230000e-02 -3.10315068e-07
 1.22602000e-01 -1.25965087e-07
 1.44160000e-01 2.60523572e-07
 1.69097000e-01 8.44889056e-07
 1.94118000e-01 6.29196033e-07
 2.19139000e-01 4.13497146e-07
 2.44097000e-01 7.97831932e-07
 2.65687000e-01 8.84275961e-07
 2.94045000e-01 1.26646381e-06
 3.19087000e-01 8.50728181e-07
 3.40666000e-01 1.03716383e-06
 3.65666000e-01 1.02144356e-06
 3.90645000e-01 1.20573056e-06
 4.15666000e-01 9.89985178e-07
 4.40687000e-01 7.74233825e-07
 4.65666000e-01 9.58502939e-07
 4.90645000e-01 1.14276607e-06
 5.15645000e-01 1.12700998e-06
 5.40645000e-01 1.11124787e-06
 5.65624000e-01 1.29549298e-06
 5.90645000e-01 1.07970555e-06
 6.19024000e-01 1.26179199e-06
 6.40645000e-01 1.04813901e-06
 6.65624000e-01 1.23235990e-06
 6.90624000e-01 1.21656143e-06
 7.19045000e-01 9.98593680e-07
 7.40603000e-01 1.38495944e-06
 7.65603000e-01 1.36914262e-06
 7.90603000e-01 1.35331965e-06
 8.15624000e-01 1.13747722e-06
 8.44003000e-01 1.31950114e-06
 8.65624000e-01 1.10580042e-06
 8.87203000e-01 1.29212170e-06
 9.15603000e-01 1.27411215e-06
 9.40582000e-01 1.45826534e-06
 9.65603000e-01 1.24238565e-06
 9.90561000e-01 1.62653970e-06
 1.01558000e+00 1.41064875e-06
 1.04058000e+00 1.39476358e-06
 1.06558000e+00 1.37887212e-06
 1.09054000e+00 1.76299979e-06
 1.11558000e+00 1.34707025e-06
 1.14058000e+00 1.33115982e-06
 1.16556000e+00 1.51525577e-06
 1.19056000e+00 1.49933262e-06
 1.21556000e+00 1.48340309e-06
 1.24054000e+00 1.66747992e-06
 1.26218000e+00 1.25368061e-06
 1.29056000e+00 1.43557608e-06
 1.31554000e+00 1.61963365e-06
 1.34052000e+00 1.80368479e-06
 1.36554000e+00 1.58770391e-06
 1.39052000e+00 1.77174210e-06
 1.41552000e+00 1.75576102e-06
 1.44054000e+00 1.53976063e-06
 1.46552000e+00 1.72377931e-06
 1.48712000e+00 1.70995512e-06
 1.51552000e+00 1.69177144e-06
 1.53711000e+00 1.77794232e-06
 1.56211000e+00 1.76192284e-06
 1.59049000e+00 1.94372954e-06
 1.61552000e+00 1.62767672e-06
 1.64392000e+00 1.60945451e-06
 1.66211000e+00 1.69777881e-06
 1.68711000e+00 1.68172619e-06
 1.71212000e+00 1.56566047e-06
 1.74049000e+00 1.84742827e-06
 1.76209000e+00 1.83354107e-06
 1.78709000e+00 1.81746166e-06
 1.81549000e+00 1.79918727e-06
 1.83711000e+00 1.58526973e-06
 1.86209000e+00 1.76918293e-06
 1.88707000e+00 1.95308936e-06
 1.91545000e+00 2.13479707e-06
 1.93707000e+00 1.92085603e-06
 1.96547000e+00 1.90253534e-06
 1.98705000e+00 2.08860828e-06
 2.01207000e+00 1.87245474e-06
 2.04047000e+00 1.85411064e-06
 2.06202000e+00 2.24018514e-06
 2.08705000e+00 2.02400444e-06
 2.11205000e+00 2.00783619e-06
 2.13702000e+00 2.19168040e-06
 2.16542000e+00 2.17329694e-06
 2.18702000e+00 2.15930911e-06
 2.21202000e+00 2.14311297e-06
 2.23705000e+00 1.92689037e-06
 2.26202000e+00 2.11069964e-06
 2.28698000e+00 2.49450835e-06
 2.31205000e+00 1.87823862e-06
 2.33702000e+00 2.06202671e-06
 2.36200000e+00 2.24580121e-06
 2.38700000e+00 2.22955561e-06
 2.41198000e+00 2.41331587e-06
 2.44042000e+00 1.99481806e-06
 2.46198000e+00 2.38078892e-06
 2.48696000e+00 2.56452770e-06
 2.51200000e+00 2.14822019e-06
 2.53696000e+00 2.53195757e-06
 2.56194000e+00 2.71567469e-06
 2.58696000e+00 2.49935847e-06
 2.61196000e+00 2.48304801e-06
 2.63694000e+00 2.66674331e-06
 2.66194000e+00 2.65041824e-06
 2.68356000e+00 2.43629441e-06
 2.71196000e+00 2.41773301e-06
 2.73694000e+00 2.60139896e-06
 2.75852000e+00 2.78728218e-06
 2.78692000e+00 2.76869562e-06
 2.81194000e+00 2.55231318e-06
 2.83692000e+00 2.73594949e-06
 2.86194000e+00 2.51955213e-06
 2.88351000e+00 2.80540977e-06
 2.90851000e+00 2.78901156e-06
 2.93691000e+00 2.77037406e-06
 2.95849000e+00 2.95620568e-06
 2.98351000e+00 2.73977172e-06
 3.00851000e+00 2.72334331e-06
 3.03691000e+00 2.70467142e-06
 3.05849000e+00 2.89047684e-06
 3.08349000e+00 2.87402558e-06
 3.11189000e+00 2.85532767e-06
 3.13349000e+00 2.84110009e-06
 3.15847000e+00 3.02463899e-06
 3.18345000e+00 3.20817018e-06
 3.21187000e+00 2.98942406e-06
 3.24369000e+00 2.76842337e-06
 3.25847000e+00 2.95866452e-06
 3.28345000e+00 3.14216467e-06
 3.30840000e+00 3.52567684e-06
 3.33340000e+00 3.50914815e-06
 3.35843000e+00 3.29259174e-06
 3.38340000e+00 3.47606715e-06
 3.41183000e+00 3.25724321e-06
 3.43338000e+00 3.64296780e-06
 3.45838000e+00 3.62639960e-06
 3.48336000e+00 3.80983670e-06
 3.50836000e+00 3.79325255e-06
 3.53334000e+00 3.97667367e-06
 3.55838000e+00 3.56004693e-06
 3.57996000e+00 3.74571117e-06
 3.60834000e+00 3.92684896e-06
 3.63333000e+00 4.01023121e-06
 3.65493000e+00 3.99586120e-06
 3.67993000e+00 3.97922165e-06
 3.70833000e+00 3.96030923e-06
 3.73331000e+00 4.14366556e-06
 3.75831000e+00 4.12700036e-06
 3.77989000e+00 4.31260834e-06
 3.80829000e+00 4.29365859e-06
 3.82987000e+00 4.47925232e-06
 3.85827000e+00 4.46028376e-06
 3.87989000e+00 4.24583641e-06
 3.90485000e+00 4.62914938e-06
 3.92987000e+00 4.41241387e-06
 3.95485000e+00 4.59569673e-06
 3.98325000e+00 4.57668065e-06
 4.00483000e+00 4.76222384e-06
 4.03323000e+00 4.74318857e-06
 4.05480000e+00 4.92872384e-06
 4.07978000e+00 5.11196447e-06
 4.10476000e+00 5.29519658e-06
 4.12976000e+00 5.27840671e-06
 4.15478000e+00 5.06159482e-06
 4.17974000e+00 5.44481466e-06
 4.20474000e+00 5.42799899e-06
 4.22973000e+00 5.51118139e-06
 4.25474000e+00 5.39434165e-06
 4.27969000e+00 5.87753364e-06
 4.30471000e+00 5.66066973e-06
 4.32969000e+00 5.84382404e-06
 4.35469000e+00 5.82695609e-06
 4.37967000e+00 6.01009284e-06
 4.40465000e+00 6.19322077e-06
 4.42965000e+00 6.17632633e-06
 4.45465000e+00 6.15942302e-06
 4.47621000e+00 6.54483845e-06
 4.50121000e+00 6.52791852e-06
 4.52618000e+00 6.71100996e-06
 4.55118000e+00 6.69407210e-06
 4.57618000e+00 6.67712523e-06
 4.60113000e+00 7.16020325e-06
 4.62613000e+00 7.14323830e-06
 4.65114000e+00 7.02625746e-06
 4.67613000e+00 7.10928109e-06
 4.70111000e+00 7.29230238e-06
 4.72611000e+00 7.27530090e-06
 4.75109000e+00 7.45830384e-06
 4.77607000e+00 7.64129756e-06
 4.80107000e+00 7.62426841e-06
 4.82949000e+00 7.40489840e-06
 4.85101000e+00 8.19022315e-06
 4.87269000e+00 8.37543180e-06
 4.90096000e+00 8.55613379e-06
 4.92265000e+00 8.64131935e-06
 4.94765000e+00 8.62423535e-06
 4.97262000e+00 8.90716241e-06
 4.99764000e+00 8.69004580e-06
 5.02262000e+00 8.87294705e-06
 5.04758000e+00 9.25585247e-06
 5.07256000e+00 9.43873464e-06
 5.09752000e+00 9.82162095e-06
 5.12252000e+00 9.80447020e-06
 5.14750000e+00 9.98732352e-06
 5.17248000e+00 1.01701672e-05
 5.19746000e+00 1.02530011e-05
 5.22242000e+00 1.06358391e-05
 5.24740000e+00 1.08186535e-05
 5.26898000e+00 1.10037992e-05
 5.29738000e+00 1.09842392e-05
 5.31894000e+00 1.13693816e-05
 5.34390000e+00 1.17521718e-05
 5.36890000e+00 1.17349245e-05
 5.39387000e+00 1.20176879e-05
 5.41887000e+00 1.20004206e-05
 5.44384000e+00 1.21831640e-05
 5.46878000e+00 1.27659181e-05
 5.49378000e+00 1.27486207e-05
 5.51876000e+00 1.29313270e-05
 5.54372000e+00 1.33140369e-05
 5.56869000e+00 1.35967298e-05
 5.59369000e+00 1.35793917e-05
 5.61869000e+00 1.35620433e-05
 5.64022000e+00 1.41470946e-05
 5.66518000e+00 1.45297547e-05
 5.69018000e+00 1.45123768e-05
 5.71512000e+00 1.50950302e-05
 5.74010000e+00 1.52776453e-05
 5.76509000e+00 1.53602430e-05
 5.79005000e+00 1.57428512e-05
 5.81502000e+00 1.59254419e-05
 5.83663000e+00 1.59103666e-05
 5.86156000e+00 1.64929655e-05
 5.88992000e+00 1.68731574e-05
 5.91151000e+00 1.69580686e-05
 5.93649000e+00 1.71406006e-05
 5.96145000e+00 1.75231359e-05
 5.98643000e+00 1.77056464e-05
 6.01138000e+00 1.80881671e-05
 6.03634000e+00 1.84706700e-05
 6.05791000e+00 1.87555406e-05
 6.08629000e+00 1.89356221e-05
 6.10783000e+00 1.95204948e-05
 6.13281000e+00 1.97029415e-05
 6.15778000e+00 1.98853841e-05
 6.18278000e+00 1.98677946e-05
 6.20771000e+00 2.05502432e-05
 6.22927000e+00 2.09350555e-05
 6.25421000e+00 2.15174763e-05
 6.27921000e+00 2.14998436e-05
 6.30416000e+00 2.18822350e-05
 6.32913000e+00 2.21646009e-05
 6.35067000e+00 2.27493800e-05
 6.37907000e+00 2.27292987e-05
 6.41429000e+00 2.25043745e-05
 6.42561000e+00 2.32963589e-05
 6.45056000e+00 2.36786835e-05
 6.47549000e+00 2.43610107e-05
 6.49707000e+00 2.45457035e-05
 6.52201000e+00 2.51280021e-05
 6.54699000e+00 2.53102606e-05
 6.57196000e+00 2.55925145e-05
 6.59689000e+00 2.61747852e-05
 6.61849000e+00 2.61594145e-05
 6.64343000e+00 2.67416561e-05
 6.66839000e+00 2.71238716e-05
 6.68989000e+00 2.80085429e-05
 6.71829000e+00 2.79882811e-05
 6.73985000e+00 2.83728889e-05
 6.76481000e+00 2.87550581e-05
 6.78976000e+00 2.92372225e-05
 6.81471000e+00 2.96193747e-05
 6.83627000e+00 3.00039421e-05
 6.86121000e+00 3.05860788e-05
 6.88618000e+00 3.08681817e-05
 6.90774000e+00 3.12527188e-05
 6.93269000e+00 3.16348131e-05
 6.95763000e+00 3.22169022e-05
 6.98261000e+00 3.23989501e-05
 7.00758000e+00 3.26809927e-05
 7.02909000e+00 3.34655136e-05
 7.05405000e+00 3.38475400e-05
 7.07561000e+00 3.42320046e-05
 7.10396000e+00 3.47115621e-05
 7.12552000e+00 3.50960048e-05
 7.15047000e+00 3.54779894e-05
 7.17883000e+00 3.58574962e-05
 7.19706000e+00 3.65443142e-05
 7.22200000e+00 3.71262692e-05
 7.24695000e+00 3.75082039e-05
 7.27190000e+00 3.79901257e-05
 7.29688000e+00 3.81720126e-05
 7.31844000e+00 3.85563688e-05
 7.34336000e+00 3.93382748e-05
 7.36828000e+00 4.00201676e-05
 7.39326000e+00 4.02020035e-05
 7.41478000e+00 4.09863446e-05
 7.43976000e+00 4.11681556e-05
 7.46472000e+00 4.14499677e-05
 7.48966000e+00 4.20317809e-05
 7.51118000e+00 4.28160772e-05
 7.53955000e+00 4.30953594e-05
 7.56110000e+00 4.34796102e-05
 7.58602000e+00 4.42613855e-05
 7.61098000e+00 4.46431177e-05
 7.63253000e+00 4.51273345e-05
 7.65748000e+00 4.55090483e-05
 7.68242000e+00 4.60907555e-05
 7.70738000e+00 4.64724340e-05
 7.73233000e+00 4.69541058e-05
 7.75724000e+00 4.77357929e-05
 7.77877000e+00 4.84199535e-05
 7.80373000e+00 4.88015774e-05
 7.82866000e+00 4.93832091e-05
 7.85022000e+00 4.97673123e-05
 7.87517000e+00 5.02489025e-05
 7.90011000e+00 5.08304856e-05
 7.92504000e+00 5.14120617e-05
 7.95342000e+00 5.15910703e-05
 7.97155000e+00 5.22776505e-05
 7.99647000e+00 5.30591920e-05
 8.01802000e+00 5.34432178e-05
 8.04295000e+00 5.41247244e-05
 8.06789000e+00 5.47062086e-05
 8.09282000e+00 5.52876854e-05
 8.11437000e+00 5.57716614e-05
 8.13929000e+00 5.65531175e-05
 8.16422000e+00 5.71345511e-05
 8.18577000e+00 5.76184896e-05
 8.21071000e+00 5.81998873e-05
 8.23223000e+00 5.89838236e-05
 8.25717000e+00 5.94651927e-05
 8.27869000e+00 6.02491041e-05
 8.30365000e+00 6.06304293e-05
 8.32857000e+00 6.13117688e-05
 8.35009000e+00 6.20956417e-05
 8.37505000e+00 6.24769219e-05
 8.39999000e+00 6.29582013e-05
 8.42491000e+00 6.37394799e-05
 8.44984000e+00 6.44207349e-05
 8.47145000e+00 6.52044734e-05
 8.49299000e+00 6.57882524e-05
 8.51794000e+00 6.62694484e-05
 8.54286000e+00 6.70506507e-05
 8.56436000e+00 6.79344197e-05
 8.58934000e+00 6.81155463e-05
 8.61086000e+00 6.88992737e-05
 8.63581000e+00 6.92803921e-05
 8.66070000e+00 7.03615393e-05
 8.68566000e+00 7.07426167e-05
 8.71058000e+00 7.14237077e-05
 8.73208000e+00 7.24073802e-05
 8.75361000e+00 7.29910172e-05
 8.78194000e+00 7.36694669e-05
 8.80346000e+00 7.44530821e-05
 8.82839000e+00 7.50340849e-05
 8.85332000e+00 7.57150705e-05
 8.87484000e+00 7.64986430e-05
 8.89976000e+00 7.71796037e-05
 8.92128000e+00 7.79631480e-05
 8.94619000e+00 7.88440837e-05
 8.97110000e+00 7.96250017e-05
 8.99263000e+00 8.03084946e-05
 9.01754000e+00 8.10893794e-05
 9.04244000e+00 8.20702540e-05
 9.06737000e+00 8.27510874e-05
 9.08886000e+00 8.37345510e-05
 9.11039000e+00 8.44179702e-05
 9.13186000e+00 8.56014220e-05
 9.16021000e+00 8.60795500e-05
 9.18177000e+00 8.64629005e-05
 9.20323000e+00 8.77463143e-05
 9.22813000e+00 8.87270521e-05
 9.25308000e+00 8.91077323e-05
 9.27457000e+00 9.01910766e-05
 9.29618000e+00 9.09743137e-05
 9.32111000e+00 9.16549576e-05
 9.34598000e+00 9.28356289e-05
 9.36749000e+00 9.37188961e-05
 9.39243000e+00 9.42994771e-05
 9.41389000e+00 9.55827520e-05
 9.43885000e+00 9.59632809e-05
 9.47055000e+00 9.68385235e-05
 9.48525000e+00 9.78270320e-05
 9.50673000e+00 9.89102280e-05
 9.52825000e+00 9.96933777e-05
 9.55316000e+00 1.00573854e-04
 9.57805000e+00 1.01554327e-04
 9.59951000e+00 1.02837473e-04
 9.62444000e+00 1.03517876e-04
 9.64592000e+00 1.04700975e-04
 9.66742000e+00 1.05584042e-04
 9.68890000e+00 1.06767109e-04
 9.71720000e+00 1.07644777e-04
 9.74206000e+00 1.08925137e-04
 9.76020000e+00 1.09510793e-04
 9.78507000e+00 1.10791108e-04
 9.80994000e+00 1.11971403e-04
 9.83145000e+00 1.12854342e-04
 9.85292000e+00 1.14037297e-04
 9.87438000e+00 1.15320244e-04
 9.89929000e+00 1.16200429e-04
 9.92088000e+00 1.17183237e-04
 9.94235000e+00 1.18466124e-04
 9.96381000e+00 1.19749003e-04
 9.98871000e+00 1.20729117e-04
 1.00102000e+01 1.21811936e-04
 1.00317000e+01 1.22994730e-04
 1.00531000e+01 1.24477587e-04
 1.00780000e+01 1.25357620e-04
 1.00995000e+01 1.26740360e-04
 1.01244000e+01 1.27820350e-04
 1.01458000e+01 1.29103134e-04
 1.01707000e+01 1.30483080e-04
 1.01955000e+01 1.31763084e-04
 1.02136000e+01 1.32848475e-04
 1.02385000e+01 1.34328357e-04
 1.02633000e+01 1.35508296e-04
 1.02848000e+01 1.36790885e-04
 1.03063000e+01 1.37873456e-04
 1.03311000e+01 1.39553329e-04
 1.03560000e+01 1.40533097e-04
 1.03774000e+01 1.42215688e-04
 1.03989000e+01 1.43498180e-04
 1.04203000e+01 1.44780735e-04
 1.04452000e+01 1.45960414e-04
 1.04667000e+01 1.47642847e-04
 1.04882000e+01 1.49125260e-04
 1.05096000e+01 1.50607737e-04
 1.05345000e+01 1.51987324e-04
 1.05559000e+01 1.53269759e-04
 1.05773000e+01 1.55152175e-04
 1.05988000e+01 1.56634490e-04
 1.06202000e+01 1.58116867e-04
 1.06417000e+01 1.59399142e-04
 1.06631000e+01 1.60981479e-04
 1.06845000e+01 1.62663797e-04
 1.07094000e+01 1.63943197e-04
 1.07308000e+01 1.65625471e-04
 1.07523000e+01 1.67107642e-04
 1.07737000e+01 1.68989875e-04
 1.07951000e+01 1.70472088e-04
 1.08166000e+01 1.72154197e-04
 1.08381000e+01 1.73336284e-04
 1.08595000e+01 1.75518434e-04
 1.08843000e+01 1.76897722e-04
 1.09092000e+01 1.78376897e-04
 1.09238000e+01 1.80264674e-04
 1.09452000e+01 1.82346738e-04
 1.09666000e+01 1.84028781e-04
 1.09880000e+01 1.85510802e-04
 1.10095000e+01 1.86992717e-04
 1.10309000e+01 1.88874694e-04
 1.10523000e+01 1.90556648e-04
 1.10737000e+01 1.92438581e-04
 1.10985000e+01 1.93917614e-04
 1.11166000e+01 1.96202292e-04
 1.11415000e+01 1.97281188e-04
 1.11595000e+01 1.99365912e-04
 1.11843000e+01 2.01044838e-04
 1.12023000e+01 2.02729523e-04
 1.12271000e+01 2.04608395e-04
 1.12451000e+01 2.06493040e-04
 1.12665000e+01 2.08174763e-04
 1.12845000e+01 2.10059371e-04
 1.13093000e+01 2.11938135e-04
 1.13273000e+01 2.13622702e-04
 1.13487000e+01 2.15504331e-04
 1.13735000e+01 2.17783011e-04
 1.13950000e+01 2.18864500e-04
 1.14165000e+01 2.20945964e-04
 1.14379000e+01 2.22827488e-04
 1.14593000e+01 2.24708987e-04
 1.14807000e+01 2.26590460e-04
 1.15021000e+01 2.28471907e-04
 1.15269000e+01 2.30150374e-04
 1.15449000e+01 2.32034722e-04
 1.15663000e+01 2.33716090e-04
 1.15877000e+01 2.35397431e-04
 1.16057000e+01 2.37481716e-04
 1.16271000e+01 2.39163007e-04
 1.16486000e+01 2.40844182e-04
 1.16700000e+01 2.42525418e-04
 1.16915000e+01 2.44406538e-04
 1.17129000e+01 2.46087717e-04
 1.17343000e+01 2.47568868e-04
 1.17557000e+01 2.49449991e-04
 1.17806000e+01 2.51227989e-04
 1.18020000e+01 2.53009049e-04
 1.18234000e+01 2.54790079e-04
 1.18448000e+01 2.56471080e-04
 1.18662000e+01 2.57952050e-04
 1.18876000e+01 2.59832991e-04
 1.19091000e+01 2.61513811e-04
 1.19304000e+01 2.63594780e-04
 1.19485000e+01 2.64878583e-04
 1.19699000e+01 2.66759405e-04
 1.19915000e+01 2.68240015e-04
 1.20129000e+01 2.70120773e-04
 1.20343000e+01 2.71801499e-04
 1.20557000e+01 2.73482192e-04
 1.20771000e+01 2.75562852e-04
 1.21019000e+01 2.77040399e-04
 1.21199000e+01 2.78724074e-04
 1.21413000e+01 2.80604634e-04
 1.21662000e+01 2.82081972e-04
 1.21842000e+01 2.83965561e-04
 1.22056000e+01 2.85646018e-04
 1.22270000e+01 2.87526440e-04
 1.22485000e+01 2.88906735e-04
 1.22801000e+01 2.90377707e-04
 1.22880000e+01 2.92270438e-04
 1.23094000e+01 2.94350722e-04
 1.23308000e+01 2.95830968e-04
 1.23522000e+01 2.98111178e-04
 1.23737000e+01 2.99191257e-04
 1.23917000e+01 3.01274550e-04
 1.24165000e+01 3.02951486e-04
 1.24379000e+01 3.04631542e-04
 1.24559000e+01 3.06514737e-04
 1.24773000e+01 3.08594720e-04
 1.24987000e+01 3.09874664e-04
 1.25167000e+01 3.11773444e-04
 1.25383000e+01 3.13473444e-04
 1.25597000e+01 3.15173444e-04
 1.25811000e+01 3.16873444e-04
 1.26025000e+01 3.18973444e-04
 1.26205000e+01 3.20473444e-04
 1.26419000e+01 3.22373444e-04
 1.26633000e+01 3.24073444e-04
 1.26882000e+01 3.25973444e-04
 1.27062000e+01 3.27873444e-04
 1.27276000e+01 3.29373444e-04
 1.27490000e+01 3.31073444e-04
 1.27704000e+01 3.32973444e-04
 1.27918000e+01 3.34673444e-04
 1.28099000e+01 3.36573444e-04
 1.28314000e+01 3.38273444e-04
 1.28494000e+01 3.40173444e-04
 1.28708000e+01 3.41673444e-04
 1.28922000e+01 3.43573444e-04
 1.29171000e+01 3.44973444e-04
 1.29385000e+01 3.46873444e-04
 1.29565000e+01 3.48773444e-04
 1.29813000e+01 3.50673444e-04
 1.30027000e+01 3.52373444e-04
 1.30241000e+01 3.54273444e-04
 1.30455000e+01 3.55973444e-04
 1.30669000e+01 3.57673444e-04
 1.30884000e+01 3.59373444e-04
 1.31099000e+01 3.61073444e-04
 1.31279000e+01 3.62973444e-04
 1.31459000e+01 3.64873444e-04
 1.31707000e+01 3.66573444e-04
 1.31887000e+01 3.68473444e-04
 1.32101000e+01 3.70373444e-04
 1.32315000e+01 3.72073444e-04
 1.32529000e+01 3.73773444e-04
 1.32744000e+01 3.75473444e-04
 1.32958000e+01 3.77173444e-04
 1.33172000e+01 3.79073444e-04
 1.33353000e+01 3.81173444e-04
 1.33601000e+01 3.82673444e-04
 1.33781000e+01 3.84173444e-04
 1.33962000e+01 3.85873444e-04
 1.34176000e+01 3.87373444e-04
 1.34356000e+01 3.89473444e-04
 1.34570000e+01 3.91173444e-04
 1.34785000e+01 3.92673444e-04
 1.34999000e+01 3.94573444e-04
 1.35213000e+01 3.96373444e-04
 1.35427000e+01 3.98073444e-04
 1.35642000e+01 3.99973444e-04
 1.35822000e+01 4.01473444e-04
 1.36071000e+01 4.02973444e-04
 1.36251000e+01 4.04873444e-04
 1.36431000e+01 4.06573444e-04
 1.36645000e+01 4.08273444e-04
 1.36859000e+01 4.09973444e-04
 1.37040000e+01 4.11473444e-04
 1.37254000e+01 4.13173444e-04
 1.37468000e+01 4.15273444e-04
 1.37682000e+01 4.16573444e-04
 1.37897000e+01 4.18273444e-04
 1.38112000e+01 4.20173444e-04
 1.38326000e+01 4.21573444e-04
 1.38540000e+01 4.23473444e-04
 1.38754000e+01 4.25373444e-04
 1.38969000e+01 4.26673444e-04
 1.39183000e+01 4.28173444e-04
 1.39363000e+01 4.30273444e-04
 1.39543000e+01 4.31973444e-04
 1.39758000e+01 4.33273444e-04
 1.39972000e+01 4.34973444e-04
 1.40187000e+01 4.36473444e-04
 1.40401000e+01 4.38373444e-04
 1.40616000e+01 4.39973444e-04
 1.40831000e+01 4.41273444e-04
 1.41044000e+01 4.43373444e-04
 1.41259000e+01 4.44473444e-04
 1.41473000e+01 4.46573444e-04
 1.41688000e+01 4.47873444e-04
 1.41902000e+01 4.49573444e-04
 1.42116000e+01 4.51073444e-04
 1.42296000e+01 4.53173444e-04
 1.42511000e+01 4.54373444e-04
 1.42759000e+01 4.56073444e-04
 1.42939000e+01 4.57773444e-04
 1.43121000e+01 4.59073444e-04
 1.43335000e+01 4.60573444e-04
 1.43549000e+01 4.62473444e-04
 1.43764000e+01 4.63973444e-04
 1.43978000e+01 4.65873444e-04
 1.44192000e+01 4.67273444e-04
 1.44407000e+01 4.68773444e-04
 1.44621000e+01 4.70473444e-04
 1.44801000e+01 4.71973444e-04
 1.45016000e+01 4.73473444e-04
 1.45230000e+01 4.74973444e-04
 1.45444000e+01 4.76673444e-04
 1.45626000e+01 4.78273444e-04
 1.45874000e+01 4.79773444e-04
 1.46055000e+01 4.81273444e-04
 1.46269000e+01 4.82573444e-04
 1.46483000e+01 4.84273444e-04
 1.46698000e+01 4.85973444e-04
 1.46912000e+01 4.87373444e-04
 1.47126000e+01 4.89073444e-04
 1.47341000e+01 4.90373444e-04
 1.47555000e+01 4.92073444e-04
 1.47770000e+01 4.93373444e-04
 1.47950000e+01 4.94873444e-04
 1.48164000e+01 4.96773444e-04
 1.48380000e+01 4.97973444e-04
 1.48594000e+01 4.99473444e-04
 1.48809000e+01 5.01173444e-04
 1.48990000e+01 5.02273444e-04
 1.49204000e+01 5.03873444e-04
 1.49487000e+01 5.04973444e-04
 1.49633000e+01 5.06673444e-04
 1.49847000e+01 5.08373444e-04
 1.50062000e+01 5.09873444e-04
 1.50276000e+01 5.11373444e-04
 1.50491000e+01 5.12773444e-04
 1.50671000e+01 5.14473444e-04
 1.50886000e+01 5.15773444e-04
 1.51101000e+01 5.17273444e-04
 1.51316000e+01 5.18473444e-04
 1.51461000e+01 5.20473444e-04
 1.51710000e+01 5.21673444e-04
 1.51925000e+01 5.23173444e-04
 1.52139000e+01 5.24673444e-04
 1.52354000e+01 5.25973444e-04
 1.52568000e+01 5.27373444e-04
 1.52817000e+01 5.28873444e-04
 1.52997000e+01 5.30173444e-04
 1.53212000e+01 5.31673444e-04
 1.53426000e+01 5.33173444e-04
 1.53642000e+01 5.34573444e-04
 1.53856000e+01 5.35873444e-04
 1.54071000e+01 5.37373444e-04
 1.54285000e+01 5.39073444e-04
 1.54500000e+01 5.40373444e-04
 1.54714000e+01 5.41773444e-04
 1.54895000e+01 5.43273444e-04
 1.55109000e+01 5.44373444e-04
 1.55324000e+01 5.45873444e-04
 1.55538000e+01 5.47273444e-04
 1.55753000e+01 5.48773444e-04
 1.55967000e+01 5.50073444e-04
 1.56216000e+01 5.51273444e-04
 1.56364000e+01 5.52773444e-04
 1.56578000e+01 5.54073444e-04
 1.56792000e+01 5.55773444e-04
 1.57007000e+01 5.56873444e-04
 1.57188000e+01 5.58473444e-04
 1.57436000e+01 5.59973444e-04
 1.57616000e+01 5.61473444e-04
 1.57831000e+01 5.62973444e-04
 1.58012000e+01 5.63973444e-04
 1.58226000e+01 5.65673444e-04
 1.58475000e+01 5.66973444e-04
 1.58656000e+01 5.68073444e-04
 1.58871000e+01 5.69573444e-04
 1.59085000e+01 5.71173444e-04
 1.59300000e+01 5.72073444e-04
 1.59515000e+01 5.73773444e-04
 1.59695000e+01 5.75073444e-04
 1.59910000e+01 5.76473444e-04
 1.60124000e+01 5.77773444e-04
 1.60305000e+01 5.79273444e-04
 1.60519000e+01 5.80573444e-04
 1.60734000e+01 5.82173444e-04
 1.60949000e+01 5.83273444e-04
 1.61163000e+01 5.84573444e-04
 1.61379000e+01 5.86073444e-04
 1.61593000e+01 5.87473444e-04
 1.61808000e+01 5.88573444e-04
 1.62023000e+01 5.89873444e-04
 1.62237000e+01 5.91273444e-04
 1.62452000e+01 5.92573444e-04
 1.62666000e+01 5.93873444e-04
 1.62915000e+01 5.95073444e-04
 1.63062000e+01 5.96573444e-04
 1.63242000e+01 5.98073444e-04
 1.63457000e+01 5.99373444e-04
 1.63672000e+01 6.00373444e-04
 1.63887000e+01 6.01673444e-04
 1.64101000e+01 6.03373444e-04
 1.64317000e+01 6.04273444e-04
 1.64565000e+01 6.05673444e-04
 1.64779000e+01 6.07373444e-04
 1.64994000e+01 6.08273444e-04
 1.65209000e+01 6.09773444e-04
 1.65423000e+01 6.11173444e-04
 1.65604000e+01 6.12273444e-04
 1.65819000e+01 6.13773444e-04
 1.66033000e+01 6.15073444e-04
 1.66248000e+01 6.16473444e-04
 1.66429000e+01 6.17573444e-04
 1.66644000e+01 6.18873444e-04
 1.66859000e+01 6.20273444e-04
 1.67108000e+01 6.21373444e-04
 1.67288000e+01 6.22673444e-04
 1.67537000e+01 6.24173444e-04
 1.67751000e+01 6.25373444e-04
 1.67932000e+01 6.26673444e-04
 1.68147000e+01 6.27873444e-04
 1.68361000e+01 6.29373444e-04
 1.68576000e+01 6.30473444e-04
 1.68791000e+01 6.31973444e-04
 1.69005000e+01 6.32973444e-04
 1.69220000e+01 6.34273444e-04
 1.69402000e+01 6.35373444e-04
 1.69650000e+01 6.36773444e-04
 1.69831000e+01 6.38073444e-04
 1.70046000e+01 6.39573444e-04
 1.70260000e+01 6.40673444e-04
 1.70475000e+01 6.42073444e-04
 1.70690000e+01 6.43173444e-04
 1.70904000e+01 6.44673444e-04
 1.71119000e+01 6.45673444e-04
 1.71334000e+01 6.47173444e-04
 1.71514000e+01 6.48273444e-04
 1.71729000e+01 6.49673444e-04
 1.71944000e+01 6.50373444e-04
 1.72126000e+01 6.51873444e-04
 1.72340000e+01 6.53373444e-04
 1.72555000e+01 6.54773444e-04
 1.72769000e+01 6.55873444e-04
 1.72984000e+01 6.57173444e-04
 1.73199000e+01 6.58573444e-04
 1.73414000e+01 6.59273444e-04
 1.73628000e+01 6.60673444e-04
 1.73809000e+01 6.61973444e-04
 1.74058000e+01 6.63273444e-04
 1.74272000e+01 6.64773444e-04
 1.74453000e+01 6.65973444e-04
 1.74668000e+01 6.67073444e-04
 1.74883000e+01 6.68573444e-04
 1.75098000e+01 6.69773444e-04
 1.75313000e+01 6.70873444e-04
 1.75493000e+01 6.72173444e-04
 1.75708000e+01 6.73673444e-04
 1.75922000e+01 6.75073444e-04
 1.76172000e+01 6.75373444e-04
 1.76455000e+01 6.76373444e-04
 1.76567000e+01 6.78273444e-04
 1.76816000e+01 6.79373444e-04
 1.77031000e+01 6.80573444e-04
 1.77245000e+01 6.82273444e-04
 1.77460000e+01 6.83173444e-04
 1.77674000e+01 6.84473444e-04
 1.77856000e+01 6.85673444e-04
 1.78071000e+01 6.86973444e-04
 1.78286000e+01 6.88073444e-04
 1.78500000e+01 6.89273444e-04
 1.78715000e+01 6.90773444e-04
 1.78930000e+01 6.91873444e-04
 1.79110000e+01 6.93073444e-04
 1.79325000e+01 6.94373444e-04
 1.79574000e+01 6.95273444e-04
 1.79789000e+01 6.96673444e-04
 1.79969000e+01 6.97973444e-04
 1.80184000e+01 6.99273444e-04
 1.80400000e+01 7.00273444e-04
 1.80615000e+01 7.01573444e-04
 1.80795000e+01 7.02673444e-04
 1.81010000e+01 7.04073444e-04
 1.81225000e+01 7.04973444e-04
 1.81405000e+01 7.06673444e-04
 1.81620000e+01 7.07473444e-04
 1.81835000e+01 7.08373444e-04
 1.82050000e+01 7.09773444e-04
 1.82265000e+01 7.10873444e-04
 1.82480000e+01 7.11973444e-04
 1.82694000e+01 7.13373444e-04
 1.82910000e+01 7.14473444e-04
 1.83159000e+01 7.15573444e-04
 1.83305000e+01 7.16973444e-04
 1.83520000e+01 7.18073444e-04
 1.83735000e+01 7.19173444e-04
 1.83916000e+01 7.20573444e-04
 1.84130000e+01 7.21673444e-04
 1.84345000e+01 7.22773444e-04
 1.84560000e+01 7.24173444e-04
 1.84775000e+01 7.25073444e-04
 1.84989000e+01 7.26373444e-04
 1.85204000e+01 7.27373444e-04
 1.85386000e+01 7.28673444e-04
 1.85601000e+01 7.30173444e-04
 1.85815000e+01 7.31373444e-04
 1.86030000e+01 7.32473444e-04
 1.86245000e+01 7.33773444e-04
 1.86459000e+01 7.34973444e-04
 1.86641000e+01 7.35873444e-04
 1.86855000e+01 7.37073444e-04
 1.87036000e+01 7.38373444e-04
 1.87251000e+01 7.39673444e-04
 1.87466000e+01 7.40473444e-04
 1.87681000e+01 7.41973444e-04
 1.87896000e+01 7.43273444e-04
 1.88111000e+01 7.44273444e-04
 1.88326000e+01 7.45373444e-04
 1.88540000e+01 7.46873444e-04
 1.88755000e+01 7.47873444e-04
 1.88970000e+01 7.48773444e-04
 1.89218000e+01 7.50273444e-04
 1.89399000e+01 7.51273444e-04
 1.89614000e+01 7.52173444e-04
 1.89863000e+01 7.53173444e-04
 1.90010000e+01 7.54873444e-04
 1.90225000e+01 7.55773444e-04
 1.90439000e+01 7.57173444e-04
 1.90655000e+01 7.58273444e-04
 1.90869000e+01 7.59773444e-04
 1.91084000e+01 7.60773444e-04
 1.91299000e+01 7.61873444e-04
 1.91514000e+01 7.62973444e-04
 1.91695000e+01 7.63973444e-04
 1.91909000e+01 7.65473444e-04
 1.92125000e+01 7.66373444e-04
 1.92339000e+01 7.67573444e-04
 1.92554000e+01 7.69073444e-04
 1.92735000e+01 7.69973444e-04
 1.92950000e+01 7.70773444e-04
 1.93166000e+01 7.72073444e-04
 1.93346000e+01 7.73273444e-04
 1.93561000e+01 7.74373444e-04
 1.93776000e+01 7.75673444e-04
 1.93991000e+01 7.76673444e-04
 1.94205000e+01 7.78173444e-04
 1.94420000e+01 7.79273444e-04
 1.94635000e+01 7.80273444e-04
 1.94850000e+01 7.81373444e-04
 1.95065000e+01 7.82573444e-04
 1.95245000e+01 7.83873444e-04
 1.95460000e+01 7.84773444e-04
 1.95642000e+01 7.85973444e-04
 1.95856000e+01 7.87473444e-04
 1.96071000e+01 7.88373444e-04
 1.96286000e+01 7.89373444e-04
 1.96535000e+01 7.90273444e-04
 1.96716000e+01 7.91873444e-04
 1.96897000e+01 7.92973444e-04
 1.97111000e+01 7.94073444e-04
 1.97326000e+01 7.95073444e-04
 1.97541000e+01 7.96173444e-04
 1.97756000e+01 7.97373444e-04
 1.97938000e+01 7.98673444e-04
 1.98153000e+01 7.99573444e-04
 1.98367000e+01 8.00773444e-04
 1.98548000e+01 8.01873444e-04
 1.98797000e+01 8.02773444e-04
 1.98978000e+01 8.03973444e-04
 1.99193000e+01 8.05073444e-04
 1.99407000e+01 8.06573444e-04
 1.99622000e+01 8.07573444e-04
 1.99838000e+01 8.08273444e-04
 2.00052000e+01 8.09873444e-04
 2.00267000e+01 8.10973444e-04
 2.00482000e+01 8.11973444e-04
 2.00698000e+01 8.12873444e-04
 2.00912000e+01 8.14173444e-04
 2.01093000e+01 8.15373444e-04
 2.01308000e+01 8.16273444e-04
 2.01523000e+01 8.17373444e-04
 2.01704000e+01 8.18773444e-04
 2.01919000e+01 8.19673444e-04
 2.02133000e+01 8.20873444e-04
 2.02348000e+01 8.21973444e-04
 2.02563000e+01 8.22873444e-04
 2.02778000e+01 8.24073444e-04
 2.02993000e+01 8.24973444e-04
 2.03276000e+01 8.25573444e-04
 2.03390000e+01 8.27073444e-04
 2.03570000e+01 8.28373444e-04
 2.03785000e+01 8.29373444e-04
 2.04000000e+01 8.30273444e-04
 2.04181000e+01 8.31673444e-04
 2.04396000e+01 8.32773444e-04
 2.04611000e+01 8.33873444e-04
 2.04826000e+01 8.34873444e-04
 2.05041000e+01 8.35973444e-04
 2.05221000e+01 8.37173444e-04
 2.05437000e+01 8.38273444e-04
 2.05652000e+01 8.39073444e-04
 2.05901000e+01 8.40373444e-04
 2.06082000e+01 8.41273444e-04
 2.06297000e+01 8.42473444e-04
 2.06512000e+01 8.43373444e-04
 2.06692000e+01 8.44773444e-04
 2.06907000e+01 8.46073444e-04
 2.07122000e+01 8.46773444e-04
 2.07303000e+01 8.47773444e-04
 2.07518000e+01 8.49073444e-04
 2.07733000e+01 8.50073444e-04
 2.07949000e+01 8.50973444e-04
 2.08164000e+01 8.52073444e-04
 2.08345000e+01 8.53073444e-04
 2.08559000e+01 8.54373444e-04
 2.08774000e+01 8.55373444e-04
 2.08989000e+01 8.56673444e-04
 2.09204000e+01 8.57573444e-04
 2.09419000e+01 8.58773444e-04
 2.09634000e+01 8.59473444e-04
 2.09849000e+01 8.60673444e-04
 2.10029000e+01 8.61973444e-04
 2.10211000e+01 8.62973444e-04
 2.10426000e+01 8.64073444e-04
 2.10641000e+01 8.65373444e-04
 2.10856000e+01 8.66373444e-04
 2.11071000e+01 8.67273444e-04
 2.11286000e+01 8.68073444e-04
 2.11500000e+01 8.69373444e-04
 2.11715000e+01 8.70673444e-04
 2.11930000e+01 8.71473444e-04
 2.12145000e+01 8.72573444e-04
 2.12326000e+01 8.73573444e-04
 2.12541000e+01 8.74473444e-04
 2.12756000e+01 8.75673444e-04
 2.12938000e+01 8.76573444e-04
 2.13153000e+01 8.77673444e-04
 2.13368000e+01 8.78873444e-04
 2.13583000e+01 8.79773444e-04
 2.13797000e+01 8.80973444e-04
 2.13978000e+01 8.81873444e-04
 2.14193000e+01 8.82973444e-04
 2.14408000e+01 8.84173444e-04
 2.14623000e+01 8.84873444e-04
 2.14838000e+01 8.86073444e-04
 2.15019000e+01 8.87373444e-04
 2.15201000e+01 8.88173444e-04
 2.15416000e+01 8.89273444e-04
 2.15631000e+01 8.90273444e-04
 2.15845000e+01 8.91373444e-04
 2.16027000e+01 8.92173444e-04
 2.16275000e+01 8.93273444e-04
 2.16490000e+01 8.94173444e-04
 2.16671000e+01 8.95373444e-04
 2.16886000e+01 8.96473444e-04
 2.17101000e+01 8.97573444e-04
 2.17281000e+01 8.98973444e-04
 2.17498000e+01 8.99473444e-04
 2.17679000e+01 9.00673444e-04
 2.17894000e+01 9.01373444e-04
 2.18109000e+01 9.02173444e-04
 2.18323000e+01 9.03873444e-04
 2.18504000e+01 9.04873444e-04
 2.18719000e+01 9.05973444e-04
 2.18934000e+01 9.06673444e-04
 2.19115000e+01 9.07673444e-04
 2.19330000e+01 9.08973444e-04
 2.19545000e+01 9.09573444e-04
 2.19760000e+01 9.10673444e-04
 2.19942000e+01 9.12073444e-04
 2.20157000e+01 9.12973444e-04
 2.20372000e+01 9.13773444e-04
 2.20553000e+01 9.15073444e-04
 2.20768000e+01 9.15873444e-04
 2.20949000e+01 9.16973444e-04
 2.21198000e+01 9.17573444e-04
 2.21412000e+01 9.19073444e-04
 2.21627000e+01 9.19973444e-04
 2.21842000e+01 9.21173444e-04
 2.22057000e+01 9.22273444e-04
 2.22239000e+01 9.23373444e-04
 2.22454000e+01 9.23773444e-04
 2.22669000e+01 9.25073444e-04
 2.22884000e+01 9.25873444e-04
 2.23099000e+01 9.26973444e-04
 2.23280000e+01 9.27773444e-04
 2.23461000e+01 9.29073444e-04
 2.23676000e+01 9.29873444e-04
 2.23891000e+01 9.31173444e-04
 2.24072000e+01 9.31973444e-04
 2.24286000e+01 9.33273444e-04
 2.24503000e+01 9.34073444e-04
 2.24718000e+01 9.34973444e-04
 2.24933000e+01 9.36073444e-04
 2.25113000e+01 9.37273444e-04
 2.25329000e+01 9.37773444e-04
 2.25509000e+01 9.39173444e-04
 2.25724000e+01 9.40073444e-04
 2.25905000e+01 9.40873444e-04
 2.26120000e+01 9.41973444e-04
 2.26335000e+01 9.42773444e-04
 2.26517000e+01 9.43873444e-04
 2.26732000e+01 9.45173444e-04
 2.26947000e+01 9.46173444e-04
 2.27162000e+01 9.47073444e-04
 2.27343000e+01 9.48073444e-04
 2.27558000e+01 9.48773444e-04
 2.27739000e+01 9.49773444e-04
 2.27954000e+01 9.51073444e-04
 2.28135000e+01 9.52273444e-04
 2.28350000e+01 9.53173444e-04
 2.28565000e+01 9.53973444e-04
 2.28781000e+01 9.54873444e-04
 2.28962000e+01 9.55973444e-04
 2.29177000e+01 9.56773444e-04
 2.29392000e+01 9.57873444e-04
 2.29844000e+01 9.58573444e-04
 2.29788000e+01 9.59273444e-04
 2.30003000e+01 9.60573444e-04
 2.30218000e+01 9.61473444e-04
 2.30399000e+01 9.62673444e-04
 2.30613000e+01 9.63773444e-04
 2.30796000e+01 9.64573444e-04
 2.31010000e+01 9.65673444e-04
 2.31225000e+01 9.66673444e-04
 2.31440000e+01 9.67573444e-04
 2.31621000e+01 9.68673444e-04
 2.31870000e+01 9.69673444e-04
 2.32051000e+01 9.70773444e-04
 2.32266000e+01 9.71373444e-04
 2.32481000e+01 9.72873444e-04
 2.32662000e+01 9.73673444e-04
 2.32877000e+01 9.74373444e-04
 2.33059000e+01 9.75573444e-04
 2.33274000e+01 9.76673444e-04
 2.33489000e+01 9.77673444e-04
 2.33670000e+01 9.78773444e-04
 2.33851000e+01 9.79173444e-04
 2.34100000e+01 9.80473444e-04
 2.34315000e+01 9.81273444e-04
 2.34496000e+01 9.82573444e-04
 2.34711000e+01 9.83273444e-04
 2.34892000e+01 9.84473444e-04
 2.35107000e+01 9.85173444e-04
 2.35289000e+01 9.86373444e-04
 2.35504000e+01 9.87073444e-04
 2.35719000e+01 9.88273444e-04
 2.35900000e+01 9.89173444e-04
 2.36149000e+01 9.89973444e-04
 2.36296000e+01 9.90873444e-04
 2.36511000e+01 9.92273444e-04
 2.36760000e+01 9.93173444e-04
 2.36941000e+01 9.94173444e-04
 2.37122000e+01 9.95073444e-04
 2.37337000e+01 9.96073444e-04
 2.37553000e+01 9.96973444e-04
 2.37734000e+01 9.97873444e-04
 2.37915000e+01 9.98673444e-04
 2.38129000e+01 1.00017344e-03
 2.38311000e+01 1.00077344e-03
 2.38525000e+01 1.00187344e-03
 2.38741000e+01 1.00267344e-03
 2.38956000e+01 1.00357344e-03
 2.39137000e+01 1.00457344e-03
 2.39352000e+01 1.00567344e-03
 2.39533000e+01 1.00667344e-03
 2.39714000e+01 1.00757344e-03
 2.39929000e+01 1.00877344e-03
 2.40144000e+01 1.00967344e-03
 2.40326000e+01 1.01027344e-03
 2.40541000e+01 1.01117344e-03
 2.40755000e+01 1.01237344e-03
 2.40971000e+01 1.01307344e-03
 2.41151000e+01 1.01437344e-03
 2.41366000e+01 1.01537344e-03
 2.41583000e+01 1.01607344e-03
 2.41797000e+01 1.01747344e-03
 2.41978000e+01 1.01817344e-03
 2.42193000e+01 1.01917344e-03
 2.42375000e+01 1.01987344e-03
 2.42624000e+01 1.02067344e-03
 2.42737000e+01 1.02177344e-03
 2.42951000e+01 1.02317344e-03
 2.43166000e+01 1.02407344e-03
 2.43381000e+01 1.02487344e-03
 2.43563000e+01 1.02597344e-03
 2.43778000e+01 1.02697344e-03
 2.43959000e+01 1.02767344e-03
 2.44174000e+01 1.02867344e-03
 2.44355000e+01 1.02957344e-03
 2.44536000e+01 1.03057344e-03
 2.44752000e+01 1.03127344e-03
 2.44932000e+01 1.03247344e-03
 2.45114000e+01 1.03357344e-03
 2.45329000e+01 1.03467344e-03
 2.45545000e+01 1.03507344e-03
 2.45725000e+01 1.03617344e-03
 2.45940000e+01 1.03717344e-03
 2.46121000e+01 1.03827344e-03
 2.46336000e+01 1.03907344e-03
 2.46518000e+01 1.03977344e-03
 2.46698000e+01 1.04117344e-03
 2.46880000e+01 1.04187344e-03
 2.47095000e+01 1.04287344e-03
 2.47310000e+01 1.04417344e-03
 2.47491000e+01 1.04497344e-03
 2.47707000e+01 1.04567344e-03
 2.47922000e+01 1.04667344e-03
 2.48102000e+01 1.04777344e-03
 2.48283000e+01 1.04887344e-03
 2.48498000e+01 1.04967344e-03
 2.48713000e+01 1.05047344e-03
 2.48895000e+01 1.05137344e-03
 2.49076000e+01 1.05237344e-03
 2.49291000e+01 1.05347344e-03
 2.49472000e+01 1.05437344e-03
 2.49688000e+01 1.05517344e-03
 2.49902000e+01 1.05647344e-03
 2.50083000e+01 1.05727344e-03
 2.50299000e+01 1.05787344e-03
 2.50514000e+01 1.05897344e-03
 2.50660000e+01 1.06007344e-03
 2.50876000e+01 1.06127344e-03
 2.51092000e+01 1.06177344e-03
 2.51272000e+01 1.06297344e-03
 2.51454000e+01 1.06367344e-03
 2.51668000e+01 1.06487344e-03
 2.51884000e+01 1.06557344e-03
 2.52064000e+01 1.06677344e-03
 2.52246000e+01 1.06747344e-03
 2.52461000e+01 1.06847344e-03
 2.52676000e+01 1.06937344e-03
 2.52857000e+01 1.07057344e-03
 2.53038000e+01 1.07147344e-03
 2.53254000e+01 1.07227344e-03
 2.53435000e+01 1.07317344e-03
 2.53615000e+01 1.07437344e-03
 2.53830000e+01 1.07527344e-03
 2.54012000e+01 1.07607344e-03
 2.54227000e+01 1.07677344e-03
 2.54409000e+01 1.07797344e-03
 2.54624000e+01 1.07867344e-03
 2.54805000e+01 1.07967344e-03
 2.55020000e+01 1.08037344e-03
 2.55269000e+01 1.08117344e-03
 2.55382000e+01 1.08207344e-03
 2.55563000e+01 1.08327344e-03
 2.55778000e+01 1.08417344e-03
 2.55993000e+01 1.08497344e-03
 2.56175000e+01 1.08607344e-03
 2.56390000e+01 1.08687344e-03
 2.56571000e+01 1.08797344e-03
 2.56752000e+01 1.08907344e-03
 2.56967000e+01 1.08987344e-03
 2.57148000e+01 1.09077344e-03
 2.57363000e+01 1.09177344e-03
 2.57544000e+01 1.09257344e-03
 2.57760000e+01 1.09327344e-03
 2.57940000e+01 1.09457344e-03
 2.58156000e+01 1.09537344e-03
 2.58371000e+01 1.09627344e-03
 2.58552000e+01 1.09727344e-03
 2.58733000e+01 1.09817344e-03
 2.58914000e+01 1.09937344e-03
 2.59095000e+01 1.10027344e-03
 2.59311000e+01 1.10087344e-03
 2.59491000e+01 1.10197344e-03
 2.59707000e+01 1.10257344e-03
 2.59889000e+01 1.10357344e-03
 2.60103000e+01 1.10487344e-03
 2.60284000e+01 1.10577344e-03
 2.60466000e+01 1.10657344e-03
 2.60647000e+01 1.10727344e-03
 2.60862000e+01 1.10827344e-03
 2.61043000e+01 1.10917344e-03
 2.61224000e+01 1.10957344e-03
 2.61440000e+01 1.11107344e-03
 2.61621000e+01 1.11227344e-03
 2.61802000e+01 1.11277344e-03
 2.62017000e+01 1.11357344e-03
 2.62198000e+01 1.11487344e-03
 2.62379000e+01 1.11587344e-03
 2.62594000e+01 1.11637344e-03
 2.62775000e+01 1.11737344e-03
 2.62957000e+01 1.11827344e-03
 2.63138000e+01 1.11967344e-03
 2.63320000e+01 1.11997344e-03
 2.63568000e+01 1.12117344e-03
 2.63716000e+01 1.12187344e-03
 2.63930000e+01 1.12307344e-03
 2.64111000e+01 1.12397344e-03
 2.64293000e+01 1.12477344e-03
 2.64508000e+01 1.12567344e-03
 2.64690000e+01 1.12647344e-03
 2.64871000e+01 1.12737344e-03
 2.65052000e+01 1.12857344e-03
 2.65267000e+01 1.12927344e-03
 2.65448000e+01 1.13007344e-03
 2.65663000e+01 1.13117344e-03
 2.65878000e+01 1.13217344e-03
 2.66059000e+01 1.13287344e-03
 2.66241000e+01 1.13367344e-03
 2.66422000e+01 1.13477344e-03
 2.66637000e+01 1.13557344e-03
 2.66784000e+01 1.13637344e-03
 2.66999000e+01 1.13767344e-03
 2.67180000e+01 1.13817344e-03
 2.67395000e+01 1.13917344e-03
 2.67611000e+01 1.13997344e-03
 2.67759000e+01 1.14067344e-03
 2.67939000e+01 1.14217344e-03
 2.68154000e+01 1.14297344e-03
 2.68336000e+01 1.14387344e-03
 2.68516000e+01 1.14487344e-03
 2.68698000e+01 1.14527344e-03
 2.68913000e+01 1.14617344e-03
 2.69094000e+01 1.14727344e-03
 2.69275000e+01 1.14847344e-03
 2.69491000e+01 1.14937344e-03
 2.69672000e+01 1.15017344e-03
 2.69853000e+01 1.15107344e-03
 2.70034000e+01 1.15187344e-03
 2.70215000e+01 1.15277344e-03
 2.70430000e+01 1.15377344e-03
 2.70611000e+01 1.15457344e-03
 2.70792000e+01 1.15567344e-03
 2.70974000e+01 1.15657344e-03
 2.71189000e+01 1.15737344e-03
 2.71371000e+01 1.15817344e-03
 2.71551000e+01 1.15927344e-03
 2.71733000e+01 1.16007344e-03
 2.71914000e+01 1.16077344e-03
 2.72129000e+01 1.16177344e-03
 2.72310000e+01 1.16287344e-03
 2.72526000e+01 1.16367344e-03
 2.72707000e+01 1.16437344e-03
 2.72888000e+01 1.16517344e-03
 2.73069000e+01 1.16607344e-03
 2.73250000e+01 1.16737344e-03
 2.73432000e+01 1.16757344e-03
 2.73646000e+01 1.16877344e-03
 2.73794000e+01 1.16987344e-03
 2.74010000e+01 1.17027344e-03
 2.74191000e+01 1.17137344e-03
 2.74371000e+01 1.17257344e-03
 2.74586000e+01 1.17347344e-03
 2.74734000e+01 1.17427344e-03
 2.74949000e+01 1.17497344e-03
 2.75130000e+01 1.17597344e-03
 2.75312000e+01 1.17687344e-03
 2.75493000e+01 1.17767344e-03
 2.75708000e+01 1.17857344e-03
 2.75889000e+01 1.17957344e-03
 2.76071000e+01 1.18007344e-03
 2.76217000e+01 1.18127344e-03
 2.76433000e+01 1.18187344e-03
 2.76614000e+01 1.18277344e-03
 2.76761000e+01 1.18407344e-03
 2.76977000e+01 1.18487344e-03
 2.77158000e+01 1.18557344e-03
 2.77373000e+01 1.18637344e-03
 2.77554000e+01 1.18747344e-03
 2.77735000e+01 1.18847344e-03
 2.77916000e+01 1.18907344e-03
 2.78097000e+01 1.18997344e-03
 2.78279000e+01 1.19077344e-03
 2.78460000e+01 1.19187344e-03
 2.78641000e+01 1.19267344e-03
 2.78857000e+01 1.19337344e-03
 2.79038000e+01 1.19437344e-03
 2.79219000e+01 1.19507344e-03
 2.79434000e+01 1.19607344e-03
 2.79718000e+01 1.19607344e-03
 2.79763000e+01 1.19757344e-03
 2.79944000e+01 1.19837344e-03
 2.80125000e+01 1.19947344e-03
 2.80306000e+01 1.20037344e-03
 2.80522000e+01 1.20097344e-03
 2.80702000e+01 1.20207344e-03
 2.80884000e+01 1.20247344e-03
 2.81065000e+01 1.20397344e-03
 2.81213000e+01 1.20457344e-03
 2.81394000e+01 1.20567344e-03
 2.81609000e+01 1.20647344e-03
 2.81790000e+01 1.20727344e-03
 2.81971000e+01 1.20817344e-03
 2.82152000e+01 1.20897344e-03
 2.82335000e+01 1.20947344e-03
 2.82515000e+01 1.21087344e-03
 2.82696000e+01 1.21157344e-03
 2.82877000e+01 1.21277344e-03
 2.83059000e+01 1.21307344e-03
 2.83240000e+01 1.21427344e-03
 2.83421000e+01 1.21517344e-03
 2.83603000e+01 1.21597344e-03
 2.83818000e+01 1.21667344e-03
 2.83999000e+01 1.21747344e-03
 2.84146000e+01 1.21837344e-03
 2.84327000e+01 1.21957344e-03
 2.84542000e+01 1.22017344e-03
 2.84724000e+01 1.22107344e-03
 2.84906000e+01 1.22167344e-03
 2.85087000e+01 1.22257344e-03
 2.85302000e+01 1.22357344e-03
 2.85483000e+01 1.22427344e-03
 2.85630000e+01 1.22547344e-03
 2.85811000e+01 1.22597344e-03
 2.85992000e+01 1.22697344e-03
 2.86174000e+01 1.22787344e-03
 2.86356000e+01 1.22867344e-03
 2.86537000e+01 1.22957344e-03
 2.86752000e+01 1.23017344e-03
 2.86899000e+01 1.23127344e-03
 2.87080000e+01 1.23207344e-03
 2.87261000e+01 1.23297344e-03
 2.87442000e+01 1.23357344e-03
 2.87590000e+01 1.23457344e-03
 2.87771000e+01 1.23547344e-03
 2.87953000e+01 1.23627344e-03
 2.88134000e+01 1.23717344e-03
 2.88315000e+01 1.23797344e-03
 2.88496000e+01 1.23867344e-03
 2.88678000e+01 1.23967344e-03
 2.88859000e+01 1.24057344e-03
 2.89040000e+01 1.24137344e-03
 2.89222000e+01 1.24207344e-03
 2.89403000e+01 1.24287344e-03
 2.89584000e+01 1.24367344e-03
 2.89765000e+01 1.24477344e-03
 2.89913000e+01 1.24557344e-03
 2.90094000e+01 1.24667344e-03
 2.90309000e+01 1.24727344e-03
 2.90456000e+01 1.24817344e-03
 2.90672000e+01 1.24857344e-03
 2.90852000e+01 1.24987344e-03
 2.91033000e+01 1.25067344e-03
 2.91249000e+01 1.25117344e-03
 2.91363000e+01 1.25217344e-03
 2.91544000e+01 1.25307344e-03
 2.91725000e+01 1.25367344e-03
 2.91907000e+01 1.25447344e-03
 2.92088000e+01 1.25537344e-03
 2.92269000e+01 1.25637344e-03
 2.92451000e+01 1.25687344e-03
 2.92632000e+01 1.25807344e-03
 2.92779000e+01 1.25857344e-03
 2.92960000e+01 1.25977344e-03
 2.93141000e+01 1.26027344e-03
 2.93323000e+01 1.26107344e-03
 2.93504000e+01 1.26217344e-03
 2.93686000e+01 1.26297344e-03
 2.93867000e+01 1.26377344e-03
 2.94048000e+01 1.26467344e-03
 2.94195000e+01 1.26527344e-03
 2.94376000e+01 1.26617344e-03
 2.94557000e+01 1.26697344e-03
 2.94739000e+01 1.26807344e-03
 2.94921000e+01 1.26847344e-03
 2.95068000e+01 1.26947344e-03
 2.95283000e+01 1.27017344e-03
 2.95430000e+01 1.27097344e-03
 2.95611000e+01 1.27187344e-03
 2.95792000e+01 1.27267344e-03
 2.96008000e+01 1.27357344e-03
 2.96156000e+01 1.27437344e-03
 2.96337000e+01 1.27487344e-03
 2.96518000e+01 1.27587344e-03
 2.96699000e+01 1.27667344e-03
 2.96881000e+01 1.27717344e-03
 2.97029000e+01 1.27817344e-03
 2.97176000e+01 1.27927344e-03
 2.97357000e+01 1.28007344e-03
 2.97538000e+01 1.28077344e-03
 2.97719000e+01 1.28157344e-03
 2.97900000e+01 1.28227344e-03
 2.98048000e+01 1.28327344e-03
 2.98230000e+01 1.28397344e-03
 2.98377000e+01 1.28457344e-03
 2.98558000e+01 1.28577344e-03
 2.98739000e+01 1.28607344e-03
 2.98920000e+01 1.28727344e-03
 2.99068000e+01 1.28817344e-03
 2.99250000e+01 1.28877344e-03
 2.99465000e+01 1.28967344e-03
 2.99612000e+01 1.29027344e-03
 2.99759000e+01 1.29127344e-03
 2.99940000e+01 1.29217344e-03
 3.00121000e+01 1.29277344e-03
 3.00270000e+01 1.29347344e-03
 3.00451000e+01 1.29407344e-03
 3.00632000e+01 1.29517344e-03
 3.00813000e+01 1.29617344e-03
