 -1.99086000e+01 -2.18781664e-06
 -1.98904000e+01 -1.29897876e-06
 -1.98689000e+01 -5.12167690e-07
 -1.98473000e+01 -3.25421137e-07
 -1.98224000e+01 -4.07033670e-08
 -1.97974000e+01 3.43948767e-07
 -1.97724000e+01 3.28596626e-07
 -1.97474000e+01 3.13240206e-07
 -1.97224000e+01 4.97879502e-07
 -1.96974000e+01 4.82514510e-07
 -1.96759000e+01 8.69297184e-07
 -1.96474000e+01 4.51771643e-07
 -1.96225000e+01 8.36455279e-07
 -1.96009000e+01 6.23165335e-07
 -1.95725000e+01 6.05686622e-07
 -1.95509000e+01 5.92389225e-07
 -1.95259000e+01 5.76994693e-07
 -1.94974000e+01 3.59439651e-07
 -1.94759000e+01 5.46192652e-07
 -1.94509000e+01 9.30785133e-07
 -1.94259000e+01 7.15373277e-07
 -1.94009000e+01 8.99957078e-07
 -1.93759000e+01 8.84536533e-07
 -1.93509000e+01 6.69111635e-07
 -1.93225000e+01 6.51583665e-07
 -1.93009000e+01 8.38248765e-07
 -1.92759000e+01 1.02281078e-06
 -1.92509000e+01 8.07368431e-07
 -1.92259000e+01 5.91921704e-07
 -1.92009000e+01 9.76470597e-07
 -1.91759000e+01 5.61015105e-07
 -1.91475000e+01 9.43452341e-07
 -1.91259000e+01 7.30090949e-07
 -1.90873000e+01 -9.37945326e-08
 -1.90725000e+01 4.97044519e-07
 -1.90509000e+01 4.83671712e-07
 -1.90259000e+01 6.68189813e-07
 -1.90009000e+01 6.52703496e-07
 -1.89759000e+01 8.37212757e-07
 -1.89509000e+01 8.21717590e-07
 -1.89225000e+01 6.04109703e-07
 -1.88975000e+01 3.88605063e-07
 -1.88759000e+01 5.75205478e-07
 -1.88509000e+01 7.59692553e-07
 -1.88225000e+01 5.42064470e-07
 -1.88009000e+01 7.28653345e-07
 -1.87759000e+01 9.13127052e-07
 -1.87509000e+01 4.97596293e-07
 -1.87259000e+01 4.82061062e-07
 -1.87009000e+01 4.66521357e-07
 -1.86759000e+01 8.50977170e-07
 -1.86509000e+01 8.35428498e-07
 -1.86225000e+01 8.17759758e-07
 -1.86009000e+01 6.04317677e-07
 -1.85759000e+01 7.88755519e-07
 -1.85509000e+01 7.73188855e-07
 -1.85259000e+01 5.57617682e-07
 -1.85009000e+01 5.42041993e-07
 -1.84759000e+01 7.26461784e-07
 -1.84509000e+01 7.10877050e-07
 -1.84259000e+01 7.95287786e-07
 -1.84009000e+01 4.79693987e-07
 -1.83759000e+01 7.64095648e-07
 -1.83509000e+01 7.48492764e-07
 -1.83259000e+01 4.32885330e-07
 -1.82975000e+01 4.15149758e-07
 -1.82759000e+01 4.01656791e-07
 -1.82509000e+01 6.86035677e-07
 -1.82259000e+01 5.70409992e-07
 -1.82009000e+01 6.54779732e-07
 -1.81759000e+01 6.39144892e-07
 -1.81509000e+01 5.23505466e-07
 -1.81259000e+01 6.07861449e-07
 -1.81009000e+01 5.92212837e-07
 -1.80794000e+01 9.78751351e-07
 -1.80509000e+01 4.60901806e-07
 -1.80259000e+01 5.45239376e-07
 -1.80009000e+01 5.29572330e-07
 -1.79760000e+01 9.13963358e-07
 -1.79510000e+01 6.98287083e-07
 -1.79259000e+01 4.82543443e-07
 -1.79010000e+01 6.66920632e-07
 -1.78759000e+01 4.51167675e-07
 -1.78509000e+01 4.35472824e-07
 -1.78260000e+01 6.19836126e-07
 -1.78010000e+01 6.04131983e-07
 -1.77759000e+01 3.88360332e-07
 -1.77510000e+01 5.72709702e-07
 -1.77260000e+01 5.56991554e-07
 -1.77010000e+01 5.41268727e-07
 -1.76760000e+01 5.25541216e-07
 -1.76510000e+01 7.09809016e-07
 -1.76260000e+01 4.94072121e-07
 -1.76010000e+01 4.78330527e-07
 -1.75760000e+01 6.62584227e-07
 -1.75510000e+01 4.46833217e-07
 -1.75260000e+01 6.31077490e-07
 -1.74975000e+01 2.13110203e-07
 -1.74760000e+01 3.99551869e-07
 -1.74544000e+01 5.85926948e-07
 -1.74260000e+01 5.68007319e-07
 -1.74010000e+01 5.52227933e-07
 -1.73760000e+01 7.36443799e-07
 -1.73510000e+01 9.20654911e-07
 -1.73260000e+01 5.04861264e-07
 -1.73010000e+01 6.89062852e-07
 -1.72760000e+01 4.73259671e-07
 -1.72510000e+01 6.57451714e-07
 -1.72260000e+01 6.41638977e-07
 -1.72010000e+01 6.25821453e-07
 -1.71760000e+01 4.09999138e-07
 -1.71510000e+01 3.94172025e-07
 -1.71260000e+01 5.78340109e-07
 -1.71010000e+01 7.62503385e-07
 -1.70760000e+01 5.46661848e-07
 -1.70510000e+01 3.30815491e-07
 -1.70294000e+01 7.17120353e-07
 -1.70010000e+01 2.99108296e-07
 -1.69760000e+01 4.83247447e-07
 -1.69510000e+01 4.67381756e-07
 -1.69260000e+01 6.51511219e-07
 -1.69011000e+01 8.35699339e-07
 -1.68761000e+01 8.19819109e-07
 -1.68510000e+01 6.03870465e-07
 -1.68260000e+01 5.87980482e-07
 -1.68011000e+01 7.72149212e-07
 -1.67761000e+01 7.56249492e-07
 -1.67510000e+01 5.40281257e-07
 -1.67260000e+01 3.24371737e-07
 -1.67010000e+01 5.08457320e-07
 -1.66794000e+01 4.94703314e-07
 -1.66544000e+01 4.78779751e-07
 -1.66294000e+01 6.62851274e-07
 -1.66044000e+01 4.46917876e-07
 -1.65760000e+01 6.28811558e-07
 -1.65511000e+01 6.12931417e-07
 -1.65260000e+01 3.96918765e-07
 -1.65010000e+01 1.80964955e-07
 -1.64794000e+01 5.67176877e-07
 -1.64545000e+01 7.51277698e-07
 -1.64261000e+01 5.33137685e-07
 -1.64045000e+01 7.19336765e-07
 -1.63761000e+01 5.01185461e-07
 -1.63510000e+01 2.85137938e-07
 -1.63295000e+01 6.71388057e-07
 -1.63010000e+01 2.53155780e-07
 -1.62795000e+01 6.39397310e-07
 -1.62544000e+01 4.23330414e-07
 -1.62261000e+01 6.05209095e-07
 -1.62044000e+01 3.91309597e-07
 -1.61795000e+01 5.75355743e-07
 -1.61545000e+01 7.59332801e-07
 -1.61261000e+01 7.41124634e-07
 -1.61010000e+01 3.25026793e-07
 -1.60795000e+01 5.11233761e-07
 -1.60511000e+01 4.93008404e-07
 -1.60294000e+01 7.90782929e-08
 -1.60045000e+01 4.63089273e-07
 -1.59761000e+01 6.44846663e-07
 -1.59545000e+01 4.30967617e-07
 -1.59260000e+01 2.12649184e-07
 -1.58942000e+01 -2.07798134e-07
 -1.58761000e+01 5.80559931e-07
 -1.58545000e+01 3.66663296e-07
 -1.58261000e+01 3.48385995e-07
 -1.58044000e+01 1.34416146e-07
 -1.57761000e+01 5.16191612e-07
 -1.57511000e+01 3.00086737e-07
 -1.57261000e+01 4.83976733e-07
 -1.57011000e+01 4.67861593e-07
 -1.56795000e+01 4.53933970e-07
 -1.56545000e+01 6.37809239e-07
 -1.56261000e+01 2.19485292e-07
 -1.56045000e+01 4.05544309e-07
 -1.55795000e+01 3.89404097e-07
 -1.55545000e+01 3.73258712e-07
 -1.55261000e+01 3.54911272e-07
 -1.55011000e+01 3.38754817e-07
 -1.54795000e+01 3.24791458e-07
 -1.54545000e+01 3.08625320e-07
 -1.54295000e+01 6.92453976e-07
 -1.54045000e+01 6.76277422e-07
 -1.53795000e+01 2.60095651e-07
 -1.53545000e+01 4.43908656e-07
 -1.53295000e+01 4.27716432e-07
 -1.53011000e+01 2.09315712e-07
 -1.52795000e+01 3.95316268e-07
 -1.52545000e+01 5.79108315e-07
 -1.52295000e+01 3.62895107e-07
 -1.52045000e+01 3.46676637e-07
 -1.51761000e+01 3.28246063e-07
 -1.51545000e+01 5.14223885e-07
 -1.51295000e+01 2.97989590e-07
 -1.51011000e+01 7.95410146e-08
 -1.50795000e+01 5.65505129e-07
 -1.50545000e+01 2.49254951e-07
 -1.50295000e+01 2.32999464e-07
 -1.50045000e+01 4.16738664e-07
 -1.49795000e+01 2.00472543e-07
 -1.49545000e+01 3.84201094e-07
 -1.49261000e+01 1.65710257e-07
 -1.49045000e+01 4.51642188e-07
 -1.48795000e+01 3.35354718e-07
 -1.48545000e+01 4.19061893e-07
 -1.48295000e+01 1.02763708e-07
 -1.48045000e+01 3.86460156e-07
 -1.47795000e+01 2.70151230e-07
 -1.47546000e+01 5.53902191e-07
 -1.47295000e+01 3.37517228e-07
 -1.47012000e+01 5.19036825e-07
 -1.46795000e+01 2.04861651e-07
 -1.46546000e+01 4.88591108e-07
 -1.46295000e+01 2.72184442e-07
 -1.46046000e+01 4.55903107e-07
 -1.45795000e+01 2.39485548e-07
 -1.45545000e+01 1.23127952e-07
 -1.45296000e+01 4.06830377e-07
 -1.45046000e+01 3.90461913e-07
 -1.44796000e+01 3.74087993e-07
 -1.44545000e+01 1.57643082e-07
 -1.44296000e+01 3.41323758e-07
 -1.44046000e+01 3.24933430e-07
 -1.43795000e+01 -1.91527975e-07
 -1.43545000e+01 9.20707018e-08
 -1.43262000e+01 4.73497770e-07
 -1.42978000e+01 2.54852118e-07
 -1.42795000e+01 4.28337216e-08
 -1.42546000e+01 4.26476072e-07
 -1.42296000e+01 2.10047216e-07
 -1.42046000e+01 1.93612827e-07
 -1.41795000e+01 -2.28928718e-08
 -1.41546000e+01 1.60727425e-07
 -1.41296000e+01 5.44276397e-07
 -1.41046000e+01 3.27819809e-07
 -1.40796000e+01 3.11357653e-07
 -1.40546000e+01 9.48899228e-08
 -1.40296000e+01 2.78416610e-07
 -1.40046000e+01 2.61937709e-07
 -1.39796000e+01 2.45453211e-07
 -1.39546000e+01 2.28963110e-07
 -1.39262000e+01 1.02235473e-08
 -1.39012000e+01 1.93721453e-07
 -1.38796000e+01 5.79459113e-07
 -1.38546000e+01 -3.70534745e-08
 -1.38296000e+01 1.46428298e-07
 -1.38046000e+01 1.29904424e-07
 -1.37796000e+01 5.13374895e-07
 -1.37546000e+01 4.96839705e-07
 -1.37296000e+01 8.02988455e-08
 -1.37046000e+01 6.37523097e-08
 -1.36796000e+01 2.47200090e-07
 -1.36546000e+01 2.30642179e-07
 -1.36296000e+01 4.14078570e-07
 -1.36046000e+01 -2.49074557e-09
 -1.35796000e+01 -1.90657745e-08
 -1.35546000e+01 1.64353476e-07
 -1.35296000e+01 1.47766997e-07
 -1.35046000e+01 -6.88252172e-08
 -1.34796000e+01 3.14576825e-07
 -1.34546000e+01 9.79731161e-08
 -1.34296000e+01 4.81363649e-07
 -1.34046000e+01 2.64748415e-07
 -1.33796000e+01 4.81274078e-08
 -1.33546000e+01 -1.68499381e-07
 -1.33330000e+01 1.71304126e-08
 -1.33046000e+01 1.98229668e-07
 -1.32830000e+01 3.83849439e-07
 -1.32546000e+01 1.64935499e-07
 -1.32296000e+01 -5.17203112e-08
 -1.32047000e+01 5.31684710e-07
 -1.31796000e+01 1.14950579e-07
 -1.31546000e+01 -1.01722736e-07
 -1.31296000e+01 8.15980982e-08
 -1.31046000e+01 6.49130741e-08
 -1.30830000e+01 2.50492490e-07
 -1.30546000e+01 3.15254196e-08
 -1.30330000e+01 2.17094679e-07
 -1.30046000e+01 1.98114238e-07
 -1.29797000e+01 3.81466674e-07
 -1.29546000e+01 -3.53205340e-08
 -1.29296000e+01 1.47953214e-07
 -1.29047000e+01 3.31287981e-07
 -1.28796000e+01 -8.55170617e-08
 -1.28580000e+01 1.00016437e-07
 -1.28296000e+01 -1.19011086e-07
 -1.28080000e+01 6.65121334e-08
 -1.27796000e+01 4.74710767e-08
 -1.27581000e+01 2.33051070e-07
 -1.27297000e+01 2.13996470e-07
 -1.26944000e+01 -2.09698360e-07
 -1.26796000e+01 -2.19636293e-07
 -1.26546000e+01 -3.64281189e-08
 -1.26296000e+01 -5.32259546e-08
 -1.26080000e+01 -2.67744130e-07
 -1.25797000e+01 1.13227564e-07
 -1.25547000e+01 9.64116740e-08
 -1.25297000e+01 7.95897419e-08
 -1.25047000e+01 6.27617591e-08
 -1.24831000e+01 2.48217503e-07
 -1.24581000e+01 2.31378220e-07
 -1.24297000e+01 1.22414246e-08
 -1.24081000e+01 3.97681423e-07
 -1.23797000e+01 -2.14692034e-08
 -1.23581000e+01 -3.60397385e-08
 -1.23297000e+01 -5.52042331e-08
 -1.23047000e+01 1.27919080e-07
 -1.22797000e+01 1.11036268e-07
 -1.22581000e+01 9.64445797e-08
 -1.22297000e+01 7.72522338e-08
 -1.22081000e+01 6.26499246e-08
 -1.21797000e+01 2.43443595e-07
 -1.21547000e+01 -1.73469971e-07
 -1.21297000e+01 -1.90389715e-07
 -1.21081000e+01 -5.01335302e-09
 -1.20831000e+01 1.78055368e-07
 -1.20547000e+01 -4.11860890e-08
 -1.20297000e+01 -5.81306238e-08
 -1.20081000e+01 3.27224290e-07
 -1.19797000e+01 1.07961639e-07
 -1.19547000e+01 9.09984203e-08
 -1.19297000e+01 2.74028956e-07
 -1.19047000e+01 5.70532370e-08
 -1.18831000e+01 4.23811731e-08
 -1.18581000e+01 2.25393773e-07
 -1.18331000e+01 8.40009412e-09
 -1.18081000e+01 2.91400127e-07
 -1.17831000e+01 1.74393863e-07
 -1.17547000e+01 -4.49329039e-08
 -1.17297000e+01 1.38047352e-07
 -1.17047000e+01 2.21021284e-07
 -1.16831000e+01 2.06305661e-07
 -1.16581000e+01 1.89267779e-07
 -1.16331000e+01 1.72223548e-07
 -1.16081000e+01 5.51729567e-08
 -1.15832000e+01 3.38184238e-07
 -1.15547000e+01 1.18731554e-07
 -1.15297000e+01 1.66096243e-09
 -1.15047000e+01 -1.54160260e-08
 -1.14831000e+01 -3.01757019e-08
 -1.14547000e+01 -4.95892290e-08
 -1.14331000e+01 -2.64359996e-07
 -1.14081000e+01 1.85382132e-08
 -1.13831000e+01 1.42998188e-09
 -1.13581000e+01 -1.56846997e-08
 -1.13297000e+01 -1.35134815e-07
 -1.13081000e+01 -1.49933450e-07
 -1.12831000e+01 -6.70675376e-08
 -1.12581000e+01 -8.42081123e-08
 -1.12331000e+01 -2.01355183e-07
 -1.12081000e+01 -4.18508760e-07
 -1.11831000e+01 -1.35668853e-07
 -1.11581000e+01 -2.52835469e-07
 -1.11331000e+01 -1.70008620e-07
 -1.11013000e+01 -4.91862324e-07
 -1.10832000e+01 1.95694197e-07
 -1.10582000e+01 -2.14985862e-08
 -1.10332000e+01 -3.86979410e-08
 -1.10082000e+01 1.44096123e-07
 -1.09832000e+01 -7.31164042e-08
 -1.09581000e+01 -2.90404421e-07
 -1.09332000e+01 -1.07561269e-07
 -1.09082000e+01 -1.24793626e-07
 -1.08831000e+01 -3.42101582e-07
 -1.08582000e+01 -1.59278238e-07
 -1.08332000e+01 2.34694876e-08
 -1.08082000e+01 2.06210555e-07
 -1.07832000e+01 -1.10550454e-08
 -1.07582000e+01 -2.28327324e-07
 -1.07298000e+01 -4.79567466e-08
 -1.07081000e+01 -4.62961110e-07
 -1.06832000e+01 -8.01843246e-08
 -1.06582000e+01 -9.74834128e-08
 -1.06332000e+01 -1.14789228e-07
 -1.06082000e+01 6.78982196e-08
 -1.05832000e+01 -3.49421080e-07
 -1.05582000e+01 -1.66747136e-07
 -1.05298000e+01 1.35622539e-08
 -1.05082000e+01 -2.01419559e-07
 -1.04832000e+01 -2.18765946e-07
 -1.04582000e+01 -3.61191300e-08
 -1.04332000e+01 -5.34791212e-08
 -1.04082000e+01 -7.08459297e-08
 -1.03832000e+01 -8.82195657e-08
 -1.03582000e+01 -3.05600039e-07
 -1.03332000e+01 -1.22987361e-07
 -1.03048000e+01 -1.42747679e-07
 -1.02832000e+01 4.22174124e-08
 -1.02582000e+01 2.48094862e-08
 -1.02332000e+01 7.39467108e-09
 -1.02082000e+01 -2.10027043e-07
 -1.01832000e+01 -2.27455667e-07
 -1.01582000e+01 -2.44891211e-07
 -1.01332000e+01 -6.23336853e-08
 -1.01082000e+01 -2.79783100e-07
 -1.00832000e+01 1.02760533e-07
 -1.00582000e+01 -1.14702795e-07
 -1.00332000e+01 -1.32173095e-07
 -1.00082000e+01 5.03496211e-08
 -9.98323000e+00 -1.67113670e-07
 -9.95823000e+00 -1.84604943e-07
 -9.93327000e+00 1.97924773e-07
 -9.90823000e+00 -2.19608543e-07
 -9.88325000e+00 -3.71068786e-08
 -9.85823000e+00 -2.54640287e-07
 -9.83325000e+00 -7.21527156e-08
 -9.80829000e+00 3.10341828e-07
 -9.77985000e+00 -1.09612894e-07
 -9.75825000e+00 -1.24774510e-07
 -9.73325000e+00 -1.42329296e-07
 -9.70827000e+00 4.01228593e-08
 -9.68323000e+00 -3.77474271e-07
 -9.66167000e+00 7.36847324e-09
 -9.63327000e+00 -1.26055945e-08
 -9.60823000e+00 -4.30224193e-07
 -9.58325000e+00 -2.47807738e-07
 -9.55825000e+00 -2.65412535e-07
 -9.53325000e+00 -2.83024522e-07
 -9.50138000e+00 -9.05486723e-07
 -9.48323000e+00 -5.18284210e-07
 -9.45825000e+00 -3.35903725e-07
 -9.43329000e+00 4.64836525e-08
 -9.41167000e+00 -1.68777989e-07
 -9.38327000e+00 -1.88833903e-07
 -9.35829000e+00 -6.48238585e-09
 -9.33327000e+00 -2.24166413e-07
 -9.30827000e+00 -2.41843597e-07
 -9.28327000e+00 -2.59528083e-07
 -9.25829000e+00 -7.72057247e-08
 -9.23331000e+00 1.05109321e-07
 -9.21169000e+00 -1.10202785e-07
 -9.18331000e+00 6.96890796e-08
 -9.15829000e+00 -1.48046253e-07
 -9.13327000e+00 -3.65788969e-07
 -9.10829000e+00 -1.83510694e-07
 -9.08329000e+00 -2.01254000e-07
 -9.05831000e+00 -1.89905068e-08
 -9.03331000e+00 -3.67486288e-08
 -9.01169000e+00 -2.52111843e-07
 -8.98331000e+00 -7.22871714e-08
 -8.95831000e+00 -9.00676155e-08
 -8.93329000e+00 -3.07869757e-07
 -8.90831000e+00 -1.25650909e-07
 -8.88671000e+00 -1.41032151e-07
 -8.85831000e+00 -1.61264155e-07
 -8.83332000e+00 -7.90749112e-08
 -8.80834000e+00 1.03113946e-07
 -8.78332000e+00 -1.14733260e-07
 -8.75831000e+00 -2.32580888e-07
 -8.73331000e+00 -2.50428942e-07
 -8.70831000e+00 -2.68284568e-07
 -8.68672000e+00 -1.83710790e-07
 -8.65831000e+00 -3.04018587e-07
 -8.63331000e+00 -3.21897004e-07
 -8.61172000e+00 -2.37342938e-07
 -8.58671000e+00 -3.55242727e-07
 -8.55834000e+00 -7.55565473e-08
 -8.53334000e+00 -9.34655149e-08
 -8.50834000e+00 -1.11382153e-07
 -8.48672000e+00 -3.26882657e-07
 -8.46172000e+00 -3.44813634e-07
 -8.43332000e+00 -3.65192574e-07
 -8.40836000e+00 1.68886951e-08
 -8.38334000e+00 -2.01080846e-07
 -8.35836000e+00 -1.90293997e-08
 -8.33334000e+00 -2.37014459e-07
 -8.30836000e+00 -5.49785298e-08
 -8.28334000e+00 -2.72979157e-07
 -8.26172000e+00 -4.88539945e-07
 -8.23674000e+00 -3.06526333e-07
 -8.21176000e+00 -1.24520529e-07
 -8.18336000e+00 -1.44987804e-07
 -8.15836000e+00 -1.63013153e-07
 -8.13678000e+00 2.14210443e-08
 -8.10838000e+00 9.26987532e-10
 -8.08676000e+00 -2.14681297e-07
 -8.06176000e+00 -2.32737095e-07
 -8.03334000e+00 -4.53272536e-07
 -8.01178000e+00 -6.88579787e-08
 -7.98336000e+00 -2.89411448e-07
 -7.95836000e+00 -3.07500055e-07
 -7.93336000e+00 -3.25596629e-07
 -7.90496000e+00 -3.46164019e-07
 -7.88678000e+00 -1.59335460e-07
 -7.86178000e+00 -1.77454917e-07
 -7.83336000e+00 -3.98062856e-07
 -7.80838000e+00 -2.16184950e-07
 -7.78681000e+00 -3.18396747e-08
 -7.75838000e+00 -2.52482305e-07
 -7.73338000e+00 -2.70643087e-07
 -7.70838000e+00 -2.88811956e-07
 -7.68681000e+00 -1.04494567e-07
 -7.65843000e+00 7.48623653e-08
 -7.63683000e+00 5.91439200e-08
 -7.61178000e+00 -3.59092721e-07
 -7.58680000e+00 -1.77286555e-07
 -7.55841000e+00 -1.97973916e-07
 -7.53338000e+00 -4.16221650e-07
 -7.50838000e+00 -4.34455716e-07
 -7.48680000e+00 -2.50201966e-07
 -7.46180000e+00 -2.68451344e-07
 -7.43343000e+00 -8.91707174e-08
 -7.40843000e+00 -1.07437699e-07
 -7.38341000e+00 -3.25727573e-07
 -7.36183000e+00 -1.41509435e-07
 -7.33345000e+00 3.77263240e-08
 -7.31183000e+00 -1.78099146e-07
 -7.28683000e+00 -1.96406479e-07
 -7.26183000e+00 -2.14722150e-07
 -7.23341000e+00 -4.35553550e-07
 -7.21183000e+00 -2.51378563e-07
 -7.18683000e+00 -2.69719334e-07
 -7.15845000e+00 -9.05499531e-08
 -7.13687000e+00 9.36033012e-08
 -7.10843000e+00 -3.27290507e-07
 -7.08685000e+00 -1.43151818e-07
 -7.06185000e+00 -1.61534706e-07
 -7.03689000e+00 2.20103369e-07
 -7.01185000e+00 -1.98325905e-07
 -6.98685000e+00 -2.16734245e-07
 -6.96185000e+00 -2.35151099e-07
 -6.93687000e+00 -5.35617371e-08
 -6.91185000e+00 -2.72010406e-07
 -6.88685000e+00 -2.90452890e-07
 -6.86187000e+00 -1.08889183e-07
 -6.83687000e+00 -1.27348821e-07
 -6.81187000e+00 -1.45817064e-07
 -6.78687000e+00 -1.64293925e-07
 -6.76187000e+00 -1.82779421e-07
 -6.73689000e+00 -1.25876758e-09
 -6.71191000e+00 1.80253235e-07
 -6.68687000e+00 -2.38287867e-07
 -6.66191000e+00 1.43221587e-07
 -6.63689000e+00 -7.53221230e-08
 -6.61189000e+00 -9.38597398e-08
 -6.58687000e+00 -3.12420939e-07
 -6.56191000e+00 6.90536318e-08
 -6.53691000e+00 5.04897482e-08
 -6.51189000e+00 -1.68097786e-07
 -6.48687000e+00 -3.86694140e-07
 -6.46191000e+00 -5.25470137e-09
 -6.43691000e+00 -2.38538370e-08
 -6.41191000e+00 -4.24618254e-08
 -6.38689000e+00 -2.61093579e-07
 -6.36191000e+00 -7.97044243e-08
 -6.33689000e+00 -2.98353978e-07
 -6.29825000e+00 -7.27173240e-07
 -6.28689000e+00 -3.35650045e-07
 -6.26189000e+00 -3.54311494e-07
 -6.23689000e+00 -3.72981909e-07
 -6.21189000e+00 -3.91661306e-07
 -6.18689000e+00 -4.10349701e-07
 -6.16189000e+00 -4.29047111e-07
 -6.13691000e+00 -2.47738583e-07
 -6.11194000e+00 3.35683987e-08
 -6.08691000e+00 -2.85178612e-07
 -6.06192000e+00 -2.03904744e-07
 -6.03692000e+00 -2.22647465e-07
 -6.01192000e+00 -2.41399301e-07
 -5.98691000e+00 -3.60167775e-07
 -5.96194000e+00 -7.89153646e-08
 -5.93694000e+00 -9.76946380e-08
 -5.91194000e+00 -1.16483093e-07
 -5.88694000e+00 -1.35280748e-07
 -5.86194000e+00 -1.54087619e-07
 -5.83692000e+00 -3.72918779e-07
 -5.81196000e+00 8.28598685e-09
 -5.78696000e+00 -1.05486280e-08
 -5.76194000e+00 -2.29407607e-07
 -5.73692000e+00 -4.48275903e-07
 -5.71194000e+00 -2.67123346e-07
 -5.68692000e+00 -4.86010314e-07
 -5.66198000e+00 9.51537830e-08
 -5.63694000e+00 -3.23767028e-07
 -5.61196000e+00 -1.42651889e-07
 -5.58694000e+00 -3.61576404e-07
 -5.56196000e+00 -1.80480083e-07
 -5.53696000e+00 -1.99408336e-07
 -5.51194000e+00 -4.18361204e-07
 -5.48696000e+00 -2.37293244e-07
 -5.46194000e+00 -4.56265104e-07
 -5.43694000e+00 -4.75231317e-07
 -5.41196000e+00 -2.94191879e-07
 -5.38692000e+00 -7.13207554e-07
 -5.36200000e+00 6.78583696e-08
 -5.33698000e+00 -1.51161271e-07
 -5.31196000e+00 -3.70190532e-07
 -5.29038000e+00 -1.86611203e-07
 -5.26200000e+00 -8.21707315e-09
 -5.23696000e+00 -4.27290518e-07
 -5.21543000e+00 1.56301906e-07
 -5.18696000e+00 -4.65405547e-07
 -5.16198000e+00 -2.84462366e-07
 -5.13700000e+00 -1.03528907e-07
 -5.11203000e+00 7.74024508e-08
 -5.08696000e+00 -5.41752367e-07
 -5.06205000e+00 2.39205310e-07
 -5.03698000e+00 -3.79969160e-07
 -5.01543000e+00 3.54069545e-09
 -4.98700000e+00 -2.18225248e-07
 -4.96203000e+00 -3.73527510e-08
 -4.93703000e+00 -5.65131175e-08
 -4.91200000e+00 -2.75706403e-07
 -4.88700000e+00 -2.94886618e-07
 -4.86203000e+00 -1.14053746e-07
 -4.83700000e+00 -3.33276909e-07
 -4.81200000e+00 -3.52487025e-07
 -4.78703000e+00 -1.71684077e-07
 -4.76205000e+00 9.10117495e-09
 -4.73703000e+00 -2.10154395e-07
 -4.70860000e+00 -4.32046563e-07
 -4.69043000e+00 -2.46044978e-07
 -4.66203000e+00 -2.67935416e-07
 -4.63703000e+00 -2.87215982e-07
 -4.61545000e+00 -1.03867124e-07
 -4.58705000e+00 -1.25792126e-07
 -4.56205000e+00 -1.45103182e-07
 -4.53703000e+00 -3.64439907e-07
 -4.51205000e+00 -1.83755937e-07
 -4.48705000e+00 -2.03097676e-07
 -4.46543000e+00 -4.19832691e-07
 -4.43707000e+00 -4.17964860e-08
 -4.41549000e+00 1.41481696e-07
 -4.38707000e+00 -8.05520142e-08
 -4.36209000e+00 1.00070223e-07
 -4.33703000e+00 -5.19380004e-07
 -4.31207000e+00 -1.38762997e-07
 -4.28707000e+00 -1.58187460e-07
 -4.26209000e+00 2.23931932e-08
 -4.23705000e+00 -3.97083276e-07
 -4.21547000e+00 -2.13876940e-07
 -4.18709000e+00 -3.59743075e-08
 -4.16209000e+00 -5.54511557e-08
 -4.13709000e+00 -7.49385469e-08
 -4.11550000e+00 8.22364123e-09
 -4.08710000e+00 -1.39372401e-08
 -4.06209000e+00 -1.33464197e-07
 -4.04049000e+00 -1.50337302e-07
 -4.01550000e+00 -6.98684676e-08
 -3.99050000e+00 -8.94181179e-08
 -3.96550000e+00 -1.08978461e-07
 -3.93709000e+00 -2.31219845e-07
 -3.91210000e+00 -1.50795272e-07
 -3.89050000e+00 -1.67723874e-07
 -3.86549000e+00 -2.87335057e-07
 -3.84050000e+00 -2.06941358e-07
 -3.81556000e+00 3.73480783e-07
 -3.79052000e+00 -4.61864388e-08
 -3.76550000e+00 -2.65848847e-07
 -3.74050000e+00 -2.85506438e-07
 -3.71550000e+00 -3.05174948e-07
 -3.69054000e+00 7.51770961e-08
 -3.66552000e+00 -1.44529060e-07
 -3.64054000e+00 3.57853100e-08
 -3.61554000e+00 1.60729117e-08
 -3.59052000e+00 -2.03666304e-07
 -3.56214000e+00 -2.60697585e-08
 -3.54054000e+00 -4.31305848e-08
 -3.51214000e+00 -6.55750298e-08
 -3.49052000e+00 -2.82670888e-07
 -3.46552000e+00 -3.02449856e-07
 -3.43714000e+00 -1.24916487e-07
 -3.41556000e+00 5.79903455e-08
 -3.39054000e+00 -1.61838061e-07
 -3.36216000e+00 1.56570864e-08
 -3.34054000e+00 -2.01496952e-07
 -3.31552000e+00 -4.21359213e-07
 -3.29058000e+00 1.58830749e-07
 -3.26554000e+00 -2.61070079e-07
 -3.24052000e+00 -4.80966406e-07
 -3.21558000e+00 9.91895262e-08
 -3.19058000e+00 7.92863114e-08
 -3.16558000e+00 5.93716516e-08
 -3.14058000e+00 3.94455220e-08
 -3.10532000e+00 -5.88677836e-07
 -3.09056000e+00 -2.00457211e-07
 -3.06558000e+00 -2.04019376e-08
 -3.04062000e+00 3.59657766e-07
 -3.01558000e+00 -6.03580555e-08
 -2.99058000e+00 -8.03535342e-08
 -2.96556000e+00 -3.00376671e-07
 -2.94060000e+00 7.96365602e-08
 -2.91560000e+00 5.96060715e-08
 -2.89060000e+00 3.95638580e-08
 -2.86560000e+00 1.95098936e-08
 -2.84058000e+00 -2.00571905e-07
 -2.81562000e+00 1.79382674e-07
 -2.79060000e+00 -4.07227665e-08
 -2.76560000e+00 -6.08239967e-08
 -2.74058000e+00 -2.80953205e-07
 -2.71560000e+00 -1.01062131e-07
 -2.69062000e+00 7.88170252e-08
 -2.66565000e+00 2.58692300e-07
 -2.64062000e+00 3.85072134e-08
 -2.61562000e+00 1.83342958e-08
 -2.59062000e+00 -1.85066573e-09
 -2.56565000e+00 1.77976545e-07
 -2.54065000e+00 1.57767428e-07
 -2.51565000e+00 1.37546185e-07
 -2.49402000e+00 -7.99590397e-08
 -2.46565000e+00 9.70672107e-08
 -2.44067000e+00 2.76825635e-07
 -2.41565000e+00 5.65393990e-08
 -2.39067000e+00 2.36273340e-07
 -2.36569000e+00 4.15995008e-07
 -2.34065000e+00 -4.34437805e-09
 -2.31227000e+00 1.72588255e-07
 -2.29065000e+00 -4.49952656e-08
 -2.26570000e+00 4.34701395e-07
 -2.24067000e+00 1.14320509e-07
 -2.21565000e+00 -1.06064722e-07
 -2.19067000e+00 7.35701539e-08
 -2.16569000e+00 2.53192527e-07
 -2.14067000e+00 3.27697085e-08
 -2.11569000e+00 2.12366969e-07
 -2.09409000e+00 1.94714739e-07
 -2.06567000e+00 -2.85253920e-08
 -2.04069000e+00 1.51033978e-07
 -2.01570000e+00 2.30572479e-07
 -1.99069000e+00 1.10081870e-07
 -1.96572000e+00 3.89611293e-07
 -1.94069000e+00 6.90787230e-08
 -1.91569000e+00 4.85579350e-08
 -1.89070000e+00 1.28032513e-07
 -1.86572000e+00 3.07502441e-07
 -1.84070000e+00 8.69265730e-08
 -1.81910000e+00 6.91528087e-08
 -1.79072000e+00 2.45785338e-07
 -1.76569000e+00 -7.48377230e-08
 -1.74412000e+00 2.07379546e-07
 -1.71574000e+00 3.83967701e-07
 -1.69072000e+00 1.63313661e-07
 -1.66572000e+00 1.42662997e-07
 -1.64074000e+00 3.22015707e-07
 -1.61912000e+00 1.04135003e-07
 -1.59076000e+00 4.80665023e-07
 -1.56574000e+00 2.59944975e-07
 -1.54074000e+00 2.39228195e-07
 -1.51229000e+00 -2.84363709e-07
 -1.49410000e+00 -1.99456665e-07
 -1.46914000e+00 1.79821512e-07
 -1.44074000e+00 1.56227531e-07
 -1.41914000e+00 1.38271193e-07
 -1.39416000e+00 3.17492470e-07
 -1.36576000e+00 2.93852550e-07
 -1.34076000e+00 2.73028289e-07
 -1.31576000e+00 2.52190442e-07
 -1.29076000e+00 2.31338976e-07
 -1.26576000e+00 2.10473857e-07
 -1.24076000e+00 1.89595051e-07
 -1.21578000e+00 3.68719244e-07
 -1.19076000e+00 1.47796242e-07
 -1.16576000e+00 1.26876171e-07
 -1.14076000e+00 1.05942275e-07
 -1.11576000e+00 8.49945203e-08
 -1.09416000e+00 6.68844739e-08
 -1.06920000e+00 4.45944363e-07
 -1.04078000e+00 2.22084552e-07
 -1.01918000e+00 2.03938328e-07
 -9.94182000e-01 1.82924358e-07
 -9.69224000e-01 5.61929985e-07
 -9.44182000e-01 1.40850827e-07
 -9.15824000e-01 5.16963291e-07
 -8.94203000e-01 2.98738455e-07
 -8.69224000e-01 4.77669851e-07
 -8.40782000e-01 5.36630532e-08
 -8.19203000e-01 2.35436716e-07
 -7.94182000e-01 1.42897935e-08
 -7.65803000e-01 1.90287395e-07
 -7.40803000e-01 1.69127520e-07
 -7.15803000e-01 1.47953210e-07
 -6.94224000e-01 3.29664758e-07
 -6.69182000e-01 -9.15721758e-08
 -6.44224000e-01 2.87247610e-07
 -6.19245000e-01 4.66035025e-07
 -5.94224000e-01 2.44772143e-07
 -5.65824000e-01 2.20619991e-07
 -5.44245000e-01 4.02255928e-07
 -5.19224000e-01 1.80948926e-07
 -4.97645000e-01 3.62561128e-07
 -4.69287000e-01 7.38380064e-07
 -4.44266000e-01 5.17028618e-07
 -4.19266000e-01 4.95680197e-07
 -3.94287000e-01 6.74334800e-07
 -3.69287000e-01 6.52956496e-07
 -3.44266000e-01 4.31545208e-07
 -3.19287000e-01 6.10154826e-07
 -2.94266000e-01 3.88713378e-07
 -2.69245000e-01 1.67256776e-07
 -2.44287000e-01 5.45839063e-07
 -2.19287000e-01 5.24370111e-07
 -1.94287000e-01 5.02885909e-07
 -1.69297000e-01 5.81395019e-07
 -1.44318000e-01 7.59898278e-07
 -1.19297000e-01 5.38350005e-07
 -9.42870000e-02 4.16795775e-07
 -6.92974000e-02 4.95243674e-07
 -4.42870000e-02 3.73658129e-07
 -1.92870000e-02 3.52066014e-07
 5.71304000e-03 3.30458280e-07
 3.07026000e-02 4.08843987e-07
 5.57026000e-02 3.87204997e-07
 1.48728000e-01 -8.93452391e-07
 1.12754000e-01 -2.06223530e-06
 1.34260000e-01 -1.18089358e-06
 1.59197000e-01 -6.02543224e-07
 1.80734000e-01 -2.12538048e-08
 2.05734000e-01 -4.29877467e-08
 2.30703000e-01 2.35289315e-07
 2.55703000e-01 2.13523396e-07
 2.80661000e-01 5.91778019e-07
 3.05661000e-01 5.69979952e-07
 3.30640000e-01 7.48184060e-07
 3.55640000e-01 7.26353650e-07
 3.77282000e-01 3.07442382e-07
 4.02261000e-01 4.85599994e-07
 4.30619000e-01 8.60783141e-07
 4.55619000e-01 8.38887483e-07
 4.80640000e-01 6.16956979e-07
 5.02219000e-01 7.98030079e-07
 5.27219000e-01 7.76087235e-07
 5.52198000e-01 9.54146279e-07
 5.77198000e-01 9.32170269e-07
 6.02240000e-01 5.10140637e-07
 6.27219000e-01 6.88149725e-07
 6.52219000e-01 6.66123574e-07
 6.80598000e-01 8.41099999e-07
 7.02198000e-01 8.22039343e-07
 7.27198000e-01 7.99962643e-07
 7.55598000e-01 7.74862941e-07
 7.77177000e-01 9.55776916e-07
 8.02156000e-01 1.13366782e-06
 8.27177000e-01 9.11504431e-07
 8.52177000e-01 8.89342487e-07
 8.80577000e-01 8.64145644e-07
 9.02156000e-01 1.04498559e-06
 9.27156000e-01 1.02277190e-06
 9.52135000e-01 1.20055954e-06
 9.77135000e-01 1.17831111e-06
 1.00218000e+00 7.56005122e-07
 1.02716000e+00 9.33739522e-07
 1.05218000e+00 7.11420692e-07
 1.07713000e+00 1.08914674e-06
 1.10213000e+00 1.06681049e-06
 1.12713000e+00 1.04445653e-06
 1.15213000e+00 1.02208479e-06
 1.17712000e+00 1.09970419e-06
 1.20212000e+00 1.07729675e-06
 1.22712000e+00 1.05487137e-06
 1.25213000e+00 9.32419028e-07
 1.27712000e+00 1.00996660e-06
 1.29872000e+00 9.90545368e-07
 1.32712000e+00 9.64989424e-07
 1.35210000e+00 1.14249157e-06
 1.37710000e+00 1.11995744e-06
 1.40212000e+00 8.97386939e-07
 1.42710000e+00 1.07483416e-06
 1.45210000e+00 1.05224489e-06
 1.47706000e+00 1.42967332e-06
 1.50208000e+00 1.20702892e-06
 1.52710000e+00 9.84365894e-07
 1.55208000e+00 1.16172044e-06
 1.57708000e+00 1.13903814e-06
 1.60206000e+00 1.31635523e-06
 1.62706000e+00 1.29363532e-06
 1.65208000e+00 1.07087831e-06
 1.68050000e+00 8.45005771e-07
 1.70206000e+00 1.22536193e-06
 1.72364000e+00 1.40568566e-06
 1.75204000e+00 1.37976929e-06
 1.77702000e+00 1.55695335e-06
 1.80204000e+00 1.33408159e-06
 1.82704000e+00 1.31120879e-06
 1.85204000e+00 1.28831659e-06
 1.87706000e+00 1.06538661e-06
 1.89862000e+00 1.44561192e-06
 1.92360000e+00 1.62268223e-06
 1.95204000e+00 1.19655266e-06
 1.97702000e+00 1.37358098e-06
 2.00198000e+00 1.75060797e-06
 2.02360000e+00 1.53069310e-06
 2.05200000e+00 1.50451035e-06
 2.07700000e+00 1.48144083e-06
 2.10200000e+00 1.45835128e-06
 2.12356000e+00 1.83842272e-06
 2.14860000e+00 1.41525868e-06
 2.17358000e+00 1.59212992e-06
 2.19858000e+00 1.56896238e-06
 2.22356000e+00 1.74579303e-06
 2.25198000e+00 1.51940824e-06
 2.27358000e+00 1.49933734e-06
 2.29856000e+00 1.67610657e-06
 2.32354000e+00 1.85285522e-06
 2.34858000e+00 1.42952727e-06
 2.37354000e+00 1.80625312e-06
 2.39856000e+00 1.58290218e-06
 2.42356000e+00 1.55954898e-06
 2.44854000e+00 1.73619352e-06
 2.47696000e+00 1.50959621e-06
 2.49852000e+00 1.78940073e-06
 2.52352000e+00 1.76596322e-06
 2.54854000e+00 1.64248567e-06
 2.57352000e+00 1.71902433e-06
 2.59850000e+00 1.89554160e-06
 2.62348000e+00 2.07203743e-06
 2.64852000e+00 1.64845519e-06
 2.67348000e+00 2.02492669e-06
 2.69848000e+00 2.00133879e-06
 2.72348000e+00 1.97772909e-06
 2.74852000e+00 1.55405971e-06
 2.77350000e+00 1.73042510e-06
 2.79846000e+00 2.10678746e-06
 2.82344000e+00 2.28310882e-06
 2.84846000e+00 2.05937007e-06
 2.87348000e+00 1.83560904e-06
 2.89846000e+00 2.01186367e-06
 2.92344000e+00 2.18809592e-06
 2.94848000e+00 1.76424854e-06
 2.97342000e+00 2.34047389e-06
 2.99844000e+00 2.11660032e-06
 3.02342000e+00 2.29274220e-06
 3.04844000e+00 2.06882303e-06
 3.07344000e+00 2.04490007e-06
 3.09842000e+00 2.22097329e-06
 3.12000000e+00 2.40028461e-06
 3.14840000e+00 2.37303134e-06
 3.17342000e+00 2.14899674e-06
 3.19842000e+00 2.12495802e-06
 3.21998000e+00 2.50420822e-06
 3.24840000e+00 2.27682953e-06
 3.28024000e+00 1.84611993e-06
 3.29500000e+00 2.23187092e-06
 3.32000000e+00 2.20771752e-06
 3.34836000e+00 2.58028905e-06
 3.37000000e+00 2.15933913e-06
 3.39498000e+00 2.33513333e-06
 3.41996000e+00 2.51090347e-06
 3.44836000e+00 2.48332696e-06
 3.47336000e+00 2.45902591e-06
 3.49494000e+00 2.63802963e-06
 3.51993000e+00 2.71369279e-06
 3.54496000e+00 2.38929239e-06
 3.56993000e+00 2.66492585e-06
 3.59833000e+00 2.63718218e-06
 3.62330000e+00 2.81276273e-06
 3.64830000e+00 2.78828899e-06
 3.67333000e+00 2.56376078e-06
 3.69488000e+00 2.94262261e-06
 3.71986000e+00 3.11809651e-06
 3.74488000e+00 2.89350578e-06
 3.76986000e+00 3.06892894e-06
 3.79488000e+00 2.84428718e-06
 3.81986000e+00 3.01965920e-06
 3.84488000e+00 2.79496602e-06
 3.86986000e+00 2.97028650e-06
 3.89484000e+00 3.14558107e-06
 3.91982000e+00 3.32084963e-06
 3.94486000e+00 2.89603258e-06
 3.96980000e+00 3.47128846e-06
 3.99484000e+00 3.04641872e-06
 4.01980000e+00 3.42160201e-06
 4.04482000e+00 3.19669906e-06
 4.07322000e+00 3.16839952e-06
 4.09482000e+00 3.14685277e-06
 4.11982000e+00 3.12188933e-06
 4.14478000e+00 3.49693887e-06
 4.16978000e+00 3.47192133e-06
 4.19478000e+00 3.44687655e-06
 4.21978000e+00 3.42180442e-06
 4.24476000e+00 3.59672491e-06
 4.26975000e+00 3.67160781e-06
 4.29476000e+00 3.54644291e-06
 4.31633000e+00 3.82471697e-06
 4.34475000e+00 3.59605976e-06
 4.36973000e+00 3.77084135e-06
 4.39475000e+00 3.54555437e-06
 4.41628000e+00 4.12377197e-06
 4.44471000e+00 3.89497640e-06
 4.46975000e+00 3.46958388e-06
 4.49471000e+00 3.84424388e-06
 4.51628000e+00 4.02232240e-06
 4.54126000e+00 4.19690849e-06
 4.56966000e+00 4.16798000e-06
 4.59468000e+00 3.94246324e-06
 4.61964000e+00 4.31697848e-06
 4.64466000e+00 4.09140304e-06
 4.66962000e+00 4.46585946e-06
 4.69122000e+00 4.44373060e-06
 4.71618000e+00 4.81813178e-06
 4.74122000e+00 4.39242097e-06
 4.76618000e+00 4.76676232e-06
 4.79460000e+00 4.53751020e-06
 4.81616000e+00 4.91529282e-06
 4.84116000e+00 4.88950220e-06
 4.87300000e+00 4.45661099e-06
 4.89115000e+00 4.93783946e-06
 4.91613000e+00 5.11197744e-06
 4.94115000e+00 4.88604300e-06
 4.96613000e+00 5.06011892e-06
 4.99109000e+00 5.43418441e-06
 5.01611000e+00 5.20815614e-06
 5.04109000e+00 5.38213794e-06
 5.06606000e+00 5.55609853e-06
 5.09106000e+00 5.52999600e-06
 5.11604000e+00 5.70388239e-06
 5.14104000e+00 5.67771575e-06
 5.16602000e+00 5.85153778e-06
 5.19100000e+00 6.02532741e-06
 5.21598000e+00 6.19908449e-06
 5.24098000e+00 6.17278783e-06
 5.26597000e+00 6.24646879e-06
 5.28753000e+00 6.62373562e-06
 5.31253000e+00 6.59734435e-06
 5.34091000e+00 6.76734454e-06
 5.36589000e+00 6.94090302e-06
 5.38751000e+00 6.71799093e-06
 5.41242000e+00 7.49156083e-06
 5.43747000e+00 7.06494813e-06
 5.46244000e+00 7.23838628e-06
 5.48740000e+00 7.61180082e-06
 5.50908000e+00 7.78868105e-06
 5.53735000e+00 8.05849448e-06
 5.56235000e+00 8.03176247e-06
 5.58729000e+00 8.60505972e-06
 5.61229000e+00 8.57825758e-06
 5.63729000e+00 8.55142006e-06
 5.66224000e+00 8.92460076e-06
 5.68392000e+00 9.10126758e-06
 5.70888000e+00 9.47437084e-06
 5.73387000e+00 9.54740576e-06
 5.75881000e+00 1.01204585e-05
 5.78383000e+00 9.89338841e-06
 5.80883000e+00 9.86630329e-06
 5.83377000e+00 1.04392465e-05
 5.85872000e+00 1.08121420e-05
 5.88370000e+00 1.09849678e-05
 5.90868000e+00 1.11577563e-05
 5.93026000e+00 1.13342183e-05
 5.95862000e+00 1.17032423e-05
 5.98360000e+00 1.18759177e-05
 6.00511000e+00 1.26523582e-05
 6.03014000e+00 1.24249076e-05
 6.05510000e+00 1.26974952e-05
 6.08000000e+00 1.36701103e-05
 6.10500000e+00 1.36425765e-05
 6.12996000e+00 1.40150476e-05
 6.15493000e+00 1.42874684e-05
 6.17646000e+00 1.48636570e-05
 6.20478000e+00 1.56322911e-05
 6.22980000e+00 1.54045374e-05
 6.25136000e+00 1.57805894e-05
 6.27628000e+00 1.64528717e-05
 6.30122000e+00 1.70250913e-05
 6.32618000e+00 1.73972480e-05
 6.35116000e+00 1.75693412e-05
 6.37611000e+00 1.80414267e-05
 6.39762000e+00 1.88173278e-05
 6.42600000e+00 1.89854846e-05
 6.45784000e+00 1.85496946e-05
 6.47253000e+00 1.96331590e-05
 6.49746000e+00 2.02050634e-05
 6.51902000e+00 2.05807314e-05
 6.54396000e+00 2.11525450e-05
 6.56889000e+00 2.18243269e-05
 6.59384000e+00 2.21960429e-05
 6.61878000e+00 2.27677267e-05
 6.64373000e+00 2.32393554e-05
 6.66525000e+00 2.40148490e-05
 6.69015000e+00 2.48864524e-05
 6.71513000e+00 2.50579201e-05
 6.73665000e+00 2.58333038e-05
 6.76160000e+00 2.62047220e-05
 6.78653000e+00 2.68761178e-05
 6.81149000e+00 2.72474337e-05
 6.83300000e+00 2.80226775e-05
 6.85797000e+00 2.82938961e-05
 6.87945000e+00 2.94691003e-05
 6.90441000e+00 2.98402439e-05
 6.92931000e+00 3.07114100e-05
 6.95425000e+00 3.12824827e-05
 6.97577000e+00 3.19574841e-05
 7.00071000e+00 3.25284681e-05
 7.02565000e+00 3.30994042e-05
 7.04717000e+00 3.37742869e-05
 7.07207000e+00 3.47451795e-05
 7.09700000e+00 3.54159882e-05
 7.11853000e+00 3.59907385e-05
 7.14345000e+00 3.67614671e-05
 7.16836000e+00 3.76321578e-05
 7.19329000e+00 3.82027748e-05
 7.21822000e+00 3.88733415e-05
 7.23974000e+00 3.96478934e-05
 7.26125000e+00 4.04224191e-05
 7.28616000e+00 4.12928705e-05
 7.31107000e+00 4.20632703e-05
 7.33602000e+00 4.25335705e-05
 7.35762000e+00 4.35078162e-05
 7.38254000e+00 4.41780542e-05
 7.40404000e+00 4.51523342e-05
 7.42898000e+00 4.56224493e-05
 7.45046000e+00 4.67966674e-05
 7.47876000e+00 4.76626385e-05
 7.50028000e+00 4.84367151e-05
 7.52520000e+00 4.92066451e-05
 7.54672000e+00 4.98806335e-05
 7.57162000e+00 5.08504848e-05
 7.59652000e+00 5.17202805e-05
 7.61802000e+00 5.26941553e-05
 7.64288000e+00 5.39638949e-05
 7.66784000e+00 5.43334557e-05
 7.68933000e+00 5.54072023e-05
 7.71424000e+00 5.61767170e-05
 7.73915000e+00 5.70461738e-05
 7.76066000e+00 5.78197523e-05
 7.78557000e+00 5.86890998e-05
 7.80705000e+00 5.97626204e-05
 7.83193000e+00 6.09318942e-05
 7.85345000e+00 6.16052692e-05
 7.87835000e+00 6.25744060e-05
 7.89981000e+00 6.38477579e-05
 7.92471000e+00 6.48167811e-05
 7.94961000e+00 6.56857425e-05
 7.97795000e+00 6.62503402e-05
 7.99261000e+00 6.75319951e-05
 8.01750000e+00 6.86007984e-05
 8.03895000e+00 6.99738624e-05
 8.06386000e+00 7.08425220e-05
 8.08533000e+00 7.20154579e-05
 8.11020000e+00 7.32840476e-05
 8.13180000e+00 7.41567144e-05
 8.15667000e+00 7.53251818e-05
 8.17816000e+00 7.63978815e-05
 8.20303000e+00 7.75662251e-05
 8.22452000e+00 7.86388170e-05
 8.24940000e+00 7.97070222e-05
 8.27090000e+00 8.06794919e-05
 8.29234000e+00 8.21519873e-05
 8.32065000e+00 8.30155906e-05
 8.34208000e+00 8.45879790e-05
 8.36356000e+00 8.56602507e-05
 8.38841000e+00 8.71281061e-05
 8.41329000e+00 8.81958513e-05
 8.43476000e+00 8.93679593e-05
 8.45961000e+00 9.08356089e-05
 8.48107000e+00 9.21076129e-05
 8.50592000e+00 9.34751258e-05
 8.52741000e+00 9.45469715e-05
 8.54885000e+00 9.60188270e-05
 8.57027000e+00 9.76906527e-05
 8.59519000e+00 9.84578038e-05
 8.61661000e+00 1.00129507e-04
 8.64147000e+00 1.01396594e-04
 8.66292000e+00 1.02868133e-04
 8.68779000e+00 1.04035060e-04
 8.70921000e+00 1.05706512e-04
 8.73061000e+00 1.07577932e-04
 8.74880000e+00 1.08653592e-04
 8.77364000e+00 1.10120283e-04
 8.79846000e+00 1.11786919e-04
 8.81991000e+00 1.13158019e-04
 8.84134000e+00 1.14829084e-04
 8.86276000e+00 1.16500101e-04
 8.88760000e+00 1.17966411e-04
 8.90902000e+00 1.19637291e-04
 8.93049000e+00 1.20908038e-04
 8.95531000e+00 1.22574141e-04
 8.97673000e+00 1.24244817e-04
 8.99815000e+00 1.25915428e-04
 9.01953000e+00 1.27986027e-04
 9.04437000e+00 1.29451785e-04
 9.06580000e+00 1.31122170e-04
 9.08718000e+00 1.33192557e-04
 9.10858000e+00 1.35062848e-04
 9.13000000e+00 1.36733041e-04
 9.15150000e+00 1.38603053e-04
 9.17290000e+00 1.40473134e-04
 9.19434000e+00 1.41943088e-04
 9.21574000e+00 1.43813026e-04
 9.23712000e+00 1.45882920e-04
 9.25852000e+00 1.47752714e-04
 9.27990000e+00 1.49822461e-04
 9.30468000e+00 1.51887305e-04
 9.32608000e+00 1.53756864e-04
 9.35084000e+00 1.56021548e-04
 9.37223000e+00 1.57990956e-04
 9.39363000e+00 1.59860273e-04
 9.42185000e+00 1.61519691e-04
 9.43981000e+00 1.63793792e-04
 9.46115000e+00 1.66262946e-04
 9.48597000e+00 1.67926969e-04
 9.50730000e+00 1.70495964e-04
 9.52540000e+00 1.72369589e-04
 9.54676000e+00 1.74638388e-04
 9.56812000e+00 1.76907103e-04
 9.58608000e+00 1.79180732e-04
 9.60745000e+00 1.81349277e-04
 9.62878000e+00 1.83817794e-04
 9.65016000e+00 1.85886151e-04
 9.67150000e+00 1.88354479e-04
 9.69629000e+00 1.90317575e-04
 9.71427000e+00 1.92390734e-04
 9.73559000e+00 1.95058823e-04
 9.75695000e+00 1.97326760e-04
 9.77832000e+00 1.99494590e-04
 9.79973000e+00 2.02162266e-04
 9.82109000e+00 2.04429922e-04
 9.83904000e+00 2.06802668e-04
 9.85698000e+00 2.09275361e-04
 9.87831000e+00 2.11742804e-04
 9.89971000e+00 2.13710041e-04
 9.92102000e+00 2.16377317e-04
 9.94238000e+00 2.18644414e-04
 9.96031000e+00 2.21216717e-04
 9.98169000e+00 2.23283594e-04
 1.00030000e+01 2.25950476e-04
 1.00245000e+01 2.28316957e-04
 1.00423000e+01 2.31189123e-04
 1.00637000e+01 2.33455561e-04
 1.00851000e+01 2.35621889e-04
 1.01030000e+01 2.38693639e-04
 1.01209000e+01 2.41265310e-04
 1.01422000e+01 2.43531497e-04
 1.01601000e+01 2.46302993e-04
 1.01849000e+01 2.48763366e-04
 1.02028000e+01 2.51534667e-04
 1.02275000e+01 2.53994927e-04
 1.02489000e+01 2.56860366e-04
 1.02703000e+01 2.59025683e-04
 1.02916000e+01 2.62091038e-04
 1.03129000e+01 2.64256267e-04
 1.03275000e+01 2.66932361e-04
 1.03488000e+01 2.69697376e-04
 1.03667000e+01 2.72367876e-04
 1.03880000e+01 2.75132650e-04
 1.04059000e+01 2.77802945e-04
 1.04272000e+01 2.80967473e-04
 1.04486000e+01 2.83831697e-04
 1.04699000e+01 2.86195949e-04
 1.04912000e+01 2.88860061e-04
 1.05125000e+01 2.91424029e-04
 1.05338000e+01 2.94687852e-04
 1.05552000e+01 2.97051356e-04
 1.05730000e+01 2.99920885e-04
 1.05944000e+01 3.02484111e-04
 1.06123000e+01 3.05453232e-04
 1.06335000e+01 3.08516518e-04
 1.06515000e+01 3.10885222e-04
 1.06728000e+01 3.13148039e-04
 1.06908000e+01 3.16716490e-04
 1.07121000e+01 3.19400319e-04
 1.07368000e+01 3.21700319e-04
 1.07547000e+01 3.24900319e-04
 1.07726000e+01 3.27700319e-04
 1.07939000e+01 3.30400319e-04
 1.08119000e+01 3.33000319e-04
 1.08297000e+01 3.36100319e-04
 1.08476000e+01 3.39100319e-04
 1.08690000e+01 3.41800319e-04
 1.08869000e+01 3.44600319e-04
 1.09082000e+01 3.47600319e-04
 1.09261000e+01 3.50500319e-04
 1.09509000e+01 3.52900319e-04
 1.09687000e+01 3.56000319e-04
 1.09901000e+01 3.58600319e-04
 1.10080000e+01 3.61100319e-04
 1.10259000e+01 3.64100319e-04
 1.10439000e+01 3.66800319e-04
 1.10652000e+01 3.69400319e-04
 1.10832000e+01 3.72100319e-04
 1.11045000e+01 3.74700319e-04
 1.11258000e+01 3.77200319e-04
 1.11471000e+01 3.80100319e-04
 1.11685000e+01 3.82300319e-04
 1.11864000e+01 3.84800319e-04
 1.12077000e+01 3.87400319e-04
 1.12257000e+01 3.90100319e-04
 1.12470000e+01 3.92800319e-04
 1.12651000e+01 3.94600319e-04
 1.12830000e+01 3.97300319e-04
 1.13043000e+01 4.00100319e-04
 1.13257000e+01 4.02200319e-04
 1.13470000e+01 4.04900319e-04
 1.13684000e+01 4.07200319e-04
 1.13898000e+01 4.09200319e-04
 1.14077000e+01 4.11900319e-04
 1.14324000e+01 4.14400319e-04
 1.14537000e+01 4.17000319e-04
 1.14717000e+01 4.19500319e-04
 1.14931000e+01 4.21800319e-04
 1.15111000e+01 4.24200319e-04
 1.15290000e+01 4.26700319e-04
 1.15504000e+01 4.28800319e-04
 1.15718000e+01 4.31100319e-04
 1.15897000e+01 4.33700319e-04
 1.16110000e+01 4.36000319e-04
 1.16325000e+01 4.37900319e-04
 1.16504000e+01 4.40700319e-04
 1.16717000e+01 4.43000319e-04
 1.16932000e+01 4.45300319e-04
 1.17111000e+01 4.47900319e-04
 1.17325000e+01 4.50000319e-04
 1.17504000e+01 4.52500319e-04
 1.17684000e+01 4.54800319e-04
 1.17898000e+01 4.56800319e-04
 1.18077000e+01 4.59300319e-04
 1.18290000e+01 4.62000319e-04
 1.18504000e+01 4.64200319e-04
 1.18718000e+01 4.66100319e-04
 1.18931000e+01 4.68800319e-04
 1.19112000e+01 4.71100319e-04
 1.19325000e+01 4.73300319e-04
 1.19505000e+01 4.76000319e-04
 1.19718000e+01 4.78300319e-04
 1.19898000e+01 4.80300319e-04
 1.20215000e+01 4.81700319e-04
 1.20292000e+01 4.84500319e-04
 1.20505000e+01 4.87200319e-04
 1.20718000e+01 4.89600319e-04
 1.20899000e+01 4.91500319e-04
 1.21113000e+01 4.93800319e-04
 1.21326000e+01 4.96500319e-04
 1.21506000e+01 4.98200319e-04
 1.21720000e+01 5.00800319e-04
 1.21899000e+01 5.03300319e-04
 1.22078000e+01 5.05600319e-04
 1.22292000e+01 5.07500319e-04
 1.22472000e+01 5.10100319e-04
 1.22686000e+01 5.12000319e-04
 1.22900000e+01 5.14500319e-04
 1.23114000e+01 5.16600319e-04
 1.23327000e+01 5.19200319e-04
 1.23541000e+01 5.21500319e-04
 1.23721000e+01 5.23600319e-04
 1.23968000e+01 5.26000319e-04
 1.24148000e+01 5.28300319e-04
 1.24328000e+01 5.30200319e-04
 1.24507000e+01 5.32700319e-04
 1.24721000e+01 5.35000319e-04
 1.24901000e+01 5.37200319e-04
 1.25115000e+01 5.39300319e-04
 1.25328000e+01 5.42000319e-04
 1.25542000e+01 5.43900319e-04
 1.25722000e+01 5.46300319e-04
 1.25935000e+01 5.48600319e-04
 1.26115000e+01 5.50700319e-04
 1.26329000e+01 5.52800319e-04
 1.26542000e+01 5.55200319e-04
 1.26688000e+01 5.57700319e-04
 1.26903000e+01 5.59800319e-04
 1.27082000e+01 5.62300319e-04
 1.27296000e+01 5.64500319e-04
 1.27509000e+01 5.66600319e-04
 1.27723000e+01 5.69100319e-04
 1.27902000e+01 5.71500319e-04
 1.28116000e+01 5.73600319e-04
 1.28330000e+01 5.75900319e-04
 1.28509000e+01 5.78400319e-04
 1.28689000e+01 5.80600319e-04
 1.28869000e+01 5.82900319e-04
 1.29083000e+01 5.85000319e-04
 1.29263000e+01 5.87100319e-04
 1.29476000e+01 5.89700319e-04
 1.29656000e+01 5.91800319e-04
 1.29869000e+01 5.94500319e-04
 1.30049000e+01 5.96600319e-04
 1.30263000e+01 5.98700319e-04
 1.30442000e+01 6.01100319e-04
 1.30623000e+01 6.03400319e-04
 1.30803000e+01 6.05500319e-04
 1.31016000e+01 6.07600319e-04
 1.31196000e+01 6.09800319e-04
 1.31409000e+01 6.12500319e-04
 1.31623000e+01 6.14800319e-04
 1.31837000e+01 6.16900319e-04
 1.32050000e+01 6.19100319e-04
 1.32264000e+01 6.21400319e-04
 1.32444000e+01 6.23500319e-04
 1.32657000e+01 6.26100319e-04
 1.32872000e+01 6.27700319e-04
 1.33018000e+01 6.30100319e-04
 1.33197000e+01 6.32800319e-04
 1.33411000e+01 6.34900319e-04
 1.33591000e+01 6.37000319e-04
 1.33804000e+01 6.39600319e-04
 1.34018000e+01 6.41500319e-04
 1.34198000e+01 6.43800319e-04
 1.34378000e+01 6.45900319e-04
 1.34558000e+01 6.48300319e-04
 1.34737000e+01 6.50600319e-04
 1.34951000e+01 6.52500319e-04
 1.35131000e+01 6.55000319e-04
 1.35310000e+01 6.57200319e-04
 1.35524000e+01 6.59100319e-04
 1.35738000e+01 6.61600319e-04
 1.35918000e+01 6.63700319e-04
 1.36132000e+01 6.66200319e-04
 1.36312000e+01 6.68200319e-04
 1.36491000e+01 6.70700319e-04
 1.36705000e+01 6.72800319e-04
 1.36851000e+01 6.74700319e-04
 1.37064000e+01 6.77200319e-04
 1.37244000e+01 6.79200319e-04
 1.37458000e+01 6.81100319e-04
 1.37672000e+01 6.83600319e-04
 1.37852000e+01 6.85900319e-04
 1.38066000e+01 6.87800319e-04
 1.38280000e+01 6.89900319e-04
 1.38426000e+01 6.92100319e-04
 1.38639000e+01 6.94600319e-04
 1.38820000e+01 6.96100319e-04
 1.39033000e+01 6.98200319e-04
 1.39213000e+01 7.00900319e-04
 1.39394000e+01 7.02600319e-04
 1.39607000e+01 7.05000319e-04
 1.39821000e+01 7.06900319e-04
 1.40035000e+01 7.09200319e-04
 1.40215000e+01 7.11100319e-04
 1.40429000e+01 7.13200319e-04
 1.40609000e+01 7.15100319e-04
 1.40788000e+01 7.17300319e-04
 1.40968000e+01 7.19400319e-04
 1.41182000e+01 7.21300319e-04
 1.41363000e+01 7.23600319e-04
 1.41543000e+01 7.25500319e-04
 1.41757000e+01 7.27600319e-04
 1.41970000e+01 7.29900319e-04
 1.42184000e+01 7.31900319e-04
 1.42364000e+01 7.34000319e-04
 1.42544000e+01 7.35900319e-04
 1.42724000e+01 7.38000319e-04
 1.42903000e+01 7.40100319e-04
 1.43084000e+01 7.42200319e-04
 1.43298000e+01 7.44100319e-04
 1.43478000e+01 7.46200319e-04
 1.43692000e+01 7.48100319e-04
 1.43872000e+01 7.50100319e-04
 1.44086000e+01 7.52200319e-04
 1.44266000e+01 7.54100319e-04
 1.44446000e+01 7.56000319e-04
 1.44627000e+01 7.58100319e-04
 1.44840000e+01 7.60200319e-04
 1.45020000e+01 7.62300319e-04
 1.45269000e+01 7.63400319e-04
 1.45414000e+01 7.66100319e-04
 1.45628000e+01 7.67800319e-04
 1.45808000e+01 7.70100319e-04
 1.45988000e+01 7.72500319e-04
 1.46202000e+01 7.74000319e-04
 1.46383000e+01 7.75700319e-04
 1.46563000e+01 7.78000319e-04
 1.46743000e+01 7.79900319e-04
 1.46957000e+01 7.81800319e-04
 1.47137000e+01 7.83900319e-04
 1.47350000e+01 7.86000319e-04
 1.47565000e+01 7.87700319e-04
 1.47779000e+01 7.89600319e-04
 1.47993000e+01 7.91500319e-04
 1.48173000e+01 7.93400319e-04
 1.48354000e+01 7.95300319e-04
 1.48567000e+01 7.97400319e-04
 1.48747000e+01 7.99600319e-04
 1.48927000e+01 8.01300319e-04
 1.49107000e+01 8.03200319e-04
 1.49321000e+01 8.05100319e-04
 1.49501000e+01 8.07200319e-04
 1.49715000e+01 8.08900319e-04
 1.49896000e+01 8.10800319e-04
 1.50077000e+01 8.12500319e-04
 1.50256000e+01 8.14600319e-04
 1.50470000e+01 8.16500319e-04
 1.50650000e+01 8.18400319e-04
 1.50830000e+01 8.20300319e-04
 1.51044000e+01 8.22200319e-04
 1.51225000e+01 8.23500319e-04
 1.51439000e+01 8.25800319e-04
 1.51586000e+01 8.27700319e-04
 1.51800000e+01 8.29600319e-04
 1.51980000e+01 8.31500319e-04
 1.52160000e+01 8.33400319e-04
 1.52374000e+01 8.35100319e-04
 1.52554000e+01 8.37000319e-04
 1.52734000e+01 8.38900319e-04
 1.52948000e+01 8.40800319e-04
 1.53129000e+01 8.42700319e-04
 1.53343000e+01 8.44600319e-04
 1.53523000e+01 8.46300319e-04
 1.53703000e+01 8.48000319e-04
 1.53883000e+01 8.49900319e-04
 1.54097000e+01 8.52000319e-04
 1.54278000e+01 8.53500319e-04
 1.54458000e+01 8.55400319e-04
 1.54671000e+01 8.57500319e-04
 1.54852000e+01 8.59400319e-04
 1.55067000e+01 8.60900319e-04
 1.55281000e+01 8.62600319e-04
 1.55461000e+01 8.64500319e-04
 1.55641000e+01 8.66400319e-04
 1.55855000e+01 8.68300319e-04
 1.56035000e+01 8.70200319e-04
 1.56215000e+01 8.71900319e-04
 1.56396000e+01 8.73600319e-04
 1.56611000e+01 8.75300319e-04
 1.56791000e+01 8.77000319e-04
 1.57005000e+01 8.78900319e-04
 1.57185000e+01 8.81000319e-04
 1.57400000e+01 8.82100319e-04
 1.57614000e+01 8.83600319e-04
 1.57759000e+01 8.86100319e-04
 1.57940000e+01 8.87800319e-04
 1.58121000e+01 8.89700319e-04
 1.58335000e+01 8.91200319e-04
 1.58515000e+01 8.93100319e-04
 1.58729000e+01 8.95000319e-04
 1.58909000e+01 8.96700319e-04
 1.59124000e+01 8.98200319e-04
 1.59269000e+01 9.00300319e-04
 1.59484000e+01 9.02000319e-04
 1.59665000e+01 9.03500319e-04
 1.59845000e+01 9.05200319e-04
 1.60059000e+01 9.07100319e-04
 1.60240000e+01 9.08600319e-04
 1.60420000e+01 9.10500319e-04
 1.60634000e+01 9.12300319e-04
 1.60780000e+01 9.14000319e-04
 1.60960000e+01 9.15700319e-04
 1.61175000e+01 9.17600319e-04
 1.61355000e+01 9.19500319e-04
 1.61536000e+01 9.20800319e-04
 1.61716000e+01 9.22700319e-04
 1.61930000e+01 9.24600319e-04
 1.62144000e+01 9.26100319e-04
 1.62325000e+01 9.27600319e-04
 1.62505000e+01 9.29500319e-04
 1.62719000e+01 9.31600319e-04
 1.62900000e+01 9.32700319e-04
 1.63114000e+01 9.34600319e-04
 1.63294000e+01 9.36700319e-04
 1.63475000e+01 9.37800319e-04
 1.63689000e+01 9.39700319e-04
 1.63869000e+01 9.41300319e-04
 1.64050000e+01 9.43000319e-04
 1.64230000e+01 9.44700319e-04
 1.64411000e+01 9.46800319e-04
 1.64591000e+01 9.48300319e-04
 1.64772000e+01 9.49800319e-04
 1.64986000e+01 9.51700319e-04
 1.65166000e+01 9.53200319e-04
 1.65346000e+01 9.54700319e-04
 1.65526000e+01 9.56600319e-04
 1.65741000e+01 9.58100319e-04
 1.65888000e+01 9.59700319e-04
 1.66068000e+01 9.61700319e-04
 1.66248000e+01 9.63400319e-04
 1.66463000e+01 9.64600319e-04
 1.66643000e+01 9.66300319e-04
 1.66789000e+01 9.68000319e-04
 1.67003000e+01 9.70100319e-04
 1.67185000e+01 9.71200319e-04
 1.67365000e+01 9.72900319e-04
 1.67545000e+01 9.74800319e-04
 1.67760000e+01 9.76300319e-04
 1.67906000e+01 9.77900319e-04
 1.68086000e+01 9.79600319e-04
 1.68300000e+01 9.81500319e-04
 1.68480000e+01 9.83200319e-04
 1.68696000e+01 9.84300319e-04
 1.68877000e+01 9.86000319e-04
 1.69091000e+01 9.87700319e-04
 1.69237000e+01 9.89600319e-04
 1.69451000e+01 9.90900319e-04
 1.69735000e+01 9.91500319e-04
 1.69812000e+01 9.94000319e-04
 1.69993000e+01 9.95300319e-04
 1.70208000e+01 9.97200319e-04
 1.70388000e+01 9.98900319e-04
 1.70568000e+01 1.00060032e-03
 1.70749000e+01 1.00190032e-03
 1.70963000e+01 1.00380032e-03
 1.71109000e+01 1.00550032e-03
 1.71290000e+01 1.00650032e-03
 1.71504000e+01 1.00840032e-03
 1.71685000e+01 1.01010032e-03
 1.71866000e+01 1.01140032e-03
 1.72046000e+01 1.01330032e-03
 1.72260000e+01 1.01480032e-03
 1.72441000e+01 1.01630032e-03
 1.72587000e+01 1.01790032e-03
 1.72768000e+01 1.01920032e-03
 1.72949000e+01 1.02110032e-03
 1.73163000e+01 1.02240032e-03
 1.73344000e+01 1.02410032e-03
 1.73524000e+01 1.02560032e-03
 1.73704000e+01 1.02730032e-03
 1.73885000e+01 1.02870032e-03
 1.74099000e+01 1.03020032e-03
 1.74245000e+01 1.03210032e-03
 1.74427000e+01 1.03360032e-03
 1.74641000e+01 1.03490032e-03
 1.74821000e+01 1.03660032e-03
 1.75002000e+01 1.03800032e-03
 1.75216000e+01 1.03950032e-03
 1.75397000e+01 1.04100032e-03
 1.75611000e+01 1.04230032e-03
 1.75792000e+01 1.04400032e-03
 1.75939000e+01 1.04570032e-03
 1.76153000e+01 1.04740032e-03
 1.76334000e+01 1.04880032e-03
 1.76514000e+01 1.05050032e-03
 1.76695000e+01 1.05180032e-03
 1.76875000e+01 1.05330032e-03
 1.77055000e+01 1.05480032e-03
 1.77237000e+01 1.05630032e-03
 1.77417000e+01 1.05790032e-03
 1.77598000e+01 1.05940032e-03
 1.77778000e+01 1.06090032e-03
 1.77958000e+01 1.06260032e-03
 1.78139000e+01 1.06370032e-03
 1.78319000e+01 1.06540032e-03
 1.78501000e+01 1.06680032e-03
 1.78681000e+01 1.06870032e-03
 1.78862000e+01 1.06960032e-03
 1.79042000e+01 1.07150032e-03
 1.79223000e+01 1.07280032e-03
 1.79403000e+01 1.07420032e-03
 1.79583000e+01 1.07570032e-03
 1.79765000e+01 1.07720032e-03
 1.79979000e+01 1.07870032e-03
 1.80126000e+01 1.08000032e-03
 1.80306000e+01 1.08160032e-03
 1.80487000e+01 1.08290032e-03
 1.80667000e+01 1.08440032e-03
 1.80848000e+01 1.08590032e-03
 1.81029000e+01 1.08730032e-03
 1.81244000e+01 1.08880032e-03
 1.81458000e+01 1.09010032e-03
 1.81604000e+01 1.09200032e-03
 1.81785000e+01 1.09350032e-03
 1.81966000e+01 1.09460032e-03
 1.82146000e+01 1.09620032e-03
 1.82327000e+01 1.09750032e-03
 1.82508000e+01 1.09900032e-03
 1.82688000e+01 1.10050032e-03
 1.82903000e+01 1.10200032e-03
 1.83049000e+01 1.10360032e-03
 1.83230000e+01 1.10490032e-03
 1.83410000e+01 1.10640032e-03
 1.83591000e+01 1.10750032e-03
 1.83772000e+01 1.10910032e-03
 1.83953000e+01 1.11040032e-03
 1.84168000e+01 1.11150032e-03
 1.84348000e+01 1.11300032e-03
 1.84495000e+01 1.11470032e-03
 1.84675000e+01 1.11630032e-03
 1.84856000e+01 1.11740032e-03
 1.85037000e+01 1.11890032e-03
 1.85218000e+01 1.12040032e-03
 1.85399000e+01 1.12140032e-03
 1.85579000e+01 1.12310032e-03
 1.85759000e+01 1.12440032e-03
 1.85906000e+01 1.12570032e-03
 1.86086000e+01 1.12730032e-03
 1.86268000e+01 1.12840032e-03
 1.86449000e+01 1.12970032e-03
 1.86629000e+01 1.13120032e-03
 1.86810000e+01 1.13280032e-03
 1.87024000e+01 1.13390032e-03
 1.87205000e+01 1.13500032e-03
 1.87385000e+01 1.13670032e-03
 1.87533000e+01 1.13830032e-03
 1.87748000e+01 1.13940032e-03
 1.87928000e+01 1.14070032e-03
 1.88075000e+01 1.14200032e-03
 1.88289000e+01 1.14380032e-03
 1.88470000e+01 1.14510032e-03
 1.88616000e+01 1.14640032e-03
 1.88798000e+01 1.14770032e-03
 1.88979000e+01 1.14890032e-03
 1.89159000e+01 1.15040032e-03
 1.89306000e+01 1.15150032e-03
 1.89486000e+01 1.15300032e-03
 1.89667000e+01 1.15420032e-03
 1.89848000e+01 1.15570032e-03
 1.90029000e+01 1.15680032e-03
 1.90210000e+01 1.15840032e-03
 1.90390000e+01 1.15970032e-03
 1.90537000e+01 1.16100032e-03
 1.90717000e+01 1.16250032e-03
 1.90898000e+01 1.16370032e-03
 1.91080000e+01 1.16480032e-03
 1.91295000e+01 1.16610032e-03
 1.91441000e+01 1.16750032e-03
 1.91622000e+01 1.16900032e-03
 1.91802000e+01 1.17030032e-03
 1.91983000e+01 1.17140032e-03
 1.92164000e+01 1.17280032e-03
 1.92345000e+01 1.17390032e-03
 1.92526000e+01 1.17500032e-03
 1.92707000e+01 1.17660032e-03
 1.92956000e+01 1.17690032e-03
 1.93034000e+01 1.17880032e-03
 1.93215000e+01 1.18030032e-03
 1.93395000e+01 1.18150032e-03
 1.93577000e+01 1.18260032e-03
 1.93758000e+01 1.18390032e-03
 1.93938000e+01 1.18550032e-03
 1.94119000e+01 1.18660032e-03
 1.94266000e+01 1.18770032e-03
 1.94447000e+01 1.18910032e-03
 1.94628000e+01 1.19060032e-03
 1.94809000e+01 1.19170032e-03
 1.94956000e+01 1.19290032e-03
 1.95136000e+01 1.19420032e-03
 1.95317000e+01 1.19570032e-03
 1.95498000e+01 1.19650032e-03
 1.95678000e+01 1.19800032e-03
 1.95826000e+01 1.19910032e-03
 1.96007000e+01 1.20040032e-03
 1.96153000e+01 1.20160032e-03
 1.96334000e+01 1.20330032e-03
 1.96515000e+01 1.20400032e-03
 1.96695000e+01 1.20540032e-03
 1.96878000e+01 1.20610032e-03
 1.97024000e+01 1.20800032e-03
 1.97204000e+01 1.20920032e-03
 1.97385000e+01 1.21030032e-03
 1.97566000e+01 1.21120032e-03
 1.97747000e+01 1.21260032e-03
 1.97927000e+01 1.21390032e-03
 1.98075000e+01 1.21500032e-03
 1.98256000e+01 1.21620032e-03
 1.98471000e+01 1.21730032e-03
 1.98618000e+01 1.21860032e-03
 1.98764000e+01 1.21980032e-03
 1.98945000e+01 1.22110032e-03
 1.99127000e+01 1.22220032e-03
 1.99273000e+01 1.22360032e-03
 1.99454000e+01 1.22470032e-03
 1.99635000e+01 1.22570032e-03
 1.99782000e+01 1.22700032e-03
 1.99929000e+01 1.22830032e-03
 2.00110000e+01 1.22940032e-03
 2.00291000e+01 1.23060032e-03
 2.00438000e+01 1.23170032e-03
 2.00618000e+01 1.23310032e-03
 2.00799000e+01 1.23400032e-03
 2.00947000e+01 1.23510032e-03
 2.01128000e+01 1.23650032e-03
 2.01309000e+01 1.23760032e-03
 2.01455000e+01 1.23910032e-03
 2.01602000e+01 1.23990032e-03
 2.01783000e+01 1.24140032e-03
 2.01965000e+01 1.24230032e-03
 2.02145000e+01 1.24370032e-03
 2.02326000e+01 1.24440032e-03
 2.02507000e+01 1.24590032e-03
 2.02620000e+01 1.24690032e-03
 2.02800000e+01 1.24820032e-03
 2.02982000e+01 1.24940032e-03
 2.03163000e+01 1.25050032e-03
 2.03310000e+01 1.25180032e-03
 2.03491000e+01 1.25280032e-03
 2.03672000e+01 1.25390032e-03
 2.03853000e+01 1.25470032e-03
 2.03999000e+01 1.25620032e-03
 2.04147000e+01 1.25730032e-03
 2.04328000e+01 1.25850032e-03
 2.04475000e+01 1.25960032e-03
 2.04655000e+01 1.26070032e-03
 2.04836000e+01 1.26170032e-03
 2.04984000e+01 1.26300032e-03
 2.05165000e+01 1.26400032e-03
 2.05312000e+01 1.26510032e-03
 2.05458000e+01 1.26640032e-03
 2.05639000e+01 1.26740032e-03
 2.05820000e+01 1.26830032e-03
 2.05968000e+01 1.26950032e-03
 2.06115000e+01 1.27080032e-03
 2.06296000e+01 1.27150032e-03
 2.06477000e+01 1.27290032e-03
 2.06623000e+01 1.27420032e-03
 2.06771000e+01 1.27530032e-03
 2.06952000e+01 1.27610032e-03
 2.07133000e+01 1.27720032e-03
 2.07280000e+01 1.27860032e-03
 2.07460000e+01 1.27970032e-03
 2.07607000e+01 1.28060032e-03
 2.07789000e+01 1.28180032e-03
 2.07936000e+01 1.28290032e-03
 2.08083000e+01 1.28410032e-03
 2.08264000e+01 1.28500032e-03
 2.08411000e+01 1.28590032e-03
 2.08558000e+01 1.28730032e-03
 2.08706000e+01 1.28800032e-03
 2.08887000e+01 1.28900032e-03
 2.09034000e+01 1.28970032e-03
 2.09180000e+01 1.29140032e-03
 2.09327000e+01 1.29260032e-03
 2.09509000e+01 1.29320032e-03
 2.09656000e+01 1.29470032e-03
 2.09803000e+01 1.29580032e-03
 2.09983000e+01 1.29690032e-03
 2.10165000e+01 1.29750032e-03
 2.10313000e+01 1.29870032e-03
 2.10460000e+01 1.29960032e-03
 2.10640000e+01 1.30110032e-03
 2.10787000e+01 1.30210032e-03
 2.10934000e+01 1.30300032e-03
 2.11115000e+01 1.30420032e-03
 2.11263000e+01 1.30490032e-03
 2.11444000e+01 1.30600032e-03
 2.11591000e+01 1.30700032e-03
 2.11738000e+01 1.30790032e-03
 2.11918000e+01 1.30950032e-03
 2.12066000e+01 1.31020032e-03
 2.12247000e+01 1.31140032e-03
 2.12360000e+01 1.31230032e-03
 2.12541000e+01 1.31330032e-03
 2.12688000e+01 1.31420032e-03
 2.12836000e+01 1.31510032e-03
 2.12983000e+01 1.31630032e-03
 2.13164000e+01 1.31760032e-03
 2.13311000e+01 1.31820032e-03
 2.13492000e+01 1.31930032e-03
 2.13640000e+01 1.32030032e-03
 2.13787000e+01 1.32160032e-03
 2.13968000e+01 1.32220032e-03
 2.14285000e+01 1.32265032e-03
 2.14263000e+01 1.32310032e-03
 2.14410000e+01 1.32440032e-03
 2.14591000e+01 1.32580032e-03
 2.14738000e+01 1.32670032e-03
 2.14885000e+01 1.32770032e-03
 2.15032000e+01 1.32920032e-03
 2.15213000e+01 1.32970032e-03
 2.15361000e+01 1.33070032e-03
 2.15508000e+01 1.33180032e-03
 2.15655000e+01 1.33300032e-03
 2.15836000e+01 1.33390032e-03
 2.15949000e+01 1.33490032e-03
 2.16097000e+01 1.33560032e-03
 2.16277000e+01 1.33710032e-03
 2.16425000e+01 1.33750032e-03
 2.16572000e+01 1.33870032e-03
 2.16718000e+01 1.34000032e-03
 2.16866000e+01 1.34110032e-03
 2.17013000e+01 1.34170032e-03
 2.17160000e+01 1.34260032e-03
 2.17341000e+01 1.34380032e-03
 2.17488000e+01 1.34470032e-03
 2.17636000e+01 1.34550032e-03
 2.17783000e+01 1.34660032e-03
 2.17964000e+01 1.34740032e-03
 2.18111000e+01 1.34830032e-03
 2.18258000e+01 1.34930032e-03
 2.18406000e+01 1.35020032e-03
 2.18553000e+01 1.35140032e-03
 2.18700000e+01 1.35230032e-03
 2.18848000e+01 1.35290032e-03
 2.19029000e+01 1.35380032e-03
 2.19142000e+01 1.35500032e-03
 2.19324000e+01 1.35590032e-03
 2.19470000e+01 1.35700032e-03
 2.19617000e+01 1.35800032e-03
 2.19732000e+01 1.35820032e-03
 2.19913000e+01 1.35950032e-03
 2.20060000e+01 1.36050032e-03
 2.20207000e+01 1.36140032e-03
 2.20354000e+01 1.36220032e-03
 2.20502000e+01 1.36330032e-03
 2.20649000e+01 1.36410032e-03
 2.20796000e+01 1.36500032e-03
 2.20943000e+01 1.36580032e-03
 2.21090000e+01 1.36690032e-03
 2.21238000e+01 1.36790032e-03
 2.21419000e+01 1.36860032e-03
 2.21532000e+01 1.36960032e-03
 2.21679000e+01 1.37030032e-03
 2.21826000e+01 1.37150032e-03
 2.21974000e+01 1.37220032e-03
 2.22122000e+01 1.37300032e-03
 2.22269000e+01 1.37370032e-03
 2.22416000e+01 1.37470032e-03
 2.22564000e+01 1.37560032e-03
 2.22711000e+01 1.37660032e-03
 2.22858000e+01 1.37750032e-03
 2.23005000e+01 1.37850032e-03
 2.23152000e+01 1.37940032e-03
 2.23300000e+01 1.38020032e-03
 2.23413000e+01 1.38090032e-03
 2.23560000e+01 1.38190032e-03
 2.23742000e+01 1.38250032e-03
 2.23855000e+01 1.38340032e-03
 2.24003000e+01 1.38420032e-03
 2.24150000e+01 1.38510032e-03
 2.24297000e+01 1.38620032e-03
 2.24444000e+01 1.38720032e-03
 2.24592000e+01 1.38780032e-03
 2.24739000e+01 1.38870032e-03
 2.24852000e+01 1.38970032e-03
 2.24999000e+01 1.39040032e-03
 2.25147000e+01 1.39120032e-03
 2.25295000e+01 1.39170032e-03
 2.25442000e+01 1.39270032e-03
 2.25589000e+01 1.39360032e-03
 2.25736000e+01 1.39440032e-03
 2.25850000e+01 1.39550032e-03
 2.25997000e+01 1.39610032e-03
 2.26110000e+01 1.39710032e-03
 2.26292000e+01 1.39780032e-03
 2.26406000e+01 1.39880032e-03
 2.26553000e+01 1.39950032e-03
 2.26700000e+01 1.40030032e-03
 2.26847000e+01 1.40100032e-03
 2.26994000e+01 1.40180032e-03
 2.27108000e+01 1.40270032e-03
 2.27289000e+01 1.40370032e-03
 2.27402000e+01 1.40480032e-03
 2.27550000e+01 1.40540032e-03
 2.27698000e+01 1.40620032e-03
 2.27811000e+01 1.40690032e-03
 2.27959000e+01 1.40730032e-03
 2.28105000e+01 1.40840032e-03
 2.28253000e+01 1.40900032e-03
 2.28367000e+01 1.40980032e-03
 2.28514000e+01 1.41090032e-03
 2.28627000e+01 1.41170032e-03
 2.28774000e+01 1.41260032e-03
 2.28922000e+01 1.41320032e-03
 2.29035000e+01 1.41410032e-03
 2.29183000e+01 1.41490032e-03
 2.29330000e+01 1.41560032e-03
 2.29478000e+01 1.41660032e-03
 2.29591000e+01 1.41730032e-03
 2.29738000e+01 1.41790032e-03
 2.29886000e+01 1.41830032e-03
 2.30000000e+01 1.41940032e-03
 2.30147000e+01 1.42040032e-03
 2.30294000e+01 1.42090032e-03
 2.30407000e+01 1.42190032e-03
 2.30555000e+01 1.42260032e-03
 2.30703000e+01 1.42340032e-03
 2.30816000e+01 1.42440032e-03
 2.30963000e+01 1.42490032e-03
 2.31076000e+01 1.42590032e-03
 2.31224000e+01 1.42660032e-03
 2.31372000e+01 1.42720032e-03
 2.31485000e+01 1.42800032e-03
 2.31632000e+01 1.42870032e-03
 2.31747000e+01 1.42930032e-03
 2.31894000e+01 1.43000032e-03
 2.32007000e+01 1.43080032e-03
 2.32154000e+01 1.43180032e-03
 2.32269000e+01 1.43210032e-03
 2.32416000e+01 1.43270032e-03
 2.32598000e+01 1.43310032e-03
 2.32676000e+01 1.43420032e-03
 2.32790000e+01 1.43520032e-03
 2.32937000e+01 1.43630032e-03
 2.33051000e+01 1.43670032e-03
 2.33198000e+01 1.43720032e-03
 2.33312000e+01 1.43840032e-03
 2.33460000e+01 1.43860032e-03
 2.33573000e+01 1.43950032e-03
 2.33686000e+01 1.44010032e-03
 2.33834000e+01 1.44120032e-03
 2.33948000e+01 1.44120032e-03
 2.34061000e+01 1.44240032e-03
 2.34208000e+01 1.44330032e-03
 2.34356000e+01 1.44410032e-03
 2.34470000e+01 1.44450032e-03
 2.34617000e+01 1.44520032e-03
 2.34730000e+01 1.44600032e-03
 2.34844000e+01 1.44670032e-03
 2.34992000e+01 1.44730032e-03
 2.35105000e+01 1.44820032e-03
 2.35252000e+01 1.44860032e-03
 2.35366000e+01 1.44960032e-03
 2.35480000e+01 1.45000032e-03
 2.35593000e+01 1.45090032e-03
 2.35740000e+01 1.45150032e-03
 2.35855000e+01 1.45220032e-03
 2.36001000e+01 1.45320032e-03
 2.36115000e+01 1.45390032e-03
 2.36262000e+01 1.45430032e-03
 2.36376000e+01 1.45530032e-03
 2.36524000e+01 1.45560032e-03
 2.36638000e+01 1.45600032e-03
 2.36750000e+01 1.45700032e-03
 2.36899000e+01 1.45790032e-03
 2.37012000e+01 1.45850032e-03
 2.37125000e+01 1.45920032e-03
 2.37273000e+01 1.45960032e-03
 2.37386000e+01 1.46080032e-03
 2.37500000e+01 1.46110032e-03
 2.37648000e+01 1.46150032e-03
 2.37762000e+01 1.46250032e-03
 2.37875000e+01 1.46320032e-03
 2.38023000e+01 1.46360032e-03
 2.38136000e+01 1.46460032e-03
 2.38250000e+01 1.46490032e-03
 2.38363000e+01 1.46570032e-03
 2.38511000e+01 1.46640032e-03
 2.38624000e+01 1.46680032e-03
 2.38738000e+01 1.46760032e-03
 2.38852000e+01 1.46830032e-03
 2.39033000e+01 1.46890032e-03
 2.39112000e+01 1.46970032e-03
 2.39227000e+01 1.47020032e-03
 2.39374000e+01 1.47100032e-03
 2.39487000e+01 1.47140032e-03
 2.39601000e+01 1.47210032e-03
 2.39715000e+01 1.47310032e-03
 2.39862000e+01 1.47350032e-03
 2.39975000e+01 1.47440032e-03
 2.40090000e+01 1.47480032e-03
 2.40237000e+01 1.47540032e-03
 2.40351000e+01 1.47590032e-03
 2.40498000e+01 1.47650032e-03
 2.40613000e+01 1.47650032e-03
 2.40692000e+01 1.47780032e-03
 2.40805000e+01 1.47840032e-03
 2.40952000e+01 1.47900032e-03
 2.41067000e+01 1.47950032e-03
 2.41180000e+01 1.48030032e-03
 2.41327000e+01 1.48100032e-03
 2.41441000e+01 1.48120032e-03
 2.41555000e+01 1.48220032e-03
 2.41702000e+01 1.48280032e-03
 2.41816000e+01 1.48350032e-03
 2.41929000e+01 1.48370032e-03
 2.42078000e+01 1.48450032e-03
 2.42191000e+01 1.48500032e-03
 2.42304000e+01 1.48560032e-03
 2.42452000e+01 1.48600032e-03
 2.42566000e+01 1.48690032e-03
 2.42679000e+01 1.48750032e-03
 2.42827000e+01 1.48810032e-03
 2.42941000e+01 1.48860032e-03
 2.43055000e+01 1.48920032e-03
 2.43202000e+01 1.49010032e-03
 2.43315000e+01 1.49050032e-03
 2.43430000e+01 1.49090032e-03
 2.43543000e+01 1.49150032e-03
 2.43657000e+01 1.49220032e-03
 2.43770000e+01 1.49280032e-03
 2.43884000e+01 1.49340032e-03
 2.43998000e+01 1.49390032e-03
 2.44145000e+01 1.49430032e-03
 2.44258000e+01 1.49510032e-03
 2.44373000e+01 1.49530032e-03
 2.44487000e+01 1.49580032e-03
 2.44566000e+01 1.49660032e-03
 2.44714000e+01 1.49740032e-03
 2.44828000e+01 1.49790032e-03
 2.44941000e+01 1.49850032e-03
 2.45054000e+01 1.49910032e-03
 2.45169000e+01 1.49960032e-03
 2.45282000e+01 1.50000032e-03
 2.45396000e+01 1.50080032e-03
 2.45510000e+01 1.50110032e-03
 2.45623000e+01 1.50190032e-03
 2.45737000e+01 1.50210032e-03
 2.45851000e+01 1.50270032e-03
 2.45965000e+01 1.50360032e-03
 2.46078000e+01 1.50420032e-03
 2.46191000e+01 1.50470032e-03
 2.46306000e+01 1.50510032e-03
 2.46420000e+01 1.50550032e-03
 2.46533000e+01 1.50630032e-03
 2.46646000e+01 1.50680032e-03
 2.46760000e+01 1.50760032e-03
 2.46874000e+01 1.50800032e-03
 2.46987000e+01 1.50850032e-03
 2.47068000e+01 1.50930032e-03
 2.47215000e+01 1.50950032e-03
 2.47329000e+01 1.51020032e-03
 2.47408000e+01 1.51080032e-03
 2.47556000e+01 1.51140032e-03
 2.47670000e+01 1.51200032e-03
 2.47783000e+01 1.51230032e-03
 2.47898000e+01 1.51290032e-03
 2.48012000e+01 1.51310032e-03
 2.48194000e+01 1.51250032e-03
 2.48172000e+01 1.51380032e-03
 2.48285000e+01 1.51460032e-03
 2.48398000e+01 1.51520032e-03
 2.48512000e+01 1.51570032e-03
 2.48626000e+01 1.51630032e-03
 2.48740000e+01 1.51670032e-03
 2.48853000e+01 1.51710032e-03
 2.48967000e+01 1.51780032e-03
 2.49081000e+01 1.51840032e-03
 2.49160000e+01 1.51920032e-03
 2.49274000e+01 1.51930032e-03
 2.49388000e+01 1.52010032e-03
 2.49502000e+01 1.52030032e-03
 2.49615000e+01 1.52110032e-03
 2.49730000e+01 1.52140032e-03
 2.49809000e+01 1.52180032e-03
 2.49923000e+01 1.52260032e-03
 2.50036000e+01 1.52330032e-03
 2.50117000e+01 1.52330032e-03
 2.50230000e+01 1.52410032e-03
 2.50344000e+01 1.52450032e-03
 2.50458000e+01 1.52520032e-03
 2.50572000e+01 1.52560032e-03
 2.50651000e+01 1.52600032e-03
 2.50766000e+01 1.52650032e-03
 2.50879000e+01 1.52730032e-03
 2.51026000e+01 1.52770032e-03
 2.51106000e+01 1.52830032e-03
 2.51221000e+01 1.52840032e-03
 2.51300000e+01 1.52940032e-03
 2.51413000e+01 1.52940032e-03
 2.51528000e+01 1.52980032e-03
 2.51607000e+01 1.53050032e-03
 2.51755000e+01 1.53110032e-03
 2.51869000e+01 1.53130032e-03
 2.51949000e+01 1.53200032e-03
 2.52062000e+01 1.53240032e-03
 2.52176000e+01 1.53320032e-03
 2.52290000e+01 1.53340032e-03
 2.52370000e+01 1.53410032e-03
 2.52483000e+01 1.53450032e-03
 2.52598000e+01 1.53510032e-03
 2.52711000e+01 1.53550032e-03
 2.52825000e+01 1.53600032e-03
 2.52938000e+01 1.53660032e-03
 2.53018000e+01 1.53720032e-03
 2.53133000e+01 1.53700032e-03
 2.53246000e+01 1.53770032e-03
 2.53326000e+01 1.53830032e-03
 2.53440000e+01 1.53890032e-03
 2.53519000e+01 1.53930032e-03
 2.53634000e+01 1.53980032e-03
 2.53713000e+01 1.54020032e-03
 2.53861000e+01 1.54040032e-03
 2.53941000e+01 1.54100032e-03
 2.54055000e+01 1.54170032e-03
 2.54168000e+01 1.54210032e-03
 2.54247000e+01 1.54290032e-03
 2.54362000e+01 1.54300032e-03
 2.54476000e+01 1.54340032e-03
 2.54589000e+01 1.54400032e-03
 2.54670000e+01 1.54440032e-03
 2.54783000e+01 1.54480032e-03
 2.54931000e+01 1.54490032e-03
 2.54978000e+01 1.54550032e-03
 2.55091000e+01 1.54650032e-03
 2.55205000e+01 1.54650032e-03
 2.55285000e+01 1.54720032e-03
 2.55399000e+01 1.54740032e-03
 2.55512000e+01 1.54820032e-03
 2.55591000e+01 1.54870032e-03
 2.55705000e+01 1.54950032e-03
 2.55819000e+01 1.54950032e-03
 2.55899000e+01 1.55010032e-03
 2.56014000e+01 1.55040032e-03
 2.56093000e+01 1.55080032e-03
 2.56207000e+01 1.55100032e-03
 2.56321000e+01 1.55210032e-03
 2.56435000e+01 1.55210032e-03
 2.56514000e+01 1.55250032e-03
 2.56627000e+01 1.55330032e-03
 2.56708000e+01 1.55350032e-03
 2.56822000e+01 1.55400032e-03
 2.56901000e+01 1.55440032e-03
 2.57016000e+01 1.55480032e-03
 2.57129000e+01 1.55560032e-03
 2.57243000e+01 1.55560032e-03
 2.57324000e+01 1.55610032e-03
 2.57437000e+01 1.55670032e-03
 2.57551000e+01 1.55690032e-03
 2.57631000e+01 1.55750032e-03
 2.57744000e+01 1.55820032e-03
 2.57824000e+01 1.55820032e-03
 2.57937000e+01 1.55900032e-03
 2.58018000e+01 1.55920032e-03
 2.58166000e+01 1.55930032e-03
 2.58246000e+01 1.55990032e-03
 2.58326000e+01 1.56070032e-03
 2.58439000e+01 1.56090032e-03
 2.58519000e+01 1.56140032e-03
 2.58633000e+01 1.56180032e-03
 2.58713000e+01 1.56240032e-03
 2.58827000e+01 1.56260032e-03
 2.58941000e+01 1.56300032e-03
 2.59021000e+01 1.56350032e-03
 2.59100000e+01 1.56390032e-03
 2.59215000e+01 1.56410032e-03
 2.59295000e+01 1.56470032e-03
 2.59408000e+01 1.56520032e-03
 2.59523000e+01 1.56540032e-03
 2.59636000e+01 1.56600032e-03
 2.59716000e+01 1.56640032e-03
 2.59795000e+01 1.56690032e-03
 2.59910000e+01 1.56730032e-03
 2.59990000e+01 1.56750032e-03
 2.60103000e+01 1.56790032e-03
 2.60218000e+01 1.56830032e-03
 2.60297000e+01 1.56900032e-03
 2.60411000e+01 1.56900032e-03
