 1.22738642e+00 5.64531813e-07 -3.28298439e-07
 1.25229887e+00 5.53834927e-07 -2.74644111e-07
 1.27721132e+00 5.42921845e-07 -2.15623438e-07
 1.30212377e+00 5.31608728e-07 -1.52664904e-07
 1.32703882e+00 5.19894582e-07 -8.44724051e-08
 1.35195386e+00 5.08131489e-07 -9.90097841e-09
 1.37689505e+00 4.98906925e-07 6.09766438e-08
 1.40183896e+00 4.93731280e-07 1.08813457e-07
 1.42678422e+00 4.91827515e-07 1.43068447e-07
 1.45173081e+00 4.92165710e-07 1.68309621e-07
 1.47667740e+00 4.93685567e-07 1.88828053e-07
 1.50162405e+00 4.95708034e-07 2.00859343e-07
 1.52657072e+00 4.98113061e-07 2.07581270e-07
 1.55151737e+00 5.01626578e-07 2.11005023e-07
 1.57646399e+00 5.05853793e-07 2.16708911e-07
 1.60141061e+00 5.10394402e-07 2.21509963e-07
 1.62635722e+00 5.14508340e-07 2.25371804e-07
 1.65130382e+00 5.18551842e-07 2.29592915e-07
 1.67624911e+00 5.23583880e-07 2.30226192e-07
 1.70119044e+00 5.28480436e-07 2.23288045e-07
 1.72613175e+00 5.33563896e-07 2.19694424e-07
 1.75107567e+00 5.38435974e-07 2.17354043e-07
 1.77601957e+00 5.43805735e-07 2.15288121e-07
 1.80096218e+00 5.48939477e-07 2.13374742e-07
 1.82590347e+00 5.53836628e-07 2.10025732e-07
 1.85084343e+00 5.58469867e-07 2.08556425e-07
 1.87578074e+00 5.63162279e-07 2.10207132e-07
 1.90071672e+00 5.68571505e-07 2.08913306e-07
 1.92565400e+00 5.73942809e-07 2.05228660e-07
 1.95059261e+00 5.79291855e-07 1.99066646e-07
 1.97552987e+00 5.84978206e-07 1.93902873e-07
 2.00046580e+00 5.90569332e-07 1.87517187e-07
 2.02540307e+00 5.95324249e-07 1.76589937e-07
 2.05034165e+00 6.00047601e-07 1.63937545e-07
 2.07527761e+00 6.04360227e-07 1.50813280e-07
 2.10021223e+00 6.08578184e-07 1.42474685e-07
 2.12514422e+00 6.12313102e-07 1.32101644e-07
 2.15007623e+00 6.15935767e-07 1.22599431e-07
 2.17500952e+00 6.19808219e-07 1.13352792e-07
 2.19994410e+00 6.23513485e-07 1.06254269e-07
 2.22487997e+00 6.27023118e-07 1.00463339e-07
 2.24981582e+00 6.30318162e-07 1.00094525e-07
 2.27474902e+00 6.33532614e-07 1.04462380e-07
 2.29968222e+00 6.36810915e-07 1.05514640e-07
 2.32461540e+00 6.40315460e-07 1.08123610e-07
 2.34954990e+00 6.44400698e-07 1.09839062e-07
 2.37448566e+00 6.48673237e-07 1.13995988e-07
 2.39942271e+00 6.53084119e-07 1.21174880e-07
 2.42436104e+00 6.57241851e-07 1.27569241e-07
 2.44929933e+00 6.61832372e-07 1.36292008e-07
 2.47423758e+00 6.66975824e-07 1.49976362e-07
 2.49917317e+00 6.72248043e-07 1.64579390e-07
 2.52410874e+00 6.77952565e-07 1.82240254e-07
 2.54904429e+00 6.83877947e-07 1.98724117e-07
 2.57397981e+00 6.90165742e-07 2.15518510e-07
 2.59891401e+00 6.96403757e-07 2.29933755e-07
 2.62384819e+00 7.02940972e-07 2.43700147e-07
 2.64878237e+00 7.09762202e-07 2.60544011e-07
 2.67371651e+00 7.17180643e-07 2.79609488e-07
 2.69865065e+00 7.24799654e-07 2.95163099e-07
 2.72358476e+00 7.33329143e-07 3.14043241e-07
 2.74851887e+00 7.42015864e-07 3.30844405e-07
 2.77345291e+00 7.50788006e-07 3.50991366e-07
 2.79838692e+00 7.59546364e-07 3.70139220e-07
 2.82332223e+00 7.68604399e-07 3.86658286e-07
 2.84825754e+00 7.77619591e-07 4.02352664e-07
 2.87319285e+00 7.86591483e-07 4.15359636e-07
 2.89812812e+00 7.95833630e-07 4.29858277e-07
 2.92306335e+00 8.05274588e-07 4.45463243e-07
 2.94799857e+00 8.15240582e-07 4.59676533e-07
 2.97293507e+00 8.26062527e-07 4.67368866e-07
 2.99787157e+00 8.37337815e-07 4.75677873e-07
 3.02280672e+00 8.48838731e-07 4.85603819e-07
 3.04774186e+00 8.60344150e-07 4.95735950e-07
 3.07267564e+00 8.71990109e-07 5.09280400e-07
 3.09760938e+00 8.83681970e-07 5.20915982e-07
 3.12254310e+00 8.95725486e-07 5.32268018e-07
 3.14747943e+00 9.07731199e-07 5.40918726e-07
 3.17241443e+00 9.21140934e-07 5.49509353e-07
 3.19734807e+00 9.34787846e-07 5.57634200e-07
 3.22228038e+00 9.47509258e-07 5.62278109e-07
 3.24721530e+00 9.60732157e-07 5.64029246e-07
 3.27214887e+00 9.74434895e-07 5.64787639e-07
 3.29707581e+00 9.88148469e-07 5.67660026e-07
 3.32200401e+00 1.00207483e-06 5.71034900e-07
 3.34693478e+00 1.01577223e-06 5.71629208e-07
 3.37186551e+00 1.02990357e-06 5.73866228e-07
 3.39679880e+00 1.04403371e-06 5.72760411e-07
 3.42173334e+00 1.05805117e-06 5.76131055e-07
 3.44666783e+00 1.07260591e-06 5.79432973e-07
 3.47159965e+00 1.08797285e-06 5.87130990e-07
 3.49652881e+00 1.10333277e-06 5.93680640e-07
 3.52145791e+00 1.11896390e-06 6.04684986e-07
 3.54638960e+00 1.13478707e-06 6.14929438e-07
 3.57132122e+00 1.15145036e-06 6.25816254e-07
 3.59625278e+00 1.16848491e-06 6.38981053e-07
 3.62118430e+00 1.18467686e-06 6.50926421e-07
 3.64611318e+00 1.20162891e-06 6.62385916e-07
 3.67103939e+00 1.21889805e-06 6.77851120e-07
 3.69596293e+00 1.23638575e-06 6.90921639e-07
 3.72088645e+00 1.25437721e-06 7.03733845e-07
 3.74580993e+00 1.27317121e-06 7.21496630e-07
 3.77073468e+00 1.29270402e-06 7.37488413e-07
 3.79565939e+00 1.31271162e-06 7.55937033e-07
 3.82058403e+00 1.33345683e-06 7.76331215e-07
 3.84550862e+00 1.35501860e-06 7.96627761e-07
 3.87043314e+00 1.37746742e-06 8.17179195e-07
 3.89535759e+00 1.40031205e-06 8.39051871e-07
 3.92028197e+00 1.42343146e-06 8.65499848e-07
 3.94520630e+00 1.44781599e-06 8.93394393e-07
 3.97013053e+00 1.47297350e-06 9.25189104e-07
 3.99505471e+00 1.49876938e-06 9.61442513e-07
 4.01997880e+00 1.52526004e-06 9.99644859e-07
 4.04490153e+00 1.55378936e-06 1.03924007e-06
 4.06982287e+00 1.58387346e-06 1.07894551e-06
 4.09474149e+00 1.61496263e-06 1.12249103e-06
 4.11965999e+00 1.64685880e-06 1.17190303e-06
 4.14457708e+00 1.67938348e-06 1.22118609e-06
 4.16949276e+00 1.71417326e-06 1.27565205e-06
 4.19440705e+00 1.74997561e-06 1.33073147e-06
 4.21931992e+00 1.78661972e-06 1.38831345e-06
 4.24423138e+00 1.82537118e-06 1.44587671e-06
 4.26914013e+00 1.86532871e-06 1.50989791e-06
 4.29404747e+00 1.90716663e-06 1.57910476e-06
 4.31895336e+00 1.95030060e-06 1.65248454e-06
 4.34386043e+00 1.99596219e-06 1.73253897e-06
 4.36876605e+00 2.04390893e-06 1.81526602e-06
 4.39367023e+00 2.09353371e-06 1.90057686e-06
 4.41857161e+00 2.14492502e-06 1.99093249e-06
 4.44347291e+00 2.19821645e-06 2.08806166e-06
 4.46837147e+00 2.25423193e-06 2.18992299e-06
 4.49326725e+00 2.31284081e-06 2.29246732e-06
 4.51815895e+00 2.37405796e-06 2.40407466e-06
 4.54305053e+00 2.43756161e-06 2.51812929e-06
 4.56794462e+00 2.50379817e-06 2.62803075e-06
 4.59283465e+00 2.57284813e-06 2.74010860e-06
 4.61772060e+00 2.64509551e-06 2.85376877e-06
 4.64260376e+00 2.71981316e-06 2.97304961e-06
 4.66748284e+00 2.79771956e-06 3.09116121e-06
 4.69235654e+00 2.87849479e-06 3.21003535e-06
 4.71722875e+00 2.96210971e-06 3.33170283e-06
 4.74210080e+00 3.04856238e-06 3.45590877e-06
 4.76697133e+00 3.13894718e-06 3.58508122e-06
 4.79183907e+00 3.23210971e-06 3.71646179e-06
 4.81670135e+00 3.32797309e-06 3.84915451e-06
 4.84156080e+00 3.42846272e-06 3.98732958e-06
 4.86641742e+00 3.53257017e-06 4.12911942e-06
 4.89126722e+00 3.64048142e-06 4.27212318e-06
 4.91611546e+00 3.75185053e-06 4.41882565e-06
 4.94096082e+00 3.86729032e-06 4.57150893e-06
 4.96580456e+00 3.98799256e-06 4.72975457e-06
 4.99064539e+00 4.11226076e-06 4.89086113e-06
 5.01548201e+00 4.23993022e-06 5.05787045e-06
 5.04031437e+00 4.37202505e-06 5.22970466e-06
 5.06514247e+00 4.50861812e-06 5.40967047e-06
 5.08996631e+00 4.65013057e-06 5.59467173e-06
 5.11478589e+00 4.79588314e-06 5.78283771e-06
 5.13960120e+00 4.94646030e-06 5.97198586e-06
 5.16441090e+00 5.10230805e-06 6.16631056e-06
 5.18921630e+00 5.26259907e-06 6.36399463e-06
 5.21402002e+00 5.42532986e-06 6.55705165e-06
 5.23881815e+00 5.59274542e-06 6.74881384e-06
 5.26361062e+00 5.76407487e-06 6.94523657e-06
 5.28839614e+00 5.94003263e-06 7.14063914e-06
 5.31317732e+00 6.12019686e-06 7.34041145e-06
 5.33795413e+00 6.30536914e-06 7.54279158e-06
 5.36272527e+00 6.49538381e-06 7.74565700e-06
 5.38748942e+00 6.69047364e-06 7.94851061e-06
 5.41224915e+00 6.89065748e-06 8.14825469e-06
 5.43700320e+00 7.09584883e-06 8.35349064e-06
 5.46175147e+00 7.30671791e-06 8.56395393e-06
 5.48649399e+00 7.52259637e-06 8.77455744e-06
 5.51122945e+00 7.74402828e-06 8.98763563e-06
 5.53596037e+00 7.97037613e-06 9.20217423e-06
 5.56068420e+00 8.20167234e-06 9.41936548e-06
 5.58540095e+00 8.43775570e-06 9.63398354e-06
 5.61010798e+00 8.67860192e-06 9.85190292e-06
 5.63480661e+00 8.92402691e-06 1.00658479e-05
 5.65949548e+00 9.17485468e-06 1.02820984e-05
 5.68417461e+00 9.43101057e-06 1.04952465e-05
 5.70884519e+00 9.69191844e-06 1.07124675e-05
 5.73350854e+00 9.95782383e-06 1.09305105e-05
 5.75816334e+00 1.02296596e-05 1.11438680e-05
 5.78280961e+00 1.05066054e-05 1.13555688e-05
 5.80744599e+00 1.07881642e-05 1.15631015e-05
 5.83207113e+00 1.10740816e-05 1.17668823e-05
 5.85668635e+00 1.13648482e-05 1.19700128e-05
 5.88129166e+00 1.16607757e-05 1.21689560e-05
 5.90588574e+00 1.19610443e-05 1.23654680e-05
 5.93046857e+00 1.22661007e-05 1.25560606e-05
 5.95504273e+00 1.25754919e-05 1.27446287e-05
 5.97960431e+00 1.28888417e-05 1.29279724e-05
 6.00415328e+00 1.32052387e-05 1.31078335e-05
 6.02869100e+00 1.35256324e-05 1.32820146e-05
 6.05321609e+00 1.38494682e-05 1.34521700e-05
 6.07772986e+00 1.41772230e-05 1.36157012e-05
 6.10223103e+00 1.45081500e-05 1.37778604e-05
 6.12671959e+00 1.48416375e-05 1.39325068e-05
 6.15119688e+00 1.51789074e-05 1.40772606e-05
 6.17566026e+00 1.55187951e-05 1.42137575e-05
 6.20011105e+00 1.58614661e-05 1.43466870e-05
 6.22454669e+00 1.62066236e-05 1.44702154e-05
 6.24896578e+00 1.65547808e-05 1.45870315e-05
 6.27337224e+00 1.69050777e-05 1.46991267e-05
 6.29776479e+00 1.72579386e-05 1.48043658e-05
 6.32214345e+00 1.76128868e-05 1.49030363e-05
 6.34650689e+00 1.79694669e-05 1.49948574e-05
 6.37085508e+00 1.83279015e-05 1.50782064e-05
 6.39518803e+00 1.86878414e-05 1.51536606e-05
 6.41950707e+00 1.90497850e-05 1.52233972e-05
 6.44380954e+00 1.94140985e-05 1.52899775e-05
 6.46809015e+00 1.97792762e-05 1.53434916e-05
 6.49235549e+00 2.01455671e-05 1.53909813e-05
 6.51660556e+00 2.05127138e-05 1.54294408e-05
 6.54084297e+00 2.08805170e-05 1.54573265e-05
 6.56506511e+00 2.12482188e-05 1.54774343e-05
 6.58927199e+00 2.16157715e-05 1.54881197e-05
 6.61346360e+00 2.19834342e-05 1.54919509e-05
 6.63763993e+00 2.23513427e-05 1.54916378e-05
 6.66179839e+00 2.27196056e-05 1.54810438e-05
 6.68594156e+00 2.30869390e-05 1.54683510e-05
 6.71006820e+00 2.34550697e-05 1.54530672e-05
 6.73417827e+00 2.38237693e-05 1.54328350e-05
 6.75827438e+00 2.41922938e-05 1.54094458e-05
 6.78235659e+00 2.45593139e-05 1.53759562e-05
 6.80642223e+00 2.49258831e-05 1.53414817e-05
 6.83047128e+00 2.52922909e-05 1.53029840e-05
 6.85450505e+00 2.56586099e-05 1.52707925e-05
 6.87852352e+00 2.60246864e-05 1.52387890e-05
 6.90252804e+00 2.63913253e-05 1.52096376e-05
 6.92651857e+00 2.67584607e-05 1.51855766e-05
 6.95049261e+00 2.71258148e-05 1.51663041e-05
 6.97445014e+00 2.74931188e-05 1.51536576e-05
 6.99839248e+00 2.78607862e-05 1.51472869e-05
 7.02231960e+00 2.82281564e-05 1.51508724e-05
 7.04623021e+00 2.85961270e-05 1.51593336e-05
 7.07012693e+00 2.89650037e-05 1.51684099e-05
 7.09400848e+00 2.93340721e-05 1.51820406e-05
 7.11787352e+00 2.97039388e-05 1.52058492e-05
 7.14172599e+00 3.00738512e-05 1.52329356e-05
 7.16556456e+00 3.04449864e-05 1.52676780e-05
 7.18938663e+00 3.08174477e-05 1.53093069e-05
 7.21319350e+00 3.11916221e-05 1.53592282e-05
 7.23698517e+00 3.15673669e-05 1.54127460e-05
 7.26076160e+00 3.19438529e-05 1.54764985e-05
 7.28452545e+00 3.23225021e-05 1.55461676e-05
 7.30827539e+00 3.27037068e-05 1.56220274e-05
 7.33201141e+00 3.30863987e-05 1.57111896e-05
 7.35573220e+00 3.34710652e-05 1.58062791e-05
 7.37943898e+00 3.38582809e-05 1.59112484e-05
 7.40313042e+00 3.42491300e-05 1.60285631e-05
 7.42680786e+00 3.46419763e-05 1.61546101e-05
 7.45047124e+00 3.50370611e-05 1.62961800e-05
 7.47412322e+00 3.54353112e-05 1.64458438e-05
 7.49775858e+00 3.58370737e-05 1.66047818e-05
 7.52137990e+00 3.62413917e-05 1.67722479e-05
 7.54498586e+00 3.66487464e-05 1.69533044e-05
 7.56857773e+00 3.70603714e-05 1.71523645e-05
 7.59215296e+00 3.74765874e-05 1.73646429e-05
 7.61571155e+00 3.78972479e-05 1.75885199e-05
 7.63925477e+00 3.83219343e-05 1.78296675e-05
 7.66278267e+00 3.87513621e-05 1.80846369e-05
 7.68629654e+00 3.91880626e-05 1.83406560e-05
 7.70979373e+00 3.96311486e-05 1.86083391e-05
 7.73327423e+00 4.00801792e-05 1.88844070e-05
 7.75673541e+00 4.05356919e-05 1.91683778e-05
 7.78017856e+00 4.09972121e-05 1.94568701e-05
 7.80360367e+00 4.14643945e-05 1.97496366e-05
 7.82701205e+00 4.19378900e-05 2.00464316e-05
 7.85040238e+00 4.24179296e-05 2.03486659e-05
 7.87377593e+00 4.29057279e-05 2.06588191e-05
 7.89713138e+00 4.34000813e-05 2.09747112e-05
 7.92047004e+00 4.39006081e-05 2.13016425e-05
 7.94379059e+00 4.44089557e-05 2.16384720e-05
 7.96709038e+00 4.49250423e-05 2.19883002e-05
 7.99036546e+00 4.54491190e-05 2.23439743e-05
 8.01362238e+00 4.59814733e-05 2.27099411e-05
 8.03685985e+00 4.65228104e-05 2.30834580e-05
 8.06007789e+00 4.70722226e-05 2.34645164e-05
 8.08327515e+00 4.76306028e-05 2.38475472e-05
 8.10645162e+00 4.81974397e-05 2.42425162e-05
 8.12960600e+00 4.87733725e-05 2.46461688e-05
 8.15273946e+00 4.93585219e-05 2.50619522e-05
 8.17585201e+00 4.99529640e-05 2.54871330e-05
 8.19894361e+00 5.05565559e-05 2.59212390e-05
 8.22201426e+00 5.11696950e-05 2.63628006e-05
 8.24506523e+00 5.17927027e-05 2.68095250e-05
 8.26809391e+00 5.24252376e-05 2.72585237e-05
 8.29110418e+00 5.30650922e-05 2.77018352e-05
 8.31409604e+00 5.37134887e-05 2.81467442e-05
 8.33706422e+00 5.43712829e-05 2.85934598e-05
 8.36001135e+00 5.50370369e-05 2.90360727e-05
 8.38293869e+00 5.57115298e-05 2.94813151e-05
 8.40584368e+00 5.63950955e-05 2.99275530e-05
 8.42872499e+00 5.70880952e-05 3.03733294e-05
 8.45158260e+00 5.77905566e-05 3.08199905e-05
 8.47441256e+00 5.85029814e-05 3.12723117e-05
 8.49721618e+00 5.92250886e-05 3.17305347e-05
 8.51999212e+00 5.99572768e-05 3.21962606e-05
 8.54274167e+00 6.06997039e-05 3.26614441e-05
 8.56546486e+00 6.14522352e-05 3.31312770e-05
 8.58816431e+00 6.22138126e-05 3.35975298e-05
 8.61083606e+00 6.29839562e-05 3.40596603e-05
 8.63348142e+00 6.37639824e-05 3.45182062e-05
 8.65609774e+00 6.45527036e-05 3.49749803e-05
 8.67868762e+00 6.53497115e-05 3.54272668e-05
 8.70124844e+00 6.61552792e-05 3.58754750e-05
 8.72378154e+00 6.69691082e-05 3.63175621e-05
 8.74628562e+00 6.77918631e-05 3.67568618e-05
 8.76876318e+00 6.86241112e-05 3.71974076e-05
 8.79121288e+00 6.94656348e-05 3.76369364e-05
 8.81363213e+00 7.03147279e-05 3.80701563e-05
 8.83602220e+00 7.11708486e-05 3.85030325e-05
 8.85838440e+00 7.20343142e-05 3.89259641e-05
 8.88071744e+00 7.29053092e-05 3.93469552e-05
 8.90301999e+00 7.37828106e-05 3.97558539e-05
 8.92529337e+00 7.46669847e-05 4.01530072e-05
 8.94753760e+00 7.55572290e-05 4.05319327e-05
 8.96975002e+00 7.64547537e-05 4.08977605e-05
 8.99193063e+00 7.73580861e-05 4.12477205e-05
 9.01408077e+00 7.82655773e-05 4.15782798e-05
 9.03619915e+00 7.91791152e-05 4.18980854e-05
 9.05828312e+00 8.00989885e-05 4.22068693e-05
 9.08033265e+00 8.10232315e-05 4.25031539e-05
 9.10234774e+00 8.19526645e-05 4.27934150e-05
 9.12433106e+00 8.28859002e-05 4.30667970e-05
 9.14628392e+00 8.38248456e-05 4.33197112e-05
 9.16820490e+00 8.47665357e-05 4.35492027e-05
 9.19009536e+00 8.57109459e-05 4.37561086e-05
 9.21195528e+00 8.66555988e-05 4.39359024e-05
 9.23378597e+00 8.76012595e-05 4.40891871e-05
 9.25558744e+00 8.85458758e-05 4.42115491e-05
 9.27735840e+00 8.94905224e-05 4.43155568e-05
 9.29909892e+00 9.04350403e-05 4.43993935e-05
 9.32080637e+00 9.13796152e-05 4.44663078e-05
 9.34248077e+00 9.23236263e-05 4.45151120e-05
 9.36411950e+00 9.32672455e-05 4.45490947e-05
 9.38572257e+00 9.42106977e-05 4.45716002e-05
 9.40729133e+00 9.51538185e-05 4.45786280e-05
 9.42882053e+00 9.60948715e-05 4.45552255e-05
 9.45031278e+00 9.70321908e-05 4.45066297e-05
 9.47177077e+00 9.79657868e-05 4.44226633e-05
 9.49319181e+00 9.88949824e-05 4.43102671e-05
 9.51457602e+00 9.98181275e-05 4.41638037e-05
 9.53592585e+00 1.00735648e-04 4.39929738e-05
 9.55724269e+00 1.01646828e-04 4.37899193e-05
 9.57852524e+00 1.02552467e-04 4.35628730e-05
 9.59977739e+00 1.03452495e-04 4.33175048e-05
 9.62099790e+00 1.04346176e-04 4.30536698e-05
 9.64218809e+00 1.05231765e-04 4.27631967e-05
 9.66334671e+00 1.06111771e-04 4.24580340e-05
 9.68447379e+00 1.06984774e-04 4.21384417e-05
 9.70556799e+00 1.07846762e-04 4.17909879e-05
 9.72663196e+00 1.08700680e-04 4.14172588e-05
 9.74766441e+00 1.09546208e-04 4.10299039e-05
 9.76866666e+00 1.10382944e-04 4.06207418e-05
 9.78963746e+00 1.11210515e-04 4.01928060e-05
 9.81057675e+00 1.12030929e-04 3.97501148e-05
 9.83148321e+00 1.12844371e-04 3.93025636e-05
 9.85235950e+00 1.13648839e-04 3.88542970e-05
 9.87320571e+00 1.14444937e-04 3.84109479e-05
 9.89402316e+00 1.15232778e-04 3.79688112e-05
 9.91481184e+00 1.16012990e-04 3.75293930e-05
 9.93557313e+00 1.16782787e-04 3.70753058e-05
 9.95630569e+00 1.17542861e-04 3.66170424e-05
 9.97701220e+00 1.18291639e-04 3.61538581e-05
 9.99769265e+00 1.19029513e-04 3.56784980e-05
 1.00183458e+01 1.19757019e-04 3.52008885e-05
 1.00389702e+01 1.20474792e-04 3.47174547e-05
 1.00595700e+01 1.21182153e-04 3.42221019e-05
 1.00801439e+01 1.21879118e-04 3.37159225e-05
 1.01006917e+01 1.22564287e-04 3.31901401e-05
 1.01212163e+01 1.23235424e-04 3.26493568e-05
 1.01417215e+01 1.23893372e-04 3.20863947e-05
 1.01622075e+01 1.24536183e-04 3.14870762e-05
 1.01826755e+01 1.25163239e-04 3.08625045e-05
 1.02031229e+01 1.25773128e-04 3.02068763e-05
 1.02235512e+01 1.26366590e-04 2.95277765e-05
 1.02439577e+01 1.26942568e-04 2.88202033e-05
 1.02643413e+01 1.27499235e-04 2.80793603e-05
 1.02847005e+01 1.28037815e-04 2.73032424e-05
 1.03050355e+01 1.28557720e-04 2.64941796e-05
 1.03253462e+01 1.29056325e-04 2.56421400e-05
 1.03456379e+01 1.29533137e-04 2.47523265e-05
 1.03659106e+01 1.29986272e-04 2.38227373e-05
 1.03861684e+01 1.30414240e-04 2.28431976e-05
 1.04064100e+01 1.30818143e-04 2.18243499e-05
 1.04266406e+01 1.31196295e-04 2.07576704e-05
 1.04468602e+01 1.31548467e-04 1.96477288e-05
 1.04670676e+01 1.31875742e-04 1.85024428e-05
 1.04872654e+01 1.32179821e-04 1.72962756e-05
 1.05074511e+01 1.32459998e-04 1.60452154e-05
 1.05276234e+01 1.32716230e-04 1.47629990e-05
 1.05477837e+01 1.32949127e-04 1.34316793e-05
 1.05679320e+01 1.33157033e-04 1.20521667e-05
 1.05880684e+01 1.33340946e-04 1.06412037e-05
 1.06081929e+01 1.33500021e-04 9.19653703e-06
 1.06283081e+01 1.33632606e-04 7.71530495e-06
 1.06484116e+01 1.33739497e-04 6.22370875e-06
 1.06685060e+01 1.33820400e-04 4.72050338e-06
 1.06885912e+01 1.33874327e-04 3.20586080e-06
 1.07086687e+01 1.33903248e-04 1.69733992e-06
 1.07287384e+01 1.33906025e-04 1.93893017e-07
 1.07487977e+01 1.33885860e-04 -1.31339620e-06
 1.07688467e+01 1.33843088e-04 -2.80951095e-06
 1.07888882e+01 1.33776130e-04 -4.29239943e-06
 1.08089207e+01 1.33686677e-04 -5.75444505e-06
 1.08289469e+01 1.33576085e-04 -7.19306382e-06
 1.08489695e+01 1.33443605e-04 -8.60270124e-06
 1.08689913e+01 1.33288930e-04 -9.98892212e-06
 1.08890108e+01 1.33112373e-04 -1.13387180e-05
 1.09090281e+01 1.32913988e-04 -1.26332144e-05
 1.09290433e+01 1.32693930e-04 -1.38719573e-05
 1.09490577e+01 1.32455706e-04 -1.50473206e-05
 1.09690687e+01 1.32199443e-04 -1.61630145e-05
 1.09890776e+01 1.31926433e-04 -1.72179895e-05
 1.10090872e+01 1.31631241e-04 -1.82369543e-05
 1.10290948e+01 1.31320497e-04 -1.91923134e-05
 1.10491031e+01 1.30995534e-04 -2.00736642e-05
 1.10691146e+01 1.30657925e-04 -2.08831969e-05
 1.10891268e+01 1.30306529e-04 -2.16106499e-05
 1.11091424e+01 1.29942976e-04 -2.22610242e-05
 1.11291612e+01 1.29570197e-04 -2.28389835e-05
 1.11491809e+01 1.29186351e-04 -2.33363306e-05
 1.11692000e+01 1.28791900e-04 -2.37408148e-05
 1.11892173e+01 1.28389856e-04 -2.40557845e-05
 1.12092327e+01 1.27980285e-04 -2.42665344e-05
 1.12292476e+01 1.27564890e-04 -2.43962900e-05
 1.12492619e+01 1.27144553e-04 -2.44259113e-05
 1.12692770e+01 1.26721093e-04 -2.43787513e-05
 1.12892955e+01 1.26295543e-04 -2.42572782e-05
 1.13093201e+01 1.25869706e-04 -2.40762218e-05
 1.13293506e+01 1.25444554e-04 -2.38303048e-05
 1.13493872e+01 1.25022403e-04 -2.35387407e-05
 1.13694259e+01 1.24602430e-04 -2.31905823e-05
 1.13894680e+01 1.24184977e-04 -2.27974879e-05
 1.14095108e+01 1.23770684e-04 -2.23579128e-05
 1.14295557e+01 1.23360115e-04 -2.18763477e-05
 1.14495975e+01 1.22954414e-04 -2.13478626e-05
 1.14696361e+01 1.22553313e-04 -2.07727818e-05
 1.14896730e+01 1.22157743e-04 -2.01509939e-05
 1.15097080e+01 1.21768827e-04 -1.95009986e-05
 1.15297436e+01 1.21388294e-04 -1.88240986e-05
 1.15497827e+01 1.21016334e-04 -1.81356730e-05
 1.15698237e+01 1.20653480e-04 -1.74319552e-05
 1.15898667e+01 1.20301232e-04 -1.67290400e-05
 1.16099116e+01 1.19959142e-04 -1.60212365e-05
 1.16299586e+01 1.19627782e-04 -1.53244896e-05
 1.16500062e+01 1.19306391e-04 -1.46388946e-05
 1.16700543e+01 1.18996623e-04 -1.39492034e-05
 1.16901018e+01 1.18698298e-04 -1.32676526e-05
 1.17101473e+01 1.18414121e-04 -1.26033897e-05
 1.17301920e+01 1.18141368e-04 -1.19442262e-05
 1.17502360e+01 1.17880016e-04 -1.13042576e-05
 1.17702832e+01 1.17632664e-04 -1.06988838e-05
 1.17903334e+01 1.17398698e-04 -1.01149528e-05
 1.18103855e+01 1.17176796e-04 -9.55945022e-06
 1.18304420e+01 1.16967187e-04 -9.03772532e-06
 1.18505003e+01 1.16770787e-04 -8.54341992e-06
 1.18705578e+01 1.16586552e-04 -8.06994265e-06
 1.18906118e+01 1.16413750e-04 -7.61199219e-06
 1.19106623e+01 1.16251903e-04 -7.17824132e-06
 1.19307093e+01 1.16100203e-04 -6.76361753e-06
 1.19507528e+01 1.15958574e-04 -6.36621205e-06
 1.19707927e+01 1.15825896e-04 -5.97584659e-06
 1.19908304e+01 1.15704552e-04 -5.60386000e-06
 1.20108658e+01 1.15592907e-04 -5.24162213e-06
 1.20308909e+01 1.15490419e-04 -4.91332853e-06
 1.20509137e+01 1.15397115e-04 -4.60154543e-06
 1.20709315e+01 1.15311874e-04 -4.29286860e-06
 1.20909419e+01 1.15233781e-04 -3.98279308e-06
 1.21109473e+01 1.15162146e-04 -3.68016125e-06
 1.21309451e+01 1.15096190e-04 -3.37846655e-06
 1.21509352e+01 1.15036492e-04 -3.07388064e-06
 1.21709203e+01 1.14982878e-04 -2.77462810e-06
 1.21909004e+01 1.14933802e-04 -2.48190442e-06
 1.22108780e+01 1.14889622e-04 -2.20426309e-06
 1.22308546e+01 1.14849395e-04 -1.93882230e-06
 1.22508287e+01 1.14813176e-04 -1.68922035e-06
 1.22708017e+01 1.14780231e-04 -1.44205479e-06
 1.22907735e+01 1.14748278e-04 -1.21232450e-06
 1.23107403e+01 1.14719853e-04 -9.94613782e-07
 1.23306993e+01 1.14695139e-04 -7.73165222e-07
 1.23506507e+01 1.14672625e-04 -5.48823245e-07
 1.23705930e+01 1.14653287e-04 -3.29761809e-07
 1.23905290e+01 1.14636997e-04 -1.11206388e-07
 1.24104559e+01 1.14622886e-04 9.08996630e-08
 1.24303751e+01 1.14612575e-04 2.72441535e-07
 1.24502866e+01 1.14604773e-04 4.41053734e-07
 1.24701930e+01 1.14601041e-04 5.97641882e-07
 1.24900930e+01 1.14601656e-04 7.44967507e-07
 1.25099878e+01 1.14604437e-04 8.79874201e-07
 1.25298761e+01 1.14610747e-04 1.00272803e-06
 1.25497554e+01 1.14620176e-04 1.12060736e-06
 1.25696244e+01 1.14630396e-04 1.22699039e-06
 1.25894855e+01 1.14642235e-04 1.31818674e-06
 1.26093377e+01 1.14656088e-04 1.39020172e-06
 1.26291822e+01 1.14670794e-04 1.45160741e-06
 1.26490175e+01 1.14686418e-04 1.49622072e-06
 1.26688426e+01 1.14705134e-04 1.52039642e-06
 1.26886612e+01 1.14724413e-04 1.53438145e-06
 1.27084707e+01 1.14745056e-04 1.53654539e-06
 1.27282738e+01 1.14767532e-04 1.52683014e-06
 1.27480677e+01 1.14790448e-04 1.51048611e-06
 1.27678526e+01 1.14813216e-04 1.47042568e-06
 1.27876271e+01 1.14834871e-04 1.41492054e-06
 1.28073913e+01 1.14855376e-04 1.35444012e-06
 1.28271452e+01 1.14874376e-04 1.27093772e-06
 1.28468875e+01 1.14889973e-04 1.16623587e-06
 1.28666181e+01 1.14902779e-04 1.05814464e-06
 1.28863397e+01 1.14913443e-04 9.45660054e-07
 1.29060536e+01 1.14921916e-04 8.13259875e-07
 1.29257598e+01 1.14926888e-04 6.58807950e-07
 1.29454582e+01 1.14929390e-04 4.98313677e-07
 1.29651477e+01 1.14929128e-04 3.24349128e-07
 1.29848295e+01 1.14924621e-04 1.49027444e-07
 1.30045036e+01 1.14914971e-04 -3.44668642e-08
 1.30241714e+01 1.14900107e-04 -2.26173518e-07
 1.30438354e+01 1.14884907e-04 -4.65991147e-07
 1.30634933e+01 1.14864533e-04 -7.24605570e-07
 1.30831460e+01 1.14838302e-04 -9.95149015e-07
 1.31027949e+01 1.14806953e-04 -1.27190871e-06
 1.31224375e+01 1.14771194e-04 -1.55601578e-06
 1.31420763e+01 1.14730344e-04 -1.85508649e-06
 1.31617102e+01 1.14684681e-04 -2.15601067e-06
 1.31813365e+01 1.14634953e-04 -2.46519131e-06
 1.32009552e+01 1.14580315e-04 -2.78522387e-06
 1.32205651e+01 1.14519662e-04 -3.10833302e-06
 1.32401647e+01 1.14451570e-04 -3.43354057e-06
 1.32597554e+01 1.14377637e-04 -3.76439789e-06
 1.32793346e+01 1.14296490e-04 -4.08816693e-06
 1.32989010e+01 1.14209714e-04 -4.41453884e-06
 1.33184584e+01 1.14117484e-04 -4.73304931e-06
 1.33380083e+01 1.14021004e-04 -5.04136097e-06
 1.33575507e+01 1.13919046e-04 -5.34442248e-06
 1.33770867e+01 1.13812439e-04 -5.64018302e-06
 1.33966153e+01 1.13700249e-04 -5.93149708e-06
 1.34161363e+01 1.13583832e-04 -6.22693184e-06
 1.34356511e+01 1.13462271e-04 -6.52245121e-06
 1.34551597e+01 1.13336013e-04 -6.81883281e-06
 1.34746620e+01 1.13204120e-04 -7.10430309e-06
 1.34941595e+01 1.13067571e-04 -7.37517793e-06
 1.35136507e+01 1.12925814e-04 -7.63331417e-06
 1.35331371e+01 1.12780317e-04 -7.87722678e-06
 1.35526226e+01 1.12627191e-04 -8.12496755e-06
 1.35721046e+01 1.12470814e-04 -8.36784876e-06
 1.35915817e+01 1.12309351e-04 -8.60731799e-06
 1.36110553e+01 1.12144368e-04 -8.83736224e-06
 1.36305226e+01 1.11977208e-04 -9.04759600e-06
 1.36499864e+01 1.11807242e-04 -9.25634004e-06
 1.36694480e+01 1.11634519e-04 -9.46400604e-06
 1.36889035e+01 1.11458398e-04 -9.65015844e-06
 1.37083568e+01 1.11280083e-04 -9.81849675e-06
 1.37278067e+01 1.11098113e-04 -9.96483134e-06
 1.37472545e+01 1.10913987e-04 -1.00891694e-05
 1.37667001e+01 1.10728612e-04 -1.02023879e-05
 1.37861436e+01 1.10541046e-04 -1.03116611e-05
 1.38055861e+01 1.10350142e-04 -1.04130547e-05
 1.38250278e+01 1.10156456e-04 -1.05198584e-05
 1.38444673e+01 1.09960884e-04 -1.06351331e-05
 1.38639072e+01 1.09762832e-04 -1.07458107e-05
 1.38833463e+01 1.09562224e-04 -1.08486170e-05
 1.39027844e+01 1.09359690e-04 -1.09356639e-05
 1.39222204e+01 1.09156050e-04 -1.10167146e-05
 1.39416542e+01 1.08951698e-04 -1.10849100e-05
 1.39610884e+01 1.08746019e-04 -1.11439321e-05
 1.39805204e+01 1.08539920e-04 -1.11877121e-05
 1.39999501e+01 1.08332057e-04 -1.12222778e-05
 1.40193751e+01 1.08122781e-04 -1.12450174e-05
 1.40387966e+01 1.07912890e-04 -1.12641923e-05
 1.40582119e+01 1.07702508e-04 -1.12700250e-05
 1.40776225e+01 1.07490685e-04 -1.12622737e-05
 1.40970283e+01 1.07277707e-04 -1.12359832e-05
 1.41164306e+01 1.07064818e-04 -1.11941897e-05
 1.41358282e+01 1.06851378e-04 -1.11407369e-05
 1.41552222e+01 1.06635812e-04 -1.10765072e-05
 1.41746153e+01 1.06419130e-04 -1.10001928e-05
 1.41940050e+01 1.06203398e-04 -1.09118352e-05
 1.42133911e+01 1.05988899e-04 -1.08193007e-05
 1.42327725e+01 1.05776474e-04 -1.07258482e-05
 1.42521491e+01 1.05566473e-04 -1.06286529e-05
 1.42715236e+01 1.05357746e-04 -1.05324590e-05
 1.42908972e+01 1.05152794e-04 -1.04492986e-05
 1.43102687e+01 1.04950503e-04 -1.03651213e-05
 1.43296393e+01 1.04749136e-04 -1.02713003e-05
 1.43490078e+01 1.04549998e-04 -1.01742764e-05
 1.43683754e+01 1.04352742e-04 -1.00755299e-05
 1.43877408e+01 1.04157024e-04 -9.97582014e-06
 1.44071054e+01 1.03964115e-04 -9.88487693e-06
 1.44264664e+01 1.03773978e-04 -9.79799024e-06
 1.44458253e+01 1.03586689e-04 -9.71455925e-06
 1.44651820e+01 1.03400957e-04 -9.63327751e-06
 1.44845364e+01 1.03216652e-04 -9.54554505e-06
 1.45038887e+01 1.03035237e-04 -9.46051691e-06
 1.45232387e+01 1.02856134e-04 -9.36693918e-06
 1.45425825e+01 1.02677658e-04 -9.28115725e-06
 1.45619255e+01 1.02500151e-04 -9.20919625e-06
 1.45812662e+01 1.02323929e-04 -9.14972303e-06
 1.46006048e+01 1.02149320e-04 -9.09545000e-06
 1.46199438e+01 1.01975916e-04 -9.04312398e-06
 1.46392805e+01 1.01804342e-04 -8.99469720e-06
 1.46586150e+01 1.01633443e-04 -8.94278186e-06
 1.46779486e+01 1.01463882e-04 -8.88912271e-06
 1.46972812e+01 1.01294372e-04 -8.83377098e-06
 1.47166115e+01 1.01124683e-04 -8.77534170e-06
 1.47359409e+01 1.00954624e-04 -8.71274704e-06
 1.47552681e+01 1.00786355e-04 -8.64710652e-06
 1.47745930e+01 1.00617475e-04 -8.59442620e-06
 1.47939144e+01 1.00446140e-04 -8.55786705e-06
 1.48132296e+01 1.00276132e-04 -8.52606822e-06
 1.48325400e+01 1.00107986e-04 -8.50268245e-06
 1.48518442e+01 9.99407820e-05 -8.47353371e-06
 1.48711423e+01 9.97728990e-05 -8.44345418e-06
 1.48904342e+01 9.96059695e-05 -8.41336763e-06
 1.49097226e+01 9.94403291e-05 -8.38905055e-06
 1.49290074e+01 9.92743500e-05 -8.35609398e-06
 1.49482875e+01 9.91075215e-05 -8.32776956e-06
 1.49675627e+01 9.89414257e-05 -8.28669915e-06
 1.49868332e+01 9.87763563e-05 -8.24736727e-06
 1.50061001e+01 9.86119221e-05 -8.21181649e-06
 1.50253634e+01 9.84483326e-05 -8.18040017e-06
 1.50446257e+01 9.82859273e-05 -8.15520176e-06
 1.50638846e+01 9.81245036e-05 -8.14098362e-06
 1.50831399e+01 9.79640585e-05 -8.12781959e-06
 1.51023930e+01 9.78038705e-05 -8.11414604e-06
 1.51216413e+01 9.76457480e-05 -8.10181637e-06
 1.51408846e+01 9.74889259e-05 -8.08722615e-06
 1.51601218e+01 9.73332558e-05 -8.07021571e-06
 1.51793567e+01 9.71797078e-05 -8.04653708e-06
 1.51985880e+01 9.70273903e-05 -8.02293049e-06
 1.52178170e+01 9.68775582e-05 -7.99891929e-06
 1.52370450e+01 9.67297164e-05 -7.97147671e-06
 1.52562707e+01 9.65828890e-05 -7.95076709e-06
 1.52754941e+01 9.64363158e-05 -7.93430497e-06
 1.52947152e+01 9.62901808e-05 -7.91212902e-06
 1.53139328e+01 9.61444383e-05 -7.87839992e-06
 1.53331480e+01 9.59986409e-05 -7.84635719e-06
 1.53523596e+01 9.58522920e-05 -7.81273777e-06
 1.53715689e+01 9.57073215e-05 -7.77477173e-06
 1.53907759e+01 9.55622194e-05 -7.73918619e-06
 1.54099833e+01 9.54172916e-05 -7.70643265e-06
 1.54291884e+01 9.52725473e-05 -7.67521665e-06
 1.54483912e+01 9.51281666e-05 -7.64457828e-06
 1.54675918e+01 9.49838829e-05 -7.60711140e-06
 1.54867888e+01 9.48411190e-05 -7.55550658e-06
 1.55059823e+01 9.46990940e-05 -7.48601816e-06
 1.55251722e+01 9.45610129e-05 -7.43036653e-06
 1.55443558e+01 9.44240854e-05 -7.37084280e-06
 1.55635346e+01 9.42891816e-05 -7.31669475e-06
 1.55827084e+01 9.41550105e-05 -7.26043635e-06
 1.56018747e+01 9.40209586e-05 -7.18734078e-06
 1.56210361e+01 9.38876452e-05 -7.11423255e-06
 1.56401913e+01 9.37561575e-05 -7.03871472e-06
 1.56593404e+01 9.36263631e-05 -6.94597637e-06
 1.56784807e+01 9.34982950e-05 -6.83541428e-06
 1.56976146e+01 9.33708582e-05 -6.72340592e-06
 1.57167398e+01 9.32436386e-05 -6.60335217e-06
 1.57358561e+01 9.31176713e-05 -6.46601630e-06
 1.57549634e+01 9.29944720e-05 -6.32258352e-06
 1.57740606e+01 9.28732585e-05 -6.19025138e-06
 1.57931516e+01 9.27547436e-05 -6.06405257e-06
 1.58122364e+01 9.26394770e-05 -5.93814485e-06
 1.58313163e+01 9.25263662e-05 -5.81712986e-06
 1.58503887e+01 9.24162227e-05 -5.70043518e-06
 1.58694534e+01 9.23083525e-05 -5.57837806e-06
 1.58885093e+01 9.22029914e-05 -5.45346846e-06
 1.59075562e+01 9.21001155e-05 -5.32239455e-06
 1.59265943e+01 9.19982499e-05 -5.20634685e-06
 1.59456263e+01 9.18969187e-05 -5.09231710e-06
 1.59646520e+01 9.17966760e-05 -4.99227006e-06
 1.59836702e+01 9.16987591e-05 -4.89517048e-06
 1.60026821e+01 9.16019527e-05 -4.81257422e-06
 1.60216891e+01 9.15009198e-05 -4.77095590e-06
 1.60406885e+01 9.14006738e-05 -4.74042655e-06
 1.60596804e+01 9.13002300e-05 -4.72124260e-06
 1.60786634e+01 9.11993463e-05 -4.71080315e-06
 1.60976415e+01 9.10987902e-05 -4.70673268e-06
 1.61166147e+01 9.10000556e-05 -4.71468116e-06
 1.61355817e+01 9.09020579e-05 -4.73610496e-06
 1.61545424e+01 9.08039358e-05 -4.75983964e-06
 1.61734970e+01 9.07071921e-05 -4.78351830e-06
 1.61924453e+01 9.06101410e-05 -4.81211843e-06
 1.62113860e+01 9.05126159e-05 -4.84134584e-06
 1.62303180e+01 9.04158279e-05 -4.87784051e-06
 1.62492411e+01 9.03187477e-05 -4.92380553e-06
 1.62681553e+01 9.02218373e-05 -4.96752885e-06
 1.62870607e+01 9.01246494e-05 -5.01595389e-06
 1.63059573e+01 9.00266715e-05 -5.06995724e-06
 1.63248424e+01 8.99290602e-05 -5.12560653e-06
 1.63437161e+01 8.98312406e-05 -5.18383429e-06
 1.63625784e+01 8.97340896e-05 -5.24226788e-06
 1.63814279e+01 8.96358203e-05 -5.30637163e-06
 1.64002659e+01 8.95365864e-05 -5.37121258e-06
 1.64190925e+01 8.94367584e-05 -5.43987582e-06
 1.64379077e+01 8.93362389e-05 -5.50442456e-06
 1.64567126e+01 8.92344772e-05 -5.56134734e-06
 1.64755087e+01 8.91302742e-05 -5.61187663e-06
 1.64942958e+01 8.90265120e-05 -5.65384947e-06
 1.65130727e+01 8.89238556e-05 -5.69407066e-06
 1.65318409e+01 8.88205974e-05 -5.73843204e-06
 1.65506002e+01 8.87166899e-05 -5.78000224e-06
 1.65693519e+01 8.86120979e-05 -5.82021143e-06
 1.65880948e+01 8.85056098e-05 -5.86233884e-06
 1.66068314e+01 8.83971346e-05 -5.90279441e-06
 1.66255631e+01 8.82855402e-05 -5.94544655e-06
 1.66442912e+01 8.81721979e-05 -5.99003398e-06
 1.66630117e+01 8.80583209e-05 -6.03179913e-06
 1.66817273e+01 8.79439498e-05 -6.07268780e-06
 1.67004406e+01 8.78278679e-05 -6.10297772e-06
 1.67191504e+01 8.77128785e-05 -6.13353783e-06
 1.67378579e+01 8.75998142e-05 -6.18142574e-06
 1.67565617e+01 8.74860651e-05 -6.22498135e-06
 1.67752618e+01 8.73717119e-05 -6.26064619e-06
 1.67939557e+01 8.72562915e-05 -6.28632465e-06
 1.68126473e+01 8.71413135e-05 -6.30611032e-06
 1.68313366e+01 8.70263628e-05 -6.31454341e-06
 1.68500223e+01 8.69118104e-05 -6.31243300e-06
 1.68687045e+01 8.67982417e-05 -6.29434686e-06
 1.68873817e+01 8.66859753e-05 -6.28225126e-06
 1.69060525e+01 8.65737565e-05 -6.25727597e-06
 1.69247157e+01 8.64620541e-05 -6.22725485e-06
 1.69433740e+01 8.63523511e-05 -6.18346207e-06
 1.69620249e+01 8.62432029e-05 -6.13999491e-06
 1.69806615e+01 8.61357953e-05 -6.10434498e-06
 1.69992920e+01 8.60297956e-05 -6.07004972e-06
 1.70179161e+01 8.59244362e-05 -6.03599459e-06
 1.70365327e+01 8.58201785e-05 -6.00444904e-06
 1.70551403e+01 8.57161806e-05 -5.96726458e-06
 1.70737404e+01 8.56117342e-05 -5.92603781e-06
 1.70923329e+01 8.55072429e-05 -5.88146050e-06
 1.71109152e+01 8.54024037e-05 -5.82510838e-06
 1.71294900e+01 8.52976615e-05 -5.76269886e-06
 1.71480573e+01 8.51924994e-05 -5.69205552e-06
 1.71666157e+01 8.50870882e-05 -5.61220836e-06
 1.71851665e+01 8.49823393e-05 -5.53113833e-06
 1.72037111e+01 8.48780474e-05 -5.45754643e-06
 1.72222507e+01 8.47725852e-05 -5.39089744e-06
 1.72407827e+01 8.46673898e-05 -5.31646891e-06
 1.72593072e+01 8.45638394e-05 -5.24398499e-06
 1.72778280e+01 8.44611641e-05 -5.17823371e-06
 1.72963451e+01 8.43586583e-05 -5.10922324e-06
 1.73148586e+01 8.42572954e-05 -5.04689539e-06
 1.73333671e+01 8.41573231e-05 -4.99491100e-06
 1.73518705e+01 8.40589816e-05 -4.95187704e-06
 1.73703704e+01 8.39616085e-05 -4.92105074e-06
 1.73888652e+01 8.38661540e-05 -4.89207471e-06
 1.74073551e+01 8.37711453e-05 -4.85992327e-06
 1.74258374e+01 8.36769918e-05 -4.82761195e-06
 1.74443148e+01 8.35831663e-05 -4.79849235e-06
 1.74627886e+01 8.34901880e-05 -4.76977952e-06
 1.74812561e+01 8.33980186e-05 -4.74970271e-06
 1.74997186e+01 8.33054604e-05 -4.74967533e-06
 1.75181762e+01 8.32120860e-05 -4.76268293e-06
 1.75366262e+01 8.31202573e-05 -4.78817829e-06
 1.75550673e+01 8.30297121e-05 -4.81808160e-06
 1.75734970e+01 8.29385774e-05 -4.85414197e-06
 1.75919152e+01 8.28466458e-05 -4.89051448e-06
 1.76103258e+01 8.27557108e-05 -4.93499197e-06
 1.76287263e+01 8.26644900e-05 -4.99373162e-06
 1.76471152e+01 8.25727213e-05 -5.05366238e-06
 1.76654939e+01 8.24795630e-05 -5.10997059e-06
 1.76838611e+01 8.23865749e-05 -5.17001337e-06
 1.77022168e+01 8.22939106e-05 -5.22762952e-06
 1.77205611e+01 8.21999325e-05 -5.28166381e-06
 1.77388952e+01 8.21052506e-05 -5.34039208e-06
 1.77572178e+01 8.20093220e-05 -5.39378763e-06
 1.77755289e+01 8.19122796e-05 -5.43440681e-06
 1.77938310e+01 8.18125963e-05 -5.47017020e-06
 1.78121243e+01 8.17092211e-05 -5.49984226e-06
 1.78304100e+01 8.16048535e-05 -5.53359704e-06
 1.78486869e+01 8.15003649e-05 -5.55805411e-06
 1.78669576e+01 8.13947561e-05 -5.58657882e-06
 1.78852207e+01 8.12863649e-05 -5.60356462e-06
 1.79034762e+01 8.11770066e-05 -5.61921121e-06
 1.79217293e+01 8.10716669e-05 -5.66294380e-06
 1.79399762e+01 8.09658926e-05 -5.70438175e-06
 1.79582155e+01 8.08608399e-05 -5.74543243e-06
 1.79764486e+01 8.07562176e-05 -5.78669005e-06
 1.79946755e+01 8.06512718e-05 -5.82820411e-06
 1.80128935e+01 8.05460023e-05 -5.86581153e-06
 1.80311039e+01 8.04409906e-05 -5.90362934e-06
 1.80493081e+01 8.03364612e-05 -5.93679624e-06
 1.80675046e+01 8.02309032e-05 -5.96045192e-06
 1.80856936e+01 8.01260060e-05 -5.98197646e-06
 1.81038764e+01 8.00209716e-05 -6.00461814e-06
 1.81220528e+01 7.99160569e-05 -6.02105452e-06
 1.81402204e+01 7.98117390e-05 -6.03874604e-06
 1.81583751e+01 7.97075633e-05 -6.05010011e-06
 1.81765210e+01 7.96046165e-05 -6.05315929e-06
 1.81946580e+01 7.95026357e-05 -6.05168556e-06
 1.82127848e+01 7.94000854e-05 -6.04600347e-06
 1.82309028e+01 7.92967831e-05 -6.04452114e-06
 1.82490106e+01 7.91926263e-05 -6.03431892e-06
 1.82671096e+01 7.90892412e-05 -6.02185769e-06
 1.82851997e+01 7.89861225e-05 -6.00406683e-06
 1.83032783e+01 7.88827144e-05 -5.98732550e-06
 1.83213481e+01 7.87787330e-05 -5.96286127e-06
 1.83394090e+01 7.86739328e-05 -5.93802880e-06
 1.83574625e+01 7.85685395e-05 -5.92207689e-06
 1.83755071e+01 7.84616265e-05 -5.89799672e-06
 1.83935455e+01 7.83493683e-05 -5.89254328e-06
 1.84115750e+01 7.82365305e-05 -5.88795075e-06
 1.84295930e+01 7.81230698e-05 -5.88099480e-06
 1.84475995e+01 7.80088833e-05 -5.87482360e-06
 1.84655984e+01 7.78940833e-05 -5.87464089e-06
 1.84835899e+01 7.77787598e-05 -5.87896921e-06
 1.85015750e+01 7.76649345e-05 -5.89430482e-06
 1.85195539e+01 7.75516783e-05 -5.92095392e-06
 1.85375239e+01 7.74380158e-05 -5.94802181e-06
 1.85554863e+01 7.73243811e-05 -5.97815152e-06
 1.85734412e+01 7.72115362e-05 -6.00735319e-06
 1.85913885e+01 7.70984668e-05 -6.03625047e-06
 1.86093297e+01 7.69860548e-05 -6.06472352e-06
 1.86272647e+01 7.68743663e-05 -6.09108674e-06
 1.86451934e+01 7.67639261e-05 -6.11407699e-06
 1.86631158e+01 7.66534791e-05 -6.14433870e-06
 1.86810319e+01 7.65433230e-05 -6.17442600e-06
 1.86989406e+01 7.64336002e-05 -6.20169765e-06
 1.87168391e+01 7.63242969e-05 -6.22989316e-06
 1.87347261e+01 7.62151820e-05 -6.25375481e-06
 1.87526017e+01 7.61081601e-05 -6.27099283e-06
 1.87704683e+01 7.60011442e-05 -6.28515980e-06
 1.87883235e+01 7.58946734e-05 -6.29986277e-06
 1.88061672e+01 7.57860835e-05 -6.31779847e-06
 1.88240007e+01 7.56789727e-05 -6.33187501e-06
 1.88418215e+01 7.55720504e-05 -6.33359293e-06
 1.88596296e+01 7.54652490e-05 -6.33024849e-06
 1.88774275e+01 7.53577511e-05 -6.32843733e-06
 1.88952152e+01 7.52498218e-05 -6.32482831e-06
 1.89129927e+01 7.51414885e-05 -6.31897907e-06
 1.89307600e+01 7.50334884e-05 -6.31305288e-06
 1.89485185e+01 7.49253816e-05 -6.30599101e-06
 1.89662694e+01 7.48157986e-05 -6.30076786e-06
 1.89840116e+01 7.47059013e-05 -6.29561660e-06
 1.90017436e+01 7.45960765e-05 -6.28440630e-06
 1.90194654e+01 7.44863155e-05 -6.26722226e-06
 1.90371770e+01 7.43763407e-05 -6.24609293e-06
 1.90548786e+01 7.42677438e-05 -6.21851357e-06
 1.90725739e+01 7.41612037e-05 -6.19528542e-06
 1.90902617e+01 7.40543643e-05 -6.16550234e-06
 1.91079407e+01 7.39478995e-05 -6.12326158e-06
 1.91256095e+01 7.38434200e-05 -6.07260480e-06
 1.91432655e+01 7.37401027e-05 -6.01613538e-06
 1.91609113e+01 7.36381457e-05 -5.95558550e-06
 1.91785457e+01 7.35376617e-05 -5.88728495e-06
 1.91961686e+01 7.34389237e-05 -5.80742272e-06
 1.92137814e+01 7.33415328e-05 -5.72958750e-06
 1.92313814e+01 7.32446195e-05 -5.64259403e-06
 1.92489686e+01 7.31488796e-05 -5.54794139e-06
 1.92665431e+01 7.30536556e-05 -5.44876012e-06
 1.92841033e+01 7.29610024e-05 -5.34029858e-06
 1.93016429e+01 7.28697785e-05 -5.23661690e-06
 1.93191698e+01 7.27806637e-05 -5.12488758e-06
 1.93366852e+01 7.26941433e-05 -5.02396084e-06
 1.93541892e+01 7.26104284e-05 -4.93113081e-06
 1.93716804e+01 7.25266798e-05 -4.84846624e-06
 1.93891587e+01 7.24430200e-05 -4.76628504e-06
 1.94066217e+01 7.23607638e-05 -4.68428505e-06
 1.94240693e+01 7.22797930e-05 -4.60139222e-06
 1.94415041e+01 7.21996459e-05 -4.51649141e-06
 1.94589261e+01 7.21209059e-05 -4.44061253e-06
 1.94763340e+01 7.20435837e-05 -4.36023598e-06
 1.94937278e+01 7.19672244e-05 -4.28428105e-06
 1.95111087e+01 7.18910306e-05 -4.21097595e-06
 1.95284769e+01 7.18132884e-05 -4.14381493e-06
 1.95458309e+01 7.17361484e-05 -4.07636228e-06
 1.95631695e+01 7.16600499e-05 -4.01310036e-06
 1.95804928e+01 7.15845578e-05 -3.95054724e-06
 1.95978020e+01 7.15093550e-05 -3.88153699e-06
 1.96150983e+01 7.14354023e-05 -3.82014201e-06
 1.96323844e+01 7.13628248e-05 -3.77657098e-06
 1.96496591e+01 7.12917314e-05 -3.73487651e-06
 1.96669209e+01 7.12203396e-05 -3.69474961e-06
 1.96841701e+01 7.11502646e-05 -3.66435364e-06
 1.97014050e+01 7.10824588e-05 -3.64478182e-06
 1.97186271e+01 7.10158682e-05 -3.63048113e-06
 1.97358378e+01 7.09491934e-05 -3.62483757e-06
 1.97530356e+01 7.08831893e-05 -3.62650496e-06
 1.97702180e+01 7.08181537e-05 -3.62836381e-06
 1.97873851e+01 7.07527756e-05 -3.64167281e-06
 1.98045368e+01 7.06879289e-05 -3.66576802e-06
 1.98216744e+01 7.06240631e-05 -3.69048122e-06
 1.98387953e+01 7.05614121e-05 -3.71488832e-06
 1.98558968e+01 7.04983412e-05 -3.74790023e-06
 1.98729815e+01 7.04348091e-05 -3.79253428e-06
 1.98900509e+01 7.03714982e-05 -3.83482333e-06
 1.99071048e+01 7.03086919e-05 -3.88232300e-06
 1.99241420e+01 7.02454469e-05 -3.93249295e-06
 1.99411650e+01 7.01817590e-05 -3.98268362e-06
 1.99581713e+01 7.01173757e-05 -4.02637413e-06
 1.99751596e+01 7.00523393e-05 -4.05659917e-06
 1.99921323e+01 6.99860364e-05 -4.07959438e-06
 2.00090910e+01 6.99188615e-05 -4.09916474e-06
 2.00260356e+01 6.98526943e-05 -4.11413057e-06
 2.00429634e+01 6.97858884e-05 -4.12370550e-06
 2.00598771e+01 6.97174117e-05 -4.12662607e-06
 2.00767755e+01 6.96465844e-05 -4.12627576e-06
 2.00936571e+01 6.95759744e-05 -4.11442765e-06
 2.01105232e+01 6.95059113e-05 -4.08401389e-06
 2.01273739e+01 6.94352773e-05 -4.05159403e-06
 2.01442078e+01 6.93660829e-05 -4.01260190e-06
 2.01610263e+01 6.92979601e-05 -3.95431040e-06
 2.01778347e+01 6.92345875e-05 -3.91681779e-06
 2.01946289e+01 6.91710357e-05 -3.88291677e-06
 2.02114077e+01 6.91074879e-05 -3.84658324e-06
 2.02281697e+01 6.90440619e-05 -3.81034500e-06
 2.02449151e+01 6.89821653e-05 -3.77800517e-06
 2.02616424e+01 6.89218760e-05 -3.74803979e-06
 2.02783555e+01 6.88622193e-05 -3.71377493e-06
 2.02950546e+01 6.88037793e-05 -3.67986184e-06
 2.03117369e+01 6.87457363e-05 -3.65255682e-06
 2.03284026e+01 6.86876172e-05 -3.63308625e-06
 2.03450528e+01 6.86290630e-05 -3.61311264e-06
 2.03616863e+01 6.85704513e-05 -3.60079535e-06
 2.03783017e+01 6.85125924e-05 -3.58484517e-06
 2.03948977e+01 6.84546060e-05 -3.57536309e-06
 2.04114771e+01 6.83959403e-05 -3.56217463e-06
 2.04280397e+01 6.83383384e-05 -3.55271994e-06
 2.04445855e+01 6.82807411e-05 -3.54681372e-06
 2.04611145e+01 6.82228975e-05 -3.54377848e-06
 2.04776256e+01 6.81646214e-05 -3.54580865e-06
 2.04941160e+01 6.81061603e-05 -3.54547412e-06
 2.05105884e+01 6.80467234e-05 -3.52664338e-06
 2.05270414e+01 6.79867701e-05 -3.51314933e-06
 2.05434777e+01 6.79257451e-05 -3.50234006e-06
 2.05598986e+01 6.78653973e-05 -3.50485611e-06
 2.05763015e+01 6.78045025e-05 -3.49393531e-06
 2.05926865e+01 6.77415282e-05 -3.48665820e-06
 2.06090612e+01 6.76722028e-05 -3.52198757e-06
 2.06254206e+01 6.75996442e-05 -3.58657283e-06
 2.06417632e+01 6.75246791e-05 -3.67229100e-06
 2.06580890e+01 6.74479770e-05 -3.77005992e-06
 2.06743982e+01 6.73693772e-05 -3.87520437e-06
 2.06906920e+01 6.72893921e-05 -3.98602639e-06
 2.07069703e+01 6.72108099e-05 -4.10369387e-06
 2.07232319e+01 6.71310667e-05 -4.23860482e-06
 2.07394769e+01 6.70499776e-05 -4.38047284e-06
 2.07557038e+01 6.69680488e-05 -4.52504552e-06
 2.07719141e+01 6.68865774e-05 -4.67128253e-06
 2.07881065e+01 6.68038751e-05 -4.81566818e-06
 2.08042807e+01 6.67212531e-05 -4.95420305e-06
 2.08204383e+01 6.66388245e-05 -5.09713645e-06
 2.08365779e+01 6.65569796e-05 -5.23256315e-06
 2.08526995e+01 6.64734147e-05 -5.36636152e-06
 2.08688043e+01 6.63894308e-05 -5.49134049e-06
 2.08848937e+01 6.63063239e-05 -5.60307391e-06
 2.09009651e+01 6.62243254e-05 -5.69818517e-06
 2.09170196e+01 6.61419681e-05 -5.78349937e-06
 2.09330587e+01 6.60601707e-05 -5.86162347e-06
 2.09490837e+01 6.59790411e-05 -5.92709686e-06
 2.09650933e+01 6.58981457e-05 -5.98301571e-06
 2.09810887e+01 6.58176120e-05 -6.03138730e-06
 2.09970700e+01 6.57367274e-05 -6.05369474e-06
 2.10130360e+01 6.56552204e-05 -6.06318817e-06
 2.10289852e+01 6.55723861e-05 -6.05886771e-06
 2.10449188e+01 6.54894624e-05 -6.04507538e-06
 2.10608383e+01 6.54059771e-05 -6.01856628e-06
 2.10767424e+01 6.53243632e-05 -5.98386181e-06
 2.10926324e+01 6.52439931e-05 -5.93554448e-06
 2.11085070e+01 6.51633963e-05 -5.87606463e-06
 2.11243661e+01 6.50818746e-05 -5.80830214e-06
 2.11402098e+01 6.50010804e-05 -5.72398495e-06
 2.11560381e+01 6.49207807e-05 -5.63329897e-06
 2.11718510e+01 6.48407568e-05 -5.52322285e-06
 2.11876497e+01 6.47619261e-05 -5.39875320e-06
 2.12034318e+01 6.46832546e-05 -5.27227193e-06
 2.12191998e+01 6.46066228e-05 -5.15402170e-06
 2.12349511e+01 6.45310345e-05 -5.02929212e-06
 2.12506883e+01 6.44563089e-05 -4.89456177e-06
 2.12664101e+01 6.43823112e-05 -4.75545280e-06
 2.12821166e+01 6.43093887e-05 -4.60549277e-06
 2.12978090e+01 6.42376103e-05 -4.45172767e-06
 2.13134885e+01 6.41676987e-05 -4.29861620e-06
 2.13291526e+01 6.40986840e-05 -4.14029250e-06
 2.13448025e+01 6.40318633e-05 -3.98225494e-06
 2.13604358e+01 6.39672827e-05 -3.82154445e-06
 2.13760536e+01 6.39028942e-05 -3.66026271e-06
 2.13916559e+01 6.38403503e-05 -3.49322449e-06
 2.14072414e+01 6.37799890e-05 -3.34114628e-06
 2.14227971e+01 6.37221749e-05 -3.20926823e-06
 2.14383360e+01 6.36649172e-05 -3.08956029e-06
 2.14538594e+01 6.36091714e-05 -2.99552370e-06
 2.14693661e+01 6.35537866e-05 -2.92525160e-06
 2.14848559e+01 6.34981412e-05 -2.86793185e-06
 2.15003290e+01 6.34418577e-05 -2.81955416e-06
 2.15157867e+01 6.33864205e-05 -2.78243181e-06
 2.15312277e+01 6.33321252e-05 -2.76688695e-06
 2.15466519e+01 6.32780741e-05 -2.75884033e-06
 2.15620606e+01 6.32244910e-05 -2.75907183e-06
 2.15774537e+01 6.31713091e-05 -2.76976458e-06
 2.15928288e+01 6.31186043e-05 -2.79350997e-06
 2.16081884e+01 6.30663836e-05 -2.82153230e-06
 2.16235339e+01 6.30124611e-05 -2.86279044e-06
 2.16388626e+01 6.29584191e-05 -2.91493573e-06
 2.16541745e+01 6.29041851e-05 -2.98820835e-06
 2.16694697e+01 6.28486189e-05 -3.06697496e-06
 2.16847483e+01 6.27932374e-05 -3.14873133e-06
 2.17000114e+01 6.27390643e-05 -3.23443440e-06
 2.17152592e+01 6.26860737e-05 -3.34391401e-06
 2.17304915e+01 6.26323265e-05 -3.45644148e-06
 2.17457045e+01 6.25781931e-05 -3.55532974e-06
 2.17608995e+01 6.25248192e-05 -3.66235457e-06
 2.17760765e+01 6.24704472e-05 -3.76562993e-06
 2.17912354e+01 6.24135297e-05 -3.86755921e-06
 2.18063751e+01 6.23546795e-05 -3.96868296e-06
 2.18214967e+01 6.22956513e-05 -4.08454867e-06
 2.18366004e+01 6.22355934e-05 -4.20907892e-06
 2.18516848e+01 6.21760147e-05 -4.33254366e-06
 2.18667512e+01 6.21151701e-05 -4.44911051e-06
 2.18817982e+01 6.20539971e-05 -4.54777117e-06
 2.18968271e+01 6.19914415e-05 -4.64264371e-06
 2.19118354e+01 6.19284023e-05 -4.72584424e-06
 2.19268258e+01 6.18650789e-05 -4.80323160e-06
 2.19417967e+01 6.18015068e-05 -4.88109954e-06
 2.19567483e+01 6.17370807e-05 -4.95973192e-06
 2.19716807e+01 6.16718406e-05 -5.04051841e-06
 2.19865962e+01 6.16052371e-05 -5.10916425e-06
 2.20014935e+01 6.15377940e-05 -5.17142990e-06
 2.20163728e+01 6.14708008e-05 -5.21299834e-06
 2.20312327e+01 6.14028723e-05 -5.23509455e-06
 2.20460746e+01 6.13342533e-05 -5.24482933e-06
 2.20608970e+01 6.12652067e-05 -5.23953633e-06
 2.20757002e+01 6.11944291e-05 -5.23365359e-06
 2.20904839e+01 6.11220080e-05 -5.21071478e-06
 2.21052496e+01 6.10467005e-05 -5.17298418e-06
 2.21199960e+01 6.09699767e-05 -5.12247915e-06
 2.21347243e+01 6.08928788e-05 -5.05205197e-06
 2.21494307e+01 6.08157090e-05 -4.96031715e-06
 2.21641178e+01 6.07375461e-05 -4.83025564e-06
 2.21787868e+01 6.06591552e-05 -4.68749516e-06
 2.21934431e+01 6.05859227e-05 -4.56934748e-06
 2.22080801e+01 6.05162234e-05 -4.46822513e-06
 2.22226977e+01 6.04486209e-05 -4.38119447e-06
 2.22372973e+01 6.03828873e-05 -4.30050954e-06
 2.22518775e+01 6.03192913e-05 -4.22648228e-06
 2.22664383e+01 6.02568641e-05 -4.16565514e-06
 2.22809798e+01 6.01925282e-05 -4.11190389e-06
 2.22955019e+01 6.01296957e-05 -4.07213519e-06
 2.23100047e+01 6.00687853e-05 -4.04020463e-06
 2.23244882e+01 6.00082660e-05 -4.02173964e-06
 2.23389510e+01 5.99485665e-05 -3.99962609e-06
 2.23533971e+01 5.98899334e-05 -3.98611794e-06
 2.23678252e+01 5.98314535e-05 -3.97267439e-06
 2.23822314e+01 5.97749622e-05 -3.96313835e-06
 2.23966195e+01 5.97182011e-05 -3.95364838e-06
 2.24109881e+01 5.96638905e-05 -3.95260427e-06
 2.24253374e+01 5.96107149e-05 -3.95672347e-06
 2.24396673e+01 5.95567355e-05 -3.95811902e-06
 2.24539766e+01 5.95019812e-05 -3.94391041e-06
 2.24682651e+01 5.94469281e-05 -3.93114042e-06
 2.24825317e+01 5.93914574e-05 -3.92123931e-06
 2.24967803e+01 5.93349728e-05 -3.91110018e-06
 2.25110095e+01 5.92781119e-05 -3.89779086e-06
 2.25252193e+01 5.92218140e-05 -3.88110863e-06
 2.25394085e+01 5.91642982e-05 -3.86979961e-06
 2.25535783e+01 5.91057495e-05 -3.87897877e-06
 2.25677300e+01 5.90441431e-05 -3.92685479e-06
 2.25818611e+01 5.89815448e-05 -3.98932799e-06
 2.25959728e+01 5.89192793e-05 -4.05038578e-06
 2.26100651e+01 5.88573780e-05 -4.09553207e-06
 2.26241394e+01 5.87950758e-05 -4.12770466e-06
 2.26381930e+01 5.87322454e-05 -4.17153709e-06
 2.26522285e+01 5.86715100e-05 -4.21354810e-06
 2.26662446e+01 5.86092704e-05 -4.25848150e-06
 2.26802413e+01 5.85471443e-05 -4.30561659e-06
 2.26942174e+01 5.84844057e-05 -4.35090013e-06
 2.27081729e+01 5.84216292e-05 -4.38281618e-06
 2.27221077e+01 5.83582072e-05 -4.43482312e-06
 2.27360193e+01 5.82955619e-05 -4.48374447e-06
 2.27499103e+01 5.82337396e-05 -4.51827300e-06
 2.27637807e+01 5.81727032e-05 -4.54284097e-06
 2.27776290e+01 5.81119887e-05 -4.56932222e-06
 2.27914581e+01 5.80506464e-05 -4.59374191e-06
 2.28052664e+01 5.79895259e-05 -4.61976147e-06
 2.28190527e+01 5.79288262e-05 -4.64190434e-06
 2.28328172e+01 5.78680346e-05 -4.67396475e-06
 2.28465609e+01 5.78074106e-05 -4.69808592e-06
 2.28602839e+01 5.77452215e-05 -4.71966071e-06
 2.28739889e+01 5.76840418e-05 -4.73844503e-06
 2.28876733e+01 5.76221920e-05 -4.74996066e-06
 2.29013357e+01 5.75612432e-05 -4.75539136e-06
 2.29149787e+01 5.74995584e-05 -4.74669186e-06
 2.29286011e+01 5.74380266e-05 -4.72869418e-06
 2.29422028e+01 5.73776572e-05 -4.70047177e-06
 2.29557826e+01 5.73193309e-05 -4.66552705e-06
 2.29693429e+01 5.72613427e-05 -4.63330135e-06
 2.29828827e+01 5.72050259e-05 -4.59523818e-06
 2.29964018e+01 5.71481334e-05 -4.57075369e-06
 2.30099015e+01 5.70898426e-05 -4.55971165e-06
 2.30233805e+01 5.70312593e-05 -4.54173388e-06
 2.30368389e+01 5.69726125e-05 -4.51742650e-06
 2.30502780e+01 5.69141352e-05 -4.48529161e-06
 2.30636950e+01 5.68560737e-05 -4.44353858e-06
 2.30770901e+01 5.67966026e-05 -4.40125971e-06
 2.30904657e+01 5.67394465e-05 -4.35165354e-06
 2.31038195e+01 5.66827872e-05 -4.30324852e-06
 2.31171539e+01 5.66255560e-05 -4.26776885e-06
 2.31304677e+01 5.65691973e-05 -4.23322893e-06
 2.31437596e+01 5.65133508e-05 -4.19199094e-06
 2.31570321e+01 5.64561965e-05 -4.15016265e-06
 2.31702840e+01 5.64000754e-05 -4.10612691e-06
 2.31835165e+01 5.63437689e-05 -4.07072525e-06
 2.31967270e+01 5.62869219e-05 -4.02610045e-06
 2.32099180e+01 5.62297056e-05 -3.97895820e-06
 2.32230885e+01 5.61716802e-05 -3.93614100e-06
 2.32362395e+01 5.61147637e-05 -3.91050901e-06
 2.32493698e+01 5.60588343e-05 -3.89835715e-06
 2.32624781e+01 5.60023048e-05 -3.92122173e-06
 2.32755670e+01 5.59466683e-05 -3.95893513e-06
 2.32886365e+01 5.58901370e-05 -3.99380204e-06
 2.33016867e+01 5.58337073e-05 -4.03090492e-06
 2.33147175e+01 5.57756028e-05 -4.06690748e-06
 2.33277290e+01 5.57173518e-05 -4.11660961e-06
 2.33407211e+01 5.56593829e-05 -4.14449060e-06
 2.33536938e+01 5.56007557e-05 -4.17933687e-06
 2.33666484e+01 5.55427546e-05 -4.20847677e-06
 2.33795863e+01 5.54851201e-05 -4.24658988e-06
 2.33925073e+01 5.54274873e-05 -4.29861910e-06
 2.34054116e+01 5.53686840e-05 -4.36817461e-06
 2.34183030e+01 5.53083120e-05 -4.45419579e-06
 2.34311790e+01 5.52428236e-05 -4.55700323e-06
 2.34440369e+01 5.51765246e-05 -4.65132984e-06
 2.34568780e+01 5.51096663e-05 -4.74192274e-06
 2.34697010e+01 5.50414781e-05 -4.83388921e-06
 2.34825073e+01 5.49731955e-05 -4.94609914e-06
 2.34952981e+01 5.49048561e-05 -5.05951507e-06
 2.35080734e+01 5.48371401e-05 -5.19063812e-06
 2.35208332e+01 5.47682571e-05 -5.34426340e-06
 2.35335763e+01 5.46989406e-05 -5.50048897e-06
 2.35463039e+01 5.46281232e-05 -5.65223570e-06
 2.35590173e+01 5.45560525e-05 -5.79497990e-06
 2.35717178e+01 5.44822523e-05 -5.94769948e-06
 2.35844042e+01 5.44060802e-05 -6.09972635e-06
 2.35970776e+01 5.43274911e-05 -6.25257009e-06
 2.36097369e+01 5.42472149e-05 -6.40599794e-06
 2.36223847e+01 5.41635914e-05 -6.56390636e-06
 2.36350184e+01 5.40777538e-05 -6.71459929e-06
 2.36476392e+01 5.39907699e-05 -6.85920386e-06
 2.36602471e+01 5.39037540e-05 -7.02963335e-06
 2.36728422e+01 5.38149209e-05 -7.21273157e-06
 2.36854258e+01 5.37238810e-05 -7.39246718e-06
 2.36979977e+01 5.36325562e-05 -7.57364060e-06
 2.37105581e+01 5.35391941e-05 -7.74658293e-06
 2.37231083e+01 5.34437804e-05 -7.92063536e-06
 2.37356469e+01 5.33467260e-05 -8.10064419e-06
 2.37481740e+01 5.32474014e-05 -8.25439108e-06
 2.37606909e+01 5.31472386e-05 -8.39765862e-06
 2.37731949e+01 5.30451237e-05 -8.51838703e-06
 2.37856872e+01 5.29413250e-05 -8.61674402e-06
 2.37981706e+01 5.28356038e-05 -8.71201363e-06
 2.38106424e+01 5.27284064e-05 -8.79185744e-06
 2.38231038e+01 5.26189458e-05 -8.86791013e-06
 2.38355551e+01 5.25073146e-05 -8.94689067e-06
 2.38479961e+01 5.23956471e-05 -9.01380695e-06
 2.38604256e+01 5.22837848e-05 -9.05921540e-06
 2.38728448e+01 5.21709459e-05 -9.08058083e-06
 2.38852538e+01 5.20585998e-05 -9.08648934e-06
 2.38976538e+01 5.19478781e-05 -9.08380484e-06
 2.39100423e+01 5.18409610e-05 -9.10909734e-06
 2.39224206e+01 5.17351089e-05 -9.13690711e-06
 2.39347885e+01 5.16300854e-05 -9.14432693e-06
 2.39471449e+01 5.15240778e-05 -9.12845555e-06
 2.39594898e+01 5.14189205e-05 -9.09145075e-06
 2.39718244e+01 5.13145561e-05 -9.05946161e-06
 2.39841488e+01 5.12093586e-05 -8.99885530e-06
 2.39964616e+01 5.11070214e-05 -8.92868571e-06
 2.40087629e+01 5.10069527e-05 -8.83156835e-06
 2.40210526e+01 5.09092360e-05 -8.71497641e-06
 2.40333295e+01 5.08124233e-05 -8.57625077e-06
 2.40455935e+01 5.07183273e-05 -8.45113754e-06
 2.40578421e+01 5.06259551e-05 -8.30819358e-06
 2.40700763e+01 5.05347278e-05 -8.15580119e-06
 2.40823003e+01 5.04456176e-05 -7.96969411e-06
 2.40945140e+01 5.03589783e-05 -7.76638274e-06
 2.41067162e+01 5.02751397e-05 -7.55642162e-06
 2.41189055e+01 5.01950325e-05 -7.31947163e-06
 2.41310832e+01 5.01166030e-05 -7.06950278e-06
 2.41432481e+01 5.00412976e-05 -6.81145114e-06
 2.41553988e+01 4.99689351e-05 -6.53268679e-06
 2.41675379e+01 4.99006154e-05 -6.24961096e-06
 2.41796628e+01 4.98352963e-05 -5.94785489e-06
 2.41917736e+01 4.97729157e-05 -5.64707871e-06
 2.42038702e+01 4.97126841e-05 -5.34028813e-06
 2.42159514e+01 4.96539608e-05 -5.05072394e-06
 2.42280197e+01 4.95907719e-05 -4.83792678e-06
 2.42400713e+01 4.95280433e-05 -4.62790124e-06
 2.42521035e+01 4.94664445e-05 -4.41141781e-06
 2.42641176e+01 4.94075288e-05 -4.19817748e-06
 2.42761136e+01 4.93497938e-05 -3.97229704e-06
 2.42880902e+01 4.92951381e-05 -3.75687486e-06
 2.43000474e+01 4.92437181e-05 -3.57142827e-06
 2.43119852e+01 4.91936047e-05 -3.40457570e-06
 2.43239023e+01 4.91450610e-05 -3.24162727e-06
 2.43357987e+01 4.90983047e-05 -3.08378889e-06
 2.43476730e+01 4.90545955e-05 -2.91294467e-06
 2.43595266e+01 4.90133403e-05 -2.76630565e-06
 2.43713594e+01 4.89734648e-05 -2.60332183e-06
 2.43831716e+01 4.89345659e-05 -2.45212996e-06
 2.43949643e+01 4.88990054e-05 -2.31942789e-06
 2.44067377e+01 4.88643827e-05 -2.19992545e-06
 2.44184877e+01 4.88303433e-05 -2.09342318e-06
 2.44302159e+01 4.87991555e-05 -2.00251307e-06
 2.44419220e+01 4.87699194e-05 -1.90920891e-06
 2.44536047e+01 4.87418591e-05 -1.84656403e-06
 2.44652667e+01 4.87152699e-05 -1.78632662e-06
 2.44769067e+01 4.86897279e-05 -1.73666142e-06
 2.44885246e+01 4.86665053e-05 -1.70203259e-06
 2.45001205e+01 4.86442442e-05 -1.67895020e-06
 2.45116932e+01 4.86226417e-05 -1.66019180e-06
 2.45232451e+01 4.86025805e-05 -1.66493045e-06
 2.45347750e+01 4.85837468e-05 -1.66653928e-06
 2.45462842e+01 4.85651479e-05 -1.67839965e-06
 2.45577727e+01 4.85474487e-05 -1.69263208e-06
 2.45692404e+01 4.85293653e-05 -1.73369268e-06
 2.45806861e+01 4.85130653e-05 -1.77431375e-06
 2.45921098e+01 4.84946056e-05 -1.81576189e-06
 2.46035126e+01 4.84745972e-05 -1.87308169e-06
 2.46148935e+01 4.84533055e-05 -1.91112836e-06
 2.46262536e+01 4.84309184e-05 -1.94248815e-06
 2.46375943e+01 4.84064465e-05 -1.99128582e-06
 2.46489143e+01 4.83815393e-05 -2.04745338e-06
 2.46602148e+01 4.83561481e-05 -2.11884521e-06
 2.46714960e+01 4.83336024e-05 -2.22579133e-06
 2.46827564e+01 4.83092542e-05 -2.33294482e-06
 2.46939949e+01 4.82844107e-05 -2.42368747e-06
 2.47052126e+01 4.82589800e-05 -2.51117767e-06
 2.47164122e+01 4.82336391e-05 -2.58737923e-06
 2.47275911e+01 4.82068996e-05 -2.65450206e-06
 2.47387506e+01 4.81787374e-05 -2.71081934e-06
 2.47498932e+01 4.81509591e-05 -2.76720600e-06
 2.47610151e+01 4.81229534e-05 -2.79033216e-06
 2.47721176e+01 4.80920427e-05 -2.82064851e-06
 2.47832007e+01 4.80585414e-05 -2.84355257e-06
 2.47942631e+01 4.80248803e-05 -2.86436503e-06
 2.48053059e+01 4.79910935e-05 -2.88300907e-06
 2.48163227e+01 4.79573622e-05 -2.93122890e-06
 2.48273239e+01 4.79228979e-05 -2.97961407e-06
 2.48383095e+01 4.78891407e-05 -3.03962318e-06
 2.48492810e+01 4.78527079e-05 -3.11527347e-06
 2.48602369e+01 4.78144970e-05 -3.19085028e-06
 2.48711785e+01 4.77758018e-05 -3.26248611e-06
 2.48821060e+01 4.77363344e-05 -3.34218187e-06
 2.48930178e+01 4.76977852e-05 -3.40873749e-06
 2.49039155e+01 4.76575264e-05 -3.47064166e-06
 2.49147989e+01 4.76156402e-05 -3.53987187e-06
 2.49256707e+01 4.75732865e-05 -3.61150649e-06
 2.49365296e+01 4.75304835e-05 -3.69062225e-06
 2.49473757e+01 4.74862532e-05 -3.76912580e-06
 2.49582100e+01 4.74379356e-05 -3.87946172e-06
 2.49690303e+01 4.73872125e-05 -3.98930969e-06
 2.49798362e+01 4.73364463e-05 -4.08054431e-06
 2.49906319e+01 4.72846621e-05 -4.19751153e-06
 2.50014159e+01 4.72324561e-05 -4.30260034e-06
 2.50121884e+01 4.71800814e-05 -4.42921756e-06
 2.50229518e+01 4.71291587e-05 -4.57506790e-06
 2.50337036e+01 4.70787265e-05 -4.70463243e-06
 2.50444450e+01 4.70297277e-05 -4.80246901e-06
 2.50551761e+01 4.69801995e-05 -4.89582785e-06
 2.50658955e+01 4.69310446e-05 -4.97211286e-06
 2.50766060e+01 4.68811480e-05 -5.03902932e-06
 2.50873060e+01 4.68310003e-05 -5.09802667e-06
 2.50979957e+01 4.67800141e-05 -5.16787112e-06
 2.51086725e+01 4.67298476e-05 -5.20892754e-06
 2.51193391e+01 4.66793954e-05 -5.25873174e-06
 2.51299939e+01 4.66278919e-05 -5.30926450e-06
 2.51406396e+01 4.65782223e-05 -5.35135660e-06
 2.51512751e+01 4.65295622e-05 -5.40487225e-06
 2.51619003e+01 4.64804403e-05 -5.45328294e-06
 2.51725164e+01 4.64308542e-05 -5.48277840e-06
 2.51831208e+01 4.63805615e-05 -5.50314384e-06
 2.51937136e+01 4.63314887e-05 -5.51476270e-06
 2.52042974e+01 4.62820404e-05 -5.54763726e-06
 2.52148709e+01 4.62318513e-05 -5.58134346e-06
 2.52254341e+01 4.61816297e-05 -5.60617485e-06
 2.52359869e+01 4.61290331e-05 -5.63025498e-06
 2.52465307e+01 4.60758262e-05 -5.63915308e-06
 2.52570655e+01 4.60231451e-05 -5.62658509e-06
 2.52675885e+01 4.59677474e-05 -5.58421918e-06
 2.52781012e+01 4.59131271e-05 -5.52698669e-06
 2.52886023e+01 4.58579855e-05 -5.45537169e-06
 2.52990917e+01 4.57990084e-05 -5.38213785e-06
 2.53095721e+01 4.57379280e-05 -5.29091623e-06
 2.53200422e+01 4.56765010e-05 -5.16835002e-06
 2.53305018e+01 4.56143145e-05 -5.03992273e-06
 2.53409525e+01 4.55518350e-05 -4.88805972e-06
 2.53513941e+01 4.54901162e-05 -4.73659196e-06
 2.53618306e+01 4.54364293e-05 -4.65912039e-06
 2.53722569e+01 4.53840206e-05 -4.60060706e-06
 2.53826754e+01 4.53315103e-05 -4.55063289e-06
 2.53930823e+01 4.52793442e-05 -4.50796927e-06
 2.54034788e+01 4.52279287e-05 -4.46706931e-06
 2.54138649e+01 4.51757543e-05 -4.43690736e-06
 2.54242395e+01 4.51246345e-05 -4.41439420e-06
 2.54346052e+01 4.50753625e-05 -4.39834077e-06
 2.54449618e+01 4.50260473e-05 -4.40707898e-06
 2.54553094e+01 4.49770164e-05 -4.43345016e-06
 2.54656454e+01 4.49267786e-05 -4.44542641e-06
 2.54759709e+01 4.48779063e-05 -4.45955498e-06
 2.54862862e+01 4.48288832e-05 -4.46828872e-06
 2.54965872e+01 4.47804071e-05 -4.51408634e-06
 2.55068791e+01 4.47308458e-05 -4.57622585e-06
 2.55171620e+01 4.46809092e-05 -4.66229465e-06
 2.55274332e+01 4.46321955e-05 -4.76249663e-06
 2.55376953e+01 4.45813979e-05 -4.88020596e-06
