LECROYWR6100A 18520 Waveform
Segments 1 SegmentSize 1252
Segment TrigTime TimeSinceSegment1
#1 23-Feb-2012 09:04:42 0                 
Time Ampl
-1.252e-007 -0.112681
-1.25e-007 -0.119517
-1.248e-007 -0.119449
-1.246e-007 -0.11245
-1.244e-007 -0.0989152
-1.242e-007 -0.0806604
-1.24e-007 -0.0587906
-1.238e-007 -0.0345651
-1.236e-007 -0.00933728
-1.234e-007 0.014657
-1.232e-007 0.0360984
-1.23e-007 0.053608
-1.228e-007 0.0652239
-1.226e-007 0.0702181
-1.224e-007 0.0687532
-1.222e-007 0.0622514
-1.22e-007 0.051218
-1.218e-007 0.0370836
-1.216e-007 0.0224694
-1.214e-007 0.00841212
-1.212e-007 -0.00385484
-1.21e-007 -0.0137404
-1.208e-007 -0.0199167
-1.206e-007 -0.0218784
-1.204e-007 -0.0207133
-1.202e-007 -0.0174581
-1.2e-007 -0.0127895
-1.198e-007 -0.00797524
-1.196e-007 -0.00434312
-1.194e-007 -0.00239857
-1.192e-007 -0.00257846
-1.19e-007 -0.00515692
-1.188e-007 -0.0096371
-1.186e-007 -0.0152737
-1.184e-007 -0.0212016
-1.182e-007 -0.0260844
-1.18e-007 -0.0296137
-1.178e-007 -0.0318581
-1.176e-007 -0.0317553
-1.174e-007 -0.0288942
-1.172e-007 -0.0236002
-1.17e-007 -0.0156764
-1.168e-007 -0.00595359
-1.166e-007 0.00435169
-1.164e-007 0.0144257
-1.162e-007 0.0243026
-1.16e-007 0.0331431
-1.158e-007 0.0402702
-1.156e-007 0.0449903
-1.154e-007 0.0471576
-1.152e-007 0.0461639
-1.15e-007 0.0426345
-1.148e-007 0.0366981
-1.146e-007 0.0286458
-1.144e-007 0.0196169
-1.142e-007 0.0106051
-1.14e-007 0.00216728
-1.138e-007 -0.00558524
-1.136e-007 -0.0121984
-1.134e-007 -0.0163445
-1.132e-007 -0.0179464
-1.13e-007 -0.0172012
-1.128e-007 -0.0143229
-1.126e-007 -0.00957714
-1.124e-007 -0.00364925
-1.122e-007 0.00289541
-1.12e-007 0.00854062
-1.118e-007 0.0131921
-1.116e-007 0.0162846
-1.114e-007 0.0177494
-1.112e-007 0.0172183
-1.11e-007 0.0148026
-1.108e-007 0.0111362
-1.106e-007 0.00686162
-1.104e-007 0.00277549
-1.102e-007 -0.000376917
-1.1e-007 -0.001679
-1.098e-007 -0.000505412
-1.096e-007 0.00307531
-1.094e-007 0.008849
-1.092e-007 0.0160875
-1.09e-007 0.0244997
-1.088e-007 0.0334857
-1.086e-007 0.0411868
-1.084e-007 0.0468749
-1.082e-007 0.0490593
-1.08e-007 0.0476801
-1.078e-007 0.0428059
-1.076e-007 0.0347107
-1.074e-007 0.0241227
-1.072e-007 0.0127895
-1.07e-007 0.00114789
-1.068e-007 -0.0100826
-1.066e-007 -0.0191286
-1.064e-007 -0.0255619
-1.062e-007 -0.0283117
-1.06e-007 -0.0275493
-1.058e-007 -0.0239514
-1.056e-007 -0.0175952
-1.054e-007 -0.00906316
-1.052e-007 0.00058251
-1.05e-007 0.00995406
-1.048e-007 0.0183148
-1.046e-007 0.0254677
-1.044e-007 0.030933
-1.042e-007 0.0338112
-1.04e-007 0.034034
-1.038e-007 0.0318753
-1.036e-007 0.0278577
-1.034e-007 0.0225808
-1.032e-007 0.0168414
-1.03e-007 0.0117273
-1.028e-007 0.00771825
-1.026e-007 0.00513122
-1.024e-007 0.0039662
-1.022e-007 0.00424889
-1.02e-007 0.00610778
-1.018e-007 0.00920022
-1.016e-007 0.0132007
-1.014e-007 0.0171498
-1.012e-007 0.0206277
-1.01e-007 0.0233603
-1.008e-007 0.0247995
-1.006e-007 0.0246881
-1.004e-007 0.0229577
-1.002e-007 0.0197282
-1e-007 0.0157278
-9.98e-008 0.0108364
-9.96e-008 0.0055681
-9.94e-008 0.000445449
-9.92e-008 -0.00422319
-9.9e-008 -0.00771825
-9.88e-008 -0.00972277
-9.86e-008 -0.00992836
-9.84e-008 -0.00812087
-9.82e-008 -0.00474574
-9.8e-008 -0.000222723
-9.78e-008 0.00500273
-9.76e-008 0.0104166
-9.74e-008 0.0154793
-9.72e-008 0.0199167
-9.7e-008 0.0234289
-9.68e-008 0.025836
-9.66e-008 0.026744
-9.64e-008 0.0263414
-9.62e-008 0.0247224
-9.6e-008 0.0223581
-9.58e-008 0.0197882
-9.56e-008 0.0170384
-9.54e-008 0.0146227
-9.52e-008 0.0127809
-9.5e-008 0.0115388
-9.48e-008 0.010785
-9.46e-008 0.0105623
-9.44e-008 0.0108364
-9.42e-008 0.0112476
-9.4e-008 0.0117787
-9.38e-008 0.0120956
-9.36e-008 0.0122498
-9.34e-008 0.0123441
-9.32e-008 0.01201
-9.3e-008 0.0112561
-9.28e-008 0.0102881
-9.26e-008 0.00913169
-9.24e-008 0.00782961
-9.22e-008 0.00663889
-9.2e-008 0.00576513
-9.18e-008 0.00500273
-9.16e-008 0.00474574
-9.14e-008 0.00473717
-9.12e-008 0.00510552
-9.1e-008 0.00592789
-9.08e-008 0.00706721
-9.06e-008 0.00823223
-9.04e-008 0.00982556
-9.02e-008 0.0113675
-9e-008 0.0127124
-8.98e-008 0.0139974
-8.96e-008 0.0150938
-8.94e-008 0.015625
-8.92e-008 0.0160618
-8.9e-008 0.015959
-8.88e-008 0.015505
-8.86e-008 0.0149911
-8.84e-008 0.0141344
-8.82e-008 0.0130808
-8.8e-008 0.0122241
-8.78e-008 0.0112476
-8.76e-008 0.010468
-8.74e-008 0.0100826
-8.72e-008 0.0101511
-8.7e-008 0.0102539
-8.68e-008 0.0106822
-8.66e-008 0.0109649
-8.64e-008 0.0113418
-8.62e-008 0.0117359
-8.6e-008 0.0117872
-8.58e-008 0.0115303
-8.56e-008 0.0111191
-8.54e-008 0.0103824
-8.52e-008 0.00929445
-8.5e-008 0.00834359
-8.48e-008 0.0072985
-8.46e-008 0.00622771
-8.44e-008 0.00561094
-8.42e-008 0.00519975
-8.4e-008 0.00507126
-8.38e-008 0.00545674
-8.36e-008 0.00616775
-8.34e-008 0.00695585
-8.32e-008 0.00799237
-8.3e-008 0.00905459
-8.28e-008 0.0100397
-8.26e-008 0.0108878
-8.24e-008 0.0112818
-8.22e-008 0.0114617
-8.2e-008 0.0114446
-8.18e-008 0.0111705
-8.16e-008 0.0106822
-8.14e-008 0.0101168
-8.12e-008 0.00915739
-8.1e-008 0.00810373
-8.08e-008 0.00746983
-8.06e-008 0.00675882
-8.04e-008 0.00628768
-8.02e-008 0.00610778
-8e-008 0.00585936
-7.98e-008 0.00582509
-7.96e-008 0.00615918
-7.94e-008 0.00628768
-7.92e-008 0.00651897
-7.9e-008 0.00690445
-7.88e-008 0.00711004
-7.86e-008 0.00699011
-7.84e-008 0.00690445
-7.82e-008 0.00659606
-7.8e-008 0.00610778
-7.78e-008 0.00579083
-7.76e-008 0.00502843
-7.74e-008 0.00430886
-7.72e-008 0.00376061
-7.7e-008 0.00308387
-7.68e-008 0.00268982
-7.66e-008 0.00221868
-7.64e-008 0.00209018
-7.62e-008 0.00199595
-7.6e-008 0.00205592
-7.58e-008 0.00209875
-7.56e-008 0.00227007
-7.54e-008 0.00230434
-7.52e-008 0.00235574
-7.5e-008 0.00227007
-7.48e-008 0.00210731
-7.46e-008 0.00164473
-7.44e-008 0.000976561
-7.42e-008 0.000205592
-7.4e-008 -0.000822365
-7.38e-008 -0.00185032
-7.36e-008 -0.00303247
-7.34e-008 -0.00436882
-7.32e-008 -0.00584223
-7.3e-008 -0.00750409
-7.28e-008 -0.00928588
-7.26e-008 -0.0111705
-7.24e-008 -0.0130636
-7.22e-008 -0.0154194
-7.2e-008 -0.0176723
-7.18e-008 -0.0203193
-7.16e-008 -0.0232147
-7.14e-008 -0.0261187
-7.12e-008 -0.0289627
-7.1e-008 -0.0320209
-7.08e-008 -0.0351819
-7.06e-008 -0.0384627
-7.04e-008 -0.0415638
-7.02e-008 -0.0445877
-7e-008 -0.0474574
-6.98e-008 -0.0499587
-6.96e-008 -0.0525372
-6.94e-008 -0.0545846
-6.92e-008 -0.056392
-6.9e-008 -0.0582595
-6.88e-008 -0.0599042
-6.86e-008 -0.0617032
-6.84e-008 -0.0632451
-6.82e-008 -0.0648727
-6.8e-008 -0.0664746
-6.78e-008 -0.0684962
-6.76e-008 -0.0707235
-6.74e-008 -0.0728822
-6.72e-008 -0.0751951
-6.7e-008 -0.077508
-6.68e-008 -0.079958
-6.66e-008 -0.0827163
-6.64e-008 -0.0852691
-6.62e-008 -0.0876591
-6.6e-008 -0.0895522
-6.58e-008 -0.09094
-6.56e-008 -0.0917195
-6.54e-008 -0.0916938
-6.52e-008 -0.0905888
-6.5e-008 -0.0884558
-6.48e-008 -0.0847294
-6.46e-008 -0.0791784
-6.44e-008 -0.072274
-6.42e-008 -0.0638619
-6.4e-008 -0.0534881
-6.38e-008 -0.0405444
-6.36e-008 -0.0262815
-6.34e-008 -0.0108964
-6.32e-008 0.0057223
-6.3e-008 0.0231376
-6.28e-008 0.0420435
-6.26e-008 0.0617117
-6.24e-008 0.0819025
-6.22e-008 0.101674
-6.2e-008 0.1201
-6.18e-008 0.136813
-6.16e-008 0.15093
-6.14e-008 0.1624
-6.12e-008 0.171275
-6.1e-008 0.175944
-6.08e-008 0.176723
-6.06e-008 0.173425
-6.04e-008 0.164747
-6.02e-008 0.150279
-6e-008 0.129608
-5.98e-008 0.101913
-5.96e-008 0.0671942
-5.94e-008 0.0271467
-5.92e-008 -0.0158134
-5.9e-008 -0.0614804
-5.88e-008 -0.108253
-5.86e-008 -0.152797
-5.84e-008 -0.192134
-5.82e-008 -0.224403
-5.8e-008 -0.246933
-5.78e-008 -0.259225
-5.76e-008 -0.260236
-5.74e-008 -0.250342
-5.72e-008 -0.230006
-5.7e-008 -0.199826
-5.68e-008 -0.161304
-5.66e-008 -0.116682
-5.64e-008 -0.0681022
-5.62e-008 -0.0199681
-5.6e-008 0.0242255
-5.58e-008 0.0636391
-5.56e-008 0.0971334
-5.54e-008 0.122807
-5.52e-008 0.140796
-5.5e-008 0.152095
-5.48e-008 0.158554
-5.46e-008 0.160781
-5.44e-008 0.159239
-5.42e-008 0.154536
-5.4e-008 0.147546
-5.38e-008 0.138098
-5.36e-008 0.124837
-5.34e-008 0.108055
-5.32e-008 0.0883187
-5.3e-008 0.0653524
-5.28e-008 0.0402017
-5.26e-008 0.0134491
-5.24e-008 -0.0132093
-5.22e-008 -0.0396963
-5.2e-008 -0.0646585
-5.18e-008 -0.0859887
-5.16e-008 -0.102847
-5.14e-008 -0.114977
-5.12e-008 -0.1201
-5.1e-008 -0.118446
-5.08e-008 -0.110051
-5.06e-008 -0.0953602
-5.04e-008 -0.0762573
-5.02e-008 -0.0538136
-5e-008 -0.0290227
-4.98e-008 -0.00390624
-4.96e-008 0.0195483
-4.94e-008 0.0402874
-4.92e-008 0.0565719
-4.9e-008 0.0668858
-4.88e-008 0.0704751
-4.86e-008 0.0678452
-4.84e-008 0.0601784
-4.82e-008 0.0482027
-4.8e-008 0.0340168
-4.78e-008 0.0193085
-4.76e-008 0.0055681
-4.74e-008 -0.00636477
-4.72e-008 -0.0153937
-4.7e-008 -0.0207133
-4.68e-008 -0.022024
-4.66e-008 -0.0201994
-4.64e-008 -0.0165758
-4.62e-008 -0.0118386
-4.6e-008 -0.00699868
-4.58e-008 -0.00375204
-4.56e-008 -0.00233004
-4.54e-008 -0.00302391
-4.52e-008 -0.00604782
-4.5e-008 -0.0109135
-4.48e-008 -0.0167129
-4.46e-008 -0.0223067
-4.44e-008 -0.0270867
-4.42e-008 -0.0305389
-4.4e-008 -0.0320723
-4.38e-008 -0.0314127
-4.36e-008 -0.0281917
-4.34e-008 -0.0222039
-4.32e-008 -0.0138003
-4.3e-008 -0.00380344
-4.28e-008 0.00665603
-4.26e-008 0.0166786
-4.24e-008 0.0264014
-4.22e-008 0.0348649
-4.2e-008 0.0415038
-4.18e-008 0.0458726
-4.16e-008 0.0472946
-4.14e-008 0.0456328
-4.12e-008 0.0415552
-4.1e-008 0.0352247
-4.08e-008 0.0268383
-4.06e-008 0.0176809
-4.04e-008 0.00873764
-4.02e-008 0.000274123
-4e-008 -0.0072471
-3.98e-008 -0.0132864
-3.96e-008 -0.016927
-3.94e-008 -0.0179464
-3.92e-008 -0.0166786
-3.9e-008 -0.0134405
-3.88e-008 -0.00840355
-3.86e-008 -0.00218441
-3.84e-008 0.00418036
-3.82e-008 0.00967137
-3.8e-008 0.0140402
-3.78e-008 0.0167814
-3.76e-008 0.0178265
-3.74e-008 0.0168414
-3.72e-008 0.0140145
-3.7e-008 0.0102453
-3.68e-008 0.00589362
-3.66e-008 0.00202165
-3.64e-008 -0.0007881
-3.62e-008 -0.0017047
-3.6e-008 -5.99634e-005
-3.58e-008 0.00413753
-3.56e-008 0.0101254
-3.54e-008 0.0177922
-3.52e-008 0.0264271
-3.5e-008 0.0352076
-3.48e-008 0.0426517
-3.46e-008 0.0476373
-3.44e-008 0.0490336
-3.42e-008 0.0469348
-3.4e-008 0.0414096
-3.38e-008 0.0326462
-3.36e-008 0.0217242
-3.34e-008 0.0102539
-3.32e-008 -0.00137918
-3.3e-008 -0.0121556
-3.28e-008 -0.0208675
-3.26e-008 -0.0265299
-3.24e-008 -0.0285173
-3.22e-008 -0.0270439
-3.2e-008 -0.0228806
-3.18e-008 -0.015959
-3.16e-008 -0.00714431
-3.14e-008 0.00267269
-3.12e-008 0.0119157
-3.1e-008 0.0199766
-3.08e-008 0.0269496
-3.06e-008 0.0318753
-3.04e-008 0.0341368
-3.02e-008 0.0338712
-3e-008 0.0312842
-2.98e-008 0.0268811
-2.96e-008 0.0213473
-2.94e-008 0.0155821
-2.92e-008 0.0107336
-2.9e-008 0.00702438
-2.88e-008 0.00478
-2.86e-008 0.00388911
-2.84e-008 0.00440309
-2.82e-008 0.00650183
-2.8e-008 0.0100997
-2.78e-008 0.0141259
-2.76e-008 0.0178436
-2.74e-008 0.0212616
-2.72e-008 0.0237972
-2.7e-008 0.0247481
-2.68e-008 0.0243969
-2.66e-008 0.022478
-2.64e-008 0.0189744
-2.62e-008 0.014794
-2.6e-008 0.00980843
-2.58e-008 0.00442879
-2.56e-008 -0.000402616
-2.54e-008 -0.00507126
-2.52e-008 -0.00837785
-2.5e-008 -0.00997976
-2.48e-008 -0.0097656
-2.46e-008 -0.00756405
-2.44e-008 -0.00388911
-2.42e-008 0.000762403
-2.4e-008 0.00605638
-2.38e-008 0.0115046
-2.36e-008 0.0164473
-2.34e-008 0.0207647
-2.32e-008 0.0240628
-2.3e-008 0.0262301
-2.28e-008 0.0266584
-2.26e-008 0.026033
-2.24e-008 0.024217
-2.22e-008 0.0217841
-2.2e-008 0.0190857
-2.18e-008 0.0164902
-2.16e-008 0.0142029
-2.14e-008 0.0125068
-2.12e-008 0.0114275
-2.1e-008 0.0107507
-2.08e-008 0.0106222
-2.06e-008 0.0109991
-2.04e-008 0.0113161
-2.02e-008 0.011693
-2e-008 0.0121984
-1.98e-008 0.0122327
-1.96e-008 0.0122841
-1.94e-008 0.0119072
-1.92e-008 0.0110591
-1.9e-008 0.0102196
-1.88e-008 0.00896893
-1.86e-008 0.00758976
-1.84e-008 0.0064847
-1.82e-008 0.00573086
-1.8e-008 0.00496846
-1.78e-008 0.00478
-1.76e-008 0.00489137
-1.74e-008 0.00532825
-1.72e-008 0.00609065
-1.7e-008 0.00718714
-1.68e-008 0.00858345
-1.66e-008 0.0101168
-1.64e-008 0.0117701
-1.62e-008 0.0130379
-1.6e-008 0.0142629
-1.58e-008 0.0152652
-1.56e-008 0.0157192
-1.54e-008 0.016079
-1.52e-008 0.0159762
-1.5e-008 0.0154622
-1.48e-008 0.0148626
-1.46e-008 0.0140145
-1.44e-008 0.0129266
-1.42e-008 0.0119586
-1.4e-008 0.0111276
-1.38e-008 0.0103481
-1.36e-008 0.0101083
-1.34e-008 0.0101511
-1.32e-008 0.0102796
-1.3e-008 0.0107507
-1.28e-008 0.0111533
-1.26e-008 0.0113589
-1.24e-008 0.0116416
-1.22e-008 0.0117016
-1.2e-008 0.0115388
-1.18e-008 0.0109649
-1.16e-008 0.0102025
-1.14e-008 0.00906316
-1.12e-008 0.0080866
-1.1e-008 0.00700725
-1.08e-008 0.00609065
-1.06e-008 0.00545674
-1.04e-008 0.00513122
-1.02e-008 0.00517405
-1e-008 0.00565377
-9.8e-009 0.00618488
-9.6e-009 0.00718714
-9.4e-009 0.00817226
-9.2e-009 0.00926019
-9e-009 0.010074
-8.8e-009 0.010982
-8.6e-009 0.0115046
-8.4e-009 0.0115988
-8.2e-009 0.0114018
-8e-009 0.0111105
-7.8e-009 0.0103652
-7.6e-009 0.0097656
-7.4e-009 0.00890897
-7.2e-009 0.00794954
-7e-009 0.00731563
-6.8e-009 0.00659606
-6.6e-009 0.00620201
-6.4e-009 0.00591076
-6.2e-009 0.00571373
-6e-009 0.00584223
-5.8e-009 0.00624484
-5.6e-009 0.00644187
-5.4e-009 0.0065875
-5.2e-009 0.00695585
-5e-009 0.00705008
-4.8e-009 0.00699868
-4.6e-009 0.00678452
-4.4e-009 0.00651897
-4.2e-009 0.00608208
-4e-009 0.00558524
-3.8e-009 0.0049599
-3.6e-009 0.00424033
-3.4e-009 0.00362355
-3.2e-009 0.00299821
-3e-009 0.0025185
-2.8e-009 0.00216728
-2.6e-009 0.00201308
-2.4e-009 0.00198739
-2.2e-009 0.00213301
-2e-009 0.00222724
-1.8e-009 0.00229577
-1.6e-009 0.00240714
-1.4e-009 0.0024157
-1.2e-009 0.00221011
-1e-009 0.00195312
-8e-010 0.00137061
-6e-010 0.000830933
-4e-010 5.9965e-005
-2e-010 -0.000925161
3.54085e-022 -0.00203878
2e-010 -0.00345222
4e-010 -0.0047543
6e-010 -0.0063562
8e-010 -0.00787244
1e-009 -0.00961997
1.2e-009 -0.0114703
1.4e-009 -0.0136033
1.6e-009 -0.0159076
1.8e-009 -0.0182462
2e-009 -0.0209275
2.2e-009 -0.0238229
2.4e-009 -0.0267783
2.6e-009 -0.0294167
2.8e-009 -0.0326805
3e-009 -0.0358586
3.2e-009 -0.0388996
3.4e-009 -0.0422148
3.6e-009 -0.045273
3.8e-009 -0.048057
4e-009 -0.0505241
4.2e-009 -0.0529741
4.4e-009 -0.05503
4.6e-009 -0.0567433
4.8e-009 -0.0585422
5e-009 -0.0603925
5.2e-009 -0.062003
5.4e-009 -0.0635535
5.6e-009 -0.0651896
5.8e-009 -0.0670143
6e-009 -0.068976
6.2e-009 -0.0711261
6.4e-009 -0.073242
6.6e-009 -0.0756234
6.8e-009 -0.0780648
7e-009 -0.080609
7.2e-009 -0.0833074
7.4e-009 -0.0857916
7.6e-009 -0.0881045
7.8e-009 -0.0899634
8e-009 -0.0912055
8.2e-009 -0.0918652
8.4e-009 -0.0915996
8.6e-009 -0.090289
8.8e-009 -0.0877019
9e-009 -0.0836586
9.2e-009 -0.0779106
9.4e-009 -0.0705436
9.6e-009 -0.0619088
9.8e-009 -0.0508325
1e-008 -0.0375719
1.02e-008 -0.0231376
1.04e-008 -0.0072471
1.06e-008 0.00939725
1.08e-008 0.0270353
1.1e-008 0.0463695
1.12e-008 0.0661319
1.14e-008 0.0861771
1.16e-008 0.105725
1.18e-008 0.123766
1.2e-008 0.140076
1.22e-008 0.15368
1.24e-008 0.16467
1.26e-008 0.172543
1.28e-008 0.176346
1.3e-008 0.176372
1.32e-008 0.172037
1.34e-008 0.162246
1.36e-008 0.146415
1.38e-008 0.124237
1.4e-008 0.095206
1.42e-008 0.0590904
1.44e-008 0.0180235
1.46e-008 -0.0253477
1.48e-008 -0.0714174
1.5e-008 -0.118078
1.52e-008 -0.161809
1.54e-008 -0.199852
1.56e-008 -0.2301
1.58e-008 -0.250376
1.6e-008 -0.260322
1.62e-008 -0.258943
1.64e-008 -0.246718
1.66e-008 -0.224335
1.68e-008 -0.192151
1.7e-008 -0.152121
1.72e-008 -0.106402
1.74e-008 -0.0576599
1.76e-008 -0.010074
1.78e-008 0.0331602
1.8e-008 0.071623
1.82e-008 0.103575
1.84e-008 0.127467
1.86e-008 0.143649
1.88e-008 0.153834
1.9e-008 0.159333
1.92e-008 0.160755
1.94e-008 0.158434
1.96e-008 0.153354
1.98e-008 0.145859
2e-008 0.13563
2.02e-008 0.121436
2.04e-008 0.104175
2.06e-008 0.0836072
2.08e-008 0.0602126
2.1e-008 0.0344451
2.12e-008 0.00776108
2.14e-008 -0.0188116
2.16e-008 -0.0451616
2.18e-008 -0.0695071
2.2e-008 -0.0898606
2.22e-008 -0.105648
2.24e-008 -0.116528
2.26e-008 -0.120262
2.28e-008 -0.117161
2.3e-008 -0.107336
2.32e-008 -0.091591
2.34e-008 -0.0717086
2.36e-008 -0.0485624
2.38e-008 -0.0235402
2.4e-008 0.00134491
2.42e-008 0.0241399
2.44e-008 0.0441508
2.46e-008 0.0593474
2.48e-008 0.0681022
2.5e-008 0.0704237
2.52e-008 0.0666888
2.54e-008 0.0580282
2.56e-008 0.0454529
2.58e-008 0.0309158
2.6e-008 0.0162503
2.62e-008 0.00287828
2.64e-008 -0.00860914
2.66e-008 -0.01679
2.68e-008 -0.0211245
2.7e-008 -0.0216899
2.72e-008 -0.0195226
2.74e-008 -0.0155736
2.76e-008 -0.010785
2.78e-008 -0.00625341
2.8e-008 -0.00328946
2.82e-008 -0.00218441
2.84e-008 -0.00338369
2.86e-008 -0.00690445
2.88e-008 -0.0120956
2.9e-008 -0.017955
2.92e-008 -0.023446
2.94e-008 -0.0278063
2.96e-008 -0.0310443
2.98e-008 -0.0322522
3e-008 -0.030873
3.02e-008 -0.0268811
3.04e-008 -0.020405
3.06e-008 -0.0116845
3.08e-008 -0.00161903
3.1e-008 0.00878904
3.12e-008 0.0187345
3.14e-008 0.0282346
3.16e-008 0.0364668
3.18e-008 0.0427373
3.2e-008 0.0463866
3.22e-008 0.0470291
3.24e-008 0.0449132
3.26e-008 0.040433
3.28e-008 0.0334857
3.3e-008 0.0249023
3.32e-008 0.0157535
3.34e-008 0.00695585
3.36e-008 -0.00138774
3.38e-008 -0.00889183
3.4e-008 -0.0144171
3.42e-008 -0.0174753
3.44e-008 -0.0177922
3.46e-008 -0.0161389
3.48e-008 -0.0125068
3.5e-008 -0.00704151
3.52e-008 -0.000745269
3.54e-008 0.00544818
3.56e-008 0.0106565
3.58e-008 0.0147084
3.6e-008 0.0171755
3.62e-008 0.0177237
3.64e-008 0.0163531
3.66e-008 0.0133121
3.68e-008 0.00946578
3.7e-008 0.00513122
3.72e-008 0.00127638
3.74e-008 -0.00113075
3.76e-008 -0.00153337
3.78e-008 0.000711005
3.8e-008 0.00534538
3.82e-008 0.0118129
3.84e-008 0.0195826
3.86e-008 0.0283973
3.88e-008 0.0369893
3.9e-008 0.0439452
3.92e-008 0.0482369
3.94e-008 0.049025
3.96e-008 0.0460953
3.98e-008 0.0397991
4e-008 0.0304704
4.02e-008 0.0192571
4.04e-008 0.00777821
4.06e-008 -0.00370921
4.08e-008 -0.0142886
4.1e-008 -0.0221868
4.12e-008 -0.0271723
4.14e-008 -0.0285001
4.16e-008 -0.0263414
4.18e-008 -0.0216813
4.2e-008 -0.0142286
4.22e-008 -0.00513122
4.24e-008 0.00483997
4.26e-008 0.0137489
4.28e-008 0.0215871
4.3e-008 0.0282003
4.32e-008 0.0325349
4.34e-008 0.0342824
4.36e-008 0.0334343
4.38e-008 0.0302391
4.4e-008 0.0257503
4.42e-008 0.0201308
4.44e-008 0.014537
4.46e-008 0.00996262
4.48e-008 0.00652753
4.5e-008 0.00445448
4.52e-008 0.00400047
4.54e-008 0.00486567
4.56e-008 0.00730707
4.58e-008 0.0109306
4.6e-008 0.0150767
4.62e-008 0.0187945
4.64e-008 0.0219555
4.66e-008 0.0242341
4.68e-008 0.0248252
4.7e-008 0.0240799
4.72e-008 0.0218441
4.74e-008 0.0181863
4.76e-008 0.0137489
4.78e-008 0.00867768
4.8e-008 0.00331516
4.82e-008 -0.00166186
4.84e-008 -0.00585079
4.86e-008 -0.00872051
4.88e-008 -0.00997119
4.9e-008 -0.00940581
4.92e-008 -0.00678452
4.94e-008 -0.00284402
4.96e-008 0.00197882
4.98e-008 0.00723854
5e-008 0.0126696
5.02e-008 0.0175181
5.04e-008 0.0214758
5.06e-008 0.0246453
5.08e-008 0.0264528
5.1e-008 0.0266584
5.12e-008 0.0257246
5.14e-008 0.0237116
5.16e-008 0.0213901
5.18e-008 0.0185889
5.2e-008 0.0160019
5.22e-008 0.0137232
5.24e-008 0.012207
5.26e-008 0.0112647
5.28e-008 0.0107165
5.3e-008 0.0106565
5.32e-008 0.0110505
5.34e-008 0.0114703
5.36e-008 0.0118558
5.38e-008 0.0122156
5.4e-008 0.0123612
5.42e-008 0.0123698
5.44e-008 0.0117273
5.46e-008 0.0108621
5.48e-008 0.0098427
5.5e-008 0.00860058
5.52e-008 0.00722997
5.54e-008 0.00620201
5.56e-008 0.00549101
5.58e-008 0.0048571
5.6e-008 0.00470291
5.62e-008 0.00483997
5.64e-008 0.00532825
5.66e-008 0.00621058
5.68e-008 0.00741843
5.7e-008 0.00888327
5.72e-008 0.0104509
5.74e-008 0.0120699
5.76e-008 0.0133806
5.78e-008 0.0145028
5.8e-008 0.0153937
5.82e-008 0.0158477
5.84e-008 0.0160104
5.86e-008 0.0158734
5.88e-008 0.0152737
5.9e-008 0.0146056
5.92e-008 0.0138689
5.94e-008 0.0126696
5.96e-008 0.0117187
5.98e-008 0.0109221
6e-008 0.0102282
6.02e-008 0.0101853
6.04e-008 0.0102025
6.06e-008 0.0103652
6.08e-008 0.0107336
6.1e-008 0.0111876
6.12e-008 0.0114532
6.14e-008 0.0118301
6.16e-008 0.011693
6.18e-008 0.0113675
6.2e-008 0.0110163
6.22e-008 0.0101083
6.24e-008 0.00898606
6.26e-008 0.00794097
6.28e-008 0.00681879
6.3e-008 0.00589362
6.32e-008 0.00527685
6.34e-008 0.00517405
6.36e-008 0.00531112
6.38e-008 0.00575656
6.4e-008 0.00642474
6.42e-008 0.00735846
6.44e-008 0.00840355
6.46e-008 0.00951718
6.48e-008 0.0104252
6.5e-008 0.0111276
6.52e-008 0.0114617
6.54e-008 0.0114532
6.56e-008 0.0113761
6.58e-008 0.0109906
6.6e-008 0.0103909
6.62e-008 0.00964567
6.64e-008 0.00878904
6.66e-008 0.00785531
6.68e-008 0.00726424
6.7e-008 0.0066132
6.72e-008 0.00615061
6.74e-008 0.00595359
6.76e-008 0.00579083
6.78e-008 0.00589362
6.8e-008 0.00617631
6.82e-008 0.00639904
6.84e-008 0.00668173
6.86e-008 0.00710148
6.88e-008 0.00698155
6.9e-008 0.00705864
6.92e-008 0.00694728
6.94e-008 0.0064847
6.96e-008 0.00588506
6.98e-008 0.00529398
7e-008 0.00486567
7.02e-008 0.00410327
7.04e-008 0.00345223
7.06e-008 0.00292968
7.08e-008 0.00240714
7.1e-008 0.00218441
7.12e-008 0.00207305
7.14e-008 0.00196169
7.16e-008 0.00209018
7.18e-008 0.00216728
7.2e-008 0.00221868
7.22e-008 0.00238144
7.24e-008 0.0023643
7.26e-008 0.00216728
7.28e-008 0.00188459
7.3e-008 0.00137061
7.32e-008 0.000702439
7.34e-008 -0.000214157
7.36e-008 -0.00126781
7.38e-008 -0.00239857
7.4e-008 -0.00358072
7.42e-008 -0.00502843
7.44e-008 -0.00658749
7.46e-008 -0.00818083
7.48e-008 -0.0100312
7.5e-008 -0.0119586
7.52e-008 -0.0140316
7.54e-008 -0.0163274
7.56e-008 -0.0189573
7.58e-008 -0.0216556
7.6e-008 -0.0244654
7.62e-008 -0.027318
7.64e-008 -0.0301791
7.66e-008 -0.0333829
7.68e-008 -0.0364411
7.7e-008 -0.0396192
7.72e-008 -0.0427973
7.74e-008 -0.0457441
7.76e-008 -0.0486224
7.78e-008 -0.0511923
7.8e-008 -0.0534452
7.82e-008 -0.055287
7.84e-008 -0.057223
7.86e-008 -0.0589876
7.88e-008 -0.0606324
7.9e-008 -0.0623713
7.92e-008 -0.0639989
7.94e-008 -0.0656265
7.96e-008 -0.0674597
7.98e-008 -0.0694214
8e-008 -0.0715544
8.02e-008 -0.0738159
8.04e-008 -0.0762231
8.06e-008 -0.0786645
8.08e-008 -0.0811658
8.1e-008 -0.0838642
8.12e-008 -0.0863142
8.14e-008 -0.0885243
8.16e-008 -0.0903232
8.18e-008 -0.0914368
8.2e-008 -0.0918566
8.22e-008 -0.0913683
8.24e-008 -0.089912
8.26e-008 -0.0871023
8.28e-008 -0.0825707
8.3e-008 -0.0763173
8.32e-008 -0.0688389
8.34e-008 -0.059613
8.36e-008 -0.0481513
8.38e-008 -0.0346422
8.4e-008 -0.0197711
8.42e-008 -0.00380344
8.44e-008 0.0130122
8.46e-008 0.0310957
8.48e-008 0.0504813
8.5e-008 0.0705093
8.52e-008 0.0903832
8.54e-008 0.10988
8.56e-008 0.127441
8.58e-008 0.143263
8.6e-008 0.156378
8.62e-008 0.166769
8.64e-008 0.17387
8.66e-008 0.176706
8.68e-008 0.175901
8.7e-008 0.170238
8.72e-008 0.159136
8.74e-008 0.142201
8.76e-008 0.118549
8.78e-008 0.0879332
8.8e-008 0.0504642
8.82e-008 0.00891753
8.84e-008 -0.035139
8.86e-008 -0.0815085
8.88e-008 -0.127844
8.9e-008 -0.170315
8.92e-008 -0.207048
8.94e-008 -0.235248
8.96e-008 -0.253477
8.98e-008 -0.261067
9e-008 -0.257298
9.02e-008 -0.242718
9.04e-008 -0.21821
9.06e-008 -0.183953
9.08e-008 -0.142723
9.1e-008 -0.0959256
9.12e-008 -0.047209
9.14e-008 -0.000385483
9.16e-008 0.0417094
9.18e-008 0.0788529
9.2e-008 0.109272
9.22e-008 0.131484
9.24e-008 0.146253
9.26e-008 0.155264
9.28e-008 0.159907
9.3e-008 0.160507
9.32e-008 0.157663
9.34e-008 0.151975
9.36e-008 0.143914
9.38e-008 0.132881
9.4e-008 0.118172
9.42e-008 0.100217
9.44e-008 0.0788615
9.46e-008 0.0550043
9.48e-008 0.0287057
9.5e-008 0.00200452
9.52e-008 -0.024671
9.54e-008 -0.0507554
9.56e-008 -0.0741671
9.58e-008 -0.0937583
9.6e-008 -0.108535
9.62e-008 -0.118147
9.64e-008 -0.120357
9.66e-008 -0.115722
9.68e-008 -0.104389
9.7e-008 -0.0876591
9.72e-008 -0.0669457
9.74e-008 -0.0434141
9.76e-008 -0.018152
9.78e-008 0.0064333
9.8e-008 0.0287999
9.82e-008 0.0479457
9.84e-008 0.0617974
9.86e-008 0.0690959
9.88e-008 0.0701153
9.9e-008 0.065104
9.92e-008 0.0554326
9.94e-008 0.0422405
9.96e-008 0.0276435
9.98e-008 0.0132949
1e-007 0.000376919
1.002e-007 -0.0106222
1.004e-007 -0.0181263
1.006e-007 -0.0214672
1.008e-007 -0.02151
1.01e-007 -0.018863
1.012e-007 -0.0145713
1.014e-007 -0.0097142
1.016e-007 -0.00549957
1.018e-007 -0.00281832
1.02e-007 -0.00213301
1.022e-007 -0.00388054
1.024e-007 -0.00789814
1.026e-007 -0.0134063
1.028e-007 -0.0191628
1.03e-007 -0.0244997
1.032e-007 -0.0286715
1.034e-007 -0.031327
1.036e-007 -0.032098
1.038e-007 -0.0303419
1.04e-007 -0.025896
1.042e-007 -0.0189316
1.044e-007 -0.00962854
1.046e-007 0.000608209
1.048e-007 0.0109478
1.05e-007 0.0208333
1.052e-007 0.0301791
1.054e-007 0.0379402
1.056e-007 0.0436539
1.058e-007 0.0466693
1.06e-007 0.0467292
1.062e-007 0.0440566
1.064e-007 0.0390453
1.066e-007 0.0317639
1.068e-007 0.0229577
1.07e-007 0.013886
1.072e-007 0.00517405
1.074e-007 -0.0032038
1.076e-007 -0.0102196
1.078e-007 -0.0154022
1.08e-007 -0.0178265
1.082e-007 -0.0176723
1.084e-007 -0.015505
1.086e-007 -0.0113332
1.088e-007 -0.00577369
1.09e-007 0.000719571
1.092e-007 0.00669886
1.094e-007 0.0116245
1.096e-007 0.0154194
1.098e-007 0.017501
1.1e-007 0.0175952
1.102e-007 0.0159762
1.104e-007 0.0125411
1.106e-007 0.00843782
1.108e-007 0.0041718
1.11e-007 0.000531112
1.112e-007 -0.0015248
1.114e-007 -0.00132778
1.116e-007 0.00144771
1.118e-007 0.00657893
1.12e-007 0.0134577
1.122e-007 0.0213815
1.124e-007 0.0302905
1.126e-007 0.0385141
1.128e-007 0.0450931
1.13e-007 0.0486652
1.132e-007 0.0485967
1.134e-007 0.0450759
1.136e-007 0.0380601
1.138e-007 0.0282003
1.14e-007 0.0167985
1.142e-007 0.00525115
1.144e-007 -0.00627054
1.146e-007 -0.0162674
1.148e-007 -0.0236002
1.15e-007 -0.027712
1.152e-007 -0.0282431
1.154e-007 -0.0254762
1.156e-007 -0.0202422
1.158e-007 -0.0124983
1.16e-007 -0.00290398
1.162e-007 0.00681022
1.164e-007 0.0154965
1.166e-007 0.0231376
1.168e-007 0.0294681
1.17e-007 0.0331773
1.172e-007 0.0342224
1.174e-007 0.032946
1.176e-007 0.0294424
1.178e-007 0.024611
1.18e-007 0.0188802
1.182e-007 0.0134748
1.184e-007 0.00918309
1.186e-007 0.00588506
1.188e-007 0.00426603
1.19e-007 0.0040433
1.192e-007 0.00528542
1.194e-007 0.00796667
1.196e-007 0.0118386
1.198e-007 0.0158734
1.2e-007 0.0194627
1.202e-007 0.0223838
1.204e-007 0.0244483
1.206e-007 0.0248252
1.208e-007 0.0238486
1.21e-007 0.0211931
1.212e-007 0.0172183
1.214e-007 0.0126781
1.216e-007 0.00752122
1.218e-007 0.00227864
1.22e-007 -0.00264699
1.222e-007 -0.00659606
1.224e-007 -0.00916596
1.226e-007 -0.00991122
1.228e-007 -0.0090032
1.23e-007 -0.00596215
1.232e-007 -0.00186746
1.234e-007 0.00304961
1.236e-007 0.00826649
1.238e-007 0.013689
1.24e-007 0.0185632
1.242e-007 0.022418
1.244e-007 0.0251164
1.246e-007 0.0265898
1.248e-007 0.0265299
1.25e-007 0.0253306
