LECROYWR6100A 18520 Waveform
Segments 1 SegmentSize 1252
Segment TrigTime TimeSinceSegment1
#1 23-Feb-2012 09:31:18 0                 
Time Ampl
-1.252e-007 -0.11496
-1.25e-007 -0.120562
-1.248e-007 -0.120511
-1.246e-007 -0.11484
-1.244e-007 -0.102967
-1.242e-007 -0.0843268
-1.24e-007 -0.0602383
-1.238e-007 -0.0341453
-1.236e-007 -0.00896036
-1.234e-007 0.0163788
-1.232e-007 0.0378802
-1.23e-007 0.0535395
-1.228e-007 0.0641446
-1.226e-007 0.0687875
-1.224e-007 0.0682564
-1.222e-007 0.0613519
-1.22e-007 0.0507811
-1.218e-007 0.0368352
-1.216e-007 0.0212102
-1.214e-007 0.00603069
-1.212e-007 -0.00743556
-1.21e-007 -0.017047
-1.208e-007 -0.0223238
-1.206e-007 -0.0240028
-1.204e-007 -0.0226836
-1.202e-007 -0.0188802
-1.2e-007 -0.014083
-1.198e-007 -0.00822366
-1.196e-007 -0.00346079
-1.194e-007 -0.00197025
-1.192e-007 -0.00176466
-1.19e-007 -0.0039405
-1.188e-007 -0.00899463
-1.186e-007 -0.0150253
-1.184e-007 -0.0208333
-1.182e-007 -0.0266412
-1.18e-007 -0.0304961
-1.178e-007 -0.0331002
-1.176e-007 -0.0334086
-1.174e-007 -0.0304789
-1.172e-007 -0.024928
-1.17e-007 -0.0168071
-1.168e-007 -0.00676739
-1.166e-007 0.00407757
-1.164e-007 0.0147855
-1.162e-007 0.025442
-1.16e-007 0.033974
-1.158e-007 0.0406043
-1.156e-007 0.0448704
-1.154e-007 0.0466864
-1.152e-007 0.0460696
-1.15e-007 0.0416494
-1.148e-007 0.0353446
-1.146e-007 0.028286
-1.144e-007 0.0187945
-1.142e-007 0.00973133
-1.14e-007 1.71334e-005
-1.138e-007 -0.00834359
-1.136e-007 -0.0143057
-1.134e-007 -0.0188288
-1.132e-007 -0.0203878
-1.13e-007 -0.0189144
-1.128e-007 -0.0156935
-1.126e-007 -0.0101596
-1.124e-007 -0.00280975
-1.122e-007 0.00322093
-1.12e-007 0.0105708
-1.118e-007 0.0158819
-1.116e-007 0.0187945
-1.114e-007 0.0199766
-1.112e-007 0.0184861
-1.11e-007 0.0151281
-1.108e-007 0.0106051
-1.106e-007 0.00491707
-1.104e-007 -0.000753835
-1.102e-007 -0.00382058
-1.1e-007 -0.0049342
-1.098e-007 -0.00349506
-1.096e-007 0.000890897
-1.094e-007 0.00782961
-1.092e-007 0.0161047
-1.09e-007 0.0261787
-1.088e-007 0.0355502
-1.086e-007 0.04302
-1.084e-007 0.0480056
-1.082e-007 0.0494448
-1.08e-007 0.0481427
-1.078e-007 0.0427288
-1.076e-007 0.0347107
-1.074e-007 0.0238658
-1.072e-007 0.0110848
-1.07e-007 -0.00190172
-1.068e-007 -0.0140316
-1.066e-007 -0.0228378
-1.064e-007 -0.0282003
-1.062e-007 -0.0311129
-1.06e-007 -0.0306503
-1.058e-007 -0.0258189
-1.056e-007 -0.0185546
-1.054e-007 -0.00894323
-1.052e-007 0.00210731
-1.05e-007 0.0121813
-1.048e-007 0.0215528
-1.046e-007 0.0286972
-1.044e-007 0.0332202
-1.042e-007 0.0347792
-1.04e-007 0.034625
-1.038e-007 0.0321237
-1.036e-007 0.0266755
-1.034e-007 0.0216042
-1.032e-007 0.0154879
-1.03e-007 0.00954287
-1.028e-007 0.00531112
-1.026e-007 0.00231291
-1.024e-007 0.00176466
-1.022e-007 0.00244997
-1.02e-007 0.0055681
-1.018e-007 0.00928589
-1.016e-007 0.0142372
-1.014e-007 0.018212
-1.012e-007 0.0223067
-1.01e-007 0.0255105
-1.008e-007 0.0272923
-1.006e-007 0.0270353
-1.004e-007 0.0247566
-1.002e-007 0.0211245
-1e-007 0.0160875
-9.98e-008 0.00969707
-9.96e-008 0.00332373
-9.94e-008 -0.00304961
-9.92e-008 -0.00738416
-9.9e-008 -0.0110334
-9.88e-008 -0.012524
-9.86e-008 -0.0115303
-9.84e-008 -0.00944008
-9.82e-008 -0.00536251
-9.8e-008 -0.000256989
-9.78e-008 0.00549957
-9.76e-008 0.011753
-9.74e-008 0.0177323
-9.72e-008 0.0220497
-9.7e-008 0.0248252
-9.68e-008 0.0274979
-9.66e-008 0.027772
-9.64e-008 0.0265556
-9.62e-008 0.0247909
-9.6e-008 0.0218955
-9.58e-008 0.0195141
-9.56e-008 0.0168414
-9.54e-008 0.0136718
-9.52e-008 0.0115303
-9.5e-008 0.010588
-9.48e-008 0.00997119
-9.46e-008 0.00990266
-9.44e-008 0.0106051
-9.42e-008 0.0112733
-9.4e-008 0.0122156
-9.38e-008 0.0130551
-9.36e-008 0.0132264
-9.34e-008 0.0129009
-9.32e-008 0.0123869
-9.3e-008 0.0120271
-9.28e-008 0.0108107
-9.26e-008 0.00950861
-9.24e-008 0.00764115
-9.22e-008 0.006459
-9.2e-008 0.00510552
-9.18e-008 0.00406043
-9.16e-008 0.00387197
-9.14e-008 0.00340939
-9.12e-008 0.00418036
-9.1e-008 0.00503699
-9.08e-008 0.00659606
-9.06e-008 0.00844639
-9.04e-008 0.00991979
-9.02e-008 0.0112904
-9e-008 0.0129009
-8.98e-008 0.0141002
-8.96e-008 0.0152652
-8.94e-008 0.0159333
-8.92e-008 0.0161047
-8.9e-008 0.016019
-8.88e-008 0.0162931
-8.86e-008 0.0149568
-8.84e-008 0.0144771
-8.82e-008 0.0130037
-8.8e-008 0.0122156
-8.78e-008 0.0113418
-8.76e-008 0.0101596
-8.74e-008 0.009817
-8.72e-008 0.010211
-8.7e-008 0.0106051
-8.68e-008 0.0114103
-8.66e-008 0.0115645
-8.64e-008 0.0119757
-8.62e-008 0.0120956
-8.6e-008 0.0128495
-8.58e-008 0.0120956
-8.56e-008 0.0111362
-8.54e-008 0.010211
-8.52e-008 0.00880617
-8.5e-008 0.00722997
-8.48e-008 0.00584223
-8.46e-008 0.00513979
-8.44e-008 0.00418036
-8.42e-008 0.00388911
-8.4e-008 0.00459155
-8.38e-008 0.00472861
-8.36e-008 0.00546531
-8.34e-008 0.00659606
-8.32e-008 0.00829219
-8.3e-008 0.00932015
-8.28e-008 0.00964567
-8.26e-008 0.011239
-8.24e-008 0.0113247
-8.22e-008 0.0115131
-8.2e-008 0.0119243
-8.18e-008 0.0110848
-8.16e-008 0.010845
-8.14e-008 0.00938868
-8.12e-008 0.00829219
-8.1e-008 0.00717857
-8.08e-008 0.00623628
-8.06e-008 0.0065618
-8.04e-008 0.00579083
-8.02e-008 0.00539678
-8e-008 0.00555097
-7.98e-008 0.00544818
-7.96e-008 0.00613348
-7.94e-008 0.00695585
-7.92e-008 0.00659606
-7.9e-008 0.006459
-7.88e-008 0.00687018
-7.86e-008 0.00695585
-7.84e-008 0.00639047
-7.82e-008 0.00627054
-7.8e-008 0.00539678
-7.78e-008 0.00495133
-7.76e-008 0.00452301
-7.74e-008 0.00361499
-7.72e-008 0.00301534
-7.7e-008 0.00215871
-7.68e-008 0.00176466
-7.66e-008 0.00140488
-7.64e-008 0.0015762
-7.62e-008 0.00123355
-7.6e-008 0.00130208
-7.58e-008 0.00166187
-7.56e-008 0.00119928
-7.54e-008 0.00155907
-7.52e-008 0.00214158
-7.5e-008 0.00125068
-7.48e-008 0.00145627
-7.46e-008 0.000873765
-7.44e-008 -0.00039405
-7.42e-008 -0.000702437
-7.4e-008 -0.00207305
-7.38e-008 -0.00311814
-7.36e-008 -0.00430029
-7.34e-008 -0.00568803
-7.32e-008 -0.00743556
-7.3e-008 -0.00911456
-7.28e-008 -0.00998832
-7.26e-008 -0.0119243
-7.24e-008 -0.0139288
-7.22e-008 -0.0158305
-7.2e-008 -0.0179721
-7.18e-008 -0.0207133
-7.16e-008 -0.0232832
-7.14e-008 -0.026744
-7.12e-008 -0.0295709
-7.1e-008 -0.0317468
-7.08e-008 -0.0349334
-7.06e-008 -0.0376233
-7.04e-008 -0.0401075
-7.02e-008 -0.0425403
-7e-008 -0.0450588
-6.98e-008 -0.0478686
-6.96e-008 -0.0502329
-6.94e-008 -0.052323
-6.92e-008 -0.054379
-6.9e-008 -0.0563492
-6.88e-008 -0.058388
-6.86e-008 -0.0604268
-6.84e-008 -0.0624313
-6.82e-008 -0.0646071
-6.8e-008 -0.0659606
-6.78e-008 -0.0680165
-6.76e-008 -0.0704151
-6.74e-008 -0.0724539
-6.72e-008 -0.074664
-6.7e-008 -0.0776279
-6.68e-008 -0.0800436
-6.66e-008 -0.0834016
-6.64e-008 -0.0860572
-6.62e-008 -0.0886271
-6.6e-008 -0.0909914
-6.58e-008 -0.0921564
-6.56e-008 -0.0929959
-6.54e-008 -0.0930987
-6.52e-008 -0.0919337
-6.5e-008 -0.089912
-6.48e-008 -0.0855946
-6.46e-008 -0.0805919
-6.44e-008 -0.0724881
-6.42e-008 -0.0628939
-6.4e-008 -0.052186
-6.38e-008 -0.0399876
-6.36e-008 -0.0267783
-6.34e-008 -0.0118044
-6.32e-008 0.00450588
-6.3e-008 0.0221182
-6.28e-008 0.0396106
-6.26e-008 0.0586107
-6.24e-008 0.0787416
-6.22e-008 0.097913
-6.2e-008 0.116348
-6.18e-008 0.134474
-6.16e-008 0.149842
-6.14e-008 0.162537
-6.12e-008 0.171446
-6.1e-008 0.176517
-6.08e-008 0.178368
-6.06e-008 0.175113
-6.04e-008 0.166838
-6.02e-008 0.151949
-6e-008 0.12906
-5.98e-008 0.10026
-5.96e-008 0.0650697
-5.94e-008 0.0277206
-5.92e-008 -0.0150938
-5.9e-008 -0.0617631
-5.88e-008 -0.109477
-5.86e-008 -0.155616
-5.84e-008 -0.199115
-5.82e-008 -0.234991
-5.8e-008 -0.258686
-5.78e-008 -0.271021
-5.76e-008 -0.272066
-5.74e-008 -0.261307
-5.72e-008 -0.239154
-5.7e-008 -0.20566
-5.68e-008 -0.163085
-5.66e-008 -0.115731
-5.64e-008 -0.0656522
-5.62e-008 -0.0159162
-5.6e-008 0.0279262
-5.58e-008 0.0656865
-5.56e-008 0.0972791
-5.54e-008 0.122533
-5.52e-008 0.14167
-5.5e-008 0.153868
-5.48e-008 0.159916
-5.46e-008 0.162263
-5.44e-008 0.160413
-5.42e-008 0.156027
-5.4e-008 0.148163
-5.38e-008 0.136975
-5.36e-008 0.123081
-5.34e-008 0.105948
-5.32e-008 0.0855946
-5.3e-008 0.0624656
-5.28e-008 0.0388911
-5.26e-008 0.0127295
-5.24e-008 -0.01434
-5.22e-008 -0.0415295
-5.2e-008 -0.0665431
-5.18e-008 -0.0893295
-5.16e-008 -0.105537
-5.14e-008 -0.116382
-5.12e-008 -0.121487
-5.1e-008 -0.120117
-5.08e-008 -0.112613
-5.06e-008 -0.0988724
-5.04e-008 -0.0793583
-5.02e-008 -0.0546531
-5e-008 -0.0283031
-4.98e-008 -0.00296394
-4.96e-008 0.0213815
-4.94e-008 0.0417351
-4.92e-008 0.0568289
-4.9e-008 0.0656865
-4.88e-008 0.0697983
-4.86e-008 0.0673998
-4.84e-008 0.0591761
-4.82e-008 0.0475088
-4.8e-008 0.0335286
-4.78e-008 0.0179721
-4.76e-008 0.00301534
-4.74e-008 -0.00967993
-4.72e-008 -0.0187431
-4.7e-008 -0.0228721
-4.68e-008 -0.0246196
-4.66e-008 -0.0222039
-4.64e-008 -0.0178865
-4.62e-008 -0.0127638
-4.6e-008 -0.00753836
-4.58e-008 -0.00328946
-4.56e-008 -0.00169613
-4.54e-008 -0.00234717
-4.52e-008 -0.00536251
-4.5e-008 -0.0107936
-4.48e-008 -0.0169613
-4.46e-008 -0.0223238
-4.44e-008 -0.0280632
-4.42e-008 -0.0318496
-4.4e-008 -0.0332544
-4.38e-008 -0.0332202
-4.36e-008 -0.0294339
-4.34e-008 -0.0231119
-4.32e-008 -0.0148369
-4.3e-008 -0.00431742
-4.28e-008 0.00623628
-4.26e-008 0.0173896
-4.24e-008 0.027001
-4.22e-008 0.0357044
-4.2e-008 0.0421977
-4.18e-008 0.0457441
-4.16e-008 0.0469777
-4.14e-008 0.0453501
-4.12e-008 0.0408613
-4.1e-008 0.0344366
-4.08e-008 0.0261101
-4.06e-008 0.016927
-4.04e-008 0.00711004
-4.02e-008 -0.00176466
-4e-008 -0.0102796
-3.98e-008 -0.0153508
-3.96e-008 -0.0192399
-3.94e-008 -0.020799
-3.92e-008 -0.0185032
-3.9e-008 -0.0144428
-3.88e-008 -0.00858345
-3.86e-008 -0.00149054
-3.84e-008 0.0056195
-3.82e-008 0.0115645
-3.8e-008 0.0165159
-3.78e-008 0.0192742
-3.76e-008 0.0193599
-3.74e-008 0.017441
-3.72e-008 0.0142029
-3.7e-008 0.00942295
-3.68e-008 0.00339226
-3.66e-008 -0.0016276
-3.64e-008 -0.00421463
-3.62e-008 -0.00481427
-3.6e-008 -0.00316954
-3.58e-008 0.00207305
-3.56e-008 0.00962854
-3.54e-008 0.0186574
-3.52e-008 0.0280804
-3.5e-008 0.0374005
-3.48e-008 0.0443392
-3.46e-008 0.0489137
-3.44e-008 0.0496846
-3.42e-008 0.047406
-3.4e-008 0.0410155
-3.38e-008 0.0322436
-3.36e-008 0.0208161
-3.34e-008 0.00810373
-3.32e-008 -0.00395764
-3.3e-008 -0.0157963
-3.28e-008 -0.0245339
-3.26e-008 -0.0292283
-3.24e-008 -0.0313184
-3.22e-008 -0.0301706
-3.2e-008 -0.0247566
-3.18e-008 -0.0172354
-3.16e-008 -0.00663033
-3.14e-008 0.00428316
-3.12e-008 0.0143057
-3.1e-008 0.0230263
-3.08e-008 0.0300335
-3.06e-008 0.0339055
-3.04e-008 0.0349334
-3.02e-008 0.034625
-3e-008 0.0310272
-2.98e-008 0.0255276
-2.96e-008 0.0198053
-2.94e-008 0.013432
-2.92e-008 0.00875477
-2.9e-008 0.00525972
-2.88e-008 0.00262129
-2.86e-008 0.00191886
-2.84e-008 0.00354645
-2.82e-008 0.00599642
-2.8e-008 0.010211
-2.78e-008 0.015111
-2.76e-008 0.019377
-2.74e-008 0.0234546
-2.72e-008 0.0259902
-2.7e-008 0.027121
-2.68e-008 0.026607
-2.66e-008 0.0248252
-2.64e-008 0.0201994
-2.62e-008 0.0144257
-2.6e-008 0.00834359
-2.58e-008 0.00244997
-2.56e-008 -0.00356359
-2.54e-008 -0.00788101
-2.52e-008 -0.010845
-2.5e-008 -0.0124897
-2.48e-008 -0.0118558
-2.46e-008 -0.00933728
-2.44e-008 -0.0047286
-2.42e-008 0.000959428
-2.4e-008 0.00714431
-2.38e-008 0.0131407
-2.36e-008 0.0191885
-2.34e-008 0.0226151
-2.32e-008 0.0255447
-2.3e-008 0.0277377
-2.28e-008 0.0273608
-2.26e-008 0.0262986
-2.24e-008 0.0246539
-2.22e-008 0.0216899
-2.2e-008 0.0191029
-2.18e-008 0.0157106
-2.16e-008 0.0136204
-2.14e-008 0.01189
-2.12e-008 0.0102624
-2.1e-008 0.00985126
-2.08e-008 0.0100397
-2.06e-008 0.010588
-2.04e-008 0.0111533
-2.02e-008 0.0120956
-2e-008 0.0129351
-1.98e-008 0.0132607
-1.96e-008 0.0132607
-1.94e-008 0.0135005
-1.92e-008 0.0122156
-1.9e-008 0.0104509
-1.88e-008 0.00820653
-1.86e-008 0.00716144
-1.84e-008 0.00591076
-1.82e-008 0.00515692
-1.8e-008 0.00431742
-1.78e-008 0.00339226
-1.76e-008 0.00423176
-1.74e-008 0.00443735
-1.72e-008 0.00510552
-1.7e-008 0.00664746
-1.68e-008 0.00841212
-1.66e-008 0.00985126
-1.64e-008 0.0114446
-1.62e-008 0.0129694
-1.6e-008 0.0143057
-1.58e-008 0.015368
-1.56e-008 0.0161561
-1.54e-008 0.0161047
-1.52e-008 0.0161218
-1.5e-008 0.0155393
-1.48e-008 0.0149054
-1.46e-008 0.0139974
-1.44e-008 0.0126096
-1.42e-008 0.0118386
-1.4e-008 0.0106908
-1.38e-008 0.0102282
-1.36e-008 0.0103652
-1.34e-008 0.0106051
-1.32e-008 0.0104166
-1.3e-008 0.0109649
-1.28e-008 0.0117359
-1.26e-008 0.012267
-1.24e-008 0.0122841
-1.22e-008 0.0117359
-1.2e-008 0.01189
-1.18e-008 0.0104166
-1.16e-008 0.00979986
-1.14e-008 0.00837786
-1.12e-008 0.00728137
-1.1e-008 0.00582509
-1.08e-008 0.00435169
-1.06e-008 0.00424889
-1.04e-008 0.00452301
-1.02e-008 0.00402617
-1e-008 0.00517405
-9.8e-009 0.0057223
-9.6e-009 0.00700725
-9.4e-009 0.00829219
-9.2e-009 0.00925162
-9e-009 0.0104852
-8.8e-009 0.0116502
-8.6e-009 0.0117701
-8.4e-009 0.0116502
-8.2e-009 0.0111533
-8e-009 0.0106565
-7.8e-009 0.00988553
-7.6e-009 0.00896037
-7.4e-009 0.00836072
-7.2e-009 0.00717857
-7e-009 0.00692158
-6.8e-009 0.00575656
-6.6e-009 0.00543104
-6.4e-009 0.00568803
-6.2e-009 0.00635621
-6e-009 0.00613348
-5.8e-009 0.00591076
-5.6e-009 0.00639047
-5.4e-009 0.00627054
-5.2e-009 0.00635621
-5e-009 0.00673312
-4.8e-009 0.00707578
-4.6e-009 0.00664746
-4.4e-009 0.00573943
-4.2e-009 0.00558524
-4e-009 0.00501986
-3.8e-009 0.0041461
-3.6e-009 0.00322093
-3.4e-009 0.00265556
-3.2e-009 0.00197025
-3e-009 0.00119928
-2.8e-009 0.00114789
-2.6e-009 0.00137061
-2.4e-009 0.00126782
-2.2e-009 0.001679
-2e-009 0.00143914
-1.8e-009 0.00155907
-1.6e-009 0.00202165
-1.4e-009 0.00185032
-1.2e-009 0.00121642
-1e-009 0.00123355
-8e-010 0.000651041
-6e-010 -0.000239856
-4e-010 -0.000685304
-2e-010 -0.00186746
3.27615e-022 -0.00316954
2e-010 -0.00510552
4e-010 -0.00589362
6e-010 -0.00757262
8e-010 -0.00914882
1e-009 -0.0100055
1.2e-009 -0.0122327
1.4e-009 -0.0140488
1.6e-009 -0.0157278
1.8e-009 -0.0188288
2e-009 -0.0208504
2.2e-009 -0.0230434
2.4e-009 -0.0271209
2.6e-009 -0.0300678
2.8e-009 -0.0324492
3e-009 -0.0350876
3.2e-009 -0.0378974
3.4e-009 -0.0403131
3.6e-009 -0.0436025
3.8e-009 -0.046241
4e-009 -0.0482283
4.2e-009 -0.0510724
4.4e-009 -0.0528028
4.6e-009 -0.0550471
4.8e-009 -0.0570517
5e-009 -0.0586621
5.2e-009 -0.0605638
5.4e-009 -0.0628253
5.6e-009 -0.0646414
5.8e-009 -0.0666973
6e-009 -0.0687361
6.2e-009 -0.0702952
6.4e-009 -0.0729679
6.6e-009 -0.0754178
6.8e-009 -0.0785188
7e-009 -0.0808831
7.2e-009 -0.0842069
7.4e-009 -0.0869652
7.6e-009 -0.0893124
7.8e-009 -0.0906487
8e-009 -0.0927903
8.2e-009 -0.0932872
8.4e-009 -0.093013
8.6e-009 -0.0915225
8.8e-009 -0.0891068
9e-009 -0.0850978
9.2e-009 -0.0787416
9.4e-009 -0.0703637
9.6e-009 -0.060461
9.8e-009 -0.0496504
1e-008 -0.0371093
1.02e-008 -0.0230776
1.04e-008 -0.00812087
1.06e-008 0.00880617
1.08e-008 0.0257332
1.1e-008 0.0436368
1.12e-008 0.0626369
1.14e-008 0.0826821
1.16e-008 0.101579
1.18e-008 0.120785
1.2e-008 0.137918
1.22e-008 0.152857
1.24e-008 0.163976
1.26e-008 0.172543
1.28e-008 0.177597
1.3e-008 0.177957
1.32e-008 0.173485
1.34e-008 0.164507
1.36e-008 0.148334
1.38e-008 0.124383
1.4e-008 0.0929616
1.42e-008 0.0578912
1.44e-008 0.0190857
1.46e-008 -0.0247224
1.48e-008 -0.0717172
1.5e-008 -0.119603
1.52e-008 -0.165176
1.54e-008 -0.207545
1.56e-008 -0.24109
1.58e-008 -0.26266
1.6e-008 -0.271723
1.62e-008 -0.270558
1.64e-008 -0.257795
1.66e-008 -0.233621
1.68e-008 -0.196374
1.7e-008 -0.152566
1.72e-008 -0.105109
1.74e-008 -0.0546188
1.76e-008 -0.00649327
1.78e-008 0.036304
1.8e-008 0.0732934
1.82e-008 0.102624
1.84e-008 0.126781
1.86e-008 0.144377
1.88e-008 0.155496
1.9e-008 0.160207
1.92e-008 0.161749
1.94e-008 0.159162
1.96e-008 0.154382
1.98e-008 0.145627
2e-008 0.1342
2.02e-008 0.119603
2.04e-008 0.102025
2.06e-008 0.0805405
2.08e-008 0.0579939
2.1e-008 0.0329118
2.12e-008 0.00699011
2.14e-008 -0.0197025
2.16e-008 -0.0464808
2.18e-008 -0.0716315
2.2e-008 -0.0927389
2.22e-008 -0.107696
2.24e-008 -0.117787
2.26e-008 -0.121368
2.28e-008 -0.118643
2.3e-008 -0.110557
2.32e-008 -0.0951717
2.34e-008 -0.0750238
2.36e-008 -0.0499587
2.38e-008 -0.0235402
2.4e-008 0.0017304
2.42e-008 0.0258703
2.44e-008 0.0451102
2.46e-008 0.0590048
2.48e-008 0.0667487
2.5e-008 0.0694385
2.52e-008 0.0655323
2.54e-008 0.0567604
2.56e-008 0.0450074
2.58e-008 0.0303762
2.6e-008 0.0149397
2.62e-008 0.000325521
2.64e-008 -0.0116159
2.66e-008 -0.0197539
2.68e-008 -0.0236944
2.7e-008 -0.0240199
2.72e-008 -0.0213301
2.74e-008 -0.0167728
2.76e-008 -0.0119414
2.78e-008 -0.00654466
2.8e-008 -0.00265556
2.82e-008 -0.00186746
2.84e-008 -0.00313527
2.86e-008 -0.00601355
2.88e-008 -0.0117872
2.9e-008 -0.0178179
2.92e-008 -0.0234032
2.94e-008 -0.0289884
2.96e-008 -0.0322265
2.98e-008 -0.0330831
3e-008 -0.0325349
3.02e-008 -0.0281832
3.04e-008 -0.0212787
3.06e-008 -0.0122841
3.08e-008 -0.00224437
3.1e-008 0.0090289
3.12e-008 0.0195997
3.14e-008 0.0291083
3.16e-008 0.0371778
3.18e-008 0.0437053
3.2e-008 0.0462238
3.22e-008 0.0464637
3.24e-008 0.0446134
3.26e-008 0.0393708
3.28e-008 0.0326891
3.3e-008 0.0243112
3.32e-008 0.0149911
3.34e-008 0.0056195
3.36e-008 -0.00349506
3.38e-008 -0.0114275
3.4e-008 -0.0161732
3.42e-008 -0.0196683
3.44e-008 -0.0199766
3.46e-008 -0.0180235
3.48e-008 -0.0137746
3.5e-008 -0.0071957
3.52e-008 5.13986e-005
3.54e-008 0.00711004
3.56e-008 0.0132264
3.58e-008 0.0167043
3.6e-008 0.0192399
3.62e-008 0.0194969
3.64e-008 0.0171498
3.66e-008 0.0133635
3.68e-008 0.0080352
3.7e-008 0.00224438
3.72e-008 -0.00239857
3.74e-008 -0.00412896
3.76e-008 -0.00508839
3.78e-008 -0.00212445
3.8e-008 0.00380344
3.82e-008 0.0119414
3.84e-008 0.0208504
3.86e-008 0.029965
3.88e-008 0.0391138
3.9e-008 0.0459497
3.92e-008 0.0491192
3.94e-008 0.0495133
3.96e-008 0.0461896
3.98e-008 0.0393536
4e-008 0.0302391
4.02e-008 0.0182462
4.04e-008 0.00486567
4.06e-008 -0.00767542
4.08e-008 -0.018349
4.1e-008 -0.0260245
4.12e-008 -0.0296394
4.14e-008 -0.0309244
4.16e-008 -0.0294167
4.18e-008 -0.023506
4.2e-008 -0.015111
4.22e-008 -0.00448875
4.24e-008 0.00695585
4.26e-008 0.0163274
4.28e-008 0.0247053
4.3e-008 0.0313013
4.32e-008 0.0343852
4.34e-008 0.0348992
4.36e-008 0.0335628
4.38e-008 0.029708
4.4e-008 0.0244825
4.42e-008 0.0185204
4.44e-008 0.0124726
4.46e-008 0.00728137
4.48e-008 0.0040947
4.5e-008 0.00226151
4.52e-008 0.00188459
4.54e-008 0.00433456
4.56e-008 0.00692158
4.58e-008 0.0112904
4.6e-008 0.0162589
4.62e-008 0.020662
4.64e-008 0.0245853
4.66e-008 0.0267783
4.68e-008 0.0270867
4.7e-008 0.0261787
4.72e-008 0.0236602
4.74e-008 0.0194627
4.76e-008 0.0132435
4.78e-008 0.00722997
4.8e-008 0.000993693
4.82e-008 -0.0047286
4.84e-008 -0.00938868
4.86e-008 -0.0117358
4.88e-008 -0.0126781
4.9e-008 -0.0109649
4.92e-008 -0.00836072
4.94e-008 -0.00359785
4.96e-008 0.00226151
4.98e-008 0.00868624
5e-008 0.0143057
5.02e-008 0.0196683
5.04e-008 0.0240199
5.06e-008 0.0264356
5.08e-008 0.0272923
5.1e-008 0.0273951
5.12e-008 0.0261101
5.14e-008 0.0237458
5.16e-008 0.0210389
5.18e-008 0.0183833
5.2e-008 0.0153166
5.22e-008 0.0131236
5.24e-008 0.0110848
5.26e-008 0.0101768
5.28e-008 0.00961141
5.3e-008 0.00961141
5.32e-008 0.0102967
5.34e-008 0.0113418
5.36e-008 0.0127124
5.38e-008 0.0132778
5.4e-008 0.0127124
5.42e-008 0.0130551
5.44e-008 0.0124897
5.46e-008 0.0115303
5.48e-008 0.010725
5.5e-008 0.00877191
5.52e-008 0.00716144
5.54e-008 0.00582509
5.56e-008 0.00457441
5.58e-008 0.00354645
5.6e-008 0.00371778
5.62e-008 0.00382058
5.64e-008 0.00454015
5.66e-008 0.00603069
5.68e-008 0.00692158
5.7e-008 0.00854918
5.72e-008 0.010468
5.74e-008 0.01189
5.76e-008 0.013569
5.78e-008 0.0148026
5.8e-008 0.0152652
5.82e-008 0.0160533
5.84e-008 0.0163959
5.86e-008 0.0155736
5.88e-008 0.0147341
5.9e-008 0.0146484
5.92e-008 0.014083
5.94e-008 0.0128495
5.96e-008 0.0110505
5.98e-008 0.0107593
6e-008 0.0101254
6.02e-008 0.0100569
6.04e-008 0.0106565
6.06e-008 0.0108792
6.08e-008 0.0115645
6.1e-008 0.011753
6.12e-008 0.0119414
6.14e-008 0.0117701
6.16e-008 0.0126781
6.18e-008 0.0115303
6.2e-008 0.0107764
6.22e-008 0.00979986
6.24e-008 0.00834359
6.26e-008 0.00721284
6.28e-008 0.00546531
6.3e-008 0.0049856
6.32e-008 0.00431742
6.34e-008 0.00416323
6.36e-008 0.00436882
6.38e-008 0.00484853
6.4e-008 0.00637334
6.42e-008 0.00714431
6.44e-008 0.00873764
6.46e-008 0.00967994
6.48e-008 0.010725
6.5e-008 0.0119757
6.52e-008 0.0121299
6.54e-008 0.011753
6.56e-008 0.0112561
6.58e-008 0.0112047
6.6e-008 0.00993693
6.62e-008 0.00908029
6.64e-008 0.00820653
6.66e-008 0.00699011
6.68e-008 0.00635621
6.7e-008 0.00589362
6.72e-008 0.00543104
6.74e-008 0.00537965
6.76e-008 0.00570517
6.78e-008 0.00560237
6.8e-008 0.00596216
6.82e-008 0.00623628
6.84e-008 0.00687018
6.86e-008 0.00678452
6.88e-008 0.00716144
6.9e-008 0.00632194
6.92e-008 0.00623628
6.94e-008 0.00618488
6.96e-008 0.00513979
6.98e-008 0.00474574
7e-008 0.00416323
7.02e-008 0.00289541
7.04e-008 0.00260416
7.06e-008 0.00200452
7.08e-008 0.00205592
7.1e-008 0.00137061
7.12e-008 0.0015248
7.14e-008 0.00169613
7.16e-008 0.00125068
7.18e-008 0.00147341
7.2e-008 0.00161047
7.22e-008 0.00197025
7.24e-008 0.00227864
7.26e-008 0.0015248
7.28e-008 0.00104509
7.3e-008 0.00101083
7.32e-008 -0.00071957
7.34e-008 -0.000942294
7.36e-008 -0.00191885
7.38e-008 -0.00388911
7.4e-008 -0.00489993
7.42e-008 -0.00579083
7.44e-008 -0.00762402
7.46e-008 -0.00920022
7.48e-008 -0.0105194
7.5e-008 -0.0129694
7.52e-008 -0.0145456
7.54e-008 -0.0165673
7.56e-008 -0.0191029
7.58e-008 -0.0217756
7.6e-008 -0.0241399
7.62e-008 -0.0276007
7.64e-008 -0.0305646
7.66e-008 -0.0330317
7.68e-008 -0.03591
7.7e-008 -0.0387883
7.72e-008 -0.0410498
7.74e-008 -0.0441508
7.76e-008 -0.0463952
7.78e-008 -0.0487766
7.8e-008 -0.0515349
7.82e-008 -0.0530769
7.84e-008 -0.0550471
7.86e-008 -0.0574628
7.88e-008 -0.0599471
7.9e-008 -0.0611292
7.92e-008 -0.0633565
7.94e-008 -0.0652924
7.96e-008 -0.0665431
7.98e-008 -0.068719
8e-008 -0.0707749
8.02e-008 -0.073242
8.04e-008 -0.0767542
8.06e-008 -0.0784503
8.08e-008 -0.0819111
8.1e-008 -0.0842069
8.12e-008 -0.0872222
8.14e-008 -0.0892267
8.16e-008 -0.0914368
8.18e-008 -0.0930816
8.2e-008 -0.0934071
8.22e-008 -0.0929616
8.24e-008 -0.0911113
8.26e-008 -0.0884729
8.28e-008 -0.0837272
8.3e-008 -0.0776793
8.32e-008 -0.0686847
8.34e-008 -0.0584908
8.36e-008 -0.047149
8.38e-008 -0.0342139
8.4e-008 -0.0205934
8.42e-008 -0.00448875
8.44e-008 0.0121813
8.46e-008 0.0300849
8.48e-008 0.0479714
8.5e-008 0.0668686
8.52e-008 0.0868796
8.54e-008 0.105982
8.56e-008 0.124194
8.58e-008 0.141807
8.6e-008 0.156027
8.62e-008 0.166666
8.64e-008 0.174342
8.66e-008 0.17734
8.68e-008 0.177922
8.7e-008 0.172354
8.72e-008 0.161269
8.74e-008 0.143332
8.76e-008 0.117872
8.78e-008 0.0856117
8.8e-008 0.0496675
8.82e-008 0.00991979
8.84e-008 -0.0348478
8.86e-008 -0.0823051
8.88e-008 -0.13002
8.9e-008 -0.174256
8.92e-008 -0.21558
8.94e-008 -0.246539
8.96e-008 -0.265264
8.98e-008 -0.273625
9e-008 -0.268862
9.02e-008 -0.25358
9.04e-008 -0.226493
9.06e-008 -0.187585
9.08e-008 -0.142972
9.1e-008 -0.0939725
9.12e-008 -0.0437225
9.14e-008 0.00370065
9.16e-008 0.0440137
9.18e-008 0.0798723
9.2e-008 0.109066
9.22e-008 0.131253
9.24e-008 0.147803
9.26e-008 0.157483
9.28e-008 0.161698
9.3e-008 0.161938
9.32e-008 0.158288
9.34e-008 0.152652
9.36e-008 0.143606
9.38e-008 0.131236
9.4e-008 0.116211
9.42e-008 0.0978444
9.44e-008 0.0759489
9.46e-008 0.05258
9.48e-008 0.0271381
9.5e-008 0.000770969
9.52e-008 -0.0250136
9.54e-008 -0.0519461
9.56e-008 -0.077251
9.58e-008 -0.0970049
9.6e-008 -0.111276
9.62e-008 -0.119072
9.64e-008 -0.122036
9.66e-008 -0.11693
9.68e-008 -0.107953
9.7e-008 -0.0910599
9.72e-008 -0.0690274
9.74e-008 -0.0439623
9.76e-008 -0.0181606
9.78e-008 0.00731563
9.8e-008 0.0302734
9.82e-008 0.0484853
9.84e-008 0.060975
9.86e-008 0.0673484
9.88e-008 0.0691473
9.9e-008 0.0647956
9.92e-008 0.0538136
9.94e-008 0.0416152
9.96e-008 0.0265384
9.98e-008 0.0113418
1e-007 -0.00270695
1.002e-007 -0.0138774
1.004e-007 -0.0213473
1.006e-007 -0.0233689
1.008e-007 -0.0236944
1.01e-007 -0.0206962
1.012e-007 -0.0156592
1.014e-007 -0.0101939
1.016e-007 -0.00478
1.018e-007 -0.00224437
1.02e-007 -0.00159333
1.022e-007 -0.0032038
1.024e-007 -0.00671599
1.026e-007 -0.0130722
1.028e-007 -0.0195483
1.03e-007 -0.0248937
1.032e-007 -0.0295709
1.034e-007 -0.0327576
1.036e-007 -0.0331688
1.038e-007 -0.031781
1.04e-007 -0.0273951
1.042e-007 -0.0197882
1.044e-007 -0.0108621
1.046e-007 -0.000753835
1.048e-007 0.0107764
1.05e-007 0.02157
1.052e-007 0.0307873
1.054e-007 0.0388397
1.056e-007 0.044048
1.058e-007 0.0464637
1.06e-007 0.0460868
1.062e-007 0.0437396
1.064e-007 0.0387711
1.066e-007 0.0316097
1.068e-007 0.0224095
1.07e-007 0.0127467
1.072e-007 0.00287828
1.074e-007 -0.00541391
1.076e-007 -0.0126953
1.078e-007 -0.017304
1.08e-007 -0.0204221
1.082e-007 -0.0198567
1.084e-007 -0.0170984
1.086e-007 -0.012267
1.088e-007 -0.00558524
1.09e-007 0.00191886
1.092e-007 0.00827506
1.094e-007 0.0145799
1.096e-007 0.0182976
1.098e-007 0.0199595
1.1e-007 0.0185546
1.102e-007 0.0162589
1.104e-007 0.0125582
1.106e-007 0.00666459
1.108e-007 0.00130208
1.11e-007 -0.00280975
1.112e-007 -0.00440308
1.114e-007 -0.00421463
1.116e-007 -0.00128495
1.118e-007 0.00520832
1.12e-007 0.0130722
1.122e-007 0.0224609
1.124e-007 0.0323121
1.126e-007 0.041084
1.128e-007 0.0472347
1.13e-007 0.0499073
1.132e-007 0.049085
1.134e-007 0.0456413
1.136e-007 0.0377603
1.138e-007 0.0276863
1.14e-007 0.0153166
1.142e-007 0.00258703
1.144e-007 -0.00973133
1.146e-007 -0.0199081
1.148e-007 -0.0271723
1.15e-007 -0.0305817
1.152e-007 -0.0309758
1.154e-007 -0.0284402
1.156e-007 -0.0218441
1.158e-007 -0.0127295
1.16e-007 -0.00212445
1.162e-007 0.0089775
1.164e-007 0.0182291
1.166e-007 0.0264699
1.168e-007 0.0321408
1.17e-007 0.0351904
1.172e-007 0.0349334
1.174e-007 0.0330146
1.176e-007 0.0290741
1.178e-007 0.0230948
1.18e-007 0.0166872
1.182e-007 0.0112219
1.184e-007 0.00681879
1.186e-007 0.00334086
1.188e-007 0.00193599
1.19e-007 0.00214158
1.192e-007 0.00418036
1.194e-007 0.00851492
1.196e-007 0.012661
1.198e-007 0.0172012
1.2e-007 0.0212102
1.202e-007 0.0247395
1.204e-007 0.0271038
1.206e-007 0.027001
1.208e-007 0.0259045
1.21e-007 0.0226836
1.212e-007 0.0178008
1.214e-007 0.0122498
1.216e-007 0.00620201
1.218e-007 -0.00046258
1.22e-007 -0.00573943
1.222e-007 -0.00959427
1.224e-007 -0.0116673
1.226e-007 -0.0117016
1.228e-007 -0.010074
1.23e-007 -0.0071957
1.232e-007 -0.00233004
1.234e-007 0.00361499
1.236e-007 0.00957714
1.238e-007 0.0153508
1.24e-007 0.0212959
1.242e-007 0.0243797
1.244e-007 0.0267269
1.246e-007 0.0277035
1.248e-007 0.0273951
1.25e-007 0.0259045
