LECROYWR6100A 18520 Waveform
Segments 1 SegmentSize 1252
Segment TrigTime TimeSinceSegment1
#1 23-Feb-2012 09:04:42 0                 
Time Ampl
-1.252e-007 0.019574
-1.25e-007 0.0259045
-1.248e-007 0.0277035
-1.246e-007 0.0253049
-1.244e-007 0.0195655
-1.242e-007 0.0121813
-1.24e-007 0.0048314
-1.238e-007 -0.0015505
-1.236e-007 -0.00507126
-1.234e-007 -0.00585079
-1.232e-007 -0.0040947
-1.23e-007 -0.000248422
-1.228e-007 0.004069
-1.226e-007 0.00760689
-1.224e-007 0.00985126
-1.222e-007 0.0102196
-1.22e-007 0.00893467
-1.218e-007 0.00610778
-1.216e-007 0.00256989
-1.214e-007 -0.00139631
-1.212e-007 -0.00519119
-1.21e-007 -0.00881474
-1.208e-007 -0.0117444
-1.206e-007 -0.0140231
-1.204e-007 -0.0155907
-1.202e-007 -0.01673
-1.2e-007 -0.0169613
-1.198e-007 -0.0165758
-1.196e-007 -0.0148883
-1.194e-007 -0.0117016
-1.192e-007 -0.00754692
-1.19e-007 -0.00280975
-1.188e-007 0.00191886
-1.186e-007 0.00609922
-1.184e-007 0.00967994
-1.182e-007 0.0122927
-1.18e-007 0.0136718
-1.178e-007 0.0135262
-1.176e-007 0.0126182
-1.174e-007 0.0111105
-1.172e-007 0.00932872
-1.17e-007 0.00785531
-1.168e-007 0.00705864
-1.166e-007 0.00657036
-1.164e-007 0.00654466
-1.162e-007 0.00705008
-1.16e-007 0.00769255
-1.158e-007 0.00848065
-1.156e-007 0.00915739
-1.154e-007 0.00974847
-1.152e-007 0.010211
-1.15e-007 0.0104081
-1.148e-007 0.0101682
-1.146e-007 0.00990266
-1.144e-007 0.00972277
-1.142e-007 0.00912313
-1.14e-007 0.00847209
-1.138e-007 0.00759832
-1.136e-007 0.00664746
-1.134e-007 0.00573086
-1.132e-007 0.00515692
-1.13e-007 0.00489993
-1.128e-007 0.00536251
-1.126e-007 0.00681022
-1.124e-007 0.0090289
-1.122e-007 0.0117616
-1.12e-007 0.0148197
-1.118e-007 0.0178436
-1.116e-007 0.0207733
-1.114e-007 0.0234203
-1.112e-007 0.025322
-1.11e-007 0.0261787
-1.108e-007 0.0261187
-1.106e-007 0.025185
-1.104e-007 0.0234374
-1.102e-007 0.0213558
-1.1e-007 0.0188459
-1.098e-007 0.0163531
-1.096e-007 0.0141773
-1.094e-007 0.0123098
-1.092e-007 0.0110248
-1.09e-007 0.0106479
-1.088e-007 0.0106908
-1.086e-007 0.0113418
-1.084e-007 0.0125582
-1.082e-007 0.0140231
-1.08e-007 0.015565
-1.078e-007 0.0167985
-1.076e-007 0.0177922
-1.074e-007 0.017955
-1.072e-007 0.0176637
-1.07e-007 0.0168328
-1.068e-007 0.0156078
-1.066e-007 0.0142029
-1.064e-007 0.0129694
-1.062e-007 0.0117616
-1.06e-007 0.010982
-1.058e-007 0.0105794
-1.056e-007 0.0107165
-1.054e-007 0.0113675
-1.052e-007 0.0123269
-1.05e-007 0.0135947
-1.048e-007 0.0150681
-1.046e-007 0.0166443
-1.044e-007 0.0182548
-1.042e-007 0.019694
-1.04e-007 0.0208076
-1.038e-007 0.0214329
-1.036e-007 0.0215357
-1.034e-007 0.0212273
-1.032e-007 0.0204735
-1.03e-007 0.0196683
-1.028e-007 0.0185975
-1.026e-007 0.0176123
-1.024e-007 0.0167985
-1.022e-007 0.0162332
-1.02e-007 0.0156507
-1.018e-007 0.0154793
-1.016e-007 0.0154793
-1.014e-007 0.0155907
-1.012e-007 0.0160104
-1.01e-007 0.0163531
-1.008e-007 0.0167214
-1.006e-007 0.017244
-1.004e-007 0.0176637
-1.002e-007 0.0178693
-1e-007 0.0181692
-9.98e-008 0.0180321
-9.96e-008 0.0176038
-9.94e-008 0.0173297
-9.92e-008 0.0167471
-9.9e-008 0.0162332
-9.88e-008 0.0157192
-9.86e-008 0.0154108
-9.84e-008 0.0151452
-9.82e-008 0.0154536
-9.8e-008 0.0157706
-9.78e-008 0.0163017
-9.76e-008 0.0171155
-9.74e-008 0.0178008
-9.72e-008 0.0183319
-9.7e-008 0.0187345
-9.68e-008 0.0189573
-9.66e-008 0.0187774
-9.64e-008 0.0184861
-9.62e-008 0.0179122
-9.6e-008 0.0170812
-9.58e-008 0.0164987
-9.56e-008 0.0158477
-9.54e-008 0.0152823
-9.52e-008 0.0151624
-9.5e-008 0.0150424
-9.48e-008 0.0151795
-9.46e-008 0.0155479
-9.44e-008 0.0159419
-9.42e-008 0.0162589
-9.4e-008 0.0166529
-9.38e-008 0.0168157
-9.36e-008 0.0168585
-9.34e-008 0.0167728
-9.32e-008 0.0167043
-9.3e-008 0.016473
-9.28e-008 0.0162075
-9.26e-008 0.0158991
-9.24e-008 0.015625
-9.22e-008 0.0153937
-9.2e-008 0.0153851
-9.18e-008 0.0153508
-9.16e-008 0.015368
-9.14e-008 0.0155222
-9.12e-008 0.0155479
-9.1e-008 0.0157192
-9.08e-008 0.0158562
-9.06e-008 0.0158991
-9.04e-008 0.016079
-9.02e-008 0.0162589
-9e-008 0.0163017
-8.98e-008 0.0163531
-8.96e-008 0.0163531
-8.94e-008 0.0161989
-8.92e-008 0.0160533
-8.9e-008 0.0157363
-8.88e-008 0.0153337
-8.86e-008 0.0148883
-8.84e-008 0.0144771
-8.82e-008 0.0140916
-8.8e-008 0.0139631
-8.78e-008 0.0137832
-8.76e-008 0.0138774
-8.74e-008 0.0140745
-8.72e-008 0.0142715
-8.7e-008 0.0144685
-8.68e-008 0.0146398
-8.66e-008 0.0146056
-8.64e-008 0.0145285
-8.62e-008 0.0145285
-8.6e-008 0.0143657
-8.58e-008 0.014083
-8.56e-008 0.0140316
-8.54e-008 0.0138432
-8.52e-008 0.0137232
-8.5e-008 0.0138603
-8.48e-008 0.0139031
-8.46e-008 0.0139802
-8.44e-008 0.0141002
-8.42e-008 0.0141858
-8.4e-008 0.0141173
-8.38e-008 0.0140659
-8.36e-008 0.0138346
-8.34e-008 0.0136204
-8.32e-008 0.0136033
-8.3e-008 0.0133891
-8.28e-008 0.0131407
-8.26e-008 0.0130465
-8.24e-008 0.012858
-8.22e-008 0.0127038
-8.2e-008 0.0128238
-8.18e-008 0.0126439
-8.16e-008 0.0125411
-8.14e-008 0.0122584
-8.12e-008 0.0119843
-8.1e-008 0.0116245
-8.08e-008 0.0113504
-8.06e-008 0.0110762
-8.04e-008 0.0107507
-8.02e-008 0.0103652
-8e-008 0.00996262
-7.98e-008 0.00958571
-7.96e-008 0.00938011
-7.94e-008 0.0089261
-7.92e-008 0.00867768
-7.9e-008 0.00837786
-7.88e-008 0.00799237
-7.86e-008 0.00760689
-7.84e-008 0.00733277
-7.82e-008 0.00686162
-7.8e-008 0.0065618
-7.78e-008 0.00647613
-7.76e-008 0.00607352
-7.74e-008 0.0057737
-7.72e-008 0.00558524
-7.7e-008 0.00536251
-7.68e-008 0.00530255
-7.66e-008 0.00521689
-7.64e-008 0.00514836
-7.62e-008 0.00519119
-7.6e-008 0.00512266
-7.58e-008 0.00483997
-7.56e-008 0.00481427
-7.54e-008 0.00468577
-7.52e-008 0.00452301
-7.5e-008 0.00426603
-7.48e-008 0.00383771
-7.46e-008 0.0031781
-7.44e-008 0.00244997
-7.42e-008 0.00154194
-7.4e-008 0.000479714
-7.38e-008 -0.000865197
-7.36e-008 -0.00253563
-7.34e-008 -0.00451445
-7.32e-008 -0.00676739
-7.3e-008 -0.00930302
-7.28e-008 -0.0122241
-7.26e-008 -0.0153166
-7.24e-008 -0.0186317
-7.22e-008 -0.0221868
-7.2e-008 -0.0259388
-7.18e-008 -0.0298108
-7.16e-008 -0.0336742
-7.14e-008 -0.037589
-7.12e-008 -0.0415466
-7.1e-008 -0.0453929
-7.08e-008 -0.0490678
-7.06e-008 -0.0525543
-7.04e-008 -0.0554498
-7.02e-008 -0.0581824
-7e-008 -0.0606238
-6.98e-008 -0.0631594
-6.96e-008 -0.0656865
-6.94e-008 -0.0681793
-6.92e-008 -0.0705779
-6.9e-008 -0.0732249
-6.88e-008 -0.0757776
-6.86e-008 -0.0787587
-6.84e-008 -0.0818511
-6.82e-008 -0.0849607
-6.8e-008 -0.0877619
-6.78e-008 -0.0905802
-6.76e-008 -0.09339
-6.74e-008 -0.096234
-6.72e-008 -0.0989581
-6.7e-008 -0.101537
-6.68e-008 -0.103772
-6.66e-008 -0.105623
-6.64e-008 -0.106753
-6.62e-008 -0.106882
-6.6e-008 -0.106102
-6.58e-008 -0.103961
-6.56e-008 -0.10002
-6.54e-008 -0.0943408
-6.52e-008 -0.0869481
-6.5e-008 -0.0771225
-6.48e-008 -0.0655837
-6.46e-008 -0.0517234
-6.44e-008 -0.0354902
-6.42e-008 -0.0178008
-6.4e-008 0.000556811
-6.38e-008 0.01918
-6.36e-008 0.039011
-6.34e-008 0.0592275
-6.32e-008 0.0782447
-6.3e-008 0.0957457
-6.28e-008 0.110154
-6.26e-008 0.120477
-6.24e-008 0.127492
-6.22e-008 0.130448
-6.2e-008 0.128478
-6.18e-008 0.120914
-6.16e-008 0.108244
-6.14e-008 0.0897236
-6.12e-008 0.0661748
-6.1e-008 0.0387283
-6.08e-008 0.00929445
-6.06e-008 -0.0213387
-6.04e-008 -0.0519033
-6.02e-008 -0.0793755
-6e-008 -0.101048
-5.98e-008 -0.116116
-5.96e-008 -0.122593
-5.94e-008 -0.121213
-5.92e-008 -0.113521
-5.9e-008 -0.101794
-5.88e-008 -0.088687
-5.86e-008 -0.0759832
-5.84e-008 -0.0656865
-5.82e-008 -0.0576941
-5.8e-008 -0.0503956
-5.78e-008 -0.0438595
-5.76e-008 -0.0373406
-5.74e-008 -0.030102
-5.72e-008 -0.0214586
-5.7e-008 -0.0108278
-5.68e-008 0.000394051
-5.66e-008 0.011239
-5.64e-008 0.0218098
-5.62e-008 0.0319524
-5.6e-008 0.0402702
-5.58e-008 0.0469091
-5.56e-008 0.0520746
-5.54e-008 0.0555782
-5.52e-008 0.0575913
-5.5e-008 0.057677
-5.48e-008 0.0550814
-5.46e-008 0.0491706
-5.44e-008 0.0395935
-5.42e-008 0.0269582
-5.4e-008 0.0126696
-5.38e-008 -0.00262986
-5.36e-008 -0.0185118
-5.34e-008 -0.0321751
-5.32e-008 -0.04308
-5.3e-008 -0.0500787
-5.28e-008 -0.0515178
-5.26e-008 -0.047543
-5.24e-008 -0.0387626
-5.22e-008 -0.0272237
-5.2e-008 -0.013432
-5.18e-008 0.000591076
-5.16e-008 0.0123955
-5.14e-008 0.0213044
-5.12e-008 0.026744
-5.1e-008 0.0275064
-5.08e-008 0.0242769
-5.06e-008 0.0181178
-5.04e-008 0.010588
-5.02e-008 0.00334086
-5e-008 -0.00258703
-4.98e-008 -0.00540534
-4.96e-008 -0.0056195
-4.94e-008 -0.00327233
-4.92e-008 0.000608209
-4.9e-008 0.0048571
-4.88e-008 0.00829219
-4.86e-008 0.00998832
-4.84e-008 0.0101083
-4.82e-008 0.00847209
-4.8e-008 0.00546531
-4.78e-008 0.00185889
-4.76e-008 -0.00218441
-4.74e-008 -0.00610778
-4.72e-008 -0.00952574
-4.7e-008 -0.0124383
-4.68e-008 -0.0144171
-4.66e-008 -0.0159505
-4.64e-008 -0.016987
-4.62e-008 -0.0171069
-4.6e-008 -0.0162246
-4.58e-008 -0.0142458
-4.56e-008 -0.0108792
-4.54e-008 -0.00671599
-4.52e-008 -0.00193599
-4.5e-008 0.00279262
-4.48e-008 0.00699011
-4.46e-008 0.0103995
-4.44e-008 0.0126267
-4.42e-008 0.0137489
-4.4e-008 0.0134662
-4.38e-008 0.0123012
-4.36e-008 0.0108792
-4.34e-008 0.00894323
-4.32e-008 0.00763259
-4.3e-008 0.00679309
-4.28e-008 0.0064847
-4.26e-008 0.00666459
-4.24e-008 0.00714431
-4.22e-008 0.00783818
-4.2e-008 0.00857488
-4.18e-008 0.00924305
-4.16e-008 0.00985126
-4.14e-008 0.0102282
-4.12e-008 0.0103995
-4.1e-008 0.0102282
-4.08e-008 0.00987696
-4.06e-008 0.00957714
-4.04e-008 0.00896893
-4.02e-008 0.00826649
-4e-008 0.00745269
-3.98e-008 0.0064847
-3.96e-008 0.00555097
-3.94e-008 0.00507126
-3.92e-008 0.00484853
-3.9e-008 0.00567947
-3.88e-008 0.00714431
-3.86e-008 0.00948291
-3.84e-008 0.0123269
-3.82e-008 0.0153937
-3.8e-008 0.0185204
-3.78e-008 0.0214072
-3.76e-008 0.0239685
-3.74e-008 0.025579
-3.72e-008 0.0261701
-3.7e-008 0.0261187
-3.68e-008 0.0249794
-3.66e-008 0.0228892
-3.64e-008 0.0207305
-3.62e-008 0.018349
-3.6e-008 0.0158734
-3.58e-008 0.0138089
-3.56e-008 0.0120699
-3.54e-008 0.0110334
-3.52e-008 0.0106565
-3.5e-008 0.0107079
-3.48e-008 0.011556
-3.46e-008 0.0128837
-3.44e-008 0.0143657
-3.42e-008 0.0158905
-3.4e-008 0.0170555
-3.38e-008 0.0176894
-3.36e-008 0.0178693
-3.34e-008 0.0176038
-3.32e-008 0.0166015
-3.3e-008 0.0152823
-3.28e-008 0.0139802
-3.26e-008 0.0125925
-3.24e-008 0.0116331
-3.22e-008 0.0109478
-3.2e-008 0.0106479
-3.18e-008 0.010845
-3.16e-008 0.0115988
-3.14e-008 0.0125582
-3.12e-008 0.0139203
-3.1e-008 0.0155136
-3.08e-008 0.0170727
-3.06e-008 0.0185718
-3.04e-008 0.019891
-3.02e-008 0.0209189
-3e-008 0.0214244
-2.98e-008 0.0214501
-2.96e-008 0.0210217
-2.94e-008 0.0202765
-2.92e-008 0.0194027
-2.9e-008 0.0183919
-2.88e-008 0.017441
-2.86e-008 0.0166101
-2.84e-008 0.0159847
-2.82e-008 0.0156164
-2.8e-008 0.0154879
-2.78e-008 0.0155222
-2.76e-008 0.0156764
-2.74e-008 0.0160875
-2.72e-008 0.0164902
-2.7e-008 0.0168842
-2.68e-008 0.0173982
-2.66e-008 0.0177494
-2.64e-008 0.0178779
-2.62e-008 0.0179807
-2.6e-008 0.0179207
-2.58e-008 0.0175695
-2.56e-008 0.0172697
-2.54e-008 0.0166015
-2.52e-008 0.0160276
-2.5e-008 0.0156849
-2.48e-008 0.0152994
-2.46e-008 0.0152223
-2.44e-008 0.0155821
-2.42e-008 0.0160019
-2.4e-008 0.0164816
-2.38e-008 0.0172611
-2.36e-008 0.0178008
-2.34e-008 0.0183747
-2.32e-008 0.0189316
-2.3e-008 0.0190001
-2.28e-008 0.0187859
-2.26e-008 0.0182891
-2.24e-008 0.017638
-2.22e-008 0.0170298
-2.2e-008 0.0163017
-2.18e-008 0.0156935
-2.16e-008 0.0152652
-2.14e-008 0.0151367
-2.12e-008 0.0151795
-2.1e-008 0.0153166
-2.08e-008 0.0156935
-2.06e-008 0.0160618
-2.04e-008 0.0163017
-2.02e-008 0.01667
-2e-008 0.0168756
-1.98e-008 0.0168499
-1.96e-008 0.0167643
-1.94e-008 0.0166358
-1.92e-008 0.0163959
-1.9e-008 0.0161475
-1.88e-008 0.0158905
-1.86e-008 0.0156078
-1.84e-008 0.0154451
-1.82e-008 0.0154108
-1.8e-008 0.0154108
-1.78e-008 0.0154622
-1.76e-008 0.0155821
-1.74e-008 0.0156935
-1.72e-008 0.0159076
-1.7e-008 0.0159076
-1.68e-008 0.0159676
-1.66e-008 0.0161646
-1.64e-008 0.0163188
-1.62e-008 0.0163617
-1.6e-008 0.0164216
-1.58e-008 0.0164216
-1.56e-008 0.0162075
-1.54e-008 0.0160104
-1.52e-008 0.015625
-1.5e-008 0.0151709
-1.48e-008 0.0148797
-1.46e-008 0.0143657
-1.44e-008 0.0139031
-1.42e-008 0.0138774
-1.4e-008 0.0137832
-1.38e-008 0.0138689
-1.36e-008 0.014083
-1.34e-008 0.0143314
-1.32e-008 0.0145285
-1.3e-008 0.014657
-1.28e-008 0.0146827
-1.26e-008 0.0145199
-1.24e-008 0.0144342
-1.22e-008 0.0143486
-1.2e-008 0.0140745
-1.18e-008 0.0139374
-1.16e-008 0.013826
-1.14e-008 0.0138003
-1.12e-008 0.0139717
-1.1e-008 0.0139117
-1.08e-008 0.0141002
-1.06e-008 0.0142029
-1.04e-008 0.0141173
-1.02e-008 0.0139974
-1e-008 0.0140145
-9.8e-009 0.013886
-9.6e-009 0.0135519
-9.4e-009 0.0134748
-9.2e-009 0.0132607
-9e-009 0.0131236
-8.8e-009 0.0131836
-8.6e-009 0.0128752
-8.4e-009 0.0127809
-8.2e-009 0.0129009
-8e-009 0.0127724
-7.8e-009 0.0125325
-7.6e-009 0.0123098
-7.4e-009 0.0118472
-7.2e-009 0.0115303
-7e-009 0.0114617
-6.8e-009 0.0110591
-6.6e-009 0.0105366
-6.4e-009 0.010211
-6.2e-009 0.00995406
-6e-009 0.00957714
-5.8e-009 0.00925162
-5.6e-009 0.00888327
-5.4e-009 0.00859201
-5.2e-009 0.00837786
-5e-009 0.00792384
-4.8e-009 0.00753836
-4.6e-009 0.00718714
-4.4e-009 0.00683592
-4.2e-009 0.00660463
-4e-009 0.0064076
-3.8e-009 0.00610778
-3.6e-009 0.00584223
-3.4e-009 0.0056452
-3.2e-009 0.00531968
-3e-009 0.00522545
-2.8e-009 0.00528542
-2.6e-009 0.00507983
-2.4e-009 0.00505413
-2.2e-009 0.00504556
-2e-009 0.00486567
-1.8e-009 0.00475431
-1.6e-009 0.00479714
-1.4e-009 0.00449732
-1.2e-009 0.0041461
-1e-009 0.00361499
-8e-010 0.00310101
-6e-010 0.00238144
-4e-010 0.00147341
-2e-010 0.00025699
3.54085e-022 -0.00110505
2e-010 -0.00295538
4e-010 -0.0048571
6e-010 -0.00728137
8e-010 -0.00983413
1e-009 -0.0127638
1.2e-009 -0.0158991
1.4e-009 -0.0194113
1.6e-009 -0.0231804
1.8e-009 -0.0269068
2e-009 -0.030676
2.2e-009 -0.0345651
2.4e-009 -0.038557
2.6e-009 -0.0422748
2.8e-009 -0.0461382
3e-009 -0.0498816
3.2e-009 -0.0531368
3.4e-009 -0.0559295
3.6e-009 -0.0587563
3.8e-009 -0.0613434
4e-009 -0.0635792
4.2e-009 -0.0662519
4.4e-009 -0.0686419
4.6e-009 -0.071049
4.8e-009 -0.0737388
5e-009 -0.076283
5.2e-009 -0.0793755
5.4e-009 -0.0824593
5.6e-009 -0.0855689
5.8e-009 -0.0884301
6e-009 -0.0912055
6.2e-009 -0.0939211
6.4e-009 -0.0968679
6.6e-009 -0.0994549
6.8e-009 -0.101948
7e-009 -0.104158
7.2e-009 -0.106025
7.4e-009 -0.106728
7.6e-009 -0.106796
7.8e-009 -0.105794
8e-009 -0.103181
8.2e-009 -0.0989409
8.4e-009 -0.0930302
8.6e-009 -0.0850207
8.8e-009 -0.0747497
9e-009 -0.0627654
9.2e-009 -0.0483483
9.4e-009 -0.0317468
9.6e-009 -0.0139802
9.8e-009 0.00443735
1e-008 0.0232832
1.02e-008 0.0432685
1.04e-008 0.0633308
1.06e-008 0.0820139
1.08e-008 0.0990694
1.1e-008 0.112587
1.12e-008 0.122361
1.14e-008 0.128692
1.16e-008 0.130559
1.18e-008 0.127261
1.2e-008 0.118601
1.22e-008 0.104912
1.24e-008 0.0850635
1.26e-008 0.0605553
1.28e-008 0.032612
1.3e-008 0.00279262
1.32e-008 -0.0279176
1.34e-008 -0.058191
1.36e-008 -0.0846951
1.38e-008 -0.104852
1.4e-008 -0.118061
1.42e-008 -0.122704
1.44e-008 -0.119937
1.46e-008 -0.111225
1.48e-008 -0.099018
1.5e-008 -0.0857916
1.52e-008 -0.0735846
1.54e-008 -0.0637762
1.56e-008 -0.0560237
1.58e-008 -0.0490935
1.6e-008 -0.0424804
1.62e-008 -0.0359443
1.64e-008 -0.0283716
1.66e-008 -0.0192656
1.68e-008 -0.00842925
1.7e-008 0.00299821
1.72e-008 0.013689
1.74e-008 0.0241227
1.76e-008 0.0337941
1.78e-008 0.0418636
1.8e-008 0.048057
1.82e-008 0.0530341
1.84e-008 0.0562893
1.86e-008 0.0579169
1.88e-008 0.0574971
1.9e-008 0.0541991
1.92e-008 0.0473375
1.94e-008 0.0372035
1.96e-008 0.0240028
1.98e-008 0.00949148
2e-008 -0.00590219
2.02e-008 -0.0216299
2.04e-008 -0.0346936
2.06e-008 -0.0449474
2.08e-008 -0.0507554
2.1e-008 -0.0511152
2.12e-008 -0.046181
2.14e-008 -0.0366124
2.16e-008 -0.0243969
2.18e-008 -0.0104509
2.2e-008 0.00338369
2.22e-008 0.0145456
2.24e-008 0.0227436
2.26e-008 0.0272066
2.28e-008 0.0270182
2.3e-008 0.023129
2.32e-008 0.0164987
2.34e-008 0.0088747
2.36e-008 0.00186746
2.38e-008 -0.00346936
2.4e-008 -0.00570516
2.42e-008 -0.00532825
2.44e-008 -0.0024928
2.46e-008 0.00151624
2.48e-008 0.00568803
2.5e-008 0.00877191
2.52e-008 0.0102282
2.54e-008 0.00987696
2.56e-008 0.00787244
2.58e-008 0.00471147
2.6e-008 0.000848066
2.62e-008 -0.00314384
2.64e-008 -0.00675882
2.66e-008 -0.010074
2.68e-008 -0.0129351
2.7e-008 -0.0148283
2.72e-008 -0.0162075
2.74e-008 -0.0169956
2.76e-008 -0.0169356
2.78e-008 -0.0160361
2.8e-008 -0.0136376
2.82e-008 -0.00993692
2.84e-008 -0.00544818
2.86e-008 -0.000753835
2.88e-008 0.00372635
2.9e-008 0.00781248
2.92e-008 0.0109906
2.94e-008 0.0130037
2.96e-008 0.0136376
2.98e-008 0.0133121
3e-008 0.0120014
3.02e-008 0.0105109
3.04e-008 0.00870338
3.06e-008 0.00735846
3.08e-008 0.00673312
3.1e-008 0.00639904
3.12e-008 0.00671599
3.14e-008 0.0073499
3.16e-008 0.00801807
3.18e-008 0.00875477
3.2e-008 0.00946578
3.22e-008 0.00991979
3.24e-008 0.0102624
3.26e-008 0.0103824
3.28e-008 0.0101939
3.3e-008 0.00987696
3.32e-008 0.00944008
3.34e-008 0.0089518
3.36e-008 0.00807803
3.38e-008 0.00717857
3.4e-008 0.00620201
3.42e-008 0.00540534
3.44e-008 0.0048571
3.46e-008 0.0049599
3.48e-008 0.00585936
3.5e-008 0.00762402
3.52e-008 0.0100397
3.54e-008 0.0129266
3.56e-008 0.0159847
3.58e-008 0.0191714
3.6e-008 0.0220154
3.62e-008 0.0244654
3.64e-008 0.0260159
3.66e-008 0.0263157
3.68e-008 0.0259217
3.7e-008 0.0245853
3.72e-008 0.022538
3.74e-008 0.0203707
3.76e-008 0.0176809
3.78e-008 0.0153765
3.8e-008 0.0134405
3.82e-008 0.0117787
3.84e-008 0.0107679
3.86e-008 0.0105708
3.88e-008 0.0108364
3.9e-008 0.0117701
3.92e-008 0.0131579
3.94e-008 0.0146398
3.96e-008 0.0161561
3.98e-008 0.0172954
4e-008 0.0179036
4.02e-008 0.0179293
4.04e-008 0.0173639
4.06e-008 0.0164045
4.08e-008 0.0150853
4.1e-008 0.0136804
4.12e-008 0.0124297
4.14e-008 0.0113589
4.16e-008 0.0108792
4.18e-008 0.0106565
4.2e-008 0.0108878
4.22e-008 0.011753
4.24e-008 0.0128238
4.26e-008 0.0142029
4.28e-008 0.0157449
4.3e-008 0.0174153
4.32e-008 0.0187003
4.34e-008 0.0201908
4.36e-008 0.021116
4.38e-008 0.0214501
4.4e-008 0.02151
4.42e-008 0.0208504
4.44e-008 0.0200623
4.46e-008 0.0193085
4.48e-008 0.0182034
4.5e-008 0.0172526
4.52e-008 0.0164987
4.54e-008 0.015959
4.56e-008 0.0155821
4.58e-008 0.0154451
4.6e-008 0.0155222
4.62e-008 0.015822
4.64e-008 0.0162246
4.66e-008 0.0165844
4.68e-008 0.0170213
4.7e-008 0.0173982
4.72e-008 0.0177751
4.74e-008 0.0178436
4.76e-008 0.0180835
4.78e-008 0.0179293
4.8e-008 0.0175095
4.82e-008 0.0171241
4.84e-008 0.016593
4.86e-008 0.0159676
4.88e-008 0.0155393
4.9e-008 0.015368
4.92e-008 0.0152566
4.94e-008 0.0155136
4.96e-008 0.016079
4.98e-008 0.0166272
5e-008 0.0173725
5.02e-008 0.0180835
5.04e-008 0.0185889
5.06e-008 0.0188373
5.08e-008 0.0188973
5.1e-008 0.018666
5.12e-008 0.0181949
5.14e-008 0.0176038
5.16e-008 0.0167728
5.18e-008 0.0162332
5.2e-008 0.0157192
5.22e-008 0.0152566
5.24e-008 0.0151452
5.26e-008 0.0151881
5.28e-008 0.0152823
5.3e-008 0.0157963
5.32e-008 0.0160361
5.34e-008 0.0163788
5.36e-008 0.0167814
5.38e-008 0.016927
5.4e-008 0.0168756
5.42e-008 0.01679
5.44e-008 0.0166272
5.46e-008 0.0163959
5.48e-008 0.0161304
5.5e-008 0.015762
5.52e-008 0.0154965
5.54e-008 0.0153508
5.56e-008 0.0153765
5.58e-008 0.0154194
5.6e-008 0.015565
5.62e-008 0.0155736
5.64e-008 0.0156335
5.66e-008 0.0158134
5.68e-008 0.0159162
5.7e-008 0.0160104
5.72e-008 0.0162332
5.74e-008 0.0163017
5.76e-008 0.016276
5.78e-008 0.0164473
5.8e-008 0.0162846
5.82e-008 0.0160361
5.84e-008 0.0159162
5.86e-008 0.0155821
5.88e-008 0.0151367
5.9e-008 0.0148197
5.92e-008 0.0144
5.94e-008 0.0140488
5.96e-008 0.0139974
5.98e-008 0.0138089
6e-008 0.0139888
6.02e-008 0.0141173
6.04e-008 0.0143314
6.06e-008 0.0144771
6.08e-008 0.0146912
6.1e-008 0.0146827
6.12e-008 0.0146056
6.14e-008 0.014537
6.16e-008 0.0142372
6.18e-008 0.0140573
6.2e-008 0.013946
6.22e-008 0.013826
6.24e-008 0.0138346
6.26e-008 0.0139031
6.28e-008 0.0139288
6.3e-008 0.0140659
6.32e-008 0.0142286
6.34e-008 0.0141344
6.36e-008 0.0140231
6.38e-008 0.0140059
6.4e-008 0.0137918
6.42e-008 0.0135348
6.44e-008 0.0134748
6.46e-008 0.0133206
6.48e-008 0.0130808
6.5e-008 0.0130808
6.52e-008 0.0129865
6.54e-008 0.0127295
6.56e-008 0.0127895
6.58e-008 0.0126182
6.6e-008 0.0123869
6.62e-008 0.0122327
6.64e-008 0.0118129
6.66e-008 0.0115474
6.68e-008 0.011299
6.7e-008 0.0109221
6.72e-008 0.0105366
6.74e-008 0.0101083
6.76e-008 0.00983413
6.78e-008 0.00959427
6.8e-008 0.00915739
6.82e-008 0.0089004
6.84e-008 0.00853205
6.86e-008 0.00820653
6.88e-008 0.00777821
6.9e-008 0.00757262
6.92e-008 0.0072728
6.94e-008 0.00684449
6.96e-008 0.00652753
6.98e-008 0.00629624
7e-008 0.00585936
7.02e-008 0.00571373
7.04e-008 0.00551671
7.06e-008 0.00533681
7.08e-008 0.00528542
7.1e-008 0.00527685
7.12e-008 0.00506269
7.14e-008 0.00500273
7.16e-008 0.00495133
7.18e-008 0.0048057
7.2e-008 0.00484853
7.22e-008 0.00465151
7.24e-008 0.00447162
7.26e-008 0.00418893
7.28e-008 0.00363212
7.3e-008 0.00302391
7.32e-008 0.00218441
7.34e-008 0.00112219
7.36e-008 -0.000171326
7.38e-008 -0.0015505
7.4e-008 -0.00324663
7.42e-008 -0.00538821
7.44e-008 -0.00768398
7.46e-008 -0.0104595
7.48e-008 -0.0134662
7.5e-008 -0.01673
7.52e-008 -0.0201908
7.54e-008 -0.02396
7.56e-008 -0.0276778
7.58e-008 -0.0314041
7.6e-008 -0.0353703
7.62e-008 -0.039268
7.64e-008 -0.0431485
7.66e-008 -0.0468834
7.68e-008 -0.050507
7.7e-008 -0.0538136
7.72e-008 -0.0567775
7.74e-008 -0.0593731
7.76e-008 -0.061806
7.78e-008 -0.0642217
7.8e-008 -0.0667487
7.82e-008 -0.0690274
7.84e-008 -0.0716401
7.86e-008 -0.0742271
7.88e-008 -0.0769341
7.9e-008 -0.0799494
7.92e-008 -0.0832731
7.94e-008 -0.0861943
7.96e-008 -0.0888926
7.98e-008 -0.0917024
8e-008 -0.0945207
8.02e-008 -0.0974333
8.04e-008 -0.100046
8.06e-008 -0.102522
8.08e-008 -0.104646
8.1e-008 -0.106085
8.12e-008 -0.106856
8.14e-008 -0.106676
8.16e-008 -0.105417
8.18e-008 -0.102522
8.2e-008 -0.0978958
8.22e-008 -0.0912998
8.24e-008 -0.0830504
8.26e-008 -0.0724539
8.28e-008 -0.0599299
8.3e-008 -0.0446562
8.32e-008 -0.0280975
8.34e-008 -0.0101425
8.36e-008 0.00830933
8.38e-008 0.0275236
8.4e-008 0.0477915
8.42e-008 0.0675197
8.44e-008 0.0859373
8.46e-008 0.102359
8.48e-008 0.115003
8.5e-008 0.124049
8.52e-008 0.129368
8.54e-008 0.130294
8.56e-008 0.125822
8.58e-008 0.116108
8.6e-008 0.101031
8.62e-008 0.0803692
8.64e-008 0.0546874
8.66e-008 0.0261787
8.68e-008 -0.00380344
8.7e-008 -0.0346507
8.72e-008 -0.064393
8.74e-008 -0.0894409
8.76e-008 -0.108227
8.78e-008 -0.119714
8.8e-008 -0.12273
8.82e-008 -0.118464
8.84e-008 -0.108938
8.86e-008 -0.0963368
8.88e-008 -0.0830333
8.9e-008 -0.0712032
8.92e-008 -0.0619601
8.94e-008 -0.0545246
8.96e-008 -0.0477144
8.98e-008 -0.0411868
9e-008 -0.0343681
9.02e-008 -0.0264785
9.04e-008 -0.0170898
9.06e-008 -0.00598785
9.08e-008 0.00534538
9.1e-008 0.0159419
9.12e-008 0.0263671
9.14e-008 0.0357387
9.16e-008 0.0433798
9.18e-008 0.0493077
9.2e-008 0.0537451
9.22e-008 0.056769
9.24e-008 0.0579854
9.26e-008 0.0568975
9.28e-008 0.0529998
9.3e-008 0.0453843
9.32e-008 0.0344023
9.34e-008 0.0210217
9.36e-008 0.00632194
9.38e-008 -0.00949148
9.4e-008 -0.0247481
9.42e-008 -0.0372121
9.44e-008 -0.0464723
9.46e-008 -0.0513893
9.48e-008 -0.0504642
9.5e-008 -0.0442707
9.52e-008 -0.0342224
9.54e-008 -0.0214929
9.56e-008 -0.00717
9.58e-008 0.00606495
9.6e-008 0.0164987
9.62e-008 0.0240371
9.64e-008 0.0276778
9.66e-008 0.0265042
9.68e-008 0.0218612
9.7e-008 0.0148797
9.72e-008 0.00730707
9.74e-008 0.00051398
9.76e-008 -0.00424889
9.78e-008 -0.00591932
9.8e-008 -0.0049342
9.82e-008 -0.00191885
9.84e-008 0.0023643
9.86e-008 0.0064076
9.88e-008 0.00926875
9.9e-008 0.0102196
9.92e-008 0.00961141
9.94e-008 0.00720427
9.96e-008 0.00391481
9.98e-008 8.56639e-005
1e-007 -0.00380344
1.002e-007 -0.00761545
1.004e-007 -0.0107593
1.006e-007 -0.0133121
1.008e-007 -0.0151281
1.01e-007 -0.0164645
1.012e-007 -0.0170555
1.014e-007 -0.0168585
1.016e-007 -0.0156849
1.018e-007 -0.0129865
1.02e-007 -0.00911456
1.022e-007 -0.00445448
1.024e-007 0.000248424
1.026e-007 0.00460868
1.028e-007 0.00862628
1.03e-007 0.0115303
1.032e-007 0.0132178
1.034e-007 0.0137489
1.036e-007 0.013175
1.038e-007 0.0116416
1.04e-007 0.00993693
1.042e-007 0.00833502
1.044e-007 0.0072728
1.046e-007 0.00673312
1.048e-007 0.006459
1.05e-007 0.00683592
1.052e-007 0.00760689
1.054e-007 0.00817226
1.056e-007 0.00893467
1.058e-007 0.00952574
1.06e-007 0.0100055
1.062e-007 0.0103053
1.064e-007 0.0102453
1.066e-007 0.00996262
1.068e-007 0.00972277
1.07e-007 0.00939725
1.072e-007 0.00868624
1.074e-007 0.00788101
1.076e-007 0.00693015
1.078e-007 0.00598785
1.08e-007 0.00516549
1.082e-007 0.00489137
1.084e-007 0.00513979
1.086e-007 0.00621058
1.088e-007 0.00815513
1.09e-007 0.0106651
1.092e-007 0.0136033
1.094e-007 0.0166957
1.096e-007 0.0197282
1.098e-007 0.0225123
1.1e-007 0.0248252
1.102e-007 0.0260159
1.104e-007 0.0262472
1.106e-007 0.0256989
1.108e-007 0.024217
1.11e-007 0.0220326
1.112e-007 0.0195826
1.114e-007 0.0171755
1.116e-007 0.0148026
1.118e-007 0.0130379
1.12e-007 0.0115388
1.122e-007 0.010725
1.124e-007 0.010588
1.126e-007 0.0110591
1.128e-007 0.0121556
1.13e-007 0.0135605
1.132e-007 0.0150424
1.134e-007 0.0164987
1.136e-007 0.0175524
1.138e-007 0.0181092
1.14e-007 0.0177751
1.142e-007 0.0172354
1.144e-007 0.0161732
1.146e-007 0.014657
1.148e-007 0.0134834
1.15e-007 0.0122498
1.152e-007 0.0111619
1.154e-007 0.0107336
1.156e-007 0.0105109
1.158e-007 0.0110334
1.16e-007 0.0119928
1.162e-007 0.0131836
1.164e-007 0.0145028
1.166e-007 0.016079
1.168e-007 0.0176894
1.17e-007 0.0191457
1.172e-007 0.0204649
1.174e-007 0.0211759
1.176e-007 0.0212445
1.178e-007 0.0212959
1.18e-007 0.0207305
1.182e-007 0.019891
1.184e-007 0.018983
1.186e-007 0.018015
1.188e-007 0.0171583
1.19e-007 0.0164645
1.192e-007 0.0158477
1.194e-007 0.0154793
1.196e-007 0.015505
1.198e-007 0.015565
1.2e-007 0.0159162
1.202e-007 0.0162246
1.204e-007 0.0166443
1.206e-007 0.0169699
1.208e-007 0.0176038
1.21e-007 0.0179036
1.212e-007 0.0179978
1.214e-007 0.0180492
1.216e-007 0.0178351
1.218e-007 0.017501
1.22e-007 0.0170812
1.222e-007 0.0164216
1.224e-007 0.0158477
1.226e-007 0.0155136
1.228e-007 0.0152652
1.23e-007 0.0153765
1.232e-007 0.0156849
1.234e-007 0.0160961
1.236e-007 0.0166957
1.238e-007 0.0174496
1.24e-007 0.0182634
1.242e-007 0.0186574
1.244e-007 0.0189915
1.246e-007 0.018983
1.248e-007 0.0186746
1.25e-007 0.0181777
