1.000000e+00 2.467947e+09 
2.000000e+00 2.467936e+09 
3.000000e+00 2.467918e+09 
4.000000e+00 2.467893e+09 
5.000000e+00 2.467861e+09 
6.000000e+00 2.467821e+09 
7.000000e+00 2.467773e+09 
8.000000e+00 2.467716e+09 
9.000000e+00 2.467651e+09 
1.000000e+01 2.467576e+09 
1.100000e+01 2.467492e+09 
1.200000e+01 2.467396e+09 
1.300000e+01 2.467290e+09 
1.400000e+01 2.467171e+09 
1.500000e+01 2.467040e+09 
1.600000e+01 2.466894e+09 
1.700000e+01 2.466734e+09 
1.800000e+01 2.466557e+09 
1.900000e+01 2.466363e+09 
2.000000e+01 2.466150e+09 
2.100000e+01 2.465917e+09 
2.200000e+01 2.465661e+09 
2.300000e+01 2.465382e+09 
2.400000e+01 2.465078e+09 
2.500000e+01 2.464746e+09 
2.600000e+01 2.464384e+09 
2.700000e+01 2.463990e+09 
2.800000e+01 2.463562e+09 
2.900000e+01 2.463096e+09 
3.000000e+01 2.462590e+09 
3.100000e+01 2.462041e+09 
3.200000e+01 2.461446e+09 
3.300000e+01 2.460801e+09 
3.400000e+01 2.460102e+09 
3.500000e+01 2.459345e+09 
3.600000e+01 2.458527e+09 
3.700000e+01 2.457643e+09 
3.800000e+01 2.456688e+09 
3.900000e+01 2.455657e+09 
4.000000e+01 2.454545e+09 
4.100000e+01 2.453346e+09 
4.200000e+01 2.452055e+09 
4.300000e+01 2.450665e+09 
4.400000e+01 2.449171e+09 
4.500000e+01 2.447564e+09 
4.600000e+01 2.445838e+09 
4.700000e+01 2.443986e+09 
4.800000e+01 2.441999e+09 
4.900000e+01 2.439870e+09 
5.000000e+01 2.437589e+09 
5.100000e+01 2.435148e+09 
5.200000e+01 2.432537e+09 
5.300000e+01 2.429747e+09 
5.400000e+01 2.426768e+09 
5.500000e+01 2.423589e+09 
5.600000e+01 2.420198e+09 
5.700000e+01 2.416586e+09 
5.800000e+01 2.412740e+09 
5.900000e+01 2.408648e+09 
6.000000e+01 2.404298e+09 
6.100000e+01 2.399677e+09 
6.200000e+01 2.394772e+09 
6.300000e+01 2.389569e+09 
6.400000e+01 2.384054e+09 
6.500000e+01 2.378215e+09 
6.600000e+01 2.372035e+09 
6.700000e+01 2.365501e+09 
6.800000e+01 2.358597e+09 
6.900000e+01 2.351308e+09 
7.000000e+01 2.343620e+09 
7.100000e+01 2.335516e+09 
7.200000e+01 2.326981e+09 
7.300000e+01 2.318000e+09 
7.400000e+01 2.308556e+09 
7.500000e+01 2.298633e+09 
7.600000e+01 2.288217e+09 
7.700000e+01 2.277291e+09 
7.800000e+01 2.265841e+09 
7.900000e+01 2.253850e+09 
8.000000e+01 2.241304e+09 
8.100000e+01 2.228188e+09 
8.200000e+01 2.214488e+09 
8.300000e+01 2.200191e+09 
8.400000e+01 2.185282e+09 
8.500000e+01 2.169750e+09 
8.600000e+01 2.153583e+09 
8.700000e+01 2.136769e+09 
8.800000e+01 2.119298e+09 
8.900000e+01 2.101161e+09 
9.000000e+01 2.082349e+09 
9.100000e+01 2.062856e+09 
9.200000e+01 2.042675e+09 
9.300000e+01 2.021801e+09 
9.400000e+01 2.000232e+09 
9.500000e+01 1.977964e+09 
9.600000e+01 1.954998e+09 
9.700000e+01 1.931335e+09 
9.800000e+01 1.906977e+09 
9.900000e+01 1.881930e+09 
1.000000e+02 1.856199e+09 
1.010000e+02 1.829793e+09 
1.020000e+02 1.802722e+09 
1.030000e+02 1.774999e+09 
1.040000e+02 1.746636e+09 
1.050000e+02 1.717652e+09 
1.060000e+02 1.688063e+09 
1.070000e+02 1.657891e+09 
1.080000e+02 1.627158e+09 
1.090000e+02 1.595889e+09 
1.100000e+02 1.564110e+09 
1.110000e+02 1.531851e+09 
1.120000e+02 1.499141e+09 
1.130000e+02 1.466015e+09 
1.140000e+02 1.432506e+09 
1.150000e+02 1.398651e+09 
1.160000e+02 1.364488e+09 
1.170000e+02 1.330057e+09 
1.180000e+02 1.295400e+09 
1.190000e+02 1.260558e+09 
1.200000e+02 1.225575e+09 
1.210000e+02 1.190497e+09 
1.220000e+02 1.155369e+09 
1.230000e+02 1.120238e+09 
1.240000e+02 1.085150e+09 
1.250000e+02 1.050152e+09 
1.260000e+02 1.015292e+09 
1.270000e+02 9.806169e+08 
1.280000e+02 9.461738e+08 
1.290000e+02 9.120088e+08 
1.300000e+02 8.781676e+08 
1.310000e+02 8.446950e+08 
1.320000e+02 8.116343e+08 
1.330000e+02 7.790279e+08 
1.340000e+02 7.469163e+08 
1.350000e+02 7.153385e+08 
1.360000e+02 6.843314e+08 
1.370000e+02 6.539302e+08 
1.380000e+02 6.241675e+08 
1.390000e+02 5.950738e+08 
1.400000e+02 5.666771e+08 
1.410000e+02 5.390028e+08 
1.420000e+02 5.120738e+08 
1.430000e+02 4.859103e+08 
1.440000e+02 4.605295e+08 
1.450000e+02 4.359462e+08 
1.460000e+02 4.121722e+08 
1.470000e+02 3.892165e+08 
1.480000e+02 3.670857e+08 
1.490000e+02 3.457834e+08 
1.500000e+02 3.253107e+08 
1.510000e+02 3.056660e+08 
1.520000e+02 2.868455e+08 
1.530000e+02 2.688430e+08 
1.540000e+02 2.516500e+08 
1.550000e+02 2.352558e+08 
1.560000e+02 2.196479e+08 
1.570000e+02 2.048121e+08 
1.580000e+02 1.907322e+08 
1.590000e+02 1.773908e+08 
1.600000e+02 1.647688e+08 
1.610000e+02 1.528464e+08 
1.620000e+02 1.416022e+08 
1.630000e+02 1.310143e+08 
1.640000e+02 1.210600e+08 
1.650000e+02 1.117158e+08 
1.660000e+02 1.029581e+08 
1.670000e+02 9.476274e+07 
1.680000e+02 8.710546e+07 
1.690000e+02 7.996197e+07 
1.700000e+02 7.330807e+07 
1.710000e+02 6.711970e+07 
1.720000e+02 6.137310e+07 
1.730000e+02 5.604489e+07 
1.740000e+02 5.111210e+07 
1.750000e+02 4.655233e+07 
1.760000e+02 4.234374e+07 
1.770000e+02 3.846513e+07 
1.780000e+02 3.489601e+07 
1.790000e+02 3.161659e+07 
1.800000e+02 2.860786e+07 
1.810000e+02 2.585159e+07 
1.820000e+02 2.333033e+07 
1.830000e+02 2.102745e+07 
1.840000e+02 1.892715e+07 
1.850000e+02 1.701440e+07 
1.860000e+02 1.527502e+07 
1.870000e+02 1.369559e+07 
1.880000e+02 1.226350e+07 
1.890000e+02 1.096688e+07 
1.900000e+02 9.794615e+06 
1.910000e+02 8.736302e+06 
1.920000e+02 7.782237e+06 
1.930000e+02 6.923384e+06 
1.940000e+02 6.151344e+06 
1.950000e+02 5.458330e+06 
1.960000e+02 4.837136e+06 
1.970000e+02 4.281106e+06 
1.980000e+02 3.784108e+06 
1.990000e+02 3.340499e+06 
2.000000e+02 2.945099e+06 
2.010000e+02 2.593164e+06 
2.020000e+02 2.280351e+06 
2.030000e+02 2.002700e+06 
2.040000e+02 1.756601e+06 
2.050000e+02 1.538769e+06 
2.060000e+02 1.346225e+06 
2.070000e+02 1.176268e+06 
2.080000e+02 1.026455e+06 
2.090000e+02 8.945789e+05 
2.100000e+02 7.786516e+05 
2.110000e+02 6.768834e+05 
2.120000e+02 5.876669e+05 
2.130000e+02 5.095605e+05 
2.140000e+02 4.412733e+05 
2.150000e+02 3.816520e+05 
2.160000e+02 3.296671e+05 
2.170000e+02 2.844019e+05 
2.180000e+02 2.450407e+05 
2.190000e+02 2.108595e+05 
2.200000e+02 1.812164e+05 
2.210000e+02 1.555434e+05 
2.220000e+02 1.333384e+05 
2.230000e+02 1.141585e+05 
2.240000e+02 9.761351e+04 
2.250000e+02 8.336041e+04 
2.260000e+02 7.109784e+04 
2.270000e+02 6.056163e+04 
2.280000e+02 5.152048e+04 
2.290000e+02 4.377221e+04 
2.300000e+02 3.714034e+04 
2.310000e+02 3.147106e+04 
2.320000e+02 2.663048e+04 
2.330000e+02 2.250222e+04 
2.340000e+02 1.898527e+04 
2.350000e+02 1.599203e+04 
2.360000e+02 1.344665e+04 
2.370000e+02 1.128345e+04 
2.380000e+02 9.445694e+03 
2.390000e+02 7.884289e+03 
2.400000e+02 6.556819e+03 
2.410000e+02 5.426587e+03 
2.420000e+02 4.461809e+03 
2.430000e+02 3.634884e+03 
2.440000e+02 2.921758e+03 
2.450000e+02 2.301349e+03 
2.460000e+02 1.755038e+03 
2.470000e+02 1.266209e+03 
2.480000e+02 8.198329e+02 
2.490000e+02 4.020873e+02 
2.500000e+02 0.000000e+00 
