1.000000e+00 4.000001e+10 
2.000000e+00 4.000001e+10 
3.000000e+00 4.000001e+10 
4.000000e+00 4.000001e+10 
5.000000e+00 4.000001e+10 
6.000000e+00 4.000001e+10 
7.000000e+00 4.000001e+10 
8.000000e+00 4.000001e+10 
9.000000e+00 4.000001e+10 
1.000000e+01 4.000001e+10 
1.100000e+01 4.000001e+10 
1.200000e+01 4.000001e+10 
1.300000e+01 4.000001e+10 
1.400000e+01 4.000001e+10 
1.500000e+01 4.000001e+10 
1.600000e+01 4.000001e+10 
1.700000e+01 4.000001e+10 
1.800000e+01 4.000001e+10 
1.900000e+01 4.000001e+10 
2.000000e+01 4.000001e+10 
2.100000e+01 4.000001e+10 
2.200000e+01 4.000001e+10 
2.300000e+01 4.000001e+10 
2.400000e+01 4.000001e+10 
2.500000e+01 4.000001e+10 
2.600000e+01 4.000001e+10 
2.700000e+01 4.000001e+10 
2.800000e+01 4.000001e+10 
2.900000e+01 4.000001e+10 
3.000000e+01 4.000001e+10 
3.100000e+01 4.000001e+10 
3.200000e+01 4.000001e+10 
3.300000e+01 4.000001e+10 
3.400000e+01 4.000001e+10 
3.500000e+01 4.000001e+10 
3.600000e+01 4.000001e+10 
3.700000e+01 4.000001e+10 
3.800000e+01 4.000001e+10 
3.900000e+01 4.000001e+10 
4.000000e+01 4.000001e+10 
4.100000e+01 4.000001e+10 
4.200000e+01 4.000001e+10 
4.300000e+01 4.000001e+10 
4.400000e+01 4.000001e+10 
4.500000e+01 4.000001e+10 
4.600000e+01 4.000001e+10 
4.700000e+01 4.000001e+10 
4.800000e+01 4.000001e+10 
4.900000e+01 4.000001e+10 
5.000000e+01 4.000001e+10 
5.100000e+01 4.000001e+10 
5.200000e+01 4.000001e+10 
5.300000e+01 4.000001e+10 
5.400000e+01 4.000001e+10 
5.500000e+01 4.000001e+10 
5.600000e+01 4.000001e+10 
5.700000e+01 4.000001e+10 
5.800000e+01 4.000001e+10 
5.900000e+01 4.000001e+10 
6.000000e+01 4.000001e+10 
6.100000e+01 4.000001e+10 
6.200000e+01 4.000001e+10 
6.300000e+01 4.000001e+10 
6.400000e+01 4.000001e+10 
6.500000e+01 4.000001e+10 
6.600000e+01 4.000000e+10 
6.700000e+01 4.000001e+10 
6.800000e+01 4.000000e+10 
6.900000e+01 4.000000e+10 
7.000000e+01 3.999997e+10 
7.100000e+01 3.999995e+10 
7.200000e+01 3.999986e+10 
7.300000e+01 3.999977e+10 
7.400000e+01 3.999948e+10 
7.500000e+01 3.999913e+10 
7.600000e+01 3.999823e+10 
7.700000e+01 3.999702e+10 
7.800000e+01 3.999442e+10 
7.900000e+01 3.999070e+10 
8.000000e+01 3.998361e+10 
8.100000e+01 3.997330e+10 
8.200000e+01 3.995532e+10 
8.300000e+01 3.992928e+10 
8.400000e+01 3.988698e+10 
8.500000e+01 3.982677e+10 
8.600000e+01 3.973477e+10 
8.700000e+01 3.960703e+10 
8.800000e+01 3.942215e+10 
8.900000e+01 3.917306e+10 
9.000000e+01 3.882990e+10 
9.100000e+01 3.838267e+10 
9.200000e+01 3.779443e+10 
9.300000e+01 3.705434e+10 
9.400000e+01 3.612328e+10 
9.500000e+01 3.499446e+10 
9.600000e+01 3.363518e+10 
9.700000e+01 3.205038e+10 
9.800000e+01 3.022474e+10 
9.900000e+01 2.818326e+10 
1.000000e+02 2.593739e+10 
1.010000e+02 2.353680e+10 
1.020000e+02 2.102173e+10 
1.030000e+02 1.846196e+10 
1.040000e+02 1.591644e+10 
1.050000e+02 1.345917e+10 
1.060000e+02 1.114731e+10 
1.070000e+02 9.037509e+09 
1.080000e+02 7.164196e+09 
1.090000e+02 5.551411e+09 
1.100000e+02 4.201590e+09 
1.110000e+02 3.106051e+09 
1.120000e+02 2.241650e+09 
1.130000e+02 1.579853e+09 
1.140000e+02 1.086971e+09 
1.150000e+02 7.304427e+08 
1.160000e+02 4.793174e+08 
1.170000e+02 3.073345e+08 
1.180000e+02 1.925088e+08 
1.190000e+02 1.178919e+08 
1.200000e+02 7.056236e+07 
1.210000e+02 4.131716e+07 
1.220000e+02 2.365609e+07 
1.230000e+02 1.325927e+07 
1.240000e+02 7.269875e+06 
1.250000e+02 3.904991e+06 
1.260000e+02 2.052471e+06 
1.270000e+02 1.057751e+06 
1.280000e+02 5.334839e+05 
1.290000e+02 2.640843e+05 
1.300000e+02 1.279261e+05 
1.310000e+02 6.089963e+04 
1.320000e+02 2.835683e+04 
1.330000e+02 1.299885e+04 
1.340000e+02 5.821648e+03 
1.350000e+02 2.573462e+03 
1.360000e+02 1.108924e+03 
1.370000e+02 4.735564e+02 
1.380000e+02 1.963044e+02 
1.390000e+02 8.117618e+01 
1.400000e+02 3.233852e+01 
1.410000e+02 1.299404e+01 
1.420000e+02 4.962167e+00 
1.430000e+02 1.947857e+00 
1.440000e+02 7.093357e-01 
1.450000e+02 2.744371e-01 
1.460000e+02 9.434741e-02 
1.470000e+02 3.652294e-02 
1.480000e+02 1.163165e-02 
1.490000e+02 4.624423e-03 
1.500000e+02 1.317169e-03 
1.510000e+02 5.629847e-04 
1.520000e+02 1.341807e-04 
1.530000e+02 6.687602e-05 
1.540000e+02 1.166699e-05 
1.550000e+02 7.893626e-06 
1.560000e+02 7.225804e-07 
1.570000e+02 9.424053e-07 
1.580000e+02 -4.823414e-09 
1.590000e+02 1.150106e-07 
1.600000e+02 -1.177662e-08 
1.610000e+02 1.431847e-08 
1.620000e+02 -2.654025e-09 
1.630000e+02 1.794175e-09 
1.640000e+02 -4.404099e-10 
1.650000e+02 2.221511e-10 
1.660000e+02 -6.282856e-11 
1.670000e+02 2.671861e-11 
1.680000e+02 -8.080705e-12 
1.690000e+02 3.081052e-12 
1.700000e+02 -9.554599e-13 
1.710000e+02 3.376251e-13 
1.720000e+02 -1.048004e-13 
1.730000e+02 3.495424e-14 
1.740000e+02 -1.070952e-14 
1.750000e+02 3.406068e-15 
1.760000e+02 -1.021600e-15 
1.770000e+02 3.115866e-16 
1.780000e+02 -9.103132e-17 
1.790000e+02 2.670831e-17 
1.800000e+02 -7.576421e-18 
1.810000e+02 2.141709e-18 
1.820000e+02 -5.886344e-19 
1.830000e+02 1.604218e-19 
1.840000e+02 -4.264960e-20 
1.850000e+02 1.120674e-20 
1.860000e+02 -2.878190e-21 
1.870000e+02 7.289407e-22 
1.880000e+02 -1.806378e-22 
1.890000e+02 4.407090e-23 
1.900000e+02 -1.052641e-23 
1.910000e+02 2.472373e-24 
1.920000e+02 -5.686529e-25 
1.930000e+02 1.285007e-25 
1.940000e+02 -2.843961e-26 
1.950000e+02 6.180305e-27 
1.960000e+02 -1.315579e-27 
1.970000e+02 2.748862e-28 
1.980000e+02 -5.627350e-29 
1.990000e+02 1.130711e-29 
2.000000e+02 -2.226626e-30 
2.010000e+02 4.304073e-31 
2.020000e+02 -8.156395e-32 
2.030000e+02 1.517389e-32 
2.040000e+02 -2.767890e-33 
2.050000e+02 4.955952e-34 
2.060000e+02 -8.698695e-35 
2.070000e+02 1.497807e-35 
2.080000e+02 -2.526105e-36 
2.090000e+02 4.174673e-37 
2.100000e+02 -6.748073e-38 
2.110000e+02 1.067124e-38 
2.120000e+02 -1.647699e-39 
2.130000e+02 2.484746e-40 
2.140000e+02 -3.652636e-41 
2.150000e+02 5.237695e-42 
2.160000e+02 -7.314791e-43 
2.170000e+02 9.964051e-44 
2.180000e+02 -1.322485e-44 
2.190000e+02 1.714826e-45 
2.200000e+02 -2.171080e-46 
2.210000e+02 2.694129e-47 
2.220000e+02 -3.273982e-48 
2.230000e+02 3.912821e-49 
2.240000e+02 -4.586119e-50 
2.250000e+02 5.289941e-51 
2.260000e+02 -5.966681e-52 
2.270000e+02 6.598344e-53 
2.280000e+02 -7.081019e-54 
2.290000e+02 7.402876e-55 
2.300000e+02 -7.437854e-56 
2.310000e+02 7.246487e-57 
2.320000e+02 -6.727957e-58 
2.330000e+02 6.073917e-59 
2.340000e+02 -5.202143e-60 
2.350000e+02 4.411147e-61 
2.360000e+02 -3.547601e-62 
2.370000e+02 2.939871e-63 
2.380000e+02 -2.287568e-64 
2.390000e+02 1.929440e-65 
2.400000e+02 -1.444599e-66 
2.410000e+02 1.231350e-67 
2.420000e+02 -8.221195e-69 
2.430000e+02 6.914585e-70 
2.440000e+02 -3.577172e-71 
2.450000e+02 3.194134e-72 
2.460000e+02 -8.958058e-74 
2.470000e+02 1.325250e-74 
2.480000e+02 9.914064e-77 
2.490000e+02 6.464839e-77 
2.500000e+02 0.000000e+00 
