#energy Ti-O-Ti Ti-O-Si Si-O-Si total
-538.11143 0.00015 0.00000 0.00000 0.00015
-538.09143 0.00018 0.00000 0.00000 0.00018
-538.07143 0.00021 0.00000 0.00000 0.00021
-538.05143 0.00024 0.00000 0.00000 0.00024
-538.03143 0.00028 0.00000 0.00000 0.00028
-538.01143 0.00033 0.00000 0.00000 0.00033
-537.99143 0.00038 0.00000 0.00000 0.00038
-537.97143 0.00045 0.00000 0.00000 0.00045
-537.95143 0.00052 0.00000 0.00000 0.00052
-537.93143 0.00060 0.00000 0.00000 0.00060
-537.91143 0.00069 0.00000 0.00000 0.00069
-537.89143 0.00080 0.00000 0.00000 0.00080
-537.87143 0.00092 0.00000 0.00000 0.00092
-537.85143 0.00106 0.00000 0.00000 0.00106
-537.83143 0.00122 0.00000 0.00000 0.00122
-537.81143 0.00140 0.00000 0.00000 0.00140
-537.79143 0.00160 0.00000 0.00000 0.00160
-537.77143 0.00183 0.00000 0.00000 0.00183
-537.75143 0.00209 0.00000 0.00000 0.00209
-537.73143 0.00238 0.00000 0.00000 0.00238
-537.71143 0.00271 0.00000 0.00000 0.00271
-537.69143 0.00308 0.00000 0.00000 0.00308
-537.67143 0.00349 0.00000 0.00000 0.00349
-537.65143 0.00396 0.00000 0.00000 0.00396
-537.63143 0.00448 0.00000 0.00000 0.00448
-537.61143 0.00506 0.00000 0.00000 0.00506
-537.59143 0.00571 0.00000 0.00000 0.00571
-537.57143 0.00643 0.00000 0.00000 0.00643
-537.55143 0.00723 0.00000 0.00000 0.00723
-537.53143 0.00812 0.00000 0.00000 0.00812
-537.51143 0.00911 0.00000 0.00000 0.00911
-537.49143 0.01020 0.00000 0.00000 0.01020
-537.47143 0.01141 0.00000 0.00000 0.01141
-537.45143 0.01275 0.00000 0.00000 0.01275
-537.43143 0.01422 0.00000 0.00000 0.01422
-537.41143 0.01584 0.00000 0.00000 0.01584
-537.39143 0.01762 0.00000 0.00000 0.01762
-537.37143 0.01957 0.00000 0.00000 0.01957
-537.35143 0.02171 0.00000 0.00000 0.02171
-537.33143 0.02404 0.00000 0.00000 0.02404
-537.31143 0.02659 0.00000 0.00000 0.02659
-537.29143 0.02937 0.00000 0.00000 0.02937
-537.27143 0.03239 0.00000 0.00000 0.03239
-537.25143 0.03567 0.00000 0.00000 0.03567
-537.23143 0.03923 0.00000 0.00000 0.03923
-537.21143 0.04307 0.00000 0.00000 0.04307
-537.19143 0.04723 0.00000 0.00000 0.04723
-537.17143 0.05170 0.00000 0.00000 0.05170
-537.15143 0.05652 0.00000 0.00000 0.05652
-537.13143 0.06168 0.00000 0.00000 0.06168
-537.11143 0.06722 0.00000 0.00000 0.06722
-537.09143 0.07313 0.00000 0.00000 0.07313
-537.07143 0.07945 0.00000 0.00000 0.07945
-537.05143 0.08617 0.00000 0.00000 0.08617
-537.03143 0.09331 0.00000 0.00000 0.09331
-537.01143 0.10088 0.00000 0.00000 0.10088
-536.99143 0.10889 0.00000 0.00000 0.10889
-536.97143 0.11734 0.00000 0.00000 0.11734
-536.95143 0.12623 0.00000 0.00000 0.12623
-536.93143 0.13558 0.00000 0.00000 0.13558
-536.91143 0.14537 0.00000 0.00000 0.14537
-536.89143 0.15561 0.00000 0.00000 0.15561
-536.87143 0.16629 0.00000 0.00000 0.16629
-536.85143 0.17740 0.00000 0.00000 0.17740
-536.83143 0.18893 0.00000 0.00000 0.18893
-536.81143 0.20087 0.00000 0.00000 0.20087
-536.79143 0.21318 0.00000 0.00000 0.21318
-536.77143 0.22586 0.00000 0.00000 0.22586
-536.75143 0.23888 0.00000 0.00000 0.23888
-536.73143 0.25220 0.00000 0.00000 0.25220
-536.71143 0.26580 0.00000 0.00000 0.26580
-536.69143 0.27965 0.00000 0.00000 0.27965
-536.67143 0.29369 0.00000 0.00000 0.29369
-536.65143 0.30789 0.00000 0.00000 0.30789
-536.63143 0.32220 0.00000 0.00000 0.32220
-536.61143 0.33659 0.00000 0.00000 0.33659
-536.59143 0.35098 0.00000 0.00000 0.35098
-536.57143 0.36534 0.00000 0.00000 0.36534
-536.55143 0.37961 0.00000 0.00000 0.37961
-536.53143 0.39373 0.00000 0.00000 0.39373
-536.51143 0.40764 0.00000 0.00000 0.40764
-536.49143 0.42129 0.00000 0.00000 0.42129
-536.47143 0.43462 0.00000 0.00000 0.43462
-536.45143 0.44756 0.00000 0.00000 0.44756
-536.43143 0.46006 0.00000 0.00000 0.46006
-536.41143 0.47206 0.00000 0.00000 0.47206
-536.39143 0.48350 0.00000 0.00000 0.48350
-536.37143 0.49433 0.00000 0.00000 0.49433
-536.35143 0.50450 0.00000 0.00000 0.50450
-536.33143 0.51395 0.00000 0.00000 0.51395
-536.31143 0.52264 0.00000 0.00000 0.52264
-536.29143 0.53052 0.00000 0.00000 0.53052
-536.27143 0.53755 0.00000 0.00000 0.53755
-536.25143 0.54370 0.00000 0.00000 0.54370
-536.23143 0.54894 0.00000 0.00000 0.54894
-536.21143 0.55323 0.00000 0.00000 0.55323
-536.19143 0.55656 0.00000 0.00000 0.55656
-536.17143 0.55891 0.00000 0.00000 0.55891
-536.15143 0.56027 0.00000 0.00000 0.56027
-536.13143 0.56062 0.00000 0.00000 0.56062
-536.11143 0.55997 0.00000 0.00000 0.55997
-536.09143 0.55833 0.00000 0.00000 0.55833
-536.07143 0.55570 0.00000 0.00000 0.55570
-536.05143 0.55209 0.00000 0.00000 0.55209
-536.03143 0.54754 0.00000 0.00000 0.54754
-536.01143 0.54205 0.00000 0.00000 0.54205
-535.99143 0.53566 0.00000 0.00000 0.53566
-535.97143 0.52841 0.00000 0.00000 0.52841
-535.95143 0.52033 0.00000 0.00000 0.52033
-535.93143 0.51147 0.00000 0.00000 0.51147
-535.91143 0.50186 0.00000 0.00000 0.50186
-535.89143 0.49156 0.00000 0.00000 0.49156
-535.87143 0.48062 0.00000 0.00000 0.48062
-535.85143 0.46910 0.00000 0.00000 0.46910
-535.83143 0.45703 0.00000 0.00000 0.45703
-535.81143 0.44449 0.00000 0.00000 0.44449
-535.79143 0.43153 0.00000 0.00000 0.43153
-535.77143 0.41821 0.00000 0.00000 0.41821
-535.75143 0.40459 0.00000 0.00000 0.40459
-535.73143 0.39071 0.00000 0.00000 0.39071
-535.71143 0.37665 0.00000 0.00000 0.37665
-535.69143 0.36246 0.00000 0.00000 0.36246
-535.67143 0.34818 0.00000 0.00000 0.34818
-535.65143 0.33388 0.00000 0.00000 0.33388
-535.63143 0.31960 0.00000 0.00000 0.31960
-535.61143 0.30540 0.00000 0.00000 0.30540
-535.59143 0.29131 0.00000 0.00000 0.29131
-535.57143 0.27739 0.00000 0.00000 0.27739
-535.55143 0.26366 0.00000 0.00000 0.26366
-535.53143 0.25018 0.00000 0.00000 0.25018
-535.51143 0.23697 0.00000 0.00000 0.23697
-535.49143 0.22407 0.00000 0.00000 0.22407
-535.47143 0.21150 0.00000 0.00000 0.21150
-535.45143 0.19928 0.00000 0.00000 0.19928
-535.43143 0.18744 0.00000 0.00000 0.18744
-535.41143 0.17600 0.00000 0.00000 0.17600
-535.39143 0.16496 0.00000 0.00000 0.16496
-535.37143 0.15435 0.00000 0.00000 0.15435
-535.35143 0.14417 0.00000 0.00000 0.14417
-535.33143 0.13443 0.00000 0.00000 0.13443
-535.31143 0.12513 0.00000 0.00000 0.12513
-535.29143 0.11626 0.00000 0.00000 0.11626
-535.27143 0.10784 0.00000 0.00000 0.10784
-535.25143 0.09986 0.00000 0.00000 0.09986
-535.23143 0.09230 0.00000 0.00000 0.09230
-535.21143 0.08517 0.00000 0.00000 0.08517
-535.19143 0.07845 0.00000 0.00000 0.07845
-535.17143 0.07214 0.00000 0.00000 0.07214
-535.15143 0.06622 0.00000 0.00000 0.06622
-535.13143 0.06068 0.00000 0.00000 0.06068
-535.11143 0.05550 0.00000 0.00000 0.05550
-535.09143 0.05068 0.00000 0.00000 0.05068
-535.07143 0.04620 0.00000 0.00000 0.04620
-535.05143 0.04204 0.00000 0.00000 0.04204
-535.03143 0.03819 0.00000 0.00000 0.03819
-535.01143 0.03463 0.00000 0.00000 0.03463
-534.99143 0.03135 0.00000 0.00000 0.03135
-534.97143 0.02833 0.00000 0.00000 0.02833
-534.95143 0.02556 0.00000 0.00000 0.02556
-534.93143 0.02302 0.00000 0.00000 0.02302
-534.91143 0.02069 0.00000 0.00000 0.02069
-534.89143 0.01857 0.00000 0.00000 0.01857
-534.87143 0.01663 0.00000 0.00000 0.01663
-534.85143 0.01487 0.00000 0.00000 0.01487
-534.83143 0.01327 0.00000 0.00000 0.01327
-534.81143 0.01183 0.00000 0.00000 0.01183
-534.79143 0.01052 0.00000 0.00000 0.01052
-534.77143 0.00934 0.00000 0.00000 0.00934
-534.75143 0.00828 0.00000 0.00000 0.00828
-534.73143 0.00732 0.00000 0.00000 0.00732
-534.71143 0.00647 0.00000 0.00000 0.00647
-534.69143 0.00570 0.00000 0.00000 0.00570
-534.67143 0.00502 0.00000 0.00000 0.00502
-534.65143 0.00441 0.00000 0.00000 0.00441
-534.63143 0.00386 0.00000 0.00000 0.00386
-534.61143 0.00338 0.00000 0.00000 0.00338
-534.59143 0.00295 0.00000 0.00000 0.00295
-534.57143 0.00257 0.00000 0.00000 0.00257
-534.55143 0.00224 0.00000 0.00000 0.00224
-534.53143 0.00195 0.00000 0.00000 0.00195
-534.51143 0.00169 0.00000 0.00000 0.00169
-534.49143 0.00146 0.00000 0.00000 0.00146
-534.47143 0.00126 0.00000 0.00000 0.00126
-534.45143 0.00109 0.00000 0.00000 0.00109
-534.43143 0.00094 0.00000 0.00000 0.00094
-534.41143 0.00080 0.00000 0.00000 0.00080
-534.39143 0.00069 0.00000 0.00000 0.00069
-534.37143 0.00059 0.00000 0.00000 0.00059
-534.35143 0.00050 0.00000 0.00000 0.00050
-534.33143 0.00043 0.00000 0.00000 0.00043
-534.31143 0.00036 0.00000 0.00000 0.00036
-534.29143 0.00031 0.00000 0.00000 0.00031
-534.27143 0.00026 0.00000 0.00000 0.00026
