 -3.60000000e+01 -1.01000000e-01 5.30303030e-02
 -3.50000000e+01 -4.10000000e-02 8.63636364e-02
 -3.40000000e+01 6.40000000e-02 1.06060606e-01
 -3.30312500e+01 2.00620045e-01 1.55047457e-01
 -3.21250000e+01 3.75362583e-01 2.29403724e-01
 -3.13125000e+01 5.99915789e-01 3.12118899e-01
 -3.06250000e+01 8.82591971e-01 3.84297843e-01
 -3.00312500e+01 1.20295414e+00 5.91450755e-01
 -2.95000000e+01 1.49900000e+00 6.63636364e-01
 -2.90000000e+01 1.74900000e+00 4.09090909e-01
 -2.85000000e+01 1.88900000e+00 8.78787879e-02
 -2.80000000e+01 1.95900000e+00 5.15151515e-02
 -2.75000000e+01 1.93900000e+00 -1.51515152e-02
 -2.70000000e+01 1.89400000e+00 -1.39393939e-01
 -2.65000000e+01 1.84400000e+00 -1.81818182e-01
 -2.60000000e+01 1.84900000e+00 9.39393939e-02
 -2.55000000e+01 1.96900000e+00 4.15151515e-01
 -2.50000000e+01 2.22900000e+00 7.24242424e-01
 -2.45000000e+01 2.50900000e+00 5.12121212e-01
 -2.40000000e+01 2.72400000e+00 3.39393939e-01
 -2.35000000e+01 2.97400000e+00 4.42424242e-01
 -2.30000000e+01 3.34900000e+00 9.42424242e-01
 -2.25000000e+01 3.77900000e+00 1.07575758e+00
 -2.20000000e+01 4.22900000e+00 8.93939394e-01
 -2.15000000e+01 4.51900000e+00 2.15151515e-01
 -2.09687500e+01 4.57570669e+00 -9.96772224e-02
 -2.03750000e+01 4.71746666e+00 5.41363999e-01
 -1.96875000e+01 5.06043839e+00 9.37975263e-01
 -1.88750000e+01 5.88744194e+00 1.31575024e+00
 -1.79687500e+01 7.01799729e+00 1.31232292e+00
 -1.70000000e+01 8.37400000e+00 1.40151515e+00
 -1.60000000e+01 9.65650000e+00 1.25530303e+00
