190.746475 1.245735 1.373293 -0.334076 3.421519
191.482941 1.277514 1.347954 -0.184938 3.444060
192.225128 1.252768 1.326971 -0.191426 3.324774
192.973083 1.266813 1.335612 -0.179044 3.383942
193.726883 1.275585 1.323223 -0.123802 3.375766
194.486603 1.270116 1.324123 -0.140108 3.363581
195.252289 1.264544 1.313232 -0.125509 3.321279
196.024048 1.262731 1.315373 -0.135716 3.321923
196.801910 1.267079 1.320987 -0.139518 3.347591
197.585983 1.257805 1.302770 -0.115135 3.277261
198.376328 1.253650 1.303843 -0.128367 3.269126
199.173019 1.254576 1.307001 -0.134292 3.279464
199.976135 1.250177 1.310970 -0.155699 3.277890
200.785767 1.250299 1.309011 -0.150262 3.273310
201.601959 1.252415 1.327985 -0.195001 3.326375
202.424820 1.238289 1.328434 -0.231377 3.289972
203.254440 1.242434 1.314303 -0.183750 3.265870
204.090881 1.221845 1.316079 -0.239159 3.216088
204.934219 1.227464 1.322128 -0.241354 3.245728
205.784576 1.219966 1.330022 -0.280642 3.245163
206.642014 1.206969 1.338465 -0.334715 3.230969
207.506622 1.205925 1.346635 -0.359172 3.247881
208.378494 1.203827 1.348595 -0.369509 3.246951
209.257736 1.197625 1.357811 -0.409346 3.252297
210.144424 1.191116 1.363251 -0.439697 3.247579
211.038651 1.190653 1.368556 -0.455291 3.258952
211.940521 1.180454 1.388013 -0.533108 3.276971
212.850143 1.178206 1.376960 -0.507849 3.244685
213.767593 1.174618 1.388065 -0.546997 3.260894
214.692993 1.165252 1.417870 -0.652545 3.304351
215.626450 1.164637 1.409662 -0.630768 3.283488
216.568039 1.161980 1.418683 -0.662465 3.296964
217.517899 1.163063 1.436904 -0.711977 3.342421
218.476135 1.150980 1.436619 -0.739119 3.307041
219.442841 1.150765 1.455017 -0.792816 3.348767
220.418152 1.148193 1.462923 -0.821797 3.359436
221.402161 1.141293 1.479080 -0.885128 3.376129
222.394989 1.141875 1.482977 -0.895342 3.386747
223.396774 1.133460 1.497634 -0.958174 3.395017
224.407608 1.132262 1.510273 -0.998908 3.420048
225.427643 1.131185 1.517856 -1.024306 3.433953
226.457001 1.129647 1.533620 -1.075889 3.464899
227.495789 1.121575 1.545822 -1.131636 3.467512
228.544159 1.123770 1.555447 -1.156557 3.495930
229.602234 1.123298 1.570257 -1.203911 3.527733
230.670151 1.118175 1.582023 -1.252482 3.537955
231.748047 1.119286 1.588476 -1.270455 3.555919
232.836075 1.113790 1.603628 -1.331093 3.572209
233.934357 1.114578 1.613214 -1.360175 3.596106
235.043045 1.113910 1.632943 -1.425710 3.637903
236.162292 1.111541 1.644015 -1.467262 3.654782
237.292267 1.111655 1.658424 -1.514592 3.687190
238.433090 1.111817 1.677698 -1.578533 3.730587
239.584946 1.110084 1.687156 -1.614209 3.745772
240.747971 1.112712 1.699838 -1.651321 3.782861
241.922348 1.110431 1.714486 -1.706405 3.807636
243.108246 1.109473 1.733670 -1.774682 3.846922
244.305832 1.110691 1.741662 -1.799752 3.868898
245.515259 1.109542 1.761458 -1.871651 3.908823
246.736725 1.105744 1.770502 -1.912007 3.915444
247.970413 1.106536 1.788315 -1.973649 3.957670
249.216492 1.109138 1.804577 -2.026311 4.003051
250.475159 1.110674 1.823551 -2.091741 4.050742
251.746613 1.110218 1.838741 -2.148384 4.082806
253.031036 1.107136 1.854155 -2.212139 4.105604
254.328629 1.106966 1.879398 -2.306763 4.160860
255.639603 1.116136 1.894891 -2.344852 4.229912
256.964172 1.113143 1.909153 -2.405778 4.250320
258.302521 1.112355 1.927766 -2.478947 4.288720
259.654877 1.117615 1.949412 -2.551143 4.357386
261.021484 1.117695 1.970576 -2.633926 4.405008
262.402557 1.120493 1.985298 -2.685903 4.449027
263.798309 1.122219 2.000455 -2.742447 4.489896
265.208984 1.125382 2.024728 -2.833041 4.557184
266.634857 1.127770 2.043245 -2.902984 4.608620
268.076111 1.131774 2.066135 -2.988000 4.676795
269.533051 1.132928 2.084333 -3.060918 4.722799
271.005920 1.136436 2.104627 -3.137969 4.783547
272.494965 1.136820 2.129937 -3.244272 4.842708
274.000458 1.139846 2.151948 -3.331631 4.905780
275.522675 1.140973 2.181695 -3.457974 4.978513
277.061920 1.140503 2.200419 -3.541095 5.019167
278.618439 1.145118 2.224460 -3.636925 5.094539
280.192566 1.146919 2.256905 -3.778196 5.176973
281.784546 1.138951 2.294720 -3.968531 5.227146
283.394745 1.139964 2.330468 -4.131563 5.313298
285.023468 1.150552 2.367040 -4.279109 5.446807
286.670990 1.154470 2.419208 -4.519767 5.585804
288.337677 1.173737 2.465267 -4.699885 5.787149
290.023865 1.206671 2.535049 -4.970418 6.117939
291.729889 1.239231 2.586841 -5.156051 6.411387
293.456116 1.277937 2.635360 -5.311999 6.735648
295.202881 1.323891 2.680458 -5.432164 7.097270
296.970551 1.372788 2.718623 -5.506364 7.464188
298.759521 1.422104 2.752828 -5.555681 7.829612
300.570190 1.472810 2.784325 -5.583295 8.201560
302.402954 1.527746 2.809903 -5.561545 8.585638
304.258179 1.582480 2.831387 -5.512507 8.961229
306.136322 1.641788 2.845181 -5.399588 9.342366
308.037781 1.697348 2.861723 -5.308471 9.714682
309.963013 1.758976 2.873453 -5.162733 10.108670
311.912476 1.817866 2.873116 -4.950159 10.445883
313.886597 1.873645 2.873792 -4.748133 10.768931
315.885864 1.932647 2.863153 -4.462518 11.066929
317.910797 1.994323 2.850201 -4.146319 11.368442
319.961823 2.052853 2.833263 -3.813176 11.632547
322.039490 2.104629 2.806834 -3.448854 11.814690
324.144318 2.150814 2.787826 -3.145970 11.992193
326.276855 2.195331 2.753766 -2.763749 12.090854
328.437622 2.236819 2.719854 -2.394251 12.167642
330.627228 2.270714 2.686639 -2.061886 12.201179
332.846191 2.301168 2.645930 -1.705575 12.177459
335.095154 2.328728 2.609721 -1.387669 12.154663
337.374725 2.349567 2.576699 -1.118915 12.108255
339.685486 2.365615 2.536449 -0.837441 12.000525
342.028168 2.375792 2.501654 -0.613883 11.886822
344.403351 2.384307 2.467964 -0.405924 11.768767
346.811768 2.390039 2.438792 -0.235423 11.657614
349.254089 2.393212 2.403471 -0.049207 11.504034
351.731079 2.394287 2.378484 0.075422 11.389545
354.243439 2.393079 2.348863 0.209670 11.242027
356.791962 2.389285 2.319667 0.327826 11.084690
359.377411 2.385892 2.290210 0.447418 10.928387
362.000610 2.372098 2.265354 0.495019 10.747284
364.662384 2.355263 2.238496 0.536399 10.544491
367.363586 2.334834 2.217808 0.532777 10.356423
370.105103 2.308761 2.209115 0.450187 10.200640
372.887848 2.279076 2.206208 0.326831 10.056232
375.712738 2.257219 2.208937 0.215631 9.972108
378.580780 2.240588 2.218757 0.097352 9.942641
381.492950 2.224338 2.226984 -0.011778 9.907134
384.450256 2.214648 2.238567 -0.106516 9.915277
387.453766 2.208495 2.247911 -0.175656 9.929001
390.504578 2.204066 2.261549 -0.256697 9.969210
393.603821 2.201786 2.272728 -0.317433 10.008119
396.752655 2.201152 2.283170 -0.367796 10.051208
399.952271 2.199785 2.289363 -0.402131 10.072211
403.203918 2.197724 2.305196 -0.483937 10.132369
406.508881 2.201773 2.312713 -0.500836 10.184135
409.868439 2.202979 2.325544 -0.555037 10.246251
413.284027 2.204776 2.329256 -0.564397 10.270973
416.756989 2.205380 2.340332 -0.613455 10.322645
420.288849 2.208664 2.350648 -0.647351 10.383582
423.881042 2.209762 2.360213 -0.687554 10.431017
427.535187 2.214541 2.364567 -0.686985 10.472861
431.252899 2.219835 2.370779 -0.692925 10.525475
435.035828 2.223339 2.379928 -0.720824 10.582772
438.885681 2.227612 2.386200 -0.731697 10.631057
442.804321 2.226816 2.390203 -0.754360 10.645083
446.793549 2.231455 2.388998 -0.727920 10.661879
450.855286 2.233137 2.401161 -0.778675 10.724241
454.991577 2.236072 2.406887 -0.793085 10.763947
459.204468 2.234012 2.404889 -0.792684 10.745103
463.496094 2.228989 2.411479 -0.846841 10.750320
467.868713 2.230249 2.402332 -0.797185 10.715598
472.324585 2.222585 2.405478 -0.846439 10.692759
476.866180 2.212293 2.410923 -0.918309 10.667333
481.495941 2.199459 2.418191 -1.010027 10.637424
486.216492 2.181298 2.422452 -1.110212 10.568180
491.030518 2.157268 2.435089 -1.275852 10.506280
495.940826 2.137956 2.457067 -1.466326 10.506203
500.950317 2.111652 2.483347 -1.707940 10.487928
506.062073 2.096071 2.517247 -1.943018 10.552658
511.279205 2.088022 2.554480 -2.165535 10.667622
516.605042 2.081588 2.593708 -2.394312 10.798066
522.042969 2.081262 2.631562 -2.593470 10.953938
527.596619 2.084764 2.668194 -2.773018 11.125107
533.269714 2.091845 2.702332 -2.926781 11.305718
539.066101 2.097302 2.734433 -3.078450 11.469863
544.989929 2.105084 2.770114 -3.242155 11.662644
551.045349 2.117119 2.799593 -3.355526 11.854144
557.236877 2.126729 2.830321 -3.487740 12.038652
563.569092 2.137953 2.860435 -3.611248 12.230949
570.046936 2.150269 2.891396 -3.736512 12.434557
576.675354 2.157926 2.917037 -3.852461 12.589497
583.459778 2.166091 2.944973 -3.980912 12.758159
590.405762 2.177388 2.974491 -4.106578 12.953241
597.519043 2.184837 3.004089 -4.251041 13.126889
604.805908 2.195942 3.038365 -4.409504 13.344146
612.272644 2.208812 3.064562 -4.512692 13.538083
619.926025 2.217396 3.099841 -4.692167 13.747152
627.773193 2.224456 3.125815 -4.822516 13.906477
635.821594 2.237729 3.159941 -4.977795 14.142183
644.078979 2.244660 3.192491 -5.153499 14.332112
652.553711 2.251650 3.227800 -5.348764 14.535750
661.254456 2.264846 3.260796 -5.503261 14.770401
670.190308 2.274121 3.302989 -5.738108 15.022795
679.370972 2.286471 3.338338 -5.916552 15.266028
688.806702 2.296208 3.383182 -6.173344 15.536980
698.508179 2.308703 3.419868 -6.365388 15.790921
708.486877 2.323646 3.459064 -6.565793 16.075280
718.754822 2.330375 3.505385 -6.857077 16.337726
729.324768 2.349683 3.546355 -7.055620 16.665622
740.210205 2.359885 3.593853 -7.346726 16.962161
751.425476 2.382867 3.648059 -7.630280 17.385684
762.985901 2.395066 3.685606 -7.847348 17.654538
774.907532 2.410505 3.745167 -8.215741 18.055482
787.207642 2.429752 3.782554 -8.404024 18.381335
799.904541 2.453148 3.848544 -8.793359 18.882093
813.017761 2.474844 3.889703 -9.004942 19.252815
826.568054 2.488189 3.944356 -9.366857 19.628604
840.577698 2.503875 4.005412 -9.773937 20.058102
855.070374 2.531356 4.061648 -10.089225 20.562956
870.071655 2.557929 4.125726 -10.478616 21.106632
885.608643 2.569887 4.199593 -11.032258 21.584961
901.710571 2.602687 4.248129 -11.272621 22.113103
918.408936 2.633493 4.317482 -11.705367 22.740124
935.737427 2.660967 4.380494 -12.107983 23.312705
953.732361 2.682816 4.452414 -12.626486 23.890013
972.432983 2.726587 4.524087 -13.033083 24.670631
991.881653 2.760127 4.593750 -13.484242 25.358663
1012.124146 2.785897 4.699946 -14.328276 26.187131
1033.210083 2.820826 4.763498 -14.733858 26.873998
1055.193237 2.861286 4.856863 -15.402168 27.793747
1078.132202 2.914804 4.921744 -15.727482 28.691842
1102.090698 2.954838 5.022424 -16.493673 29.680899
1127.138184 2.990856 5.152839 -17.606529 30.822804
1153.350708 3.064338 5.213348 -17.788834 31.950919
1180.811523 3.127306 5.292325 -18.228656 33.101440
1209.611816 3.175618 5.383667 -18.899315 34.192941
1239.852051 3.237007 5.494670 -19.713180 35.572565
1271.643188 3.284445 5.605165 -20.630290 36.819712
1305.107422 3.357395 5.735925 -21.628730 38.515531
1340.380615 3.425670 5.867749 -22.695262 40.201935
1377.613403 3.467726 6.017068 -24.179981 41.731083
1416.973755 3.586053 6.097873 -24.324283 43.734594
1458.649536 3.677945 6.160593 -24.425632 45.316650
1502.850952 3.746396 6.350977 -26.299429 47.586545
1549.815063 3.806600 6.496943 -27.720058 49.462529
1599.809082 3.907575 6.642813 -28.857820 51.914579
1653.136108 3.977368 6.846585 -31.056277 54.462776
1710.140747 4.026952 7.070818 -33.780127 56.947693
1771.217285 4.197355 7.135348 -33.295403 59.899187
1836.817871 4.362951 7.190635 -32.669893 62.744786
1907.464722 4.390838 7.648456 -39.219415 67.166269
1983.763306 4.567238 7.697101 -38.385692 70.308987
2066.420166 4.662668 7.905940 -40.763418 73.725546
