190.746475 1.162918 1.424263 -0.676146 3.312602
191.482941 1.185514 1.398015 -0.549001 3.314731
192.225128 1.186277 1.390738 -0.526899 3.299603
192.973083 1.173373 1.367821 -0.494130 3.209926
193.726883 1.167767 1.356705 -0.476971 3.168631
194.486603 1.194484 1.349677 -0.394834 3.224335
195.252289 1.170297 1.341485 -0.429986 3.139870
196.024048 1.182398 1.335779 -0.386241 3.158844
196.801910 1.189013 1.342971 -0.389821 3.193620
197.585983 1.176504 1.333689 -0.394564 3.138180
198.376328 1.170377 1.343616 -0.435524 3.145074
199.173019 1.155943 1.318117 -0.401228 3.047334
199.976135 1.163370 1.334894 -0.428512 3.105950
200.785767 1.157451 1.337313 -0.448715 3.095748
201.601959 1.157876 1.339488 -0.453553 3.101921
202.424820 1.154235 1.343360 -0.472356 3.101106
203.254440 1.138096 1.332939 -0.481466 3.034025
204.090881 1.140909 1.349112 -0.518430 3.078429
204.934219 1.138342 1.363748 -0.563988 3.104823
205.784576 1.134049 1.365179 -0.577647 3.096362
206.642014 1.140592 1.365235 -0.562917 3.114353
207.506622 1.125938 1.375890 -0.625338 3.098333
208.378494 1.122303 1.379261 -0.642796 3.095897
209.257736 1.123239 1.398472 -0.694057 3.141636
210.144424 1.130548 1.403744 -0.692358 3.174000
211.038651 1.118589 1.414152 -0.748584 3.163709
211.940521 1.112755 1.419874 -0.777817 3.159944
212.850143 1.111819 1.427656 -0.802062 3.174589
213.767593 1.105692 1.438008 -0.845313 3.179987
214.692993 1.106471 1.451417 -0.882332 3.211901
215.626450 1.093830 1.457484 -0.927794 3.188480
216.568039 1.101721 1.470481 -0.948527 3.240119
217.517899 1.096180 1.477594 -0.981674 3.239416
218.476135 1.095062 1.491875 -1.026532 3.267392
219.442841 1.094280 1.500066 -1.052750 3.282984
220.418152 1.090276 1.511575 -1.096157 3.296068
221.402161 1.087617 1.529058 -1.155108 3.326058
222.394989 1.092322 1.542150 -1.185061 3.369050
223.396774 1.081624 1.550254 -1.233376 3.353585
224.407608 1.083480 1.565182 -1.275864 3.391686
225.427643 1.087687 1.578233 -1.307757 3.433249
226.457001 1.081849 1.591527 -1.362561 3.443585
227.495789 1.082002 1.603610 -1.400836 3.470217
228.544159 1.085304 1.616828 -1.436247 3.509498
229.602234 1.078778 1.627377 -1.484594 3.511156
230.670151 1.079031 1.641384 -1.529834 3.542209
231.748047 1.084245 1.659977 -1.579935 3.599643
232.836075 1.082686 1.671107 -1.620391 3.618568
233.934357 1.085270 1.688897 -1.674563 3.665819
235.043045 1.082271 1.698077 -1.712155 3.675561
236.162292 1.083634 1.714928 -1.766717 3.716709
237.292267 1.089268 1.730278 -1.807355 3.769473
238.433090 1.086742 1.741581 -1.852095 3.785300
239.584946 1.088664 1.757983 -1.905313 3.827706
240.747971 1.087550 1.771228 -1.954483 3.852597
241.922348 1.094528 1.787501 -1.997170 3.912940
243.108246 1.096487 1.801635 -2.043606 3.950938
244.305832 1.093659 1.815490 -2.099914 3.971053
245.515259 1.096940 1.834433 -2.161867 4.024528
246.736725 1.096224 1.851275 -2.225510 4.058823
247.970413 1.099120 1.867183 -2.278307 4.104514
249.216492 1.102614 1.882440 -2.327820 4.151210
250.475159 1.104451 1.900573 -2.392366 4.198181
251.746613 1.105803 1.918099 -2.456305 4.242079
253.031036 1.106496 1.937873 -2.531019 4.288497
254.328629 1.110797 1.958268 -2.600944 4.350475
255.639603 1.112313 1.971761 -2.650603 4.386432
256.964172 1.111863 1.996169 -2.748449 4.438934
258.302521 1.119284 2.017644 -2.818092 4.516632
259.654877 1.120551 2.039538 -2.904080 4.570814
261.021484 1.119208 2.058334 -2.984112 4.607406
262.402557 1.117157 2.078528 -3.072240 4.644084
263.798309 1.120013 2.108410 -3.190961 4.722894
265.208984 1.121566 2.130677 -3.281877 4.779389
266.634857 1.124564 2.152801 -3.369909 4.841926
268.076111 1.125989 2.182885 -3.497135 4.915808
269.533051 1.127635 2.216046 -3.639302 4.997781
271.005920 1.127615 2.255407 -3.815343 5.086462
272.494965 1.133116 2.296856 -3.991593 5.205208
274.000458 1.142667 2.339218 -4.166255 5.345893
275.522675 1.157499 2.383546 -4.341487 5.517902
277.061920 1.179859 2.435055 -4.537426 5.746043
278.618439 1.204035 2.485291 -4.726972 5.984752
280.192566 1.236668 2.533135 -4.887422 6.265295
281.784546 1.282518 2.584334 -5.033929 6.628907
283.394745 1.331628 2.631486 -5.151484 7.008320
285.023468 1.386060 2.668967 -5.202219 7.398698
286.670990 1.451296 2.708345 -5.228870 7.861221
288.337677 1.524302 2.716274 -5.054645 8.280846
290.023865 1.619567 2.734561 -4.854824 8.857608
291.729889 1.686309 2.729963 -4.609057 9.207120
293.456116 1.756863 2.715203 -4.285758 9.540477
295.202881 1.812662 2.696633 -3.986088 9.776168
296.970551 1.862568 2.674121 -3.681766 9.961465
298.759521 1.904576 2.650700 -3.398800 10.096917
300.570190 1.943138 2.628257 -3.131948 10.214134
302.402954 1.979058 2.602360 -2.855605 10.300445
304.258179 2.011974 2.576067 -2.588078 10.365960
306.136322 2.039380 2.554900 -2.368440 10.420823
308.037781 2.066342 2.530643 -2.134385 10.458345
309.963013 2.088896 2.506036 -1.916734 10.469698
311.912476 2.110916 2.483210 -1.710369 10.483696
313.886597 2.129868 2.458518 -1.507971 10.472639
315.885864 2.146801 2.432323 -1.307444 10.443428
317.910797 2.162785 2.409877 -1.129869 10.424091
319.961823 2.175898 2.383252 -0.945361 10.371427
322.039490 2.186906 2.359246 -0.783484 10.318895
324.144318 2.193735 2.338239 -0.654889 10.258952
326.276855 2.199330 2.316425 -0.528770 10.189166
328.437622 2.204147 2.295242 -0.409872 10.118105
330.627228 2.206836 2.274828 -0.304717 10.040349
332.846191 2.206901 2.255427 -0.216537 9.955007
335.095154 2.204764 2.238996 -0.152121 9.872918
337.374725 2.203329 2.222547 -0.085056 9.794003
339.685486 2.200187 2.207989 -0.034395 9.715977
342.028168 2.194738 2.195055 -0.001389 9.635143
344.403351 2.187822 2.183177 0.020300 9.552805
346.811768 2.183129 2.175742 0.032201 9.499852
349.254089 2.178164 2.167186 0.047702 9.440974
351.731079 2.171168 2.160327 0.046957 9.380862
354.243439 2.163562 2.153631 0.042873 9.319025
356.791962 2.157016 2.144915 0.052059 9.253231
359.377411 2.149436 2.139875 0.041012 9.199048
362.000610 2.139587 2.134245 0.022827 9.132806
364.662384 2.125365 2.129904 -0.019312 9.053649
367.363586 2.112188 2.131207 -0.080702 9.003020
370.105103 2.094622 2.134287 -0.167736 8.941050
372.887848 2.078863 2.146092 -0.284042 8.922862
375.712738 2.066976 2.159606 -0.391508 8.927705
378.580780 2.058290 2.170832 -0.475954 8.936402
381.492950 2.051867 2.188646 -0.580010 8.981620
384.450256 2.048438 2.206647 -0.673192 9.040359
387.453766 2.047669 2.219165 -0.731744 9.088233
390.504578 2.047435 2.233517 -0.796610 9.145961
393.603821 2.049937 2.246877 -0.846218 9.211913
396.752655 2.052667 2.260385 -0.895900 9.279637
399.952271 2.055693 2.272427 -0.938052 9.342825
403.203918 2.059599 2.287676 -0.991511 9.423389
406.508881 2.062264 2.299469 -1.034624 9.484223
409.868439 2.068866 2.310456 -1.058002 9.560045
413.284027 2.073094 2.322305 -1.095379 9.628713
416.756989 2.079284 2.334930 -1.128478 9.709964
420.288849 2.082783 2.344520 -1.158787 9.766253
423.881042 2.088371 2.355353 -1.186395 9.837702
427.535187 2.095927 2.365756 -1.203894 9.916904
431.252899 2.102509 2.374631 -1.218327 9.985366
435.035828 2.107198 2.383893 -1.242659 10.046669
438.885681 2.111083 2.390138 -1.256087 10.091560
442.804321 2.119141 2.396378 -1.251871 10.156525
446.793549 2.121685 2.403839 -1.276897 10.200376
450.855286 2.126771 2.409797 -1.283966 10.250174
454.991577 2.129291 2.413965 -1.293347 10.280070
459.204468 2.131500 2.419982 -1.313022 10.316381
463.496094 2.130294 2.424803 -1.341516 10.331089
467.868713 2.128806 2.423505 -1.341565 10.318344
472.324585 2.124416 2.428044 -1.382254 10.316353
476.866180 2.118180 2.432102 -1.428435 10.303261
481.495941 2.104893 2.436969 -1.508240 10.259117
486.216492 2.089554 2.447056 -1.621847 10.226510
491.030518 2.070103 2.459942 -1.765987 10.184666
495.940826 2.048172 2.483194 -1.971247 10.172017
500.950317 2.023802 2.515341 -2.231165 10.181105
506.062073 2.008827 2.548763 -2.460807 10.240052
511.279205 2.000763 2.586150 -2.685119 10.348550
516.605042 1.995665 2.627551 -2.921346 10.487420
522.042969 1.996422 2.668559 -3.135505 10.655140
527.596619 2.000339 2.706057 -3.321387 10.826059
533.269714 2.008415 2.743397 -3.492494 11.019759
539.066101 2.015541 2.782495 -3.679877 11.216465
544.989929 2.025930 2.818146 -3.837552 11.418733
551.045349 2.036930 2.848924 -3.967284 11.606115
557.236877 2.048868 2.881304 -4.104052 11.806822
563.569092 2.062981 2.912451 -4.226476 12.016663
570.046936 2.075004 2.943832 -4.360506 12.216926
576.675354 2.084844 2.976342 -4.512036 12.410418
583.459778 2.096558 3.007708 -4.650747 12.611669
590.405762 2.109949 3.037788 -4.776275 12.819154
597.519043 2.121541 3.070168 -4.924995 13.026971
604.805908 2.133711 3.103000 -5.075888 13.241812
612.272644 2.147875 3.133759 -5.207079 13.461850
619.926025 2.158753 3.166344 -5.365516 13.670710
627.773193 2.170933 3.200880 -5.532679 13.897790
635.821594 2.183047 3.235834 -5.704927 14.127959
644.078979 2.193653 3.271439 -5.890201 14.352803
652.553711 2.206650 3.305424 -6.056520 14.587830
661.254456 2.217855 3.344566 -6.267240 14.835521
670.190308 2.229645 3.383176 -6.474566 15.086565
679.370972 2.246717 3.419986 -6.648568 15.367479
688.806702 2.258389 3.463276 -6.893963 15.642847
698.508179 2.275020 3.506952 -7.122995 15.956771
708.486877 2.289471 3.544758 -7.323634 16.231238
718.754822 2.303514 3.590780 -7.587528 16.542824
729.324768 2.319023 3.637104 -7.850659 16.869060
740.210205 2.331497 3.680405 -8.109505 17.161704
751.425476 2.354599 3.723810 -8.322621 17.536160
762.985901 2.371399 3.774915 -8.626445 17.903661
774.907532 2.394715 3.821235 -8.867176 18.301539
787.207642 2.410381 3.868629 -9.156352 18.649740
799.904541 2.433086 3.924134 -9.478915 19.095512
813.017761 2.453809 3.984322 -9.853645 19.553536
826.568054 2.470173 4.033286 -10.165638 19.925828
855.070374 2.521094 4.155881 -10.915431 20.954733
870.071655 2.552216 4.219583 -11.291076 21.538581
885.608643 2.581301 4.276063 -11.621605 22.075612
901.710571 2.604753 4.336397 -12.019600 22.590491
918.408936 2.635825 4.399898 -12.411530 23.194719
935.737427 2.658711 4.466067 -12.877011 23.747968
953.732361 2.690800 4.540918 -13.379530 24.437399
972.432983 2.719060 4.609971 -13.858543 25.069576
991.881653 2.756359 4.688703 -14.386416 25.847498
1012.124146 2.802435 4.769836 -14.897692 26.734314
1033.210083 2.841231 4.839286 -15.346097 27.499058
1055.193237 2.873434 4.931203 -16.060147 28.338971
1078.132202 2.913706 5.016853 -16.679127 29.235269
1102.090698 2.959573 5.101769 -17.268978 30.198113
1127.138184 3.015541 5.178703 -17.725484 31.233180
1153.350708 3.068881 5.289832 -18.564294 32.467725
1180.811523 3.127705 5.387168 -19.239038 33.698948
1209.611816 3.194282 5.483331 -19.863483 35.030615
1239.852051 3.251247 5.569431 -20.447948 36.215194
1271.643188 3.313980 5.650253 -20.942897 37.449648
1305.107422 3.364692 5.809087 -22.424345 39.091577
1340.380615 3.446322 5.926302 -23.243922 40.847898
1377.613403 3.516652 6.044908 -24.174072 42.515671
1416.973755 3.586354 6.175697 -25.277306 44.296470
1458.649536 3.684787 6.246252 -25.438013 46.032217
1502.850952 3.766861 6.383604 -26.561158 48.092297
1549.815063 3.816322 6.576381 -28.684466 50.195177
1599.809082 3.905177 6.719480 -29.901008 52.481513
1653.136108 4.041484 6.831065 -30.329848 55.215283
1710.140747 4.117325 7.004193 -32.106348 57.677074
1771.217285 4.215333 7.230747 -34.514673 60.960007
1836.817871 4.385132 7.290878 -33.927524 63.942926
1907.464722 4.482710 7.520772 -36.467325 67.426885
1983.763306 4.578936 7.797212 -39.829863 71.405869
2066.420166 4.639339 8.135084 -44.656133 75.482829
