0.000000 0.000000 0.000000 0.000000 0.000000 0.000000
0.050000 0.000000 0.000000 0.000000 0.000000 0.000000
0.100000 0.000000 0.000000 0.000000 0.000000 0.000000
0.150000 0.000000 0.000000 0.000000 0.000000 0.000000
0.200000 0.000000 0.000000 0.000000 0.000000 0.000000
0.250000 0.000000 0.000000 0.000000 0.000000 0.000000
0.300000 0.000000 0.000000 0.000000 0.000000 0.000000
0.350000 0.000000 0.000000 0.000000 0.000000 0.000000
0.400000 0.000000 0.000000 0.000000 0.000000 0.000000
0.450000 0.000000 0.000000 0.000000 0.000000 0.000000
0.500000 0.000000 0.000000 0.000000 0.000000 0.000000
0.550000 0.000000 0.000000 0.000000 0.000000 0.000000
0.600000 0.000000 0.000000 0.000000 0.000000 0.000000
0.650000 0.000000 0.000000 0.000000 0.000000 0.000000
0.700000 0.000000 0.000000 0.000000 0.000000 0.000000
0.750000 0.000000 0.000000 0.000000 0.000000 0.000000
0.800000 0.000000 0.000000 0.000000 0.000000 0.000000
0.850000 0.000000 0.000000 0.000000 0.000000 0.000000
0.900000 0.000000 0.000000 0.000000 0.000000 0.000000
0.950000 0.000000 0.000000 0.000000 0.000000 0.000000
1.000000 0.000000 0.000000 0.000000 0.000000 0.000000
1.050000 0.000000 0.000000 0.000000 0.000000 0.000000
1.100000 0.000000 0.000000 0.000000 0.000000 0.000000
1.150000 0.000000 0.000000 0.000000 0.000000 0.000000
1.200000 0.000000 0.000000 0.000000 0.000000 0.000000
1.250000 0.000000 0.000000 0.000000 0.000000 0.000000
1.300000 0.000594 0.000594 0.000000 0.000000 0.000000
1.350000 0.002851 0.002851 0.000000 0.000000 0.000000
1.400000 0.006563 0.006563 0.000000 0.000000 0.000000
1.450000 0.011534 0.011534 0.000000 0.000000 0.000000
1.500000 0.017603 0.017603 0.000000 0.000000 0.000000
1.550000 0.024645 0.024645 0.000000 0.000000 0.000000
1.600000 0.032555 0.032555 0.000000 0.000000 0.000000
1.650000 0.041253 0.041253 0.000000 0.000000 0.000000
1.700000 0.050672 0.050672 0.000000 0.000000 0.000000
1.750000 0.060759 0.060759 0.000000 0.000000 0.000000
1.800000 0.071472 0.071472 0.000000 0.000000 0.000000
1.850000 0.082780 0.082780 0.000000 0.000000 0.000000
1.900000 0.094656 0.094656 0.000000 0.000000 0.000000
1.950000 0.107082 0.107082 0.000000 0.000000 0.000000
2.000000 0.120044 0.120044 0.000000 0.000000 0.000000
2.050000 0.133530 0.133530 0.000000 0.000000 0.000000
2.100000 0.147536 0.147536 0.000000 0.000000 0.000000
2.150000 0.162056 0.162056 0.000000 0.000000 0.000000
2.200000 0.177089 0.177089 0.000000 0.000000 0.000000
2.250000 0.192634 0.192634 0.000000 0.000000 0.000000
2.300000 0.208693 0.208693 0.000000 0.000000 0.000000
2.350000 0.225265 0.225265 0.000000 0.000000 0.000000
2.400000 0.242353 0.242353 0.000000 0.000000 0.000000
2.450000 0.259958 0.259958 0.000000 0.000000 0.000000
2.500000 0.278079 0.278079 0.000000 0.000000 0.000000
2.550000 0.296717 0.296717 0.000000 0.000000 0.000000
2.600000 0.315868 0.315868 0.000000 0.000000 0.000000
2.650000 0.335528 0.335528 0.000000 0.000000 0.000000
2.700000 0.355690 0.355690 0.000000 0.000000 0.000000
2.750000 0.376343 0.376343 0.000000 0.000000 0.000000
2.800000 0.397474 0.397474 0.000000 0.000000 0.000000
2.850000 0.419065 0.419065 0.000000 0.000000 0.000000
2.900000 0.441095 0.441095 0.000000 0.000000 0.000000
2.950000 0.463534 0.463534 0.000000 0.000000 0.000000
3.000000 0.486352 0.486352 0.000000 0.000000 0.000000
3.050000 0.509508 0.509508 0.000000 0.000000 0.000000
3.100000 0.532957 0.532957 0.000000 0.000000 0.000000
3.150000 0.556647 0.556647 0.000000 0.000000 0.000000
3.200000 0.580519 0.580519 0.000000 0.000000 0.000000
3.250000 0.604506 0.604506 0.000000 0.000000 0.000000
3.300000 0.628534 0.628534 0.000000 0.000000 0.000000
3.350000 0.652520 0.652520 0.000000 0.000000 0.000000
3.400000 0.676376 0.676376 0.000000 0.000000 0.000000
3.450000 0.700005 0.700005 0.000000 0.000000 0.000000
3.500000 0.723306 0.723306 0.000000 0.000000 0.000000
3.550000 0.746169 0.746169 0.000000 0.000000 0.000000
3.600000 0.768483 0.768483 0.000000 0.000000 0.000000
3.650000 0.790130 0.790130 0.000000 0.000000 0.000000
3.700000 0.810992 0.810992 0.000000 0.000000 0.000000
3.750000 0.830951 0.830951 0.000000 0.000000 0.000000
3.800000 0.849997 0.849888 0.000110 0.000000 0.000000
3.850000 0.869006 0.867688 0.001318 0.000000 0.000000
3.900000 0.888035 0.884242 0.003793 0.000000 0.000000
3.950000 0.906901 0.899447 0.007454 0.000000 0.000000
4.000000 0.925439 0.913209 0.012230 0.000000 0.000000
4.050000 0.943496 0.925445 0.018051 0.000000 0.000000
4.100000 0.960938 0.936083 0.024855 0.000000 0.000000
4.150000 0.977649 0.945067 0.032583 0.000000 0.000000
4.200000 0.993532 0.952353 0.041179 0.000000 0.000000
4.250000 1.008508 0.957915 0.050593 0.000000 0.000000
4.300000 1.022520 0.961743 0.060777 0.000000 0.000000
4.350000 1.035526 0.963840 0.071687 0.000000 0.000000
4.400000 1.047508 0.964227 0.083281 0.000000 0.000000
4.450000 1.058461 0.962941 0.095520 0.000000 0.000000
4.500000 1.068399 0.960030 0.108369 0.000000 0.000000
4.550000 1.077351 0.955558 0.121793 0.000000 0.000000
4.600000 1.085359 0.949598 0.135761 0.000000 0.000000
4.650000 1.092476 0.942233 0.150243 0.000000 0.000000
4.700000 1.098766 0.933554 0.165212 0.000000 0.000000
4.750000 1.104299 0.923659 0.180641 0.000000 0.000000
4.800000 1.109153 0.912648 0.196505 0.000000 0.000000
4.850000 1.113410 0.900627 0.212783 0.000000 0.000000
4.900000 1.117151 0.887699 0.229452 0.000000 0.000000
4.950000 1.120463 0.873970 0.246493 0.000000 0.000000
5.000000 1.123428 0.859542 0.263886 0.000000 0.000000
5.050000 1.126128 0.844515 0.281613 0.000000 0.000000
5.100000 1.128643 0.828985 0.299658 0.000000 0.000000
5.150000 1.131049 0.813044 0.318005 0.000000 0.000000
5.200000 1.133416 0.796778 0.336638 0.000000 0.000000
5.250000 1.135812 0.780268 0.355544 0.000000 0.000000
5.300000 1.138298 0.763589 0.374709 0.000000 0.000000
5.350000 1.140930 0.746809 0.394121 0.000000 0.000000
5.400000 1.143759 0.729991 0.413768 0.000000 0.000000
5.450000 1.146831 0.713193 0.433639 0.000000 0.000000
5.500000 1.150187 0.696465 0.453722 0.000000 0.000000
5.550000 1.153861 0.679853 0.474008 0.000000 0.000000
5.600000 1.157884 0.663397 0.494487 0.000000 0.000000
5.650000 1.162282 0.647132 0.515150 0.000000 0.000000
5.700000 1.167077 0.631089 0.535989 0.000000 0.000000
5.750000 1.172287 0.615293 0.556994 0.000000 0.000000
5.800000 1.177926 0.599767 0.578159 0.000000 0.000000
5.850000 1.184005 0.584530 0.599475 0.000000 0.000000
5.900000 1.190531 0.569596 0.620935 0.000000 0.000000
5.950000 1.197510 0.554976 0.642533 0.000000 0.000000
6.000000 1.204943 0.540681 0.664262 0.000000 0.000000
6.050000 1.212833 0.526718 0.686115 0.000000 0.000000
6.100000 1.221176 0.513089 0.708087 0.000000 0.000000
6.150000 1.229971 0.499800 0.730171 0.000000 0.000000
6.200000 1.239211 0.486849 0.752362 0.000000 0.000000
6.250000 1.248892 0.474238 0.774654 0.000000 0.000000
6.300000 1.259005 0.461963 0.797042 0.000000 0.000000
6.350000 1.269544 0.450023 0.819520 0.000000 0.000000
6.400000 1.280498 0.438413 0.842085 0.000000 0.000000
6.450000 1.291859 0.427129 0.864730 0.000000 0.000000
6.500000 1.303616 0.416166 0.887451 0.000000 0.000000
6.550000 1.315759 0.405517 0.910243 0.000000 0.000000
6.600000 1.328277 0.395176 0.933102 0.000000 0.000000
6.650000 1.341159 0.385137 0.956022 0.000000 0.000000
6.700000 1.354394 0.375393 0.979001 0.000000 0.000000
6.750000 1.367968 0.365936 1.002033 0.000000 0.000000
6.800000 1.381873 0.356759 1.025113 0.000000 0.000000
6.850000 1.396094 0.347855 1.048239 0.000000 0.000000
6.900000 1.410621 0.339217 1.071404 0.000000 0.000000
6.950000 1.425442 0.330836 1.094606 0.000000 0.000000
7.000000 1.440546 0.322706 1.117840 0.000000 0.000000
7.050000 1.455920 0.314819 1.141101 0.000000 0.000000
7.100000 1.471554 0.307168 1.164385 0.000000 0.000000
7.150000 1.487435 0.299746 1.187689 0.000000 0.000000
7.200000 1.503553 0.292545 1.211008 0.000000 0.000000
7.250000 1.519897 0.285559 1.234338 0.000000 0.000000
7.300000 1.536454 0.278781 1.257674 0.000000 0.000000
7.350000 1.553216 0.272203 1.281012 0.000000 0.000000
7.400000 1.570169 0.265821 1.304349 0.000000 0.000000
7.450000 1.587305 0.259627 1.327678 0.000000 0.000000
7.500000 1.604612 0.253615 1.350997 0.000000 0.000000
7.550000 1.622081 0.247779 1.374301 0.000000 0.000000
7.600000 1.639700 0.242114 1.397586 0.000000 0.000000
7.650000 1.657460 0.236614 1.420846 0.000000 0.000000
7.700000 1.675350 0.231274 1.444077 0.000000 0.000000
7.750000 1.693361 0.226087 1.467275 0.000000 0.000000
7.800000 1.711484 0.221049 1.490434 0.000000 0.000000
7.850000 1.729707 0.216156 1.513551 0.000000 0.000000
7.900000 1.748022 0.211402 1.536621 0.000000 0.000000
7.950000 1.766419 0.206782 1.559637 0.000000 0.000000
8.000000 1.784889 0.202293 1.582597 0.000000 0.000000
8.050000 1.803423 0.197929 1.605494 0.000000 0.000000
8.100000 1.822011 0.193688 1.628323 0.000000 0.000000
8.150000 1.840643 0.189563 1.651080 0.000000 0.000000
8.200000 1.859312 0.185553 1.673759 0.000000 0.000000
8.250000 1.878008 0.181653 1.696354 0.000000 0.000000
8.300000 1.896721 0.177860 1.718862 0.000000 0.000000
8.350000 1.915444 0.174169 1.741275 0.000000 0.000000
8.400000 1.934166 0.170578 1.763588 0.000000 0.000000
8.450000 1.952880 0.167083 1.785797 0.000000 0.000000
8.500000 1.971577 0.163682 1.807895 0.000000 0.000000
8.550000 1.990247 0.160371 1.829877 0.000000 0.000000
8.600000 2.008883 0.157147 1.851736 0.000000 0.000000
8.650000 2.027475 0.154008 1.873467 0.000000 0.000000
8.700000 2.046015 0.150951 1.895064 0.000000 0.000000
8.750000 2.064494 0.147973 1.916522 0.000000 0.000000
8.800000 2.082904 0.145072 1.937833 0.000000 0.000000
8.850000 2.101237 0.142245 1.958992 0.000000 0.000000
8.900000 2.119483 0.139490 1.979993 0.000000 0.000000
8.950000 2.137634 0.136805 2.000829 0.000000 0.000000
9.000000 2.155682 0.134187 2.021495 0.000000 0.000000
9.050000 2.173618 0.131635 2.041983 0.000000 0.000000
9.100000 2.191435 0.129146 2.062288 0.000000 0.000000
9.150000 2.209123 0.126719 2.082403 0.000000 0.000000
9.200000 2.226674 0.124352 2.102322 0.000000 0.000000
9.250000 2.244081 0.122042 2.122038 0.000000 0.000000
9.300000 2.261334 0.119789 2.141545 0.000000 0.000000
9.350000 2.278426 0.117590 2.160837 0.000000 0.000000
9.400000 2.295349 0.115444 2.179906 0.000000 0.000000
9.450000 2.312094 0.113348 2.198746 0.000000 0.000000
9.500000 2.328654 0.111303 2.217351 0.000000 0.000000
9.550000 2.345020 0.109306 2.235714 0.000000 0.000000
9.600000 2.361184 0.107356 2.253828 0.000000 0.000000
9.650000 2.377139 0.105451 2.271688 0.000000 0.000000
9.700000 2.392876 0.103590 2.289286 0.000000 0.000000
9.750000 2.408389 0.101772 2.306617 0.000000 0.000000
9.800000 2.423669 0.099996 2.323673 0.000000 0.000000
9.850000 2.438708 0.098260 2.340448 0.000000 0.000000
9.900000 2.453500 0.096564 2.356936 0.000000 0.000000
9.950000 2.468037 0.094906 2.373131 0.000000 0.000000
10.000000 2.482311 0.093285 2.389026 0.000000 0.000000
10.050000 2.496315 0.091700 2.404616 0.000000 0.000000
10.100000 2.510043 0.090150 2.419893 0.000000 0.000000
10.150000 2.523486 0.088634 2.434853 0.000000 0.000000
10.200000 2.536639 0.087151 2.449489 0.000000 0.000000
10.250000 2.549495 0.085701 2.463795 0.000000 0.000000
10.300000 2.562047 0.084281 2.477765 0.000000 0.000000
10.350000 2.574288 0.082893 2.491395 0.000000 0.000000
10.400000 2.586212 0.081534 2.504678 0.000000 0.000000
10.450000 2.597814 0.080204 2.517609 0.000000 0.000000
10.500000 2.609086 0.078902 2.530184 0.000000 0.000000
10.550000 2.620024 0.077628 2.542396 0.000000 0.000000
10.600000 2.630621 0.076380 2.554241 0.000000 0.000000
10.650000 2.640873 0.075159 2.565714 0.000000 0.000000
10.700000 2.650773 0.073962 2.576811 0.000000 0.000000
10.750000 2.660317 0.072790 2.587527 0.000000 0.000000
10.800000 2.669501 0.071643 2.597858 0.000000 0.000000
10.850000 2.678318 0.070518 2.607800 0.000000 0.000000
10.900000 2.686765 0.069417 2.617348 0.000000 0.000000
10.950000 2.694838 0.068337 2.626500 0.000000 0.000000
11.000000 2.702532 0.067279 2.635252 0.000000 0.000000
11.050000 2.709843 0.066243 2.643601 0.000000 0.000000
11.100000 2.716769 0.065227 2.651543 0.000000 0.000000
11.150000 2.723306 0.064231 2.659075 0.000000 0.000000
11.200000 2.729450 0.063254 2.666196 0.000000 0.000000
11.250000 2.735199 0.062297 2.672903 0.000000 0.000000
11.300000 2.740551 0.061358 2.679193 0.000000 0.000000
11.350000 2.745502 0.060437 2.685065 0.000000 0.000000
11.400000 2.750052 0.059535 2.690517 0.000000 0.000000
11.450000 2.754197 0.058649 2.695548 0.000000 0.000000
11.500000 2.757937 0.057780 2.700157 0.000000 0.000000
11.550000 2.761270 0.056928 2.704342 0.000000 0.000000
11.600000 2.764195 0.056092 2.708104 0.000000 0.000000
11.650000 2.766712 0.055271 2.711441 0.000000 0.000000
11.700000 2.768820 0.054466 2.714354 0.000000 0.000000
11.750000 2.770518 0.053676 2.716842 0.000000 0.000000
11.800000 2.771808 0.052900 2.718907 0.000000 0.000000
11.850000 2.772688 0.052139 2.720549 0.000000 0.000000
11.900000 2.773160 0.051392 2.721768 0.000000 0.000000
11.950000 2.773225 0.050658 2.722566 0.000000 0.000000
12.000000 2.772883 0.049938 2.722945 0.000000 0.000000
12.050000 2.772136 0.049230 2.722906 0.000000 0.000000
12.100000 2.770986 0.048536 2.722451 0.000000 0.000000
12.150000 2.769435 0.047854 2.721582 0.000000 0.000000
12.200000 2.767485 0.047183 2.720301 0.000000 0.000000
12.250000 2.765137 0.046525 2.718612 0.000000 0.000000
12.300000 2.762396 0.045879 2.716517 0.000000 0.000000
12.350000 2.759263 0.045244 2.714020 0.000000 0.000000
12.400000 2.755743 0.044619 2.711123 0.000000 0.000000
12.450000 2.751837 0.044006 2.707831 0.000000 0.000000
12.500000 2.747551 0.043404 2.704147 0.000000 0.000000
12.550000 2.742887 0.042811 2.700075 0.000000 0.000000
12.600000 2.737850 0.042229 2.695621 0.000000 0.000000
12.650000 2.732444 0.041657 2.690787 0.000000 0.000000
12.700000 2.726674 0.041095 2.685579 0.000000 0.000000
12.750000 2.720544 0.040542 2.680002 0.000000 0.000000
12.800000 2.714059 0.039999 2.674060 0.000000 0.000000
12.850000 2.707224 0.039464 2.667760 0.000000 0.000000
12.900000 2.700045 0.038939 2.661106 0.000000 0.000000
12.950000 2.692526 0.038422 2.654104 0.000000 0.000000
13.000000 2.684674 0.037914 2.646759 0.000000 0.000000
13.050000 2.676494 0.037415 2.639079 0.000000 0.000000
13.100000 2.667991 0.036923 2.631068 0.000000 0.000000
13.150000 2.659173 0.036440 2.622733 0.000000 0.000000
13.200000 2.650044 0.035964 2.614080 0.000000 0.000000
13.250000 2.640612 0.035497 2.605116 0.000000 0.000000
13.300000 2.630883 0.035036 2.595846 0.000000 0.000000
13.350000 2.620862 0.034584 2.586279 0.000000 0.000000
13.400000 2.610558 0.034138 2.576420 0.000000 0.000000
13.450000 2.599975 0.033700 2.566276 0.000000 0.000000
13.500000 2.589122 0.033268 2.555854 0.000000 0.000000
13.550000 2.578005 0.032844 2.545161 0.000000 0.000000
13.600000 2.566631 0.032426 2.534205 0.000000 0.000000
13.650000 2.555006 0.032014 2.522991 0.000000 0.000000
13.700000 2.543138 0.031610 2.511528 0.000000 0.000000
13.750000 2.531034 0.031211 2.499823 0.000000 0.000000
13.800000 2.518700 0.030819 2.487882 0.000000 0.000000
13.850000 2.506145 0.030432 2.475712 0.000000 0.000000
13.900000 2.493374 0.030052 2.463322 0.000000 0.000000
13.950000 2.480396 0.029678 2.450718 0.000000 0.000000
14.000000 2.467216 0.029309 2.437907 0.000000 0.000000
14.050000 2.453843 0.028946 2.424897 0.000000 0.000000
14.100000 2.440284 0.028588 2.411695 0.000000 0.000000
14.150000 2.426544 0.028236 2.398308 0.000000 0.000000
14.200000 2.412633 0.027889 2.384744 0.000000 0.000000
14.250000 2.398556 0.027547 2.371008 0.000000 0.000000
14.300000 2.384320 0.027211 2.357109 0.000000 0.000000
14.350000 2.369933 0.026879 2.343054 0.000000 0.000000
14.400000 2.355402 0.026553 2.328849 0.000000 0.000000
14.450000 2.340732 0.026231 2.314501 0.000000 0.000000
14.500000 2.325932 0.025914 2.300018 0.000000 0.000000
14.550000 2.311007 0.025602 2.285405 0.000000 0.000000
14.600000 2.295965 0.025294 2.270671 0.000000 0.000000
14.650000 2.280811 0.024991 2.255821 0.000000 0.000000
14.700000 2.265553 0.024692 2.240862 0.000000 0.000000
14.750000 2.250197 0.024397 2.225800 0.000000 0.000000
14.800000 2.234750 0.024107 2.210643 0.000000 0.000000
14.850000 2.219216 0.023821 2.195396 0.000000 0.000000
14.900000 2.203604 0.023539 2.180065 0.000000 0.000000
14.950000 2.187918 0.023261 2.164657 0.000000 0.000000
15.000000 2.172165 0.022987 2.149178 0.000000 0.000000
15.050000 2.156352 0.022716 2.133633 0.000002 0.000000
15.100000 2.140500 0.022450 2.118029 0.000021 0.000000
15.150000 2.124618 0.022187 2.102371 0.000059 0.000000
15.200000 2.108711 0.021929 2.086665 0.000117 0.000000
15.250000 2.092783 0.021673 2.070916 0.000193 0.000000
15.300000 2.076838 0.021422 2.055130 0.000286 0.000000
15.350000 2.060881 0.021173 2.039312 0.000395 0.000000
15.400000 2.044916 0.020929 2.023467 0.000520 0.000000
15.450000 2.028948 0.020687 2.007601 0.000660 0.000000
15.500000 2.012979 0.020449 1.991717 0.000813 0.000000
15.550000 1.997015 0.020214 1.975822 0.000979 0.000000
15.600000 1.981059 0.019983 1.959919 0.001157 0.000000
15.650000 1.965116 0.019754 1.944014 0.001348 0.000000
15.700000 1.949188 0.019529 1.928110 0.001549 0.000000
15.750000 1.933279 0.019307 1.912212 0.001760 0.000000
15.800000 1.917394 0.019087 1.896325 0.001982 0.000000
15.850000 1.901536 0.018871 1.880452 0.002212 0.000000
15.900000 1.885707 0.018658 1.864598 0.002451 0.000000
15.950000 1.869912 0.018447 1.848766 0.002699 0.000000
16.000000 1.854153 0.018239 1.832960 0.002953 0.000000
16.050000 1.838434 0.018034 1.817185 0.003215 0.000000
16.100000 1.822758 0.017832 1.801442 0.003483 0.000000
16.150000 1.807127 0.017633 1.785736 0.003758 0.000000
16.200000 1.791545 0.017436 1.770071 0.004038 0.000000
16.250000 1.776013 0.017241 1.754449 0.004323 0.000000
16.300000 1.760538 0.017049 1.738873 0.004614 0.000002
16.350000 1.745192 0.016860 1.723347 0.004908 0.000076
16.400000 1.730006 0.016673 1.707873 0.005207 0.000253
16.450000 1.714979 0.016489 1.692454 0.005509 0.000526
16.500000 1.700108 0.016307 1.677094 0.005815 0.000893
16.550000 1.685392 0.016127 1.661793 0.006124 0.001348
16.600000 1.670829 0.015950 1.646556 0.006436 0.001888
16.650000 1.656416 0.015775 1.631383 0.006750 0.002508
16.700000 1.642151 0.015602 1.616279 0.007067 0.003204
16.750000 1.628033 0.015431 1.601244 0.007385 0.003973
16.800000 1.614060 0.015263 1.586281 0.007705 0.004812
16.850000 1.600230 0.015096 1.571392 0.008026 0.005716
16.900000 1.586541 0.014932 1.556578 0.008349 0.006682
16.950000 1.572993 0.014770 1.541843 0.008672 0.007708
17.000000 1.559582 0.014610 1.527186 0.008996 0.008790
17.050000 1.546308 0.014452 1.512611 0.009321 0.009925
17.100000 1.533169 0.014295 1.498118 0.009645 0.011110
17.150000 1.520163 0.014141 1.483710 0.009970 0.012342
17.200000 1.507290 0.013989 1.469387 0.010295 0.013619
17.250000 1.494548 0.013838 1.455151 0.010620 0.014939
17.300000 1.481934 0.013690 1.441003 0.010944 0.016298
17.350000 1.469449 0.013543 1.426944 0.011268 0.017694
17.400000 1.457090 0.013398 1.412976 0.011591 0.019125
17.450000 1.444857 0.013255 1.399099 0.011913 0.020590
17.500000 1.432747 0.013114 1.385315 0.012234 0.022085
17.550000 1.420760 0.012974 1.371624 0.012554 0.023608
17.600000 1.408895 0.012836 1.358027 0.012873 0.025159
17.650000 1.397150 0.012700 1.344526 0.013190 0.026734
17.700000 1.385523 0.012565 1.331120 0.013506 0.028332
17.750000 1.374015 0.012432 1.317811 0.013820 0.029952
17.800000 1.362623 0.012301 1.304598 0.014133 0.031591
17.850000 1.351347 0.012171 1.291484 0.014443 0.033248
17.900000 1.340184 0.012043 1.278467 0.014752 0.034922
17.950000 1.329135 0.011916 1.265549 0.015059 0.036611
18.000000 1.318198 0.011791 1.252730 0.015364 0.038313
18.050000 1.307372 0.011667 1.240011 0.015667 0.040027
18.100000 1.296656 0.011545 1.227391 0.015968 0.041752
18.150000 1.286048 0.011424 1.214871 0.016266 0.043487
18.200000 1.275548 0.011305 1.202451 0.016562 0.045229
18.250000 1.265154 0.011187 1.190131 0.016856 0.046980
18.300000 1.254866 0.011071 1.177912 0.017148 0.048736
18.350000 1.244682 0.010955 1.165793 0.017436 0.050497
18.400000 1.234601 0.010841 1.153775 0.017723 0.052262
18.450000 1.224623 0.010729 1.141857 0.018007 0.054030
18.500000 1.214747 0.010618 1.130041 0.018288 0.055800
18.550000 1.204970 0.010508 1.118324 0.018566 0.057572
18.600000 1.195293 0.010399 1.106708 0.018842 0.059343
18.650000 1.185714 0.010292 1.095192 0.019115 0.061114
18.700000 1.176232 0.010186 1.083777 0.019386 0.062884
18.750000 1.166847 0.010081 1.072461 0.019654 0.064651
18.800000 1.157557 0.009977 1.061245 0.019918 0.066416
18.850000 1.148361 0.009874 1.050129 0.020180 0.068177
18.900000 1.139258 0.009773 1.039112 0.020440 0.069933
18.950000 1.130248 0.009673 1.028194 0.020696 0.071685
19.000000 1.121330 0.009574 1.017375 0.020950 0.073432
19.050000 1.112502 0.009476 1.006654 0.021200 0.075172
19.100000 1.103764 0.009379 0.996031 0.021448 0.076906
19.150000 1.095114 0.009283 0.985506 0.021693 0.078632
19.200000 1.086552 0.009189 0.975078 0.021935 0.080351
19.250000 1.078077 0.009095 0.964747 0.022173 0.082062
19.300000 1.069688 0.009003 0.954512 0.022409 0.083764
19.350000 1.061384 0.008911 0.944373 0.022643 0.085457
19.400000 1.053164 0.008821 0.934330 0.022873 0.087141
19.450000 1.045028 0.008731 0.924382 0.023100 0.088815
19.500000 1.036974 0.008643 0.914528 0.023324 0.090479
19.550000 1.029001 0.008555 0.904768 0.023545 0.092133
19.600000 1.021109 0.008469 0.895102 0.023764 0.093775
19.650000 1.013297 0.008383 0.885528 0.023979 0.095406
19.700000 1.005564 0.008298 0.876047 0.024192 0.097026
19.750000 0.997908 0.008215 0.866658 0.024401 0.098634
19.800000 0.990331 0.008132 0.857360 0.024608 0.100231
19.850000 0.982829 0.008050 0.848153 0.024812 0.101814
19.900000 0.975403 0.007969 0.839036 0.025012 0.103386
19.950000 0.968052 0.007889 0.830009 0.025210 0.104944
20.000000 0.960775 0.007810 0.821070 0.025405 0.106490
20.050000 0.953572 0.007732 0.812220 0.025597 0.108023
20.100000 0.946440 0.007654 0.803457 0.025787 0.109542
20.150000 0.939380 0.007577 0.794782 0.025973 0.111048
20.200000 0.932391 0.007502 0.786193 0.026157 0.112540
20.250000 0.925473 0.007427 0.777689 0.026338 0.114019
20.300000 0.918623 0.007352 0.769271 0.026516 0.115484
20.350000 0.911842 0.007279 0.760938 0.026691 0.116934
20.400000 0.905129 0.007206 0.752688 0.026863 0.118371
20.450000 0.898482 0.007135 0.744522 0.027033 0.119793
20.500000 0.891902 0.007064 0.736438 0.027200 0.121201
20.550000 0.885388 0.006993 0.728436 0.027364 0.122595
20.600000 0.878938 0.006924 0.720515 0.027526 0.123974
20.650000 0.872553 0.006855 0.712675 0.027684 0.125339
20.700000 0.866231 0.006787 0.704915 0.027840 0.126689
20.750000 0.859971 0.006719 0.697234 0.027994 0.128024
20.800000 0.853774 0.006653 0.689632 0.028145 0.129345
20.850000 0.847638 0.006587 0.682107 0.028293 0.130651
20.900000 0.841562 0.006522 0.674660 0.028438 0.131942
20.950000 0.835547 0.006457 0.667290 0.028582 0.133218
21.000000 0.829591 0.006393 0.659996 0.028722 0.134480
21.050000 0.823693 0.006330 0.652776 0.028860 0.135727
21.100000 0.817853 0.006268 0.645632 0.028995 0.136959
21.150000 0.812071 0.006206 0.638561 0.029128 0.138176
21.200000 0.806345 0.006144 0.631564 0.029259 0.139378
21.250000 0.800676 0.006084 0.624639 0.029387 0.140566
21.300000 0.795061 0.006024 0.617787 0.029512 0.141739
21.350000 0.789502 0.005964 0.611005 0.029635 0.142897
21.400000 0.783997 0.005906 0.604294 0.029756 0.144041
21.450000 0.778545 0.005848 0.597654 0.029874 0.145169
21.500000 0.773146 0.005790 0.591082 0.029990 0.146283
21.550000 0.767799 0.005733 0.584580 0.030104 0.147383
21.600000 0.762505 0.005677 0.578145 0.030215 0.148468
21.650000 0.757261 0.005621 0.571778 0.030324 0.149538
21.700000 0.752068 0.005566 0.565477 0.030431 0.150594
21.750000 0.746925 0.005511 0.559243 0.030535 0.151636
21.800000 0.741831 0.005457 0.553074 0.030638 0.152663
21.850000 0.736787 0.005404 0.546970 0.030738 0.153675
21.900000 0.731790 0.005351 0.540930 0.030836 0.154674
21.950000 0.726842 0.005298 0.534954 0.030932 0.155658
22.000000 0.721940 0.005246 0.529041 0.031025 0.156628
22.050000 0.717086 0.005195 0.523190 0.031117 0.157585
22.100000 0.712278 0.005144 0.517401 0.031206 0.158527
22.150000 0.707515 0.005094 0.511673 0.031293 0.159455
22.200000 0.702797 0.005044 0.506005 0.031379 0.160370
22.250000 0.698124 0.004995 0.500398 0.031462 0.161270
22.300000 0.693496 0.004946 0.494849 0.031543 0.162157
22.350000 0.688911 0.004897 0.489360 0.031623 0.163031
22.400000 0.684369 0.004850 0.483929 0.031700 0.163891
22.450000 0.679869 0.004802 0.478555 0.031775 0.164737
22.500000 0.675412 0.004755 0.473238 0.031849 0.165570
22.550000 0.670997 0.004709 0.467977 0.031920 0.166390
22.600000 0.666622 0.004663 0.462773 0.031990 0.167197
22.650000 0.662289 0.004617 0.457623 0.032058 0.167991
22.700000 0.657996 0.004572 0.452529 0.032124 0.168771
22.750000 0.653743 0.004528 0.447488 0.032188 0.169539
22.800000 0.649529 0.004484 0.442501 0.032250 0.170294
22.850000 0.645354 0.004440 0.437567 0.032311 0.171036
22.900000 0.641218 0.004396 0.432686 0.032369 0.171766
22.950000 0.637119 0.004354 0.427856 0.032426 0.172483
23.000000 0.633059 0.004311 0.423078 0.032482 0.173188
23.050000 0.629035 0.004269 0.418350 0.032535 0.173880
23.100000 0.625049 0.004228 0.413673 0.032587 0.174561
23.150000 0.621099 0.004186 0.409046 0.032638 0.175229
23.200000 0.617185 0.004146 0.404468 0.032686 0.175885
23.250000 0.613306 0.004105 0.399939 0.032733 0.176529
23.300000 0.609463 0.004065 0.395458 0.032779 0.177161
23.350000 0.605655 0.004026 0.391025 0.032823 0.177782
23.400000 0.601881 0.003986 0.386639 0.032865 0.178391
23.450000 0.598141 0.003948 0.382300 0.032906 0.178988
23.500000 0.594435 0.003909 0.378007 0.032945 0.179574
23.550000 0.590762 0.003871 0.373760 0.032983 0.180148
23.600000 0.587122 0.003833 0.369558 0.033019 0.180712
23.650000 0.583514 0.003796 0.365401 0.033054 0.181264
23.700000 0.579939 0.003759 0.361288 0.033087 0.181805
23.750000 0.576396 0.003722 0.357219 0.033119 0.182336
23.800000 0.572884 0.003686 0.353194 0.033149 0.182855
23.850000 0.569403 0.003650 0.349211 0.033179 0.183364
23.900000 0.565954 0.003615 0.345271 0.033206 0.183862
23.950000 0.562534 0.003579 0.341373 0.033233 0.184349
24.000000 0.559145 0.003544 0.337516 0.033258 0.184827
24.050000 0.555786 0.003510 0.333701 0.033281 0.185293
24.100000 0.552456 0.003476 0.329927 0.033304 0.185750
24.150000 0.549155 0.003442 0.326192 0.033325 0.186196
24.200000 0.545883 0.003408 0.322498 0.033344 0.186633
24.250000 0.542640 0.003375 0.318843 0.033363 0.187059
24.300000 0.539425 0.003342 0.315227 0.033380 0.187476
24.350000 0.536238 0.003309 0.311649 0.033396 0.187883
24.400000 0.533078 0.003277 0.308110 0.033411 0.188280
24.450000 0.529946 0.003245 0.304608 0.033425 0.188668
24.500000 0.526841 0.003213 0.301144 0.033437 0.189046
24.550000 0.523762 0.003182 0.297717 0.033449 0.189415
24.600000 0.520710 0.003151 0.294326 0.033459 0.189775
24.650000 0.517685 0.003120 0.290971 0.033468 0.190125
24.700000 0.514685 0.003090 0.287653 0.033476 0.190467
24.750000 0.511710 0.003059 0.284369 0.033483 0.190799
24.800000 0.508762 0.003029 0.281121 0.033488 0.191123
24.850000 0.505838 0.003000 0.277907 0.033493 0.191438
24.900000 0.502939 0.002970 0.274728 0.033496 0.191744
24.950000 0.500064 0.002941 0.271582 0.033499 0.192041
25.000000 0.497214 0.002913 0.268470 0.033501 0.192331
25.050000 0.494388 0.002884 0.265391 0.033501 0.192611
25.100000 0.491585 0.002856 0.262345 0.033501 0.192884
25.150000 0.488806 0.002828 0.259332 0.033499 0.193148
25.200000 0.486051 0.002800 0.256350 0.033497 0.193404
25.250000 0.483318 0.002773 0.253401 0.033493 0.193652
25.300000 0.480608 0.002745 0.250483 0.033489 0.193892
25.350000 0.477921 0.002718 0.247596 0.033484 0.194124
25.400000 0.475256 0.002692 0.244739 0.033477 0.194348
25.450000 0.472613 0.002665 0.241913 0.033470 0.194565
25.500000 0.469992 0.002639 0.239118 0.033462 0.194774
25.550000 0.467393 0.002613 0.236352 0.033453 0.194975
25.600000 0.464815 0.002587 0.233615 0.033444 0.195169
25.650000 0.462258 0.002562 0.230908 0.033433 0.195356
25.700000 0.459723 0.002537 0.228229 0.033421 0.195535
25.750000 0.457208 0.002512 0.225579 0.033409 0.195708
25.800000 0.454713 0.002487 0.222958 0.033396 0.195873
25.850000 0.452239 0.002462 0.220364 0.033382 0.196031
25.900000 0.449785 0.002438 0.217798 0.033367 0.196182
25.950000 0.447351 0.002414 0.215259 0.033352 0.196327
26.000000 0.444937 0.002390 0.212747 0.033336 0.196464
26.050000 0.442542 0.002366 0.210262 0.033319 0.196595
26.100000 0.440166 0.002343 0.207803 0.033301 0.196720
26.150000 0.437810 0.002320 0.205371 0.033282 0.196837
26.200000 0.435473 0.002297 0.202964 0.033263 0.196949
26.250000 0.433154 0.002274 0.200583 0.033243 0.197053
26.300000 0.430854 0.002251 0.198228 0.033222 0.197152
26.350000 0.428572 0.002229 0.195897 0.033201 0.197244
26.400000 0.426308 0.002207 0.193592 0.033179 0.197331
26.450000 0.424063 0.002185 0.191311 0.033156 0.197411
26.500000 0.421835 0.002163 0.189054 0.033133 0.197485
26.550000 0.419625 0.002142 0.186821 0.033109 0.197553
26.600000 0.417432 0.002120 0.184612 0.033084 0.197616
26.650000 0.415257 0.002099 0.182427 0.033059 0.197672
26.700000 0.413099 0.002078 0.180265 0.033033 0.197723
26.750000 0.410957 0.002057 0.178126 0.033006 0.197768
26.800000 0.408833 0.002037 0.176009 0.032979 0.197808
26.850000 0.406725 0.002016 0.173915 0.032952 0.197842
26.900000 0.404634 0.001996 0.171844 0.032923 0.197871
26.950000 0.402559 0.001976 0.169794 0.032894 0.197894
27.000000 0.400500 0.001956 0.167767 0.032865 0.197912
27.050000 0.398457 0.001937 0.165761 0.032835 0.197925
27.100000 0.396430 0.001917 0.163776 0.032804 0.197932
27.150000 0.394419 0.001898 0.161813 0.032773 0.197935
27.200000 0.392423 0.001879 0.159870 0.032741 0.197932
27.250000 0.390443 0.001860 0.157948 0.032709 0.197925
27.300000 0.388477 0.001841 0.156047 0.032677 0.197913
27.350000 0.386527 0.001823 0.154166 0.032643 0.197895
27.400000 0.384592 0.001804 0.152305 0.032610 0.197873
27.450000 0.382672 0.001786 0.150464 0.032576 0.197847
27.500000 0.380766 0.001768 0.148642 0.032541 0.197815
27.550000 0.378875 0.001750 0.146840 0.032506 0.197779
27.600000 0.376998 0.001732 0.145057 0.032470 0.197739
27.650000 0.375136 0.001714 0.143293 0.032434 0.197694
27.700000 0.373287 0.001697 0.141548 0.032398 0.197644
27.750000 0.371453 0.001680 0.139822 0.032361 0.197591
27.800000 0.369633 0.001663 0.138114 0.032324 0.197533
27.850000 0.367826 0.001646 0.136424 0.032286 0.197470
27.900000 0.366033 0.001629 0.134752 0.032248 0.197404
27.950000 0.364253 0.001612 0.133099 0.032209 0.197333
28.000000 0.362487 0.001596 0.131462 0.032170 0.197258
28.050000 0.360734 0.001579 0.129844 0.032131 0.197180
28.100000 0.358994 0.001563 0.128242 0.032091 0.197097
28.150000 0.357266 0.001547 0.126658 0.032051 0.197010
28.200000 0.355552 0.001531 0.125091 0.032010 0.196920
28.250000 0.353851 0.001515 0.123540 0.031969 0.196826
28.300000 0.352162 0.001500 0.122006 0.031928 0.196728
28.350000 0.350486 0.001484 0.120489 0.031886 0.196626
28.400000 0.348822 0.001469 0.118988 0.031844 0.196521
28.450000 0.347170 0.001454 0.117503 0.031802 0.196412
28.500000 0.345531 0.001439 0.116033 0.031759 0.196299
28.550000 0.343904 0.001424 0.114580 0.031716 0.196183
28.600000 0.342288 0.001409 0.113142 0.031673 0.196064
28.650000 0.340685 0.001394 0.111720 0.031630 0.195941
28.700000 0.339093 0.001380 0.110312 0.031586 0.195815
28.750000 0.337513 0.001365 0.108920 0.031541 0.195686
28.800000 0.335944 0.001351 0.107543 0.031497 0.195553
28.850000 0.334387 0.001337 0.106181 0.031452 0.195417
28.900000 0.332841 0.001323 0.104833 0.031407 0.195278
28.950000 0.331307 0.001309 0.103500 0.031362 0.195136
29.000000 0.329783 0.001295 0.102182 0.031316 0.194990
29.050000 0.328271 0.001282 0.100877 0.031270 0.194842
29.100000 0.326769 0.001268 0.099586 0.031224 0.194691
29.150000 0.325279 0.001255 0.098310 0.031177 0.194536
29.200000 0.323799 0.001242 0.097047 0.031131 0.194379
29.250000 0.322329 0.001229 0.095798 0.031084 0.194219
29.300000 0.320871 0.001216 0.094562 0.031036 0.194057
29.350000 0.319423 0.001203 0.093340 0.030989 0.193891
29.400000 0.317985 0.001190 0.092131 0.030941 0.193723
29.450000 0.316557 0.001177 0.090935 0.030893 0.193552
29.500000 0.315140 0.001165 0.089752 0.030845 0.193378
29.550000 0.313732 0.001152 0.088581 0.030797 0.193202
29.600000 0.312335 0.001140 0.087424 0.030748 0.193023
29.650000 0.310948 0.001128 0.086279 0.030700 0.192842
29.700000 0.309571 0.001116 0.085146 0.030651 0.192658
29.750000 0.308203 0.001104 0.084026 0.030601 0.192472
29.800000 0.306845 0.001092 0.082918 0.030552 0.192283
29.850000 0.305496 0.001080 0.081822 0.030503 0.192092
29.900000 0.304158 0.001068 0.080738 0.030453 0.191899
29.950000 0.302828 0.001057 0.079665 0.030403 0.191703
30.000000 0.301508 0.001045 0.078605 0.030353 0.191505
30.050000 0.300197 0.001034 0.077556 0.030303 0.191305
30.100000 0.298896 0.001023 0.076518 0.030252 0.191103
30.150000 0.297603 0.001012 0.075492 0.030202 0.190898
30.200000 0.296320 0.001001 0.074477 0.030151 0.190692
30.250000 0.295045 0.000990 0.073473 0.030100 0.190483
30.300000 0.293780 0.000979 0.072480 0.030049 0.190272
30.350000 0.292523 0.000968 0.071498 0.029998 0.190059
30.400000 0.291275 0.000957 0.070527 0.029946 0.189845
30.450000 0.290036 0.000947 0.069567 0.029895 0.189628
30.500000 0.288805 0.000937 0.068617 0.029843 0.189409
30.550000 0.287583 0.000926 0.067677 0.029791 0.189189
30.600000 0.286370 0.000916 0.066748 0.029739 0.188966
30.650000 0.285164 0.000906 0.065829 0.029687 0.188742
30.700000 0.283967 0.000896 0.064921 0.029635 0.188516
30.750000 0.282779 0.000886 0.064022 0.029583 0.188288
30.800000 0.281598 0.000876 0.063133 0.029531 0.188059
30.850000 0.280426 0.000866 0.062255 0.029478 0.187827
30.900000 0.279262 0.000856 0.061386 0.029425 0.187594
30.950000 0.278106 0.000847 0.060526 0.029373 0.187360
31.000000 0.276957 0.000837 0.059676 0.029320 0.187124
31.050000 0.275817 0.000828 0.058836 0.029267 0.186886
31.100000 0.274684 0.000818 0.058005 0.029214 0.186647
31.150000 0.273559 0.000809 0.057183 0.029161 0.186406
31.200000 0.272442 0.000800 0.056371 0.029108 0.186163
31.250000 0.271332 0.000791 0.055567 0.029055 0.185920
31.300000 0.270230 0.000782 0.054773 0.029001 0.185674
31.350000 0.269136 0.000773 0.053988 0.028948 0.185428
31.400000 0.268049 0.000764 0.053211 0.028894 0.185179
31.450000 0.266969 0.000755 0.052443 0.028841 0.184930
31.500000 0.265896 0.000747 0.051684 0.028787 0.184679
31.550000 0.264831 0.000738 0.050933 0.028733 0.184427
31.600000 0.263773 0.000729 0.050191 0.028679 0.184173
31.650000 0.262723 0.000721 0.049457 0.028626 0.183919
31.700000 0.261679 0.000713 0.048732 0.028572 0.183663
31.750000 0.260642 0.000704 0.048015 0.028518 0.183405
31.800000 0.259613 0.000696 0.047306 0.028464 0.183147
31.850000 0.258590 0.000688 0.046605 0.028410 0.182887
31.900000 0.257574 0.000680 0.045912 0.028356 0.182627
31.950000 0.256565 0.000672 0.045227 0.028301 0.182365
32.000000 0.255563 0.000664 0.044550 0.028247 0.182102
32.050000 0.254567 0.000656 0.043880 0.028193 0.181838
32.100000 0.253579 0.000648 0.043219 0.028139 0.181573
32.150000 0.252596 0.000641 0.042565 0.028084 0.181307
32.200000 0.251621 0.000633 0.041918 0.028030 0.181039
32.250000 0.250651 0.000626 0.041279 0.027976 0.180771
32.300000 0.249689 0.000618 0.040647 0.027921 0.180502
32.350000 0.248732 0.000611 0.040023 0.027867 0.180232
32.400000 0.247783 0.000603 0.039406 0.027812 0.179961
32.450000 0.246839 0.000596 0.038796 0.027758 0.179689
32.500000 0.245902 0.000589 0.038193 0.027703 0.179416
32.550000 0.244971 0.000582 0.037598 0.027649 0.179142
32.600000 0.244046 0.000575 0.037009 0.027594 0.178868
32.650000 0.243127 0.000568 0.036427 0.027540 0.178592
32.700000 0.242214 0.000561 0.035852 0.027485 0.178316
32.750000 0.241308 0.000554 0.035284 0.027430 0.178039
32.800000 0.240407 0.000547 0.034723 0.027376 0.177761
32.850000 0.239512 0.000540 0.034168 0.027321 0.177483
32.900000 0.238623 0.000534 0.033620 0.027267 0.177203
32.950000 0.237741 0.000527 0.033078 0.027212 0.176923
33.000000 0.236863 0.000521 0.032543 0.027157 0.176642
33.050000 0.235992 0.000514 0.032014 0.027103 0.176361
33.100000 0.235126 0.000508 0.031492 0.027048 0.176079
33.150000 0.234267 0.000501 0.030975 0.026994 0.175796
33.200000 0.233412 0.000495 0.030465 0.026939 0.175513
33.250000 0.232564 0.000489 0.029962 0.026884 0.175229
33.300000 0.231721 0.000483 0.029464 0.026830 0.174944
33.350000 0.230883 0.000477 0.028972 0.026775 0.174659
33.400000 0.230051 0.000470 0.028487 0.026721 0.174373
33.450000 0.229224 0.000464 0.028007 0.026666 0.174087
33.500000 0.228403 0.000459 0.027533 0.026612 0.173800
33.550000 0.227587 0.000453 0.027065 0.026557 0.173513
33.600000 0.226777 0.000447 0.026603 0.026503 0.173225
33.650000 0.225971 0.000441 0.026146 0.026448 0.172936
33.700000 0.225171 0.000435 0.025695 0.026394 0.172647
33.750000 0.224377 0.000430 0.025250 0.026339 0.172358
33.800000 0.223587 0.000424 0.024810 0.026285 0.172068
33.850000 0.222803 0.000419 0.024375 0.026231 0.171778
33.900000 0.222023 0.000413 0.023947 0.026176 0.171487
33.950000 0.221249 0.000408 0.023523 0.026122 0.171196
34.000000 0.220480 0.000402 0.023105 0.026068 0.170905
34.050000 0.219715 0.000397 0.022692 0.026013 0.170613
34.100000 0.218956 0.000392 0.022284 0.025959 0.170321
34.150000 0.218202 0.000386 0.021882 0.025905 0.170028
34.200000 0.217452 0.000381 0.021485 0.025851 0.169735
34.250000 0.216707 0.000376 0.021092 0.025797 0.169442
34.300000 0.215968 0.000371 0.020705 0.025743 0.169149
34.350000 0.215233 0.000366 0.020323 0.025689 0.168855
34.400000 0.214502 0.000361 0.019946 0.025635 0.168561
34.450000 0.213777 0.000356 0.019573 0.025581 0.168266
34.500000 0.213056 0.000351 0.019206 0.025527 0.167972
34.550000 0.212340 0.000346 0.018843 0.025473 0.167677
34.600000 0.211628 0.000342 0.018485 0.025419 0.167382
34.650000 0.210921 0.000337 0.018132 0.025366 0.167086
34.700000 0.210218 0.000332 0.017784 0.025312 0.166791
34.750000 0.209520 0.000328 0.017440 0.025258 0.166495
34.800000 0.208827 0.000323 0.017100 0.025205 0.166199
34.850000 0.208138 0.000318 0.016766 0.025151 0.165903
34.900000 0.207453 0.000314 0.016435 0.025097 0.165607
34.950000 0.206773 0.000309 0.016110 0.025044 0.165310
35.000000 0.206097 0.000305 0.015788 0.024991 0.165013
35.050000 0.205426 0.000301 0.015471 0.024937 0.164717
35.100000 0.204759 0.000296 0.015159 0.024884 0.164420
35.150000 0.204096 0.000292 0.014850 0.024831 0.164123
35.200000 0.203437 0.000288 0.014546 0.024778 0.163826
35.250000 0.202783 0.000284 0.014246 0.024725 0.163528
35.300000 0.202133 0.000280 0.013951 0.024672 0.163231
35.350000 0.201487 0.000275 0.013659 0.024619 0.162934
35.400000 0.200845 0.000271 0.013372 0.024566 0.162636
35.450000 0.200207 0.000267 0.013088 0.024513 0.162339
35.500000 0.199573 0.000263 0.012809 0.024460 0.162041
35.550000 0.198944 0.000260 0.012534 0.024407 0.161743
35.600000 0.198318 0.000256 0.012262 0.024355 0.161446
35.650000 0.197696 0.000252 0.011995 0.024302 0.161148
35.700000 0.197079 0.000248 0.011731 0.024249 0.160850
35.750000 0.196465 0.000244 0.011471 0.024197 0.160553
35.800000 0.195855 0.000240 0.011215 0.024145 0.160255
35.850000 0.195249 0.000237 0.010963 0.024092 0.159957
35.900000 0.194647 0.000233 0.010715 0.024040 0.159660
35.950000 0.194049 0.000230 0.010470 0.023988 0.159362
36.000000 0.193455 0.000226 0.010229 0.023936 0.159064
36.050000 0.192864 0.000222 0.009991 0.023884 0.158767
36.100000 0.192277 0.000219 0.009757 0.023832 0.158469
36.150000 0.191694 0.000216 0.009527 0.023780 0.158172
36.200000 0.191115 0.000212 0.009300 0.023728 0.157874
36.250000 0.190539 0.000209 0.009077 0.023676 0.157577
36.300000 0.189967 0.000205 0.008857 0.023625 0.157280
36.350000 0.189399 0.000202 0.008641 0.023573 0.156983
36.400000 0.188834 0.000199 0.008428 0.023521 0.156686
36.450000 0.188273 0.000196 0.008218 0.023470 0.156389
36.500000 0.187715 0.000192 0.008012 0.023419 0.156092
36.550000 0.187161 0.000189 0.007809 0.023367 0.155795
36.600000 0.186611 0.000186 0.007610 0.023316 0.155499
36.650000 0.186064 0.000183 0.007413 0.023265 0.155202
36.700000 0.185520 0.000180 0.007220 0.023214 0.154906
36.750000 0.184980 0.000177 0.007030 0.023163 0.154610
36.800000 0.184443 0.000174 0.006844 0.023112 0.154314
36.850000 0.183910 0.000171 0.006660 0.023061 0.154018
36.900000 0.183380 0.000168 0.006479 0.023011 0.153722
36.950000 0.182854 0.000165 0.006302 0.022960 0.153426
37.000000 0.182331 0.000162 0.006128 0.022909 0.153131
37.050000 0.181811 0.000160 0.005956 0.022859 0.152836
37.100000 0.181294 0.000157 0.005788 0.022809 0.152541
37.150000 0.180781 0.000154 0.005622 0.022758 0.152246
37.200000 0.180271 0.000151 0.005460 0.022708 0.151952
37.250000 0.179764 0.000149 0.005300 0.022658 0.151657
37.300000 0.179261 0.000146 0.005144 0.022608 0.151363
37.350000 0.178760 0.000143 0.004990 0.022558 0.151069
37.400000 0.178263 0.000141 0.004839 0.022508 0.150775
37.450000 0.177769 0.000138 0.004691 0.022458 0.150482
37.500000 0.177278 0.000136 0.004546 0.022408 0.150189
37.550000 0.176791 0.000133 0.004403 0.022359 0.149896
37.600000 0.176306 0.000131 0.004263 0.022309 0.149603
37.650000 0.175824 0.000128 0.004126 0.022260 0.149310
37.700000 0.175346 0.000126 0.003991 0.022210 0.149018
37.750000 0.174870 0.000124 0.003860 0.022161 0.148726
37.800000 0.174398 0.000121 0.003731 0.022112 0.148434
37.850000 0.173928 0.000119 0.003604 0.022063 0.148143
37.900000 0.173462 0.000117 0.003480 0.022014 0.147851
37.950000 0.172998 0.000114 0.003359 0.021965 0.147560
38.000000 0.172538 0.000112 0.003240 0.021916 0.147270
38.050000 0.172080 0.000110 0.003123 0.021868 0.146979
38.100000 0.171625 0.000108 0.003010 0.021819 0.146689
38.150000 0.171174 0.000106 0.002898 0.021770 0.146399
38.200000 0.170725 0.000103 0.002789 0.021722 0.146110
38.250000 0.170278 0.000101 0.002683 0.021674 0.145821
38.300000 0.169835 0.000099 0.002579 0.021625 0.145532
38.350000 0.169395 0.000097 0.002477 0.021577 0.145243
38.400000 0.168957 0.000095 0.002378 0.021529 0.144955
38.450000 0.168522 0.000093 0.002281 0.021481 0.144667
38.500000 0.168090 0.000091 0.002186 0.021433 0.144379
38.550000 0.167661 0.000089 0.002094 0.021385 0.144092
38.600000 0.167234 0.000087 0.002004 0.021338 0.143805
38.650000 0.166810 0.000086 0.001916 0.021290 0.143519
38.700000 0.166389 0.000084 0.001830 0.021242 0.143232
38.750000 0.165970 0.000082 0.001747 0.021195 0.142946
38.800000 0.165554 0.000080 0.001666 0.021148 0.142661
38.850000 0.165141 0.000078 0.001587 0.021100 0.142375
38.900000 0.164730 0.000076 0.001510 0.021053 0.142091
38.950000 0.164322 0.000075 0.001435 0.021006 0.141806
39.000000 0.163917 0.000073 0.001363 0.020959 0.141522
39.050000 0.163514 0.000071 0.001292 0.020912 0.141238
39.100000 0.163114 0.000070 0.001224 0.020866 0.140954
39.150000 0.162716 0.000068 0.001158 0.020819 0.140671
39.200000 0.162321 0.000066 0.001094 0.020772 0.140389
39.250000 0.161928 0.000065 0.001031 0.020726 0.140106
39.300000 0.161538 0.000063 0.000971 0.020679 0.139824
39.350000 0.161150 0.000062 0.000913 0.020633 0.139543
39.400000 0.160765 0.000060 0.000857 0.020587 0.139261
39.450000 0.160383 0.000059 0.000802 0.020541 0.138981
39.500000 0.160002 0.000057 0.000750 0.020495 0.138700
39.550000 0.159624 0.000056 0.000700 0.020449 0.138420
39.600000 0.159249 0.000054 0.000651 0.020403 0.138140
39.650000 0.158876 0.000053 0.000604 0.020357 0.137861
39.700000 0.158505 0.000052 0.000560 0.020312 0.137582
39.750000 0.158137 0.000050 0.000517 0.020266 0.137304
39.800000 0.157771 0.000049 0.000476 0.020221 0.137026
39.850000 0.157408 0.000048 0.000436 0.020175 0.136748
39.900000 0.157046 0.000046 0.000399 0.020130 0.136471
39.950000 0.156687 0.000045 0.000363 0.020085 0.136194
40.000000 0.156331 0.000044 0.000329 0.020040 0.135917
40.050000 0.155976 0.000043 0.000297 0.019995 0.135641
40.100000 0.155624 0.000041 0.000267 0.019950 0.135366
40.150000 0.155275 0.000040 0.000238 0.019906 0.135091
40.200000 0.154927 0.000039 0.000211 0.019861 0.134816
40.250000 0.154582 0.000038 0.000186 0.019816 0.134541
40.300000 0.154239 0.000037 0.000162 0.019772 0.134268
40.350000 0.153898 0.000036 0.000141 0.019727 0.133994
40.400000 0.153559 0.000035 0.000120 0.019683 0.133721
40.450000 0.153222 0.000033 0.000102 0.019639 0.133448
40.500000 0.152888 0.000032 0.000085 0.019595 0.133176
40.550000 0.152556 0.000031 0.000069 0.019551 0.132904
40.600000 0.152226 0.000030 0.000055 0.019507 0.132633
40.650000 0.151898 0.000029 0.000043 0.019463 0.132362
40.700000 0.151572 0.000028 0.000032 0.019420 0.132092
40.750000 0.151248 0.000027 0.000023 0.019376 0.131822
40.800000 0.150927 0.000027 0.000016 0.019333 0.131552
40.850000 0.150607 0.000026 0.000010 0.019289 0.131283
40.900000 0.150290 0.000025 0.000005 0.019246 0.131014
40.950000 0.149974 0.000024 0.000002 0.019203 0.130746
41.000000 0.149661 0.000023 0.000000 0.019160 0.130478
41.050000 0.149350 0.000022 0.000000 0.019117 0.130211
41.100000 0.149039 0.000021 0.000000 0.019074 0.129944
41.150000 0.148729 0.000020 0.000000 0.019031 0.129678
41.200000 0.148420 0.000020 0.000000 0.018988 0.129412
41.250000 0.148111 0.000019 0.000000 0.018946 0.129146
41.300000 0.147802 0.000018 0.000000 0.018903 0.128881
41.350000 0.147495 0.000017 0.000000 0.018861 0.128616
41.400000 0.147187 0.000017 0.000000 0.018818 0.128352
41.450000 0.146881 0.000016 0.000000 0.018776 0.128089
41.500000 0.146575 0.000015 0.000000 0.018734 0.127825
41.550000 0.146269 0.000015 0.000000 0.018692 0.127563
41.600000 0.145964 0.000014 0.000000 0.018650 0.127300
41.650000 0.145660 0.000013 0.000000 0.018608 0.127039
41.700000 0.145356 0.000013 0.000000 0.018566 0.126777
41.750000 0.145053 0.000012 0.000000 0.018525 0.126516
41.800000 0.144751 0.000012 0.000000 0.018483 0.126256
41.850000 0.144449 0.000011 0.000000 0.018442 0.125996
41.900000 0.144147 0.000010 0.000000 0.018400 0.125736
41.950000 0.143846 0.000010 0.000000 0.018359 0.125477
42.000000 0.143546 0.000009 0.000000 0.018318 0.125219
42.050000 0.143247 0.000009 0.000000 0.018277 0.124961
42.100000 0.142947 0.000008 0.000000 0.018236 0.124703
42.150000 0.142649 0.000008 0.000000 0.018195 0.124446
42.200000 0.142351 0.000007 0.000000 0.018154 0.124189
42.250000 0.142054 0.000007 0.000000 0.018114 0.123933
42.300000 0.141757 0.000007 0.000000 0.018073 0.123678
42.350000 0.141461 0.000006 0.000000 0.018033 0.123422
42.400000 0.141165 0.000006 0.000000 0.017992 0.123168
42.450000 0.140870 0.000005 0.000000 0.017952 0.122913
42.500000 0.140576 0.000005 0.000000 0.017912 0.122660
42.550000 0.140282 0.000005 0.000000 0.017871 0.122406
42.600000 0.139989 0.000004 0.000000 0.017831 0.122153
42.650000 0.139697 0.000004 0.000000 0.017792 0.121901
42.700000 0.139405 0.000004 0.000000 0.017752 0.121649
42.750000 0.139113 0.000003 0.000000 0.017712 0.121398
42.800000 0.138822 0.000003 0.000000 0.017672 0.121147
42.850000 0.138532 0.000003 0.000000 0.017633 0.120897
42.900000 0.138243 0.000002 0.000000 0.017593 0.120647
42.950000 0.137953 0.000002 0.000000 0.017554 0.120397
43.000000 0.137665 0.000002 0.000000 0.017515 0.120148
43.050000 0.137377 0.000002 0.000000 0.017476 0.119900
43.100000 0.137090 0.000002 0.000000 0.017437 0.119652
43.150000 0.136803 0.000001 0.000000 0.017398 0.119404
43.200000 0.136517 0.000001 0.000000 0.017359 0.119157
43.250000 0.136232 0.000001 0.000000 0.017320 0.118911
43.300000 0.135947 0.000001 0.000000 0.017281 0.118665
43.350000 0.135663 0.000001 0.000000 0.017243 0.118419
43.400000 0.135379 0.000001 0.000000 0.017204 0.118174
43.450000 0.135096 0.000000 0.000000 0.017166 0.117930
43.500000 0.134813 0.000000 0.000000 0.017127 0.117685
43.550000 0.134531 0.000000 0.000000 0.017089 0.117442
43.600000 0.134250 0.000000 0.000000 0.017051 0.117199
43.650000 0.133969 0.000000 0.000000 0.017013 0.116956
43.700000 0.133689 0.000000 0.000000 0.016975 0.116714
43.750000 0.133410 0.000000 0.000000 0.016937 0.116472
43.800000 0.133131 0.000000 0.000000 0.016899 0.116231
43.850000 0.132852 0.000000 0.000000 0.016862 0.115990
43.900000 0.132574 0.000000 0.000000 0.016824 0.115750
43.950000 0.132297 0.000000 0.000000 0.016787 0.115511
44.000000 0.132021 0.000000 0.000000 0.016749 0.115271
44.050000 0.131745 0.000000 0.000000 0.016712 0.115033
44.100000 0.131469 0.000000 0.000000 0.016675 0.114794
44.150000 0.131194 0.000000 0.000000 0.016638 0.114557
44.200000 0.130920 0.000000 0.000000 0.016601 0.114319
44.250000 0.130646 0.000000 0.000000 0.016564 0.114083
44.300000 0.130373 0.000000 0.000000 0.016527 0.113846
44.350000 0.130101 0.000000 0.000000 0.016490 0.113611
44.400000 0.129829 0.000000 0.000000 0.016453 0.113375
44.450000 0.129557 0.000000 0.000000 0.016417 0.113141
44.500000 0.129287 0.000000 0.000000 0.016380 0.112906
44.550000 0.129016 0.000000 0.000000 0.016344 0.112672
44.600000 0.128747 0.000000 0.000000 0.016308 0.112439
44.650000 0.128478 0.000000 0.000000 0.016271 0.112206
44.700000 0.128209 0.000000 0.000000 0.016235 0.111974
44.750000 0.127941 0.000000 0.000000 0.016199 0.111742
44.800000 0.127674 0.000000 0.000000 0.016163 0.111511
44.850000 0.127407 0.000000 0.000000 0.016127 0.111280
44.900000 0.127141 0.000000 0.000000 0.016092 0.111049
44.950000 0.126875 0.000000 0.000000 0.016056 0.110819
45.000000 0.126610 0.000000 0.000000 0.016020 0.110590
45.050000 0.126346 0.000000 0.000000 0.015985 0.110361
45.100000 0.126082 0.000000 0.000000 0.015949 0.110133
45.150000 0.125819 0.000000 0.000000 0.015914 0.109905
45.200000 0.125556 0.000000 0.000000 0.015879 0.109677
45.250000 0.125294 0.000000 0.000000 0.015844 0.109450
45.300000 0.125032 0.000000 0.000000 0.015809 0.109224
45.350000 0.124771 0.000000 0.000000 0.015774 0.108998
45.400000 0.124511 0.000000 0.000000 0.015739 0.108772
45.450000 0.124251 0.000000 0.000000 0.015704 0.108547
45.500000 0.123992 0.000000 0.000000 0.015669 0.108322
45.550000 0.123733 0.000000 0.000000 0.015635 0.108098
45.600000 0.123475 0.000000 0.000000 0.015600 0.107875
45.650000 0.123217 0.000000 0.000000 0.015566 0.107652
45.700000 0.122960 0.000000 0.000000 0.015531 0.107429
45.750000 0.122704 0.000000 0.000000 0.015497 0.107207
45.800000 0.122448 0.000000 0.000000 0.015463 0.106985
45.850000 0.122193 0.000000 0.000000 0.015429 0.106764
45.900000 0.121938 0.000000 0.000000 0.015395 0.106543
45.950000 0.121684 0.000000 0.000000 0.015361 0.106323
46.000000 0.121430 0.000000 0.000000 0.015327 0.106103
46.050000 0.121177 0.000000 0.000000 0.015293 0.105884
46.100000 0.120925 0.000000 0.000000 0.015259 0.105665
46.150000 0.120673 0.000000 0.000000 0.015226 0.105447
46.200000 0.120421 0.000000 0.000000 0.015192 0.105229
46.250000 0.120170 0.000000 0.000000 0.015159 0.105012
46.300000 0.119920 0.000000 0.000000 0.015126 0.104795
46.350000 0.119671 0.000000 0.000000 0.015092 0.104578
46.400000 0.119421 0.000000 0.000000 0.015059 0.104362
46.450000 0.119173 0.000000 0.000000 0.015026 0.104147
46.500000 0.118925 0.000000 0.000000 0.014993 0.103932
46.550000 0.118677 0.000000 0.000000 0.014960 0.103717
46.600000 0.118431 0.000000 0.000000 0.014927 0.103503
46.650000 0.118184 0.000000 0.000000 0.014895 0.103290
46.700000 0.117939 0.000000 0.000000 0.014862 0.103077
46.750000 0.117693 0.000000 0.000000 0.014829 0.102864
46.800000 0.117449 0.000000 0.000000 0.014797 0.102652
46.850000 0.117205 0.000000 0.000000 0.014764 0.102440
46.900000 0.116961 0.000000 0.000000 0.014732 0.102229
46.950000 0.116718 0.000000 0.000000 0.014700 0.102018
47.000000 0.116476 0.000000 0.000000 0.014668 0.101808
47.050000 0.116234 0.000000 0.000000 0.014635 0.101598
47.100000 0.115992 0.000000 0.000000 0.014603 0.101389
47.150000 0.115752 0.000000 0.000000 0.014572 0.101180
47.200000 0.115511 0.000000 0.000000 0.014540 0.100972
47.250000 0.115272 0.000000 0.000000 0.014508 0.100764
47.300000 0.115033 0.000000 0.000000 0.014476 0.100556
47.350000 0.114794 0.000000 0.000000 0.014445 0.100349
47.400000 0.114556 0.000000 0.000000 0.014413 0.100143
47.450000 0.114318 0.000000 0.000000 0.014382 0.099937
47.500000 0.114082 0.000000 0.000000 0.014350 0.099731
47.550000 0.113845 0.000000 0.000000 0.014319 0.099526
47.600000 0.113609 0.000000 0.000000 0.014288 0.099322
47.650000 0.113374 0.000000 0.000000 0.014257 0.099117
47.700000 0.113139 0.000000 0.000000 0.014226 0.098914
47.750000 0.112905 0.000000 0.000000 0.014195 0.098710
47.800000 0.112671 0.000000 0.000000 0.014164 0.098507
47.850000 0.112438 0.000000 0.000000 0.014133 0.098305
47.900000 0.112205 0.000000 0.000000 0.014102 0.098103
47.950000 0.111973 0.000000 0.000000 0.014071 0.097902
48.000000 0.111742 0.000000 0.000000 0.014041 0.097701
48.050000 0.111511 0.000000 0.000000 0.014010 0.097500
48.100000 0.111280 0.000000 0.000000 0.013980 0.097300
48.150000 0.111050 0.000000 0.000000 0.013950 0.097101
48.200000 0.110821 0.000000 0.000000 0.013919 0.096901
48.250000 0.110592 0.000000 0.000000 0.013889 0.096703
48.300000 0.110364 0.000000 0.000000 0.013859 0.096505
48.350000 0.110136 0.000000 0.000000 0.013829 0.096307
48.400000 0.109908 0.000000 0.000000 0.013799 0.096109
48.450000 0.109682 0.000000 0.000000 0.013769 0.095912
48.500000 0.109455 0.000000 0.000000 0.013739 0.095716
48.550000 0.109230 0.000000 0.000000 0.013710 0.095520
48.600000 0.109004 0.000000 0.000000 0.013680 0.095324
48.650000 0.108780 0.000000 0.000000 0.013650 0.095129
48.700000 0.108556 0.000000 0.000000 0.013621 0.094935
48.750000 0.108332 0.000000 0.000000 0.013591 0.094741
48.800000 0.108109 0.000000 0.000000 0.013562 0.094547
48.850000 0.107886 0.000000 0.000000 0.013533 0.094353
48.900000 0.107664 0.000000 0.000000 0.013504 0.094161
48.950000 0.107443 0.000000 0.000000 0.013474 0.093968
49.000000 0.107222 0.000000 0.000000 0.013445 0.093776
49.050000 0.107001 0.000000 0.000000 0.013416 0.093585
49.100000 0.106781 0.000000 0.000000 0.013387 0.093394
49.150000 0.106562 0.000000 0.000000 0.013359 0.093203
49.200000 0.106343 0.000000 0.000000 0.013330 0.093013
49.250000 0.106124 0.000000 0.000000 0.013301 0.092823
49.300000 0.105906 0.000000 0.000000 0.013273 0.092634
49.350000 0.105689 0.000000 0.000000 0.013244 0.092445
49.400000 0.105472 0.000000 0.000000 0.013216 0.092256
49.450000 0.105255 0.000000 0.000000 0.013187 0.092068
49.500000 0.105039 0.000000 0.000000 0.013159 0.091881
49.550000 0.104824 0.000000 0.000000 0.013131 0.091693
49.600000 0.104609 0.000000 0.000000 0.013102 0.091507
49.650000 0.104395 0.000000 0.000000 0.013074 0.091320
49.700000 0.104181 0.000000 0.000000 0.013046 0.091135
49.750000 0.103967 0.000000 0.000000 0.013018 0.090949
49.800000 0.103755 0.000000 0.000000 0.012990 0.090764
49.850000 0.103542 0.000000 0.000000 0.012963 0.090580
49.900000 0.103330 0.000000 0.000000 0.012935 0.090395
49.950000 0.103119 0.000000 0.000000 0.012907 0.090212
