5.720
5.685
5.710
5.417
3.538
0.898
1.535
1.592
0.746
1.811
0.991
1.664
1.510
1.383
1.367
1.508
1.361
1.372
1.435
1.447
1.367
1.378
1.389
1.417
1.440
1.425
1.451
1.457
1.490
1.498
1.494
1.498
1.507
1.527
1.525
1.532
1.543
1.559
1.559
1.576
1.570
1.569
1.573
1.579
1.624
1.568
1.629
1.626
1.619
1.604
1.668
1.655
1.663
1.658
1.672
1.689
1.697
1.787
1.746
1.752
1.813
1.773
1.772
1.802
1.747
1.775
1.775
1.850
1.870
1.934
1.932
1.915
1.958
1.950
1.935
1.927
1.897
1.903
1.892
1.900
1.899
1.899
1.907
1.898
1.895
1.899
1.883
1.894
1.872
1.865
1.866
1.860
1.868
1.881
1.870
1.873
1.885
1.888
1.891
1.899
1.895
1.895
1.903
1.894
1.906
1.906
1.919
1.919
1.917
1.920
1.930
1.920
1.920
1.906
1.884
1.898
1.887
1.896
1.896
1.900
1.886
1.888
1.886
1.900
1.883
1.882
1.883
1.871
1.894
1.910
1.907
1.933
1.941
1.949
1.945
1.958
1.942
1.934
1.973
1.953
1.944
1.966
1.965
1.961
1.970
1.964
1.978
1.942
1.963
2.012
1.978
2.006
1.993
1.974
1.973
1.965
1.982
1.977
1.966
1.968
1.981
1.982
1.992
2.007
2.019
2.022
2.028
2.031
2.029
2.017
2.022
2.048
2.034
2.039
2.043
2.044
2.045
2.046
2.049
2.042
2.054
2.041
2.053
2.020
2.023
2.015
2.025
2.009
2.019
2.024
2.018
2.014
2.017
2.019
2.019
2.017
2.022
2.017
2.024
2.024
2.026
2.022
2.015
2.014
2.013
2.014
2.025
2.005
2.006
2.000
1.988
1.997
1.997
2.001
2.004
2.005
2.000
1.993
1.991
1.987
1.985
1.986
1.973
1.974
1.973
1.976
1.978
1.975
1.974
1.976
1.975
1.979
1.977
1.981
1.980
1.987
1.987
1.987
1.989
1.994
1.987
1.987
1.986
1.986
1.986
1.984
1.984
1.986
1.985
1.986
1.983
1.989
1.985
1.986
1.983
1.983
1.979
1.979
1.986
1.981
1.984
1.988
1.990
1.990
1.991
1.995
2.006
2.016
2.018
2.014
1.995
2.007
2.011
2.007
2.003
2.011
2.026
2.007
2.005
2.005
2.002
2.011
2.019
2.015
2.009
2.014
2.021
2.000
2.014
2.013
2.011
2.025
2.033
2.029
2.035
2.044
2.039
2.064
2.063
2.068
2.055
2.059
2.058
2.054
2.047
2.048
2.050
2.047
2.046
2.046
2.046
2.046
2.044
2.046
2.042
2.045
2.045
2.046
2.045
2.044
2.039
2.038
2.036
2.034
2.032
2.035
2.039
2.044
2.044
2.038
2.045
2.046
2.047
2.045
2.045
2.043
2.045
2.042
2.042
2.042
2.043
2.052
2.054
2.056
2.056
2.061
2.056
2.060
2.063
2.063
2.067
2.061
2.068
2.066
2.065
2.064
2.065
2.065
2.061
2.063
2.061
2.061
2.061
2.060
2.065
2.066
2.063
2.067
2.062
2.062
2.062
2.058
2.059
2.055
2.054
2.056
2.056
2.055
2.055
2.055
2.054
2.055
2.055
2.054
2.054
2.052
2.053
2.055
2.055
2.054
2.051
2.057
2.053
2.052
2.053
2.054
2.047
2.052
2.050
2.038
2.032
2.049
2.044
2.042
2.047
2.056
2.059
2.057
2.061
2.066
2.071
2.079
2.074
2.077
2.075
2.070
2.068
2.075
2.078
2.089
2.082
2.093
2.091
2.088
2.089
2.091
2.089
2.092
2.091
2.092
2.088
2.085
2.086
2.088
2.088
2.090
2.093
2.092
2.096
2.096
2.096
2.097
2.099
2.101
2.099
2.098
2.101
2.104
2.103
2.104
2.103
2.105
2.104
2.105
2.105
2.102
2.105
2.103
2.104
2.104
2.104
2.105
2.105
2.103
2.103
2.103
2.099
2.098
2.098
2.101
2.100
2.100
2.099
2.097
2.096
2.095
2.096
2.096
2.095
2.096
2.096
2.096
2.096
2.096
2.096
2.098
2.106
2.106
2.117
2.118
2.133
2.135
2.146
2.163
2.171
2.192
2.196
2.193
2.154
2.154
2.149
2.194
2.213
2.224
2.206
2.187
2.210
2.244
2.238
2.225
2.228
2.201
2.181
2.179
2.178
2.174
2.192
2.199
2.193
2.193
2.164
2.142
2.186
2.198
2.195
2.204
2.199
2.195
2.194
2.201
2.208
2.204
2.203
2.202
2.207
2.207
2.206
2.206
2.205
2.199
2.197
2.194
2.196
2.191
2.183
2.189
2.187
2.187
2.188
2.188
2.185
2.183
2.181
2.180
2.182
2.181
2.182
2.181
2.179
2.179
2.178
2.178
2.176
2.179
2.171
2.175
2.172
2.172
2.171
2.172
2.173
2.169
2.167
2.162
2.158
2.156
2.159
2.159
2.161
2.157
2.154
2.157
2.157
2.156
2.156
2.159
2.163
2.168
2.175
2.177
2.167
2.181
2.189
2.200
2.224
2.213
2.222
2.236
2.244
2.212
2.085
2.209
2.240
2.210
2.198
2.222
2.255
2.193
2.163
2.223
2.239
2.208
2.197
2.202
2.202
2.197
2.209
2.199
2.197
2.198
2.194
2.196
2.198
2.199
2.201
2.201
2.202
2.199
2.200
2.199
2.199
2.200
2.200
2.202
2.202
2.194
2.199
2.199
2.199
2.201
2.200
2.202
2.200
2.205
2.208
2.208
2.202
2.202
2.210
2.203
2.201
2.202
2.200
2.196
2.198
2.198
2.199
2.199
2.200
2.199
2.200
2.200
2.202
2.201
2.206
2.206
2.208
2.207
2.209
2.207
2.206
2.207
2.207
2.214
2.213
2.207
2.206
2.200
2.201
2.202
2.206
2.220
2.213
2.214
2.231
2.225
2.225
2.223
2.220
2.215
2.213
2.214
2.213
2.214
2.212
2.219
2.222
2.216
2.225
2.218
2.210
2.209
2.213
2.220
2.220
2.221
2.219
2.222
2.222
2.226
2.228
2.227
2.229
2.227
2.229
2.229
2.225
2.232
2.229
2.225
2.227
2.229
2.227
2.227
2.228
2.229
2.232
2.232
2.230
2.229
2.229
2.228
2.233
2.232
2.239
2.230
2.237
2.240
2.234
2.248
2.244
2.252
2.241
2.249
2.259
2.247
2.267
2.276
2.263
2.254
2.259
2.280
2.291
2.293
2.276
2.298
2.286
2.301
2.300
2.300
2.309
2.298
2.276
2.278
2.313
2.295
2.291
2.292
2.296
2.297
2.292
2.290
2.290
2.290
2.293
2.293
2.290
2.291
2.279
2.286
2.288
2.286
2.284
2.289
2.290
2.291
2.288
2.292
2.304
2.309
2.321
2.316
2.315
2.305
2.311
2.326
2.321
2.322
2.326
2.317
2.317
2.312
2.321
2.316
2.318
2.316
2.317
2.315
2.327
2.323
2.334
2.334
2.317
2.321
2.324
2.330
2.330
2.331
2.333
2.340
2.337
2.336
2.334
2.335
2.330
2.329
2.327
2.333
2.332
2.333
2.333
2.333
2.328
2.326
2.327
2.320
2.317
2.319
2.323
2.322
2.321
2.321
2.323
2.323
2.329
2.329
2.328
2.330
2.331
2.326
2.328
2.330
2.330
2.329
2.330
2.329
2.332
2.332
2.333
2.333
2.338
2.340
2.334
2.342
2.342
2.347
2.346
2.349
2.349
2.349
2.352
2.348
2.344
2.349
2.352
2.349
2.349
2.350
2.344
2.347
2.351
2.351
2.350
2.348
2.347
2.351
2.351
2.349
2.352
2.353
2.354
2.355
2.361
2.357
2.356
2.360
2.361
2.362
2.359
2.359
2.363
2.362
2.363
2.364
2.360
2.361
2.368
2.367
2.369
2.369
2.370
2.374
2.372
2.375
2.375
2.377
2.373
2.372
2.373
2.375
2.377
2.378
2.376
2.377
2.376
2.379
2.380
2.380
2.378
2.376
2.376
2.376
2.378
2.377
2.378
2.381
2.381
2.381
2.381
2.381
2.381
2.382
2.382
2.383
2.383
2.385
2.382
2.390
2.389
2.387
2.388
2.389
2.386
2.392
2.393
2.389
2.391
2.390
2.391
2.394
2.389
2.390
2.385
2.386
2.386
2.388
2.386
2.386
2.387
2.382
2.383
2.382
2.383
2.385
2.387
2.386
2.383
2.386
2.385
2.384
2.382
2.387
2.387
2.387
2.387
2.387
2.388
2.387
2.388
2.387
2.387
2.388
2.387
2.387
2.387
2.387
2.387
2.389
2.389
2.390
2.394
2.393
2.405
2.400
2.402
2.398
2.399
2.394
2.402
2.389
2.389
2.387
2.387
2.387
2.387
2.385
2.389
2.395
2.393
2.397
2.395
2.397
2.397
2.398
2.398
2.399
2.399
2.398
2.398
2.397
2.396
2.396
2.398
2.400
2.400
2.400
2.400
2.400
2.400
2.401
2.400
2.401
2.398
2.401
2.398
2.398
2.398
2.398
2.398
2.398
2.398
2.398
2.398
2.398
2.398
2.398
2.398
2.398
2.398
2.399
2.399
2.400
2.400
2.399
2.398
2.399
2.399
2.398
2.397
2.396
2.396
2.395
2.394
2.394
2.394
2.394
2.394
2.394
2.395
2.394
2.394
2.391
2.390
2.388
2.388
2.389
2.389
2.389
2.386
2.389
2.389
2.389
2.390
2.394
2.391
2.393
2.394
2.394
2.396
2.395
2.394
2.394
2.395
2.394
2.394
2.395
2.395
2.395
2.396
2.397
2.398
2.397
2.399
2.400
2.400
2.401
2.402
2.402
2.406
2.405
2.405
2.407
2.405
2.405
2.405
2.406
2.405
2.405
2.407
2.406
2.405
2.405
2.405
2.405
2.405
2.405
2.404
2.405
2.405
2.404
2.404
2.405
2.406
2.406
2.407
2.407
2.408
2.410
2.408
2.408
2.407
2.407
2.406
2.407
2.407
2.406
2.407
2.406
2.408
2.408
2.408
2.406
2.410
2.409
2.409
2.409
2.410
2.411
2.410
2.409
2.409
2.410
2.410
2.411
2.411
2.410
2.411
2.411
2.410
2.410
2.409
2.410
2.410
2.411
2.409
2.411
2.411
2.411
2.412
2.412
2.413
2.414
2.414
2.414
2.414
2.414
2.414
2.414
2.414
2.412
2.414
2.413
2.411
2.412
2.411
2.412
2.412
2.412
2.412
2.413
2.412
2.413
2.414
2.414
2.414
2.414
2.413
2.414
2.415
2.415
2.415
2.416
2.419
2.419
2.419
2.420
2.420
2.420
2.420
2.420
2.420
2.420
2.420
2.420
2.420
2.419
2.421
2.421
2.421
2.422
2.422
2.422
2.422
2.421
2.423
2.425
2.425
2.426
2.426
2.428
2.428
2.428
2.428
2.429
2.426
2.427
2.427
2.427
2.428
2.428
2.428
2.429
2.428
2.428
2.428
2.430
2.429
2.429
2.429
2.428
2.429
2.429
2.430
2.429
2.429
2.429
2.429
2.431
2.430
2.430
2.430
2.430
2.430
2.430
2.431
2.430
2.432
2.431
2.431
2.431
2.430
2.431
2.431
2.431
2.432
2.432
2.431
2.434
2.433
2.432
2.433
2.432
2.435
2.440
2.434
2.436
2.439
2.437
2.437
2.437
2.439
2.438
2.439
2.439
2.438
2.439
2.438
2.438
2.438
2.438
2.439
2.438
2.438
2.438
2.438
2.439
2.440
2.439
2.439
2.440
2.440
2.440
2.441
2.440
2.440
2.440
2.440
2.441
2.441
2.441
2.443
2.442
2.442
2.442
2.441
2.441
2.442
2.443
2.443
2.444
2.443
2.443
2.442
2.443
2.445
2.442
2.444
2.444
2.443
2.444
2.444
2.444
2.444
2.443
2.444
2.444
2.444
2.444
2.445
2.444
2.444
2.444
2.444
2.444
2.446
2.445
2.445
2.444
2.442
2.441
2.442
2.441
2.441
2.441
2.440
2.439
2.438
2.439
2.438
2.437
2.437
2.435
2.435
2.436
2.435
2.435
2.435
2.435
2.434
2.433
2.433
2.433
2.432
2.432
2.432
2.432
2.432
2.432
2.432
2.432
2.432
2.431
2.430
2.430
2.429
2.429
2.429
2.429
2.430
2.430
2.430
2.430
2.430
2.430
2.430
2.430
2.430
2.430
2.430
2.431
2.432
2.432
2.433
2.434
2.435
2.437
2.436
2.440
2.439
2.441
2.438
2.436
2.439
2.438
2.437
2.437
2.438
2.436
2.438
2.439
2.439
2.439
2.440
2.438
2.438
2.438
2.439
2.441
2.438
2.438
2.437
2.438
2.436
2.437
2.436
2.436
2.437
2.437
2.437
2.437
2.438
2.438
2.438
2.438
2.440
2.436
2.437
2.437
2.437
2.437
2.436
2.437
2.437
2.436
2.435
2.436
2.435
2.436
2.435
2.435
2.436
2.436
2.435
2.435
2.435
2.435
2.435
2.435
2.435
2.434
2.434
2.435
2.439
2.440
2.444
2.443
2.444
2.439
2.436
2.438
2.437
2.433
2.431
2.432
2.430
2.430
2.434
2.439
2.440
2.433
2.430
2.430
2.432
2.431
2.431
2.431
2.431
2.429
2.429
2.429
2.430
2.431
2.431
2.431
2.431
2.430
2.430
2.430
2.431
2.430
2.431
2.431
2.431
2.430
2.430
2.429
2.430
2.429
2.429
2.429
2.429
2.428
2.429
2.430
2.430
2.430
2.430
2.430
2.429
2.429
2.429
2.429
2.430
2.430
2.429
2.429
2.428
2.428
2.427
2.428
2.427
2.427
2.428
2.428
2.428
2.428
2.428
2.427
2.428
2.431
2.431
2.436
2.433
2.430
2.428
2.430
2.430
2.430
2.430
2.430
2.430
2.430
2.431
2.430
2.430
2.433
2.434
2.436
2.437
2.444
2.445
2.450
2.449
2.436
2.402
2.381
2.286
2.394
2.447
2.445
2.446
2.447
2.445
2.439
2.434
2.448
2.435
2.441
2.434
2.436
2.433
2.434
2.437
2.445
2.441
2.439
2.438
2.437
2.437
2.437
2.436
2.435
2.441
2.442
2.442
2.442
2.442
2.442
2.442
2.442
2.442
2.444
2.441
2.440
2.438
2.439
2.441
2.439
2.439
2.440
2.441
2.442
2.442
2.442
2.442
2.442
2.443
2.443
2.443
2.443
2.443
2.443
2.443
2.443
2.443
2.443
2.444
2.444
2.444
2.445
2.444
2.445
2.444
2.443
2.442
2.442
2.443
2.444
2.442
2.443
2.443
2.442
2.442
2.442
2.441
2.444
2.443
2.444
2.444
2.444
2.445
2.445
2.445
2.445
2.446
2.446
2.446
2.446
2.447
2.447
2.447
2.447
2.447
2.448
2.448
2.448
2.448
2.448
2.448
2.448
2.447
2.448
2.448
2.448
2.449
2.448
2.449
2.448
2.447
2.448
2.448
2.447
2.446
2.446
2.446
2.446
2.446
2.447
2.447
2.446
2.445
2.445
2.445
2.446
2.446
2.445
2.445
2.445
2.445
2.445
2.444
2.441
2.438
2.435
2.436
2.435
2.435
2.435
2.433
2.434
2.434
2.433
2.433
2.433
2.433
2.434
2.436
2.437
2.437
2.438
2.438
2.437
2.436
2.432
2.431
2.431
2.430
2.430
2.427
2.429
2.429
2.429
2.428
2.426
2.425
2.425
2.425
2.425
2.423
2.427
2.424
2.420
2.420
2.420
2.421
2.421
2.422
2.421
2.420
2.420
2.420
2.420
2.420
2.420
2.419
2.417
2.415
2.414
2.414
2.414
2.414
2.414
2.414
2.412
2.412
2.409
2.408
2.408
2.409
2.409
2.408
2.402
2.404
2.405
2.398
2.404
2.404
2.399
2.400
2.401
2.401
2.403
2.404
2.402
2.403
2.403
2.403
2.402
2.402
2.402
2.402
2.402
2.403
2.400
2.402
2.402
2.401
2.402
2.401
2.402
2.402
2.401
2.402
2.402
2.402
2.403
2.406
2.405
2.405
2.405
2.406
2.405
2.405
2.405
2.406
2.404
2.404
2.405
2.403
2.405
2.402
2.406
2.403
2.414
2.418
2.411
2.401
2.401
2.402
2.401
2.406
2.403
2.404
2.405
2.406
2.403
2.405
2.404
2.404
2.403
2.404
2.404
2.403
2.402
2.403
2.403
2.403
2.403
2.403
2.403
2.403
2.403
2.403
2.402
2.403
2.403
2.403
2.403
2.403
2.402
2.402
2.402
2.403
2.402
2.402
2.402
2.402
2.403
2.405
2.405
2.405
2.404
2.406
2.405
2.407
2.406
2.405
2.405
2.405
2.406
2.406
2.408
2.408
2.407
2.406
2.406
2.406
2.407
2.408
2.407
2.405
2.406
2.405
2.404
2.404
2.403
2.403
2.402
2.403
2.402
2.403
2.403
2.403
2.402
2.402
2.399
2.401
2.401
2.402
2.400
2.402
2.403
2.402
2.402
2.402
2.402
2.402
2.402
2.401
2.405
2.403
2.403
2.404
2.405
2.404
2.408
2.409
2.411
2.410
2.414
2.410
2.410
2.411
2.415
2.413
2.414
2.415
2.413
2.412
2.412
2.411
2.412
2.412
2.412
2.412
2.412
2.413
2.412
2.409
2.410
2.415
2.411
2.415
2.416
2.416
2.415
2.417
2.419
2.419
