5.561
4.995
3.526
0.103
0.072
0.057
0.938
1.245
1.618
2.106
1.230
1.805
1.172
1.323
1.397
1.416
1.406
1.748
1.718
1.741
1.726
1.726
1.726
1.725
1.726
1.770
1.748
1.792
1.770
1.513
1.762
1.398
1.744
1.887
1.766
1.738
1.739
1.753
1.757
1.778
1.787
1.787
1.778
1.800
1.753
1.762
1.778
1.754
1.752
1.740
1.751
1.764
1.751
1.769
1.746
1.745
1.742
1.760
1.755
1.760
1.765
1.749
1.741
1.753
1.737
1.741
1.746
1.757
1.743
1.750
1.755
1.765
1.746
1.757
1.747
1.743
1.750
1.739
1.743
1.742
1.758
1.758
1.777
1.808
1.809
1.827
1.888
1.815
1.788
1.802
1.760
1.775
1.787
1.778
1.769
1.764
1.758
1.766
1.769
1.785
1.787
1.783
1.801
1.817
1.820
1.827
1.837
1.840
1.851
1.854
1.842
1.834
1.854
1.856
1.879
1.896
1.869
1.875
1.887
1.895
1.942
1.947
1.980
2.001
2.071
2.022
1.993
1.985
1.990
2.010
2.029
2.048
2.067
2.102
2.094
2.136
2.185
2.118
2.087
2.143
2.109
2.188
2.105
2.078
2.060
2.093
2.131
2.120
2.109
2.084
2.096
2.094
2.099
2.083
2.101
2.079
2.078
2.073
2.079
2.073
2.076
2.069
2.044
2.059
2.010
2.030
2.033
2.029
2.024
2.024
2.022
2.023
2.021
2.018
2.017
2.018
2.018
2.020
2.021
2.017
2.014
2.025
2.018
2.023
2.056
2.073
2.049
2.052
2.058
2.071
2.057
2.062
2.055
2.049
2.050
2.037
2.034
2.033
2.032
2.030
2.033
2.038
2.038
2.047
2.044
2.045
2.042
2.048
2.046
2.051
2.045
2.043
2.042
2.040
2.046
2.045
2.053
2.049
2.041
2.040
2.037
2.062
2.060
2.060
2.067
2.074
2.069
2.072
2.067
2.063
2.076
2.072
2.065
2.066
2.065
2.060
2.057
2.052
2.054
2.055
2.054
2.051
2.052
2.045
2.046
2.050
2.049
2.054
2.049
2.052
2.060
2.055
2.051
2.054
2.053
2.054
2.047
2.046
2.045
2.044
2.046
2.053
2.055
2.053
2.053
2.052
2.063
2.059
2.064
2.066
2.065
2.067
2.062
2.060
2.065
2.065
2.074
2.079
2.085
2.092
2.095
2.094
2.101
2.105
2.107
2.099
2.102
2.101
2.103
2.102
2.101
2.098
2.101
2.110
2.109
2.112
2.108
2.104
2.101
2.110
2.113
2.114
2.118
2.127
2.132
2.133
2.134
2.136
2.129
2.124
2.122
2.123
2.116
2.119
2.118
2.117
2.116
2.115
2.116
2.117
2.120
2.122
2.116
2.115
2.117
2.117
2.118
2.116
2.114
2.115
2.115
2.111
2.110
2.108
2.116
2.123
2.122
2.116
2.120
2.121
2.121
2.117
2.117
2.116
2.125
2.122
2.123
2.123
2.122
2.123
2.122
2.124
2.128
2.125
2.123
2.123
2.125
2.124
2.122
2.129
2.137
2.147
2.152
2.147
2.148
2.162
2.156
2.158
2.159
2.155
2.154
2.153
2.153
2.154
2.155
2.154
2.157
2.152
2.146
2.147
2.146
2.143
2.142
2.134
2.138
2.141
2.141
2.141
2.141
2.143
2.143
2.144
2.145
2.145
2.150
2.140
2.140
2.139
2.137
2.145
2.145
2.153
2.154
2.165
2.165
2.166
2.166
2.183
2.187
2.181
2.204
2.228
2.230
2.248
2.240
2.200
2.231
2.251
2.220
2.240
2.212
2.194
2.187
2.209
2.196
2.192
2.207
2.202
2.199
2.198
2.198
2.193
2.192
2.197
2.195
2.196
2.193
2.193
2.193
2.192
2.195
2.194
2.193
2.195
2.203
2.210
2.215
2.214
2.217
2.221
2.214
2.220
2.215
2.213
2.218
2.219
2.217
2.214
2.215
2.212
2.214
2.208
2.215
2.216
2.212
2.213
2.213
2.215
2.215
2.211
2.209
2.207
2.213
2.206
2.206
2.209
2.208
2.209
2.213
2.215
2.212
2.213
2.212
2.212
2.212
2.211
2.210
2.213
2.211
2.211
2.205
2.201
2.202
2.206
2.209
2.211
2.212
2.206
2.209
2.167
2.208
2.167
2.207
2.062
2.213
2.180
2.207
2.133
2.210
2.210
2.209
2.207
2.208
2.208
2.208
2.208
2.208
2.208
2.208
2.209
2.210
2.210
2.210
2.210
2.211
2.211
2.210
2.209
2.207
2.207
2.206
2.205
2.204
2.204
2.204
2.200
2.204
2.201
2.200
2.200
2.200
2.200
2.189
2.198
2.174
2.200
2.194
2.197
2.199
2.200
2.201
2.201
2.201
2.202
2.200
2.201
2.203
2.204
2.204
2.207
2.206
2.206
2.206
2.207
2.206
2.205
2.205
2.206
2.206
2.206
2.206
2.207
2.206
2.207
2.207
2.207
2.207
2.207
2.207
2.207
2.207
2.208
2.207
2.209
2.209
2.209
2.210
2.210
2.211
2.212
2.212
2.212
2.211
2.213
2.213
2.213
2.216
2.213
2.213
2.213
2.213
2.213
2.214
2.215
2.217
2.217
2.219
2.216
2.217
2.217
2.218
2.218
2.220
2.223
2.225
2.225
2.225
2.226
2.225
2.227
2.222
2.223
2.231
2.237
2.232
2.234
2.233
2.230
2.246
2.244
2.264
2.270
2.276
2.259
2.250
2.251
2.255
2.254
2.252
2.259
2.264
2.259
2.259
2.259
2.260
2.258
2.260
2.266
2.257
2.257
2.266
2.259
2.266
2.268
2.262
2.275
2.261
2.270
2.267
2.276
2.267
2.273
2.279
2.269
2.278
2.278
2.291
2.291
2.292
2.291
2.264
2.284
2.297
2.293
2.296
2.280
2.285
2.283
2.284
2.284
2.299
2.300
2.301
2.296
2.301
2.297
2.300
2.307
2.302
2.301
2.302
2.301
2.304
2.301
2.300
2.276
2.253
2.273
2.286
2.251
2.305
2.275
2.289
2.270
2.305
2.302
2.308
2.309
2.302
2.303
2.304
2.304
2.307
2.305
2.304
2.305
2.305
2.304
2.305
2.305
2.305
2.306
2.306
2.307
2.307
2.308
2.307
2.309
2.306
2.306
2.303
2.310
2.307
2.306
2.307
2.306
2.306
2.309
2.302
2.273
2.243
2.164
2.055
2.164
1.983
2.067
2.249
2.289
2.309
2.303
2.307
2.305
2.306
2.307
2.307
2.306
2.309
2.315
2.312
2.313
2.295
2.266
2.224
2.164
2.045
2.142
1.995
1.654
1.986
2.156
2.283
2.256
2.279
2.320
2.331
2.329
2.329
2.315
2.283
2.331
2.261
2.172
2.329
2.316
2.328
2.324
2.325
2.326
2.322
2.322
2.322
2.320
2.315
2.316
2.316
2.318
2.322
2.316
2.320
2.321
2.321
2.324
2.325
2.324
2.329
2.325
2.320
2.328
2.334
2.333
2.335
2.320
2.341
2.340
2.344
2.340
2.342
2.336
2.336
2.341
2.347
2.335
2.353
2.348
2.349
2.354
2.345
2.352
2.366
2.363
2.366
2.369
2.368
2.368
2.367
2.367
2.366
2.366
2.367
2.365
2.367
2.366
2.368
2.367
2.368
2.368
2.369
2.369
2.368
2.369
2.365
2.370
2.367
2.355
2.360
2.360
2.360
2.359
2.359
2.361
2.360
2.360
2.361
2.362
2.362
2.362
2.359
2.353
2.354
2.352
2.355
2.355
2.358
2.358
2.358
2.358
2.358
2.364
2.364
2.363
2.362
2.364
2.361
2.361
2.362
2.362
2.362
2.360
2.359
2.361
2.359
2.359
2.361
2.360
2.361
2.360
2.361
2.360
2.361
2.359
2.361
2.361
2.362
2.361
2.361
2.361
2.362
2.361
2.366
2.364
2.364
2.367
2.368
2.370
2.371
2.371
2.371
2.371
2.371
2.371
2.371
2.372
2.371
2.372
2.373
2.377
2.376
2.376
2.377
2.377
2.377
2.377
2.377
2.377
2.377
2.378
2.377
2.377
2.379
2.383
2.383
2.383
2.385
2.385
2.390
2.389
2.390
2.405
2.401
2.408
2.399
2.401
2.403
2.405
2.404
2.403
2.403
2.403
2.404
2.406
2.403
2.404
2.403
2.404
2.404
2.402
2.402
2.401
2.401
2.401
2.401
2.401
2.399
2.399
2.398
2.399
2.399
2.398
2.398
2.398
2.398
2.398
2.398
2.398
2.398
2.399
2.399
2.398
2.397
2.396
2.396
2.396
2.396
2.395
2.393
2.393
2.392
2.395
2.396
2.396
2.396
2.396
2.396
2.396
2.395
2.395
2.394
2.393
2.388
2.390
2.387
2.387
2.386
2.387
2.389
2.385
2.386
2.384
2.388
2.386
2.386
2.387
2.386
2.386
2.387
2.385
2.385
2.384
2.384
2.383
2.381
2.382
2.383
2.380
2.383
2.382
2.383
2.384
2.385
2.384
2.383
2.385
2.386
2.386
2.385
2.385
2.386
2.387
2.385
2.386
2.387
2.387
2.389
2.389
2.390
2.390
2.391
2.391
2.394
2.398
2.396
2.397
2.397
2.398
2.398
2.397
2.397
2.397
2.394
2.394
2.394
2.396
2.394
2.393
2.398
2.398
2.399
2.397
2.395
2.396
2.396
2.396
2.396
2.397
2.397
2.398
2.399
2.397
2.397
2.398
2.399
2.402
2.402
2.404
2.404
2.404
2.405
2.405
2.405
2.405
2.405
2.404
2.403
2.403
2.402
2.404
2.404
2.404
2.404
2.404
2.404
2.404
2.403
2.403
2.402
2.402
2.403
2.401
2.402
2.402
2.402
2.402
2.402
2.402
2.402
2.402
2.403
2.406
2.406
2.405
2.405
2.407
2.410
2.412
2.411
2.411
2.415
2.417
2.415
2.415
2.415
2.414
2.415
2.415
2.414
2.416
2.416
2.417
2.419
2.419
2.419
2.418
2.419
2.419
2.417
2.419
2.418
2.418
2.418
2.418
2.418
2.419
2.418
2.419
2.419
2.420
2.419
2.419
2.418
2.418
2.418
2.418
2.418
2.418
2.418
2.418
2.419
2.419
2.419
2.419
2.419
2.418
2.419
2.420
2.421
2.420
2.420
2.420
2.420
2.420
2.420
2.420
2.420
2.421
2.419
2.420
2.422
2.422
2.422
2.422
2.423
2.421
2.422
2.421
2.421
2.421
2.420
2.419
2.419
2.418
2.418
2.418
2.418
2.418
2.419
2.418
2.419
2.419
2.419
2.419
2.418
2.418
2.418
2.418
2.417
2.417
2.417
2.418
2.417
2.416
2.416
2.416
2.416
2.417
2.417
2.417
2.417
2.417
2.417
2.417
2.417
2.417
2.417
2.417
2.419
2.420
2.419
2.419
2.420
2.419
2.420
2.419
2.422
2.423
2.425
2.425
2.425
2.426
2.425
2.425
2.424
2.425
2.425
2.426
2.424
2.422
2.425
2.429
2.429
2.424
2.428
2.428
2.428
2.429
2.429
2.430
2.430
2.428
2.429
2.428
2.429
2.430
2.431
2.431
2.432
2.432
2.431
2.431
2.432
2.431
2.430
2.431
2.430
2.431
2.433
2.433
2.434
2.432
2.433
2.434
2.434
2.433
2.434
2.433
2.434
2.435
2.435
2.436
2.438
2.441
2.438
2.436
2.437
2.436
2.435
2.436
2.436
2.436
2.436
2.436
2.436
2.435
2.434
2.436
2.436
2.436
2.436
2.437
2.439
2.438
2.439
2.439
2.438
2.439
2.439
2.439
2.439
2.439
2.439
2.438
2.438
2.438
2.438
2.438
2.438
2.438
2.438
2.438
2.438
2.439
2.438
2.439
2.439
2.439
2.438
2.440
2.441
2.442
2.443
2.444
2.444
2.444
2.443
2.443
2.444
2.443
2.444
2.444
2.445
2.444
2.443
2.441
2.441
2.442
2.441
2.442
2.442
2.442
2.442
2.442
2.442
2.442
2.442
2.443
2.444
2.445
2.444
2.445
2.445
2.446
2.445
2.447
2.446
2.447
2.447
2.451
2.452
2.446
2.446
2.446
2.450
2.449
2.452
2.451
2.450
2.451
2.452
2.452
2.451
2.452
2.451
2.452
2.452
2.453
2.453
2.453
2.453
2.453
2.453
2.454
2.454
2.454
2.454
2.454
2.455
2.455
2.457
2.457
2.456
2.456
2.458
2.459
2.458
2.459
2.458
2.458
2.460
2.460
2.462
2.464
2.463
2.463
2.463
2.463
2.463
2.463
2.463
2.463
2.464
2.464
2.464
2.463
2.463
2.463
2.465
2.465
2.465
2.465
2.465
2.466
2.467
2.466
2.466
2.466
2.465
2.465
2.465
2.465
2.465
2.465
2.465
2.465
2.464
2.464
