 -1.97726000e+01 -2.65308416e-06
 -1.97545000e+01 -1.66355207e-06
 -1.97364000e+01 -9.74023120e-07
 -1.97114000e+01 -7.88491071e-07
 -1.96865000e+01 -4.02907121e-07
 -1.96615000e+01 -4.17387069e-07
 -1.96365000e+01 -3.18730395e-08
 -1.96115000e+01 -2.46365039e-07
 -1.95865000e+01 -2.60863076e-07
 -1.95615000e+01 1.24632842e-07
 -1.95399000e+01 -8.79035566e-08
 -1.95149000e+01 9.75810757e-08
 -1.94865000e+01 -1.18915742e-07
 -1.94649000e+01 1.68532136e-07
 -1.94399000e+01 5.39985486e-08
 -1.94149000e+01 3.94588733e-08
 -1.93899000e+01 1.24913102e-07
 -1.93615000e+01 -1.91618299e-07
 -1.93365000e+01 -6.17711535e-09
 -1.93149000e+01 8.12391397e-08
 -1.92899000e+01 6.66689103e-08
 -1.92649000e+01 5.20925474e-08
 -1.92399000e+01 -2.62489957e-07
 -1.92115000e+01 2.09368582e-08
 -1.91865000e+01 -9.36587891e-08
 -1.91615000e+01 -1.08260602e-07
 -1.91399000e+01 -2.08815379e-08
 -1.91150000e+01 1.64563603e-07
 -1.90899000e+01 -1.50114375e-07
 -1.90615000e+01 -6.67296573e-08
 -1.90399000e+01 -7.93719920e-08
 -1.90115000e+01 -9.60013769e-08
 -1.89865000e+01 -1.10646562e-07
 -1.89479000e+01 -1.03327096e-06
 -1.89365000e+01 -2.39955621e-07
 -1.89115000e+01 -1.54619511e-07
 -1.88899000e+01 -2.67294145e-07
 -1.88650000e+01 1.80890227e-08
 -1.88399000e+01 -1.96651505e-07
 -1.88150000e+01 -1.12808256e-08
 -1.87866000e+01 -2.79740836e-08
 -1.87650000e+01 -4.06757983e-08
 -1.87400000e+01 1.44617274e-07
 -1.87150000e+01 3.29904041e-07
 -1.86866000e+01 3.13182149e-07
 -1.86650000e+01 1.00458629e-07
 -1.86400000e+01 8.57264335e-08
 -1.86150000e+01 -1.29012099e-07
 -1.85866000e+01 2.54237230e-07
 -1.85616000e+01 2.39485135e-07
 -1.85399000e+01 -3.73324841e-07
 -1.85150000e+01 2.11970241e-07
 -1.84900000e+01 -2.80009714e-09
 -1.84650000e+01 1.82423179e-07
 -1.84400000e+01 -3.23599380e-08
 -1.84150000e+01 -2.47149457e-07
 -1.83900000e+01 3.38054614e-07
 -1.83650000e+01 1.23252267e-07
 -1.83400000e+01 3.08443493e-07
 -1.83150000e+01 9.36282850e-08
 -1.82900000e+01 -1.21193366e-07
 -1.82650000e+01 2.63978532e-07
 -1.82400000e+01 4.91439700e-08
 -1.82116000e+01 2.32284060e-07
 -1.81866000e+01 1.74356736e-08
 -1.81616000e+01 2.58080111e-09
 -1.81400000e+01 1.89740962e-07
 -1.81150000e+01 -2.51260215e-08
 -1.80900000e+01 1.60000485e-07
 -1.80650000e+01 1.45120474e-07
 -1.80400000e+01 1.30233936e-07
 -1.80151000e+01 3.15400449e-07
 -1.79900000e+01 1.00441247e-07
 -1.79651000e+01 2.85594717e-07
 -1.79401000e+01 2.70682015e-07
 -1.79151000e+01 2.55762745e-07
 -1.78900000e+01 4.07771803e-08
 -1.78651000e+01 2.25904463e-07
 -1.78400000e+01 1.09056653e-08
 -1.78151000e+01 1.96019803e-07
 -1.77901000e+01 1.81067560e-07
 -1.77651000e+01 1.66108697e-07
 -1.77401000e+01 1.51143204e-07
 -1.77151000e+01 1.36171074e-07
 -1.76901000e+01 1.21192298e-07
 -1.76651000e+01 3.06206866e-07
 -1.76401000e+01 9.12147712e-08
 -1.76151000e+01 2.76216003e-07
 -1.75901000e+01 6.12105544e-08
 -1.75651000e+01 4.61984153e-08
 -1.75401000e+01 2.31179577e-07
 -1.75151000e+01 1.61540315e-08
 -1.74901000e+01 2.01121769e-07
 -1.74651000e+01 1.86082781e-07
 -1.74401000e+01 1.71037059e-07
 -1.74117000e+01 1.53936938e-07
 -1.73901000e+01 -5.90746231e-08
 -1.73583000e+01 -7.82397184e-08
 -1.73401000e+01 1.10786650e-07
 -1.73151000e+01 2.95707123e-07
 -1.72901000e+01 2.80620807e-07
 -1.72651000e+01 6.55276947e-08
 -1.72401000e+01 2.50427776e-07
 -1.72151000e+01 3.53210424e-08
 -1.71901000e+01 2.20207485e-07
 -1.71651000e+01 5.08709331e-09
 -1.71435000e+01 1.92017566e-07
 -1.71151000e+01 1.74825774e-07
 -1.70901000e+01 3.59684828e-07
 -1.70651000e+01 -5.54629874e-08
 -1.70401000e+01 1.29382318e-07
 -1.70151000e+01 3.14220734e-07
 -1.69867000e+01 -1.03011193e-07
 -1.69651000e+01 8.38768656e-08
 -1.69401000e+01 2.68694562e-07
 -1.69151000e+01 -1.46494668e-07
 -1.68901000e+01 4.38309168e-07
 -1.68651000e+01 4.23106060e-07
 -1.68401000e+01 7.89599840e-09
 -1.68151000e+01 1.92678974e-07
 -1.67901000e+01 -2.25450230e-08
 -1.67651000e+01 1.62223998e-07
 -1.67401000e+01 3.46986029e-07
 -1.67151000e+01 1.31741058e-07
 -1.66901000e+01 -8.35109220e-08
 -1.66651000e+01 3.01230078e-07
 -1.66401000e+01 8.59640486e-08
 -1.66151000e+01 2.70690981e-07
 -1.65901000e+01 2.55410864e-07
 -1.65651000e+01 2.40123690e-07
 -1.65401000e+01 2.24829448e-07
 -1.65151000e+01 2.09528129e-07
 -1.64901000e+01 -5.78027686e-09
 -1.64685000e+01 1.80987546e-07
 -1.64401000e+01 1.63581612e-07
 -1.64151000e+01 1.48251887e-07
 -1.63901000e+01 -6.70849632e-08
 -1.63651000e+01 1.17571051e-07
 -1.63401000e+01 1.02219919e-07
 -1.63151000e+01 8.68616329e-08
 -1.62901000e+01 7.14961814e-08
 -1.62651000e+01 5.61235550e-08
 -1.62401000e+01 1.40743744e-07
 -1.62151000e+01 1.25356738e-07
 -1.61901000e+01 1.09962528e-07
 -1.61651000e+01 9.45611026e-08
 -1.61401000e+01 7.91524531e-08
 -1.61151000e+01 6.37365689e-08
 -1.60901000e+01 4.83134402e-08
 -1.60652000e+01 2.32944793e-07
 -1.60401000e+01 1.74454088e-08
 -1.60151000e+01 -9.79995140e-08
 -1.59901000e+01 -1.34517219e-08
 -1.59651000e+01 -1.28911225e-07
 -1.59402000e+01 3.55683849e-07
 -1.59152000e+01 3.40209755e-07
 -1.58902000e+01 1.24728335e-07
 -1.58652000e+01 1.09239579e-07
 -1.58402000e+01 9.37434772e-08
 -1.58151000e+01 -1.21822010e-07
 -1.57901000e+01 -1.37332864e-07
 -1.57583000e+01 -8.57073332e-07
 -1.57402000e+01 3.16854027e-08
 -1.57152000e+01 1.61524156e-08
 -1.56902000e+01 6.12020253e-10
 -1.56652000e+01 1.85064206e-07
 -1.56402000e+01 1.69508963e-07
 -1.56152000e+01 -4.60537193e-08
 -1.55902000e+01 -6.16238519e-08
 -1.55652000e+01 -7.72014451e-08
 -1.55402000e+01 1.07213490e-07
 -1.55152000e+01 2.91620944e-07
 -1.54902000e+01 7.60209060e-08
 -1.54652000e+01 6.04133647e-08
 -1.54402000e+01 4.47983097e-08
 -1.54152000e+01 2.91757305e-08
 -1.53902000e+01 -1.86454384e-07
 -1.53652000e+01 1.97907956e-07
 -1.53402000e+01 -1.77372601e-08
 -1.53152000e+01 1.66609956e-07
 -1.52902000e+01 1.50949595e-07
 -1.52686000e+01 1.37412931e-07
 -1.52402000e+01 -8.03939064e-08
 -1.52152000e+01 1.03922933e-07
 -1.51902000e+01 8.82321501e-08
 -1.51652000e+01 2.72533735e-07
 -1.51437000e+01 4.59026985e-07
 -1.51152000e+01 2.41113964e-07
 -1.50902000e+01 2.53925855e-08
 -1.50652000e+01 -1.90336469e-07
 -1.50402000e+01 -6.07321155e-09
 -1.50152000e+01 1.78182348e-07
 -1.49936000e+01 1.64572943e-07
 -1.49652000e+01 -5.33296747e-08
 -1.49436000e+01 1.33047570e-07
 -1.49152000e+01 1.15127375e-07
 -1.48903000e+01 2.99407421e-07
 -1.48687000e+01 2.85764595e-07
 -1.48403000e+01 2.67817972e-07
 -1.48152000e+01 5.19483294e-08
 -1.47902000e+01 3.61340971e-08
 -1.47652000e+01 2.03120539e-08
 -1.47403000e+01 4.04545523e-07
 -1.47153000e+01 1.88707855e-07
 -1.46903000e+01 1.72862342e-07
 -1.46653000e+01 5.57008972e-07
 -1.46402000e+01 -5.89157276e-08
 -1.46153000e+01 1.25278615e-07
 -1.45903000e+01 1.09401606e-07
 -1.45653000e+01 2.93516693e-07
 -1.45437000e+01 7.97857563e-08
 -1.45187000e+01 6.38860820e-08
 -1.44903000e+01 4.58144227e-08
 -1.44653000e+01 2.98977824e-08
 -1.44403000e+01 2.13973181e-07
 -1.44153000e+01 3.98040606e-07
 -1.43903000e+01 1.82100047e-07
 -1.43653000e+01 1.66151491e-07
 -1.43403000e+01 1.50194926e-07
 -1.43153000e+01 1.34230342e-07
 -1.42902000e+01 -2.81806182e-07
 -1.42653000e+01 -9.77229364e-08
 -1.42403000e+01 8.62883464e-08
 -1.42153000e+01 -1.29708439e-07
 -1.41903000e+01 2.54286696e-07
 -1.41619000e+01 -1.63904650e-07
 -1.41403000e+01 2.22252676e-07
 -1.41153000e+01 4.06223498e-07
 -1.40903000e+01 -9.81380898e-09
 -1.40687000e+01 1.76323403e-07
 -1.40403000e+01 3.58087143e-07
 -1.40153000e+01 1.42025378e-07
 -1.39903000e+01 1.25955435e-07
 -1.39653000e+01 3.09877303e-07
 -1.39403000e+01 3.93790968e-07
 -1.39153000e+01 7.76964193e-08
 -1.38903000e+01 2.61593644e-07
 -1.38653000e+01 2.45482629e-07
 -1.38403000e+01 2.93633630e-08
 -1.38153000e+01 2.13235833e-07
 -1.37903000e+01 -2.89997415e-09
 -1.37653000e+01 2.80955930e-07
 -1.37403000e+01 1.64803532e-07
 -1.37153000e+01 1.48642820e-07
 -1.36903000e+01 2.32473781e-07
 -1.36653000e+01 2.16296403e-07
 -1.36403000e+01 1.00110672e-07
 -1.36153000e+01 8.39165766e-08
 -1.35903000e+01 6.77141030e-08
 -1.35653000e+01 -1.48496761e-07
 -1.35437000e+01 3.37490286e-07
 -1.35187000e+01 1.21263748e-07
 -1.34903000e+01 1.02820175e-07
 -1.34653000e+01 -1.34243804e-08
 -1.34403000e+01 -2.96773906e-08
 -1.34153000e+01 5.40611313e-08
 -1.33937000e+01 -2.59995615e-07
 -1.33653000e+01 2.15127187e-08
 -1.33437000e+01 7.44128502e-09
 -1.33187000e+01 1.91146964e-07
 -1.32937000e+01 -2.51558895e-08
 -1.32688000e+01 3.58597975e-07
 -1.32437000e+01 -5.77872437e-08
 -1.32187000e+01 -7.41157713e-08
 -1.31903000e+01 1.07324605e-07
 -1.31653000e+01 9.09777246e-08
 -1.31437000e+01 7.68470845e-08
 -1.31187000e+01 6.04841381e-08
 -1.30903000e+01 -1.58114650e-07
 -1.30687000e+01 2.77323172e-08
 -1.30404000e+01 2.09179433e-07
 -1.30154000e+01 1.92780706e-07
 -1.29937000e+01 -2.14604367e-08
 -1.29653000e+01 -4.01085252e-08
 -1.29437000e+01 -5.42991127e-08
 -1.29154000e+01 3.27098722e-07
 -1.28938000e+01 1.12893061e-07
 -1.28654000e+01 9.42052930e-08
 -1.28438000e+01 7.99844795e-08
 -1.28187000e+01 -1.36548874e-07
 -1.27937000e+01 -3.53025177e-07
 -1.27653000e+01 -1.71752954e-07
 -1.27437000e+01 -1.86004246e-07
 -1.27154000e+01 5.95313931e-07
 -1.26904000e+01 1.78801110e-07
 -1.26688000e+01 1.64526887e-07
 -1.26437000e+01 -2.52068621e-07
 -1.26154000e+01 -7.07906526e-08
 -1.25904000e+01 1.12660946e-07
 -1.25551000e+01 -8.10720606e-07
 -1.25404000e+01 -1.20462661e-07
 -1.25154000e+01 6.29621048e-08
 -1.24904000e+01 4.63778970e-08
 -1.24654000e+01 2.97847018e-08
 -1.24438000e+01 1.54409330e-08
 -1.24154000e+01 1.96571291e-07
 -1.23904000e+01 -2.00489526e-08
 -1.23688000e+01 1.65583873e-07
 -1.23438000e+01 1.48946757e-07
 -1.23188000e+01 1.32300569e-07
 -1.22904000e+01 -8.66205266e-08
 -1.22688000e+01 9.89809167e-08
 -1.22438000e+01 -1.17692577e-07
 -1.22188000e+01 -1.34375201e-07
 -1.21938000e+01 4.89330292e-08
 -1.21688000e+01 3.22320986e-08
 -1.21438000e+01 4.15521993e-07
 -1.21154000e+01 -3.47183880e-09
 -1.20904000e+01 -2.02015934e-08
 -1.20688000e+01 1.65336473e-07
 -1.20438000e+01 -5.14104840e-08
 -1.20154000e+01 1.29553749e-07
 -1.19938000e+01 -8.49321637e-08
 -1.19654000e+01 9.60109991e-08
 -1.19438000e+01 8.15090346e-08
 -1.19188000e+01 6.47156752e-08
 -1.18938000e+01 2.47912990e-07
 -1.18688000e+01 3.11009627e-08
 -1.18438000e+01 -1.85720421e-07
 -1.18154000e+01 -4.84088437e-09
 -1.17904000e+01 -2.16823055e-08
 -1.17654000e+01 -2.38533132e-07
 -1.17438000e+01 1.46900169e-07
 -1.17189000e+01 1.30099263e-07
 -1.16904000e+01 1.10857804e-07
 -1.16688000e+01 9.62666083e-08
 -1.16438000e+01 -1.20630186e-07
 -1.16154000e+01 6.01635326e-08
 -1.15939000e+01 4.56154013e-08
 -1.15689000e+01 2.28690108e-07
 -1.15438000e+01 1.16875116e-08
 -1.15188000e+01 -5.25692407e-09
 -1.14905000e+01 3.75550419e-07
 -1.14689000e+01 1.60893334e-07
 -1.14439000e+01 3.43920162e-07
 -1.14188000e+01 -7.31305856e-08
 -1.13904000e+01 -9.24347831e-08
 -1.13654000e+01 -3.09438229e-07
 -1.13439000e+01 7.59310702e-08
 -1.13155000e+01 5.65939494e-08
 -1.12905000e+01 -1.60438530e-07
 -1.12689000e+01 2.48375779e-08
 -1.12439000e+01 7.78696035e-09
 -1.12189000e+01 -2.09273411e-07
 -1.11905000e+01 -2.86658483e-08
 -1.11689000e+01 -4.34234824e-08
 -1.11439000e+01 -6.05132152e-08
 -1.11155000e+01 1.20060933e-07
 -1.10905000e+01 -9.70497958e-08
 -1.10689000e+01 2.88158599e-07
 -1.10439000e+01 7.10294848e-08
 -1.10155000e+01 -1.48441185e-07
 -1.09939000e+01 2.36741579e-07
 -1.09621000e+01 -1.85086166e-07
 -1.09439000e+01 2.02413989e-07
 -1.09189000e+01 2.85235270e-07
 -1.08939000e+01 -3.19534200e-08
 -1.08689000e+01 1.50847900e-07
 -1.08405000e+01 1.31298060e-07
 -1.08189000e+01 1.16420506e-07
 -1.07939000e+01 -1.00808244e-07
 -1.07655000e+01 -1.20392307e-07
 -1.07439000e+01 6.47040663e-08
 -1.07189000e+01 1.47445091e-07
 -1.06939000e+01 3.01760059e-08
 -1.06689000e+01 1.12896793e-07
 -1.06439000e+01 9.56074355e-08
 -1.06155000e+01 -2.40456057e-08
 -1.05939000e+01 6.09982145e-08
 -1.05689000e+01 -5.63216841e-08
 -1.05439000e+01 -7.36517985e-08
 -1.05189000e+01 9.00785374e-09
 -1.04939000e+01 -8.34274541e-09
 -1.04689000e+01 -2.57036138e-08
 -1.04439000e+01 -4.30747694e-08
 -1.04155000e+01 1.37179094e-07
 -1.03939000e+01 -7.78480141e-08
 -1.03689000e+01 -9.52501394e-08
 -1.03439000e+01 -1.12662624e-07
 -1.03189000e+01 6.99145132e-08
 -1.02939000e+01 -2.47518745e-07
 -1.02689000e+01 3.50375819e-08
 -1.02439000e+01 -1.82416524e-07
 -1.02189000e+01 1.18919838e-10
 -1.01939000e+01 -1.73561063e-08
 -1.01655000e+01 -3.37220462e-07
 -1.01440000e+01 1.47732364e-07
 -1.01189000e+01 -6.98441877e-08
 -1.00939000e+01 -2.87361278e-07
 -1.00690000e+01 9.51812006e-08
 -1.00439000e+01 -1.22427166e-07
 -1.00190000e+01 2.60094216e-07
 -9.99394000e+00 -1.57507352e-07
 -9.96899000e+00 2.24957723e-07
 -9.94396000e+00 7.35590810e-09
 -9.91899000e+00 1.89785623e-07
 -9.89396000e+00 -2.78375896e-08
 -9.86894000e+00 -2.45464496e-07
 -9.84397000e+00 -6.30668950e-08
 -9.81896000e+00 -8.07082454e-08
 -9.79397000e+00 -9.83462567e-08
 -9.76896000e+00 -1.16009181e-07
 -9.74397000e+00 -1.33668787e-07
 -9.71901000e+00 2.48682003e-07
 -9.69399000e+00 3.09795125e-08
 -9.66901000e+00 2.13294461e-07
 -9.64056000e+00 -2.06860485e-07
 -9.61899000e+00 -2.21508225e-08
 -9.59399000e+00 -3.98827674e-08
 -9.56899000e+00 -5.76256620e-08
 -9.54401000e+00 1.24634681e-07
 -9.51901000e+00 1.06869836e-07
 -9.49403000e+00 2.89108206e-07
 -9.46901000e+00 7.13070959e-08
 -9.44401000e+00 5.35091607e-08
 -9.41901000e+00 3.57001551e-08
 -9.39399000e+00 -1.82134202e-07
 -9.35874000e+00 -6.07279433e-07
 -9.34399000e+00 -2.17807766e-07
 -9.31901000e+00 -3.56469794e-08
 -9.29401000e+00 -5.35116435e-08
 -9.26901000e+00 -7.13875010e-08
 -9.24405000e+00 3.10754056e-07
 -9.21901000e+00 -1.07172879e-07
 -9.19401000e+00 -1.25082441e-07
 -9.16899000e+00 -3.43017621e-07
 -9.14403000e+00 3.90789340e-08
 -9.11905000e+00 2.21149847e-07
 -9.09403000e+00 3.18070251e-09
 -9.06903000e+00 -1.47854440e-08
 -9.04403000e+00 -3.27629725e-08
 -9.01901000e+00 -2.50766300e-07
 -8.99403000e+00 -6.87522611e-08
 -8.96903000e+00 -8.67640640e-08
 -8.94405000e+00 9.52270887e-08
 -8.91905000e+00 7.71923382e-08
 -8.89403000e+00 -1.40868365e-07
 -8.86907000e+00 2.41102734e-07
 -8.84405000e+00 2.30189346e-08
 -8.81905000e+00 4.93801024e-09
 -8.79405000e+00 -1.31545122e-08
 -8.76907000e+00 1.68755833e-07
 -8.74407000e+00 1.50640058e-07
 -8.71905000e+00 -6.75018877e-08
 -8.69405000e+00 -8.56410227e-08
 -8.66907000e+00 9.62226591e-08
 -8.64407000e+00 7.80600941e-08
 -8.61905000e+00 -1.40128768e-07
 -8.59067000e+00 3.92254619e-08
 -8.56567000e+00 2.10259633e-08
 -8.54405000e+00 -1.94722496e-07
 -8.51907000e+00 -1.29294808e-08
 -8.49407000e+00 -3.11629039e-08
 -8.46909000e+00 1.50606385e-07
 -8.44409000e+00 1.32349170e-07
 -8.41905000e+00 -2.85949220e-07
 -8.39405000e+00 -3.04230347e-07
 -8.36910000e+00 1.77513144e-07
 -8.34409000e+00 5.92007308e-08
 -8.31907000e+00 -1.59131048e-07
 -8.29409000e+00 2.25544384e-08
 -8.26909000e+00 4.21319241e-09
 -8.24407000e+00 -2.14154839e-07
 -8.21907000e+00 -2.32520314e-07
 -8.19409000e+00 -5.08832269e-08
 -8.16909000e+00 -6.92730059e-08
 -8.14410000e+00 1.23323857e-08
 -8.11910000e+00 -6.08179736e-09
 -8.09409000e+00 -1.24515594e-07
 -8.06910000e+00 -4.29469087e-08
 -8.04409000e+00 -1.61405268e-07
 -8.01909000e+00 -1.79868562e-07
 -7.99409000e+00 -1.98344193e-07
 -7.96910000e+00 -1.16824788e-07
 -7.94409000e+00 -2.35332563e-07
 -7.91910000e+00 -1.53837944e-07
 -7.89412000e+00 2.76516630e-08
 -7.86910000e+00 -1.90900840e-07
 -7.84410000e+00 -2.09451002e-07
 -7.81910000e+00 -2.28013673e-07
 -7.79412000e+00 -4.65740125e-08
 -7.76229000e+00 -3.70242128e-07
 -7.74740000e+00 -2.81321022e-07
 -7.71914000e+00 9.76398439e-08
 -7.69412000e+00 -1.21000633e-07
 -7.66914000e+00 6.03760413e-08
 -7.64412000e+00 -1.58289801e-07
 -7.61914000e+00 2.30614978e-08
 -7.59412000e+00 -1.95629812e-07
 -7.56914000e+00 -1.43039908e-08
 -7.54414000e+00 -3.30059037e-08
 -7.52244000e+00 -4.92495513e-08
 -7.49414000e+00 -7.04481960e-08
 -7.46916000e+00 1.10826370e-07
 -7.44416000e+00 9.20730575e-08
 -7.41914000e+00 -1.26708191e-07
 -7.39417000e+00 5.45351670e-08
 -7.36912000e+00 -3.64294570e-07
 -7.34414000e+00 -1.83084683e-07
 -7.31919000e+00 1.98134791e-07
 -7.29417000e+00 -2.07114786e-08
 -7.26917000e+00 -3.95557651e-08
 -7.24416000e+00 -5.84207009e-08
 -7.21916000e+00 -7.72912268e-08
 -7.19416000e+00 -9.61749102e-08
 -7.16917000e+00 -1.15064217e-07
 -7.14746000e+00 -1.31484970e-07
 -7.11916000e+00 -1.52905177e-07
 -7.09416000e+00 -1.71841762e-07
 -7.06916000e+00 -1.90791641e-07
 -7.04417000e+00 -2.09747254e-07
 -7.01919000e+00 -2.87086119e-08
 -6.99416000e+00 -2.47721319e-07
 -6.96579000e+00 -6.92873258e-08
 -6.94749000e+00 -8.32076047e-08
 -6.92249000e+00 -1.02236035e-07
 -6.89421000e+00 7.62227481e-08
 -6.87251000e+00 5.96818706e-08
 -6.84419000e+00 -1.61920467e-07
 -6.81919000e+00 -1.81004801e-07
 -6.79419000e+00 -2.00102737e-07
 -6.76921000e+00 -1.91990098e-08
 -6.74751000e+00 -3.57989139e-08
 -6.72251000e+00 -5.49360101e-08
 -6.69749000e+00 -2.74102146e-07
 -6.66921000e+00 -9.57821219e-08
 -6.64749000e+00 -3.12445045e-07
 -6.61921000e+00 -1.34156216e-07
 -6.59423000e+00 4.66513721e-08
 -6.56919000e+00 -3.72601030e-07
 -6.54753000e+00 1.07340928e-08
 -6.52251000e+00 -2.08528924e-07
 -6.49423000e+00 -3.03186520e-08
 -6.47255000e+00 1.52964803e-07
 -6.44751000e+00 -2.66355609e-07
 -6.41925000e+00 1.11822566e-07
 -6.39755000e+00 9.50540436e-08
 -6.37253000e+00 -1.24293172e-07
 -6.34425000e+00 5.38217126e-08
 -6.32255000e+00 3.70163913e-08
 -6.29425000e+00 1.50837073e-08
 -6.26923000e+00 -2.04322136e-07
 -6.24425000e+00 -2.37111998e-08
 -6.22255000e+00 -4.05659584e-08
 -6.19423000e+00 -2.62578808e-07
 -6.15550000e+00 -1.49271307e-06
 -6.14421000e+00 -5.01503860e-07
 -6.12255000e+00 -1.18377337e-07
 -6.09425000e+00 -1.40439813e-07
 -6.07255000e+00 -1.57369538e-07
 -6.04425000e+00 -1.79464817e-07
 -6.01925000e+00 -1.98999112e-07
 -5.99757000e+00 -1.59510477e-08
 -5.96925000e+00 -2.38111446e-07
 -5.94755000e+00 -2.55104401e-07
 -5.92259000e+00 1.25336123e-07
 -5.89427000e+00 -9.68741013e-08
 -5.87259000e+00 8.61103829e-08
 -5.84757000e+00 -1.33540326e-07
 -5.81929000e+00 4.42307197e-08
 -5.79425000e+00 -3.75467334e-07
 -5.76927000e+00 -1.95133046e-07
 -5.74759000e+00 -1.22128604e-08
 -5.71929000e+00 -3.45248987e-08
 -5.69430000e+00 4.57567635e-08
 -5.67259000e+00 -7.13856563e-08
 -5.64759000e+00 -9.11399305e-08
 -5.62260000e+00 -1.09013545e-08
 -5.59759000e+00 -1.30693695e-07
 -5.57259000e+00 -1.50493252e-07
 -5.54760000e+00 -7.03000442e-08
 -5.52259000e+00 -1.90137891e-07
 -5.49760000e+00 -1.09975099e-07
 -5.47259000e+00 -2.29843455e-07
 -5.44760000e+00 -1.49711218e-07
 -5.42260000e+00 -1.69602263e-07
 -5.39430000e+00 -1.92137476e-07
 -5.36929000e+00 -3.12069307e-07
 -5.34762000e+00 -2.93518071e-08
 -5.32262000e+00 -4.93045332e-08
 -5.29430000e+00 -2.71925722e-07
 -5.27262000e+00 -8.92565558e-08
 -5.24432000e+00 -1.11897006e-07
 -5.22260000e+00 -3.29286929e-07
 -5.19762000e+00 -1.49301552e-07
 -5.16936000e+00 2.28036915e-07
 -5.14764000e+00 1.06061105e-08
 -5.12259000e+00 -5.09511872e-07
 -5.09762000e+00 -2.29581394e-07
 -5.07266000e+00 1.50341332e-07
 -5.04764000e+00 -6.98000850e-08
 -5.01932000e+00 -2.92617274e-07
 -4.99766000e+00 8.99176307e-08
 -4.97264000e+00 -1.30271669e-07
 -4.94764000e+00 -1.50460860e-07
 -4.92266000e+00 2.93500594e-08
 -4.89764000e+00 -1.90887461e-07
 -4.87266000e+00 -1.11087502e-08
 -4.84766000e+00 -3.13623972e-08
 -4.82266000e+00 -5.16322566e-08
 -4.79764000e+00 -2.71934602e-07
 -4.77266000e+00 -9.22207661e-08
 -4.74768000e+00 8.74767682e-08
 -4.72266000e+00 -1.32874587e-07
 -4.69434000e+00 -3.55930002e-07
 -4.67269000e+00 2.64304209e-08
 -4.64766000e+00 -1.93978459e-07
 -4.61936000e+00 -2.17073572e-07
 -4.59434000e+00 -4.37509618e-07
 -4.56594000e+00 -4.60726568e-07
 -4.54766000e+00 -2.75681800e-07
 -4.52269000e+00 -9.61246714e-08
 -4.49768000e+00 -1.16617013e-07
 -4.47271000e+00 6.29066837e-08
 -4.44766000e+00 -3.57652066e-07
 -4.42271000e+00 2.18544437e-08
 -4.39773000e+00 2.01319464e-07
 -4.36941000e+00 -2.19816263e-08
 -4.34771000e+00 -3.98506576e-08
 -4.32271000e+00 -6.04529869e-08
 -4.29771000e+00 -8.10723665e-08
 -4.27269000e+00 -3.01725354e-07
 -4.24773000e+00 7.76540867e-08
 -4.22271000e+00 -1.43033224e-07
 -4.19771000e+00 -1.63721223e-07
 -4.17271000e+00 -1.84426482e-07
 -4.14773000e+00 -5.13245898e-09
 -4.12273000e+00 -2.58723527e-08
 -4.09773000e+00 -4.66296349e-08
 -4.07273000e+00 -6.74043486e-08
 -4.04773000e+00 -8.81965370e-08
 -4.01943000e+00 -1.11754436e-07
 -3.99773000e+00 -1.29833512e-07
 -3.97273000e+00 -1.50678386e-07
 -3.94773000e+00 -1.71540910e-07
 -3.92275000e+00 7.59558431e-09
 -3.89773000e+00 -2.13319082e-07
 -3.87275000e+00 -3.42180804e-08
 -3.84775000e+00 -5.51516312e-08
 -3.82273000e+00 -2.76119822e-07
 -3.79773000e+00 -2.97089177e-07
 -3.76943000e+00 -3.20848164e-07
 -3.74777000e+00 6.09518040e-08
 -3.72279000e+00 2.39945280e-07
 -3.69775000e+00 -1.81129835e-07
 -3.67275000e+00 -2.02189444e-07
 -3.64777000e+00 -2.32503752e-08
 -3.62277000e+00 -4.43463994e-08
 -3.59775000e+00 -2.65477607e-07
 -3.57275000e+00 -2.86610262e-07
 -3.54777000e+00 -1.07744368e-07
 -3.52279000e+00 7.11031305e-08
 -3.49777000e+00 -1.50101730e-07
 -3.47280000e+00 1.28717290e-07
 -3.44779000e+00 7.48381090e-09
 -3.42277000e+00 -2.13776801e-07
 -3.39777000e+00 -2.35039090e-07
 -3.37277000e+00 -2.56320092e-07
 -3.34779000e+00 -7.76028094e-08
 -3.32279000e+00 -9.89213698e-08
 -3.29779000e+00 -1.20258790e-07
 -3.27280000e+00 -4.16065734e-08
 -3.24780000e+00 -6.29818543e-08
 -3.22279000e+00 -1.84384705e-07
 -3.19779000e+00 -2.05798060e-07
 -3.17280000e+00 -1.27221948e-07
 -3.14780000e+00 -1.48673563e-07
 -3.12282000e+00 2.98727964e-08
 -3.09780000e+00 -1.91634473e-07
 -3.07280000e+00 -2.13143870e-07
 -3.04780000e+00 -2.34672630e-07
 -3.02284000e+00 1.43813689e-07
 -2.99782000e+00 -7.77711814e-08
 -2.96267000e+00 -6.08128286e-07
 -2.94780000e+00 -3.20982329e-07
 -2.92282000e+00 -1.42591370e-07
 -2.89782000e+00 -1.64237380e-07
 -2.87622000e+00 -1.82955417e-07
 -2.84784000e+00 -7.57128055e-09
 -2.82284000e+00 -2.92766182e-08
 -2.79782000e+00 -2.51019232e-07
 -2.77284000e+00 -7.27470117e-08
 -2.74784000e+00 -9.45121754e-08
 -2.72286000e+00 8.37200467e-08
 -2.69786000e+00 6.19147437e-08
 -2.67288000e+00 2.40106750e-07
 -2.64782000e+00 -3.81791366e-07
 -2.62286000e+00 -3.62234396e-09
 -2.59784000e+00 -2.25526134e-07
 -2.57286000e+00 -4.74152720e-08
 -2.54788000e+00 1.30675185e-07
 -2.52288000e+00 1.08727615e-07
 -2.49786000e+00 -1.13258088e-07
 -2.47288000e+00 6.47707672e-08
 -2.44788000e+00 4.27613749e-08
 -2.42288000e+00 2.07312607e-08
 -2.39788000e+00 -1.31963297e-09
 -2.37631000e+00 1.79638113e-07
 -2.34788000e+00 -4.54839909e-08
 -2.32291000e+00 1.32428977e-07
 -2.29791000e+00 1.10294409e-07
 -2.27293000e+00 2.88156502e-07
 -2.24791000e+00 6.59619975e-08
 -2.22291000e+00 4.37640358e-08
 -2.19791000e+00 2.15448236e-08
 -2.17288000e+00 -2.00722400e-07
 -2.15131000e+00 -1.99287173e-08
 -2.12288000e+00 -2.45267671e-07
 -2.10133000e+00 1.35506835e-07
 -2.07637000e+00 5.13219150e-07
 -2.04793000e+00 8.77977930e-08
 -2.02295000e+00 2.65446051e-07
 -1.99793000e+00 4.30367600e-08
 -1.97293000e+00 2.06235722e-08
 -1.95135000e+00 2.01258928e-07
 -1.92297000e+00 3.75767489e-07
 -1.89797000e+00 3.53288553e-07
 -1.87637000e+00 3.33848996e-07
 -1.85137000e+00 3.11328900e-07
 -1.82295000e+00 8.57011195e-08
 -1.79797000e+00 2.63151627e-07
 -1.77297000e+00 2.40561777e-07
 -1.75138000e+00 3.21035178e-07
 -1.72295000e+00 -4.70323643e-09
 -1.70137000e+00 1.75740403e-07
 -1.67300000e+00 4.50005178e-07
 -1.64798000e+00 2.27284641e-07
 -1.62298000e+00 2.04559548e-07
 -1.59800000e+00 3.81829887e-07
 -1.57298000e+00 1.59040969e-07
 -1.55138000e+00 1.39348629e-07
 -1.52300000e+00 3.13449012e-07
 -1.49798000e+00 9.05911033e-08
 -1.47642000e+00 4.70875632e-07
 -1.45142000e+00 4.47992880e-07
 -1.42640000e+00 2.25068549e-07
 -1.39800000e+00 1.99019025e-07
 -1.36967000e+00 -1.26996371e-07
 -1.35140000e+00 1.56210334e-07
 -1.32642000e+00 3.33229047e-07
 -1.30144000e+00 5.10224201e-07
 -1.27640000e+00 8.71403832e-08
 -1.24800000e+00 6.09302273e-08
 -1.22304000e+00 4.37869443e-07
 -1.19802000e+00 2.14729320e-07
 -1.17644000e+00 3.94751452e-07
 -1.15146000e+00 5.71603641e-07
 -1.12644000e+00 3.48394640e-07
 -1.09804000e+00 3.22020939e-07
 -1.07648000e+00 7.01978311e-07
 -1.04806000e+00 4.75530828e-07
 -1.02306000e+00 4.52239897e-07
 -9.98063000e-01 4.28927274e-07
 -9.73084000e-01 6.05606905e-07
 -9.48063000e-01 3.82222660e-07
 -9.26484000e-01 5.62035373e-07
 -9.01463000e-01 3.38604950e-07
 -8.76484000e-01 5.15189014e-07
 -8.51484000e-01 4.91728460e-07
 -8.23105000e-01 6.65066651e-07
 -7.98105000e-01 6.41552578e-07
 -7.76505000e-01 6.21216138e-07
 -7.51484000e-01 3.97635245e-07
 -7.26505000e-01 5.74068618e-07
 -6.98105000e-01 5.47243590e-07
 -6.76526000e-01 7.26839287e-07
 -6.48126000e-01 6.99956242e-07
 -6.26526000e-01 6.79487806e-07
 -5.98105000e-01 4.52526415e-07
 -5.73105000e-01 4.28782728e-07
 -5.51547000e-01 8.08287260e-07
 -5.26547000e-01 7.84495230e-07
 -5.01547000e-01 7.60677120e-07
 -4.76547000e-01 7.36832847e-07
 -4.51526000e-01 5.12942264e-07
 -4.26547000e-01 6.89065471e-07
 -4.01547000e-01 6.65142196e-07
 -3.76547000e-01 6.41192414e-07
 -3.51578000e-01 9.17245788e-07
 -3.26578000e-01 8.93242767e-07
 -3.01568000e-01 7.69203361e-07
 -2.76568000e-01 7.45146705e-07
 -2.51568000e-01 7.21063105e-07
 -2.26578000e-01 7.96962120e-07
 -2.01578000e-01 7.72824372e-07
 -1.76578000e-01 7.48659411e-07
 -1.51578000e-01 7.24467145e-07
 -1.26599000e-01 9.00267840e-07
 -1.01620000e-01 1.07604109e-06
 -7.65992000e-02 8.51746203e-07
 -5.15992000e-02 8.27443825e-07
 -2.65782000e-02 6.03093233e-07
 -1.57818000e-03 5.78735187e-07
 2.34008000e-02 7.54369722e-07
 4.84008000e-02 7.29955717e-07
 7.33589000e-02 1.10555456e-06
 9.83799000e-02 8.81063649e-07
 1.23380000e-01 8.56564850e-07
 1.51801000e-01 6.28679205e-07
 1.73359000e-01 1.00750269e-06
 1.98380000e-01 7.82897756e-07
 2.91405000e-01 -1.45883352e-06
 2.58931000e-01 -3.57676563e-06
 2.77000000e-01 -1.39460262e-06
 3.01895000e-01 -4.19202816e-07
 3.23432000e-01 1.59491913e-07
 3.48401000e-01 4.34764412e-07
 3.73359000e-01 8.10018564e-07
 3.98338000e-01 9.85222522e-07
 4.23317000e-01 1.16039699e-06
 4.48317000e-01 1.13552096e-06
 4.69896000e-01 1.31402505e-06
 4.98296000e-01 1.28570052e-06
 5.19917000e-01 1.06411106e-06
 5.44917000e-01 1.03911951e-06
 5.69875000e-01 1.41413986e-06
 5.98296000e-01 1.18565748e-06
 6.23275000e-01 1.36059211e-06
 6.48254000e-01 1.53549630e-06
 6.69843000e-01 1.61378172e-06
 6.98275000e-01 1.28514941e-06
 7.19875000e-01 1.26337059e-06
 7.44844000e-01 1.53816611e-06
 7.73243000e-01 1.50946164e-06
 7.94875000e-01 1.18757000e-06
 8.19844000e-01 1.46227219e-06
 8.44854000e-01 1.33690147e-06
 8.73244000e-01 1.40806380e-06
 8.98243000e-01 1.38263684e-06
 9.19823000e-01 1.56066190e-06
 9.48243000e-01 1.33168557e-06
 9.69823000e-01 1.50965554e-06
 9.98223000e-01 1.48062686e-06
 1.02322000e+00 1.45504212e-06
 1.04480000e+00 1.63292873e-06
 1.06980000e+00 1.60728059e-06
 1.09480000e+00 1.58159989e-06
 1.11976000e+00 1.95592769e-06
 1.14472000e+00 2.33022278e-06
 1.16978000e+00 1.70438188e-06
 1.19820000e+00 1.47503608e-06
 1.22318000e+00 1.64920692e-06
 1.24478000e+00 1.62684585e-06
 1.26974000e+00 2.00097531e-06
 1.29476000e+00 1.77500902e-06
 1.31974000e+00 1.94905058e-06
 1.34474000e+00 1.92303755e-06
 1.36974000e+00 1.89699059e-06
 1.39474000e+00 1.87090955e-06
 1.41972000e+00 2.04481521e-06
 1.44472000e+00 2.01866565e-06
 1.46972000e+00 1.99248162e-06
 1.49465000e+00 2.56633645e-06
 1.51968000e+00 2.34005165e-06
 1.54472000e+00 1.91372137e-06
 1.56968000e+00 2.28744025e-06
 1.59470000e+00 2.06106078e-06
 1.61968000e+00 2.23468823e-06
 1.64468000e+00 2.20825915e-06
 1.66965000e+00 2.38182627e-06
 1.69465000e+00 2.35532595e-06
 1.71964000e+00 2.42880039e-06
 1.74468000e+00 2.10218568e-06
 1.76965000e+00 2.27560927e-06
 1.79468000e+00 2.04893267e-06
 1.82312000e+00 1.61857740e-06
 1.84460000e+00 2.69561946e-06
 1.86965000e+00 2.16881163e-06
 1.89464000e+00 2.24203112e-06
 1.91962000e+00 2.41522435e-06
 1.94462000e+00 2.38835894e-06
 1.96962000e+00 2.36145621e-06
 1.99462000e+00 2.33451598e-06
 2.01960000e+00 2.50755971e-06
 2.04460000e+00 2.48054408e-06
 2.06620000e+00 2.45717202e-06
 2.09460000e+00 2.42639880e-06
 2.11958000e+00 2.59929055e-06
 2.14456000e+00 2.77214393e-06
 2.16958000e+00 2.54491522e-06
 2.19458000e+00 2.51766951e-06
 2.21958000e+00 2.49038488e-06
 2.24116000e+00 2.66680137e-06
 2.26614000e+00 2.83946570e-06
 2.29452000e+00 3.00836166e-06
 2.31614000e+00 2.78463227e-06
 2.34116000e+00 2.55713405e-06
 2.36950000e+00 3.12593872e-06
 2.39454000e+00 2.69833300e-06
 2.41952000e+00 2.87075319e-06
 2.44450000e+00 3.04313300e-06
 2.46948000e+00 3.21547227e-06
 2.49450000e+00 2.98772641e-06
 2.51608000e+00 3.16376239e-06
 2.54450000e+00 2.93215596e-06
 2.56608000e+00 3.10812076e-06
 2.59446000e+00 3.27646484e-06
 2.61950000e+00 2.84848986e-06
 2.64106000e+00 3.22436912e-06
 2.66604000e+00 3.29638307e-06
 2.69104000e+00 3.26833241e-06
 2.71604000e+00 3.24023934e-06
 2.74446000e+00 3.10825138e-06
 2.76602000e+00 3.38394776e-06
 2.79102000e+00 3.35572635e-06
 2.81600000e+00 3.52748439e-06
 2.84102000e+00 3.29915379e-06
 2.86598000e+00 3.67084765e-06
 2.89100000e+00 3.44242968e-06
 2.91600000e+00 3.41399044e-06
 2.94098000e+00 3.58552983e-06
 2.96594000e+00 3.95704776e-06
 2.99096000e+00 3.72845263e-06
 3.01596000e+00 3.69983556e-06
 3.04094000e+00 3.87119644e-06
 3.06592000e+00 4.04251219e-06
 3.09094000e+00 3.81373656e-06
 3.11594000e+00 3.78493830e-06
 3.14094000e+00 3.75609419e-06
 3.16594000e+00 3.72720404e-06
 3.19090000e+00 4.09831394e-06
 3.21588000e+00 4.26935430e-06
 3.24088000e+00 4.24032478e-06
 3.26587000e+00 4.31125997e-06
 3.29087000e+00 4.28213638e-06
 3.31587000e+00 4.25296540e-06
 3.34087000e+00 4.22374681e-06
 3.36585000e+00 4.39450380e-06
 3.39087000e+00 4.16516586e-06
 3.42610000e+00 3.82377380e-06
 3.44087000e+00 4.10639169e-06
 3.46582000e+00 4.47699051e-06
 3.49085000e+00 4.24744601e-06
 3.51580000e+00 4.61794679e-06
 3.53742000e+00 4.39234487e-06
 3.56582000e+00 4.35865771e-06
 3.59080000e+00 4.52897392e-06
 3.61578000e+00 4.69923996e-06
 3.63740000e+00 4.47346475e-06
 3.66236000e+00 4.84366043e-06
 3.69076000e+00 4.80968666e-06
 3.71574000e+00 4.97974942e-06
 3.73732000e+00 5.15384550e-06
 3.76230000e+00 5.32381217e-06
 3.79074000e+00 4.88955566e-06
 3.81574000e+00 4.85938679e-06
 3.83730000e+00 5.23332694e-06
 3.86228000e+00 5.40308415e-06
 3.88732000e+00 4.97271551e-06
 3.91228000e+00 5.34239062e-06
 3.93727000e+00 5.41197571e-06
 3.96225000e+00 5.58151911e-06
 3.99068000e+00 5.24679027e-06
 4.01225000e+00 5.52039427e-06
 4.03725000e+00 5.48974982e-06
 4.06223000e+00 5.65907487e-06
 4.09063000e+00 5.62413307e-06
 4.11220000e+00 5.79754652e-06
 4.13723000e+00 5.56664304e-06
 4.16220000e+00 5.73575744e-06
 4.18720000e+00 5.70477821e-06
 4.21560000e+00 5.66951678e-06
 4.23718000e+00 5.84267372e-06
 4.26214000e+00 6.21157287e-06
 4.28714000e+00 6.18036442e-06
 4.31216000e+00 5.94907282e-06
 4.33714000e+00 6.11777284e-06
 4.36212000e+00 6.28641419e-06
 4.38714000e+00 6.05494618e-06
 4.41214000e+00 6.02344388e-06
 4.43710000e+00 6.39193237e-06
 4.46207000e+00 6.66034830e-06
 4.48708000e+00 6.52865320e-06
 4.51207000e+00 6.59692271e-06
 4.53705000e+00 6.76514388e-06
 4.56205000e+00 6.73327817e-06
 4.58703000e+00 6.90137621e-06
 4.61203000e+00 6.86938656e-06
 4.63363000e+00 6.84169716e-06
 4.65858000e+00 7.20965494e-06
 4.68356000e+00 7.37751113e-06
 4.70856000e+00 7.34527803e-06
 4.73700000e+00 6.90853188e-06
 4.75856000e+00 7.28061961e-06
 4.78696000e+00 7.24377858e-06
 4.81194000e+00 7.41130457e-06
 4.83350000e+00 7.78322398e-06
 4.86190000e+00 7.74615991e-06
 4.88692000e+00 7.51343610e-06
 4.90849000e+00 7.78517095e-06
 4.93347000e+00 7.95237497e-06
 4.95847000e+00 7.91948530e-06
 4.98687000e+00 7.88204026e-06
 5.01527000e+00 7.84450703e-06
 5.03341000e+00 8.42048689e-06
 5.05838000e+00 8.58736322e-06
 5.08338000e+00 8.55413025e-06
 5.10834000e+00 8.92088062e-06
 5.13334000e+00 8.88750735e-06
 5.15829000e+00 9.35413016e-06
 5.18329000e+00 9.32061485e-06
 5.20827000e+00 9.48705468e-06
 5.23321000e+00 1.00534763e-05
 5.25479000e+00 1.02243634e-05
 5.28319000e+00 1.01859668e-05
 5.30814000e+00 1.05521562e-05
 5.32974000e+00 1.05228258e-05
 5.35467000e+00 1.11889044e-05
 5.38307000e+00 1.11501706e-05
 5.40803000e+00 1.15160481e-05
 5.42959000e+00 1.18865126e-05
 5.45454000e+00 1.22522622e-05
 5.47951000e+00 1.25179075e-05
 5.50449000e+00 1.26834618e-05
 5.52943000e+00 1.32489935e-05
 5.55437000e+00 1.38144471e-05
 5.57932000e+00 1.41798081e-05
 5.60087000e+00 1.46498257e-05
 5.62583000e+00 1.50150246e-05
 5.65077000e+00 1.55801712e-05
 5.67572000e+00 1.59452230e-05
 5.70066000e+00 1.65102075e-05
 5.72560000e+00 1.70751101e-05
 5.75048000e+00 1.81400150e-05
 5.77548000e+00 1.81046675e-05
 5.80040000e+00 1.88693495e-05
 5.82193000e+00 1.95387683e-05
 5.84684000e+00 2.03033074e-05
 5.87177000e+00 2.09677329e-05
 5.89328000e+00 2.17369697e-05
 5.91820000e+00 2.25012491e-05
 5.94309000e+00 2.35654848e-05
 5.96800000e+00 2.43296044e-05
 5.99293000e+00 2.49936069e-05
 6.01779000e+00 2.62576221e-05
 6.03933000e+00 2.68263709e-05
 6.06422000e+00 2.77901757e-05
 6.08911000e+00 2.88538900e-05
 6.11399000e+00 2.99175278e-05
 6.13549000e+00 3.08860316e-05
 6.16039000e+00 3.17494685e-05
 6.18525000e+00 3.31128711e-05
 6.20671000e+00 3.43812038e-05
 6.23162000e+00 3.52443574e-05
 6.25307000e+00 3.66125527e-05
 6.27465000e+00 3.76804835e-05
 6.29948000e+00 3.93434948e-05
 6.32437000e+00 4.03063198e-05
 6.34586000e+00 4.13741442e-05
 6.37070000e+00 4.28368613e-05
 6.39214000e+00 4.43046020e-05
 6.41356000e+00 4.59722987e-05
 6.43844000e+00 4.71346837e-05
 6.45988000e+00 4.86021882e-05
 6.48472000e+00 5.00644447e-05
 6.50616000e+00 5.15317849e-05
 6.53099000e+00 5.31938649e-05
 6.56612000e+00 5.37400369e-05
 6.57728000e+00 5.60228930e-05
 6.59870000e+00 5.76899279e-05
 6.62012000e+00 5.93568837e-05
 6.64493000e+00 6.12185100e-05
 6.66637000e+00 6.26852619e-05
 6.69117000e+00 6.45467020e-05
 6.71257000e+00 6.64133406e-05
 6.73733000e+00 6.86746387e-05
 6.75879000e+00 6.99410053e-05
 6.78015000e+00 7.22074454e-05
 6.80499000e+00 7.36683126e-05
 6.82635000e+00 7.59345709e-05
 6.84780000e+00 7.74006014e-05
 6.87257000e+00 7.94612666e-05
 6.89410000e+00 8.11269826e-05
 6.91544000e+00 8.34929138e-05
 6.93685000e+00 8.53586453e-05
 6.95825000e+00 8.72243040e-05
 6.97963000e+00 8.92899054e-05
 7.00101000e+00 9.13554170e-05
 7.02576000e+00 9.36153790e-05
 7.04713000e+00 9.57807103e-05
 7.06856000e+00 9.74458518e-05
 7.08991000e+00 9.97110306e-05
 7.11127000e+00 1.01976100e-04
 7.13263000e+00 1.04241074e-04
 7.15741000e+00 1.06300322e-04
 7.17876000e+00 1.08665107e-04
 7.20016000e+00 1.10529713e-04
 7.22150000e+00 1.12994321e-04
 7.24628000e+00 1.15053101e-04
 7.26775000e+00 1.17217278e-04
 7.28906000e+00 1.19881623e-04
 7.31044000e+00 1.21945750e-04
 7.33180000e+00 1.24209808e-04
 7.34973000e+00 1.26779559e-04
 7.37449000e+00 1.29037668e-04
 7.39243000e+00 1.31507228e-04
 7.41379000e+00 1.33670888e-04
 7.43511000e+00 1.36334511e-04
 7.45984000e+00 1.38892183e-04
 7.48120000e+00 1.41155506e-04
 7.50254000e+00 1.43618754e-04
 7.52386000e+00 1.46181928e-04
 7.54860000e+00 1.48639056e-04
 7.56992000e+00 1.51301990e-04
 7.59141000e+00 1.53264515e-04
 7.61268000e+00 1.56327310e-04
 7.63401000e+00 1.58889885e-04
 7.65530000e+00 1.61752415e-04
 7.67665000e+00 1.64114723e-04
 7.69795000e+00 1.66977001e-04
 7.71930000e+00 1.69339072e-04
 7.73721000e+00 1.72007162e-04
 7.75853000e+00 1.74669064e-04
 7.77984000e+00 1.77430863e-04
 7.80112000e+00 1.80392592e-04
 7.82244000e+00 1.83054126e-04
 7.84372000e+00 1.86015606e-04
 7.86512000e+00 1.88876742e-04
 7.88985000e+00 1.91431669e-04
 7.91112000e+00 1.94492764e-04
 7.93243000e+00 1.97253654e-04
 7.95714000e+00 2.00008140e-04
 7.97501000e+00 2.03075113e-04
 7.99627000e+00 2.06235697e-04
 8.01754000e+00 2.09396127e-04
 8.03540000e+00 2.12562796e-04
 8.05672000e+00 2.15222879e-04
 8.07456000e+00 2.18589371e-04
 8.09586000e+00 2.21449234e-04
 8.11712000e+00 2.24609031e-04
 8.13847000e+00 2.27968512e-04
 8.15973000e+00 2.31128020e-04
 8.18102000e+00 2.34087323e-04
 8.20224000e+00 2.37646613e-04
 8.22351000e+00 2.40705656e-04
 8.24138000e+00 2.43871130e-04
 8.26266000e+00 2.46829874e-04
 8.28046000e+00 2.50595247e-04
 8.30167000e+00 2.54353843e-04
 8.31951000e+00 2.57718896e-04
 8.33746000e+00 2.60983620e-04
 8.35871000e+00 2.64341711e-04
 8.37655000e+00 2.67706403e-04
 8.39775000e+00 2.71464293e-04
 8.41899000e+00 2.74821939e-04
 8.44020000e+00 2.78579478e-04
 8.46140000e+00 2.82336867e-04
 8.48262000e+00 2.85894046e-04
 8.50046000e+00 2.89257911e-04
 8.51826000e+00 2.93021734e-04
 8.53946000e+00 2.96778484e-04
 8.55735000e+00 3.00741849e-04
 8.57517000e+00 3.04305228e-04
 8.59639000e+00 3.07861453e-04
 8.61416000e+00 3.11924653e-04
 8.63536000e+00 3.15680578e-04
 8.65656000e+00 3.19436314e-04
 8.67434000e+00 3.23399043e-04
 8.69555000e+00 3.27154405e-04
 8.70990000e+00 3.31324093e-04
 8.72783000e+00 3.34886091e-04
 8.74560000e+00 3.38948288e-04
 8.76336000e+00 3.43110364e-04
 8.78456000e+00 3.46864907e-04
 8.80572000e+00 3.51019330e-04
 8.82689000e+00 3.55073522e-04
 8.84805000e+00 3.59227523e-04
 8.86923000e+00 3.63181266e-04
 8.88701000e+00 3.67142267e-04
 8.90481000e+00 3.71803067e-04
 8.92257000e+00 3.75963799e-04
 8.93695000e+00 3.79931888e-04
 8.95468000e+00 3.84392397e-04
 8.97584000e+00 3.88545055e-04
 8.99699000e+00 3.92797502e-04
 9.01479000e+00 3.96557298e-04
 9.03251000e+00 4.01117105e-04
 9.05034000e+00 4.05576490e-04
 9.06465000e+00 4.10143768e-04
 9.08241000e+00 4.14302997e-04
 9.10018000e+00 4.18362026e-04
 9.11788000e+00 4.23121038e-04
 9.13565000e+00 4.27179705e-04
 9.15347000e+00 4.31738071e-04
 9.17120000e+00 4.36196460e-04
 9.19582000e+00 4.39738364e-04
 9.20329000e+00 4.44720664e-04
 9.22102000e+00 4.49178516e-04
 9.23872000e+00 4.53936243e-04
 9.25985000e+00 4.58385518e-04
 9.27766000e+00 4.62942541e-04
 9.29543000e+00 4.66999453e-04
 9.31651000e+00 4.71948069e-04
 9.33084000e+00 4.76412967e-04
 9.34515000e+00 4.80977775e-04
 9.36284000e+00 4.85834076e-04
 9.38060000e+00 4.89989983e-04
 9.39834000e+00 4.95245717e-04
 9.41951000e+00 4.99292595e-04
 9.44061000e+00 5.04039320e-04
 9.45834000e+00 5.08494298e-04
 9.47601000e+00 5.13449191e-04
 9.48696000e+00 5.17721117e-04
 9.50463000e+00 5.22775618e-04
 9.52242000e+00 5.27529561e-04
 9.54017000e+00 5.31783797e-04
 9.56123000e+00 5.36983797e-04
 9.57898000e+00 5.41283797e-04
 9.59669000e+00 5.45883797e-04
 9.61100000e+00 5.50583797e-04
 9.62529000e+00 5.55483797e-04
 9.64310000e+00 5.60083797e-04
 9.66077000e+00 5.65183797e-04
 9.67851000e+00 5.69583797e-04
 9.69621000e+00 5.74283797e-04
 9.71391000e+00 5.79083797e-04
 9.72824000e+00 5.83583797e-04
 9.74268000e+00 5.87983797e-04
 9.75696000e+00 5.92883797e-04
 9.77809000e+00 5.97383797e-04
 9.79583000e+00 6.01783797e-04
 9.81355000e+00 6.06383797e-04
 9.83132000e+00 6.10483797e-04
 9.84904000e+00 6.15083797e-04
 9.86344000e+00 6.19783797e-04
 9.87780000e+00 6.23983797e-04
 9.89558000e+00 6.27983797e-04
 9.91671000e+00 6.32483797e-04
 9.93787000e+00 6.36683797e-04
 9.95905000e+00 6.40683797e-04
 9.97336000e+00 6.45383797e-04
 9.99124000e+00 6.49383797e-04
 1.00057000e+01 6.52983797e-04
 1.00234000e+01 6.57383797e-04
 1.00411000e+01 6.61683797e-04
 1.00589000e+01 6.65883797e-04
 1.00767000e+01 6.69683797e-04
 1.00946000e+01 6.73683797e-04
 1.01089000e+01 6.77983797e-04
 1.01267000e+01 6.81783797e-04
 1.01411000e+01 6.85583797e-04
 1.01589000e+01 6.89783797e-04
 1.01767000e+01 6.93583797e-04
 1.01979000e+01 6.97683797e-04
 1.02157000e+01 7.01683797e-04
 1.02301000e+01 7.05683797e-04
 1.02480000e+01 7.09283797e-04
 1.02624000e+01 7.12883797e-04
 1.02836000e+01 7.16683797e-04
 1.03014000e+01 7.20083797e-04
 1.03159000e+01 7.24483797e-04
 1.03371000e+01 7.28283797e-04
 1.03549000e+01 7.32083797e-04
 1.03693000e+01 7.35983797e-04
 1.03837000e+01 7.39783797e-04
 1.03981000e+01 7.43383797e-04
 1.04193000e+01 7.47383797e-04
 1.04406000e+01 7.50983797e-04
 1.04584000e+01 7.54583797e-04
 1.04796000e+01 7.58783797e-04
 1.04974000e+01 7.62183797e-04
 1.05118000e+01 7.66183797e-04
 1.05262000e+01 7.69983797e-04
 1.05440000e+01 7.73383797e-04
 1.05620000e+01 7.76983797e-04
 1.05831000e+01 7.81183797e-04
 1.06009000e+01 7.84983797e-04
 1.06188000e+01 7.88383797e-04
 1.06366000e+01 7.91983797e-04
 1.06510000e+01 7.95983797e-04
 1.06655000e+01 7.99383797e-04
 1.06833000e+01 8.03183797e-04
 1.07011000e+01 8.06983797e-04
 1.07223000e+01 8.10383797e-04
 1.07401000e+01 8.14183797e-04
 1.07579000e+01 8.17983797e-04
 1.07758000e+01 8.21383797e-04
 1.07904000e+01 8.24583797e-04
 1.08081000e+01 8.28583797e-04
 1.08226000e+01 8.31983797e-04
 1.08438000e+01 8.35783797e-04
 1.08617000e+01 8.38783797e-04
 1.08761000e+01 8.42383797e-04
 1.08906000e+01 8.46383797e-04
 1.09084000e+01 8.50183797e-04
 1.09262000e+01 8.53383797e-04
 1.09406000e+01 8.57183797e-04
 1.09619000e+01 8.60583797e-04
 1.09831000e+01 8.64183797e-04
 1.10010000e+01 8.67383797e-04
 1.10188000e+01 8.71183797e-04
 1.10367000e+01 8.74783797e-04
 1.10511000e+01 8.78083797e-04
 1.10656000e+01 8.81683797e-04
 1.10834000e+01 8.85283797e-04
 1.11012000e+01 8.88683797e-04
 1.11225000e+01 8.92283797e-04
 1.11403000e+01 8.95683797e-04
 1.11514000e+01 8.99283797e-04
 1.11692000e+01 9.02883797e-04
 1.11837000e+01 9.06283797e-04
 1.12015000e+01 9.09683797e-04
 1.12194000e+01 9.12883797e-04
 1.12373000e+01 9.16483797e-04
 1.12551000e+01 9.20083797e-04
 1.12696000e+01 9.23383797e-04
 1.12840000e+01 9.26783797e-04
 1.13019000e+01 9.30383797e-04
 1.13197000e+01 9.33583797e-04
 1.13376000e+01 9.37183797e-04
 1.13555000e+01 9.40583797e-04
 1.13734000e+01 9.43783797e-04
 1.13912000e+01 9.47083797e-04
 1.14160000e+01 9.49183797e-04
 1.14201000e+01 9.53483797e-04
 1.14381000e+01 9.57083797e-04
 1.14593000e+01 9.60483797e-04
 1.14771000e+01 9.64083797e-04
 1.14950000e+01 9.67483797e-04
 1.15094000e+01 9.70583797e-04
 1.15273000e+01 9.73983797e-04
 1.15417000e+01 9.77183797e-04
 1.15563000e+01 9.80983797e-04
 1.15741000e+01 9.83983797e-04
 1.15954000e+01 9.87483797e-04
 1.16132000e+01 9.90683797e-04
 1.16277000e+01 9.93883797e-04
 1.16421000e+01 9.97483797e-04
 1.16601000e+01 1.00048380e-03
 1.16745000e+01 1.00388380e-03
 1.16924000e+01 1.00718380e-03
 1.17102000e+01 1.01058380e-03
 1.17247000e+01 1.01398380e-03
 1.17426000e+01 1.01718380e-03
 1.17571000e+01 1.02028380e-03
 1.17716000e+01 1.02348380e-03
 1.17894000e+01 1.02688380e-03
 1.18073000e+01 1.03008380e-03
 1.18252000e+01 1.03308380e-03
 1.18430000e+01 1.03668380e-03
 1.18576000e+01 1.03958380e-03
 1.18720000e+01 1.04298380e-03
 1.18865000e+01 1.04618380e-03
 1.19078000e+01 1.04928380e-03
 1.19257000e+01 1.05248380e-03
 1.19470000e+01 1.05528380e-03
 1.19615000e+01 1.05868380e-03
 1.19760000e+01 1.06198380e-03
 1.19938000e+01 1.06498380e-03
 1.20083000e+01 1.06838380e-03
 1.20262000e+01 1.07138380e-03
 1.20440000e+01 1.07468380e-03
 1.20586000e+01 1.07768380e-03
 1.20731000e+01 1.08088380e-03
 1.20875000e+01 1.08398380e-03
 1.21020000e+01 1.08718380e-03
 1.21199000e+01 1.09038380e-03
 1.21379000e+01 1.09318380e-03
 1.21524000e+01 1.09628380e-03
 1.21668000e+01 1.09928380e-03
 1.21813000e+01 1.10248380e-03
 1.21992000e+01 1.10538380e-03
 1.22137000e+01 1.10858380e-03
 1.22317000e+01 1.11158380e-03
 1.22495000e+01 1.11468380e-03
 1.22640000e+01 1.11768380e-03
 1.22785000e+01 1.12068380e-03
 1.22930000e+01 1.12378380e-03
 1.23110000e+01 1.12638380e-03
 1.23289000e+01 1.12928380e-03
 1.23502000e+01 1.13228380e-03
 1.23647000e+01 1.13528380e-03
 1.23791000e+01 1.13838380e-03
 1.23936000e+01 1.14138380e-03
 1.24082000e+01 1.14438380e-03
 1.24261000e+01 1.14728380e-03
 1.24440000e+01 1.14988380e-03
 1.24654000e+01 1.15258380e-03
 1.24764000e+01 1.15578380e-03
 1.24876000e+01 1.15868380e-03
 1.25055000e+01 1.16148380e-03
 1.25200000e+01 1.16468380e-03
 1.25379000e+01 1.16738380e-03
 1.25558000e+01 1.16998380e-03
 1.25737000e+01 1.17328380e-03
 1.25883000e+01 1.17608380e-03
 1.25994000e+01 1.17838380e-03
 1.26173000e+01 1.18158380e-03
 1.26352000e+01 1.18428380e-03
 1.26497000e+01 1.18728380e-03
 1.26643000e+01 1.18978380e-03
 1.26788000e+01 1.19278380e-03
 1.26934000e+01 1.19528380e-03
 1.27113000e+01 1.19808380e-03
 1.27292000e+01 1.20088380e-03
 1.27471000e+01 1.20378380e-03
 1.27651000e+01 1.20618380e-03
 1.27796000e+01 1.20908380e-03
 1.27908000e+01 1.21158380e-03
 1.28052000e+01 1.21458380e-03
 1.28266000e+01 1.21708380e-03
 1.28411000e+01 1.21988380e-03
 1.28557000e+01 1.22238380e-03
 1.28668000e+01 1.22538380e-03
 1.28848000e+01 1.22768380e-03
 1.28993000e+01 1.23048380e-03
 1.29172000e+01 1.23318380e-03
 1.29319000e+01 1.23538380e-03
 1.29464000e+01 1.23828380e-03
 1.29609000e+01 1.24058380e-03
 1.29755000e+01 1.24298380e-03
 1.29866000e+01 1.24608380e-03
 1.30046000e+01 1.24868380e-03
 1.30191000e+01 1.25098380e-03
 1.30337000e+01 1.25358380e-03
 1.30482000e+01 1.25628380e-03
 1.30662000e+01 1.25898380e-03
 1.30807000e+01 1.26158380e-03
 1.31021000e+01 1.26408380e-03
 1.31166000e+01 1.26648380e-03
 1.31311000e+01 1.26898380e-03
 1.31457000e+01 1.27168380e-03
 1.31603000e+01 1.27428380e-03
 1.31749000e+01 1.27638380e-03
 1.31962000e+01 1.27868380e-03
 1.32073000e+01 1.28148380e-03
 1.32186000e+01 1.28398380e-03
 1.32365000e+01 1.28658380e-03
 1.32510000e+01 1.28908380e-03
 1.32690000e+01 1.29138380e-03
 1.32836000e+01 1.29368380e-03
 1.32947000e+01 1.29588380e-03
 1.33093000e+01 1.29858380e-03
 1.33273000e+01 1.30068380e-03
 1.33419000e+01 1.30288380e-03
 1.33564000e+01 1.30558380e-03
 1.33709000e+01 1.30828380e-03
 1.33856000e+01 1.31028380e-03
 1.34002000e+01 1.31238380e-03
 1.34181000e+01 1.31488380e-03
 1.34361000e+01 1.31698380e-03
 1.34575000e+01 1.31868380e-03
 1.34654000e+01 1.32128380e-03
 1.34798000e+01 1.32418380e-03
 1.34944000e+01 1.32628380e-03
 1.35090000e+01 1.32868380e-03
 1.35236000e+01 1.33038380e-03
 1.35382000e+01 1.33288380e-03
 1.35528000e+01 1.33518380e-03
 1.35673000e+01 1.33778380e-03
 1.35819000e+01 1.33968380e-03
 1.35966000e+01 1.34198380e-03
 1.36145000e+01 1.34468380e-03
 1.36291000e+01 1.34648380e-03
 1.36403000e+01 1.34858380e-03
 1.36548000e+01 1.35108380e-03
 1.36695000e+01 1.35318380e-03
 1.36841000e+01 1.35548380e-03
 1.36986000e+01 1.35788380e-03
 1.37098000e+01 1.35998380e-03
 1.37245000e+01 1.36188380e-03
 1.37425000e+01 1.36418380e-03
 1.37605000e+01 1.36608380e-03
 1.37750000e+01 1.36868380e-03
 1.37896000e+01 1.37058380e-03
 1.38008000e+01 1.37248380e-03
 1.38188000e+01 1.37478380e-03
 1.38300000e+01 1.37688380e-03
 1.38480000e+01 1.37878380e-03
 1.38592000e+01 1.38118380e-03
 1.38739000e+01 1.38328380e-03
 1.38885000e+01 1.38498380e-03
 1.39065000e+01 1.38708380e-03
 1.39210000e+01 1.38918380e-03
 1.39322000e+01 1.39108380e-03
 1.39469000e+01 1.39358380e-03
 1.39615000e+01 1.39528380e-03
 1.39761000e+01 1.39718380e-03
 1.39873000e+01 1.39938380e-03
 1.40019000e+01 1.40168380e-03
 1.40131000e+01 1.40338380e-03
 1.40312000e+01 1.40508380e-03
 1.40458000e+01 1.40698380e-03
 1.40637000e+01 1.40948380e-03
 1.40784000e+01 1.41098380e-03
 1.40896000e+01 1.41328380e-03
 1.41042000e+01 1.41498380e-03
 1.41188000e+01 1.41668380e-03
 1.41334000e+01 1.41878380e-03
 1.41447000e+01 1.42068380e-03
 1.41559000e+01 1.42298380e-03
 1.41705000e+01 1.42488380e-03
 1.41851000e+01 1.42658380e-03
 1.41998000e+01 1.42848380e-03
 1.42144000e+01 1.43038380e-03
 1.42256000e+01 1.43238380e-03
 1.42402000e+01 1.43408380e-03
 1.42550000e+01 1.43568380e-03
 1.42695000e+01 1.43788380e-03
 1.42841000e+01 1.43958380e-03
 1.42954000e+01 1.44128380e-03
 1.43099000e+01 1.44338380e-03
 1.43247000e+01 1.44508380e-03
 1.43393000e+01 1.44698380e-03
 1.43539000e+01 1.44858380e-03
 1.43719000e+01 1.45008380e-03
 1.43798000e+01 1.45218380e-03
 1.43944000e+01 1.45408380e-03
 1.44090000e+01 1.45588380e-03
 1.44202000e+01 1.45768380e-03
 1.44350000e+01 1.45918380e-03
 1.44462000e+01 1.46108380e-03
 1.44608000e+01 1.46278380e-03
 1.44754000e+01 1.46448380e-03
 1.44867000e+01 1.46658380e-03
 1.45014000e+01 1.46808380e-03
 1.45126000e+01 1.46958380e-03
 1.45272000e+01 1.47168380e-03
 1.45418000e+01 1.47298380e-03
 1.45531000e+01 1.47488380e-03
 1.45678000e+01 1.47598380e-03
 1.45824000e+01 1.47788380e-03
 1.45970000e+01 1.47978380e-03
 1.46084000e+01 1.48118380e-03
 1.46196000e+01 1.48288380e-03
 1.46376000e+01 1.48458380e-03
 1.46489000e+01 1.48608380e-03
 1.46602000e+01 1.48758380e-03
 1.46714000e+01 1.48948380e-03
 1.46861000e+01 1.49098380e-03
 1.46973000e+01 1.49238380e-03
 1.47086000e+01 1.49388380e-03
 1.47199000e+01 1.49558380e-03
 1.47311000e+01 1.49688380e-03
 1.47458000e+01 1.49858380e-03
 1.47605000e+01 1.50008380e-03
 1.47718000e+01 1.50128380e-03
 1.47830000e+01 1.50258380e-03
 1.47976000e+01 1.50468380e-03
 1.48124000e+01 1.50598380e-03
 1.48236000e+01 1.50748380e-03
 1.48348000e+01 1.50938380e-03
 1.48495000e+01 1.51068380e-03
 1.48608000e+01 1.51208380e-03
 1.48755000e+01 1.51378380e-03
 1.48867000e+01 1.51508380e-03
 1.48980000e+01 1.51638380e-03
 1.49093000e+01 1.51778380e-03
 1.49240000e+01 1.51948380e-03
 1.49352000e+01 1.52078380e-03
 1.49466000e+01 1.52208380e-03
 1.49612000e+01 1.52358380e-03
 1.49759000e+01 1.52518380e-03
 1.49838000e+01 1.52628380e-03
 1.49951000e+01 1.52778380e-03
 1.50063000e+01 1.52948380e-03
 1.50210000e+01 1.53078380e-03
 1.50356000e+01 1.53218380e-03
 1.50470000e+01 1.53348380e-03
 1.50583000e+01 1.53458380e-03
 1.50729000e+01 1.53598380e-03
 1.50842000e+01 1.53748380e-03
 1.50921000e+01 1.53878380e-03
 1.51034000e+01 1.54048380e-03
 1.51147000e+01 1.54148380e-03
 1.51261000e+01 1.54238380e-03
 1.51339000e+01 1.54388380e-03
 1.51451000e+01 1.54558380e-03
 1.51598000e+01 1.54658380e-03
 1.51748000e+01 1.54598380e-03
 1.51791000e+01 1.54828380e-03
 1.51904000e+01 1.54998380e-03
 1.52051000e+01 1.55128380e-03
 1.52164000e+01 1.55258380e-03
 1.52276000e+01 1.55398380e-03
 1.52423000e+01 1.55508380e-03
 1.52537000e+01 1.55658380e-03
 1.52650000e+01 1.55758380e-03
 1.52763000e+01 1.55868380e-03
 1.52842000e+01 1.56018380e-03
 1.52989000e+01 1.56098380e-03
 1.53102000e+01 1.56228380e-03
 1.53214000e+01 1.56358380e-03
 1.53328000e+01 1.56478380e-03
 1.53441000e+01 1.56568380e-03
 1.53554000e+01 1.56718380e-03
 1.53634000e+01 1.56818380e-03
 1.53746000e+01 1.56928380e-03
 1.53893000e+01 1.57048380e-03
 1.54006000e+01 1.57178380e-03
 1.54120000e+01 1.57268380e-03
 1.54233000e+01 1.57388380e-03
 1.54379000e+01 1.57498380e-03
 1.54458000e+01 1.57598380e-03
 1.54572000e+01 1.57688380e-03
 1.54651000e+01 1.57798380e-03
 1.54798000e+01 1.57938380e-03
 1.54912000e+01 1.58028380e-03
 1.54991000e+01 1.58128380e-03
 1.55103000e+01 1.58258380e-03
 1.55216000e+01 1.58348380e-03
 1.55331000e+01 1.58408380e-03
 1.55376000e+01 1.58528380e-03
 1.55522000e+01 1.58678380e-03
 1.55637000e+01 1.58728380e-03
 1.55749000e+01 1.58888380e-03
 1.55862000e+01 1.58958380e-03
 1.55976000e+01 1.59088380e-03
 1.56089000e+01 1.59168380e-03
 1.56168000e+01 1.59278380e-03
 1.56281000e+01 1.59358380e-03
 1.56395000e+01 1.59468380e-03
 1.56507000e+01 1.59588380e-03
 1.56587000e+01 1.59658380e-03
 1.56701000e+01 1.59758380e-03
 1.56814000e+01 1.59848380e-03
 1.56893000e+01 1.59908380e-03
 1.56973000e+01 1.59998380e-03
 1.57085000e+01 1.60168380e-03
 1.57233000e+01 1.60248380e-03
 1.57346000e+01 1.60328380e-03
 1.57426000e+01 1.60438380e-03
 1.57539000e+01 1.60518380e-03
 1.57652000e+01 1.60568380e-03
 1.57732000e+01 1.60668380e-03
 1.57811000e+01 1.60758380e-03
 1.57924000e+01 1.60878380e-03
 1.58038000e+01 1.60968380e-03
 1.58151000e+01 1.61068380e-03
 1.58230000e+01 1.61138380e-03
 1.58344000e+01 1.61218380e-03
 1.58458000e+01 1.61288380e-03
 1.58537000e+01 1.61388380e-03
 1.58650000e+01 1.61428380e-03
 1.58764000e+01 1.61538380e-03
 1.58843000e+01 1.61628380e-03
 1.58956000e+01 1.61708380e-03
 1.59070000e+01 1.61818380e-03
 1.59183000e+01 1.61878380e-03
 1.59263000e+01 1.61958380e-03
 1.59343000e+01 1.62008380e-03
 1.59456000e+01 1.62128380e-03
 1.59535000e+01 1.62198380e-03
 1.59615000e+01 1.62318380e-03
 1.59728000e+01 1.62368380e-03
 1.59841000e+01 1.62488380e-03
 1.59922000e+01 1.62538380e-03
 1.60000000e+01 1.62658380e-03
 1.60148000e+01 1.62658380e-03
 1.60227000e+01 1.62748380e-03
 1.60341000e+01 1.62848380e-03
 1.60455000e+01 1.62908380e-03
 1.60568000e+01 1.63018380e-03
 1.60614000e+01 1.63058380e-03
 1.60693000e+01 1.63128380e-03
 1.60806000e+01 1.63228380e-03
 1.60887000e+01 1.63298380e-03
 1.60966000e+01 1.63338380e-03
 1.61079000e+01 1.63448380e-03
 1.61159000e+01 1.63528380e-03
 1.61239000e+01 1.63568380e-03
 1.61352000e+01 1.63638380e-03
 1.61466000e+01 1.63698380e-03
 1.61546000e+01 1.63778380e-03
 1.61659000e+01 1.63828380e-03
 1.61773000e+01 1.63888380e-03
 1.61853000e+01 1.63968380e-03
 1.61932000e+01 1.64058380e-03
 1.62012000e+01 1.64138380e-03
 1.62125000e+01 1.64248380e-03
 1.62238000e+01 1.64268380e-03
 1.62319000e+01 1.64348380e-03
 1.62398000e+01 1.64398380e-03
 1.62512000e+01 1.64438380e-03
 1.62558000e+01 1.64518380e-03
 1.62637000e+01 1.64608380e-03
 1.62784000e+01 1.64648380e-03
 1.62863000e+01 1.64738380e-03
 1.62978000e+01 1.64798380e-03
 1.63057000e+01 1.64858380e-03
 1.63171000e+01 1.64908380e-03
 1.63251000e+01 1.64988380e-03
 1.63296000e+01 1.65068380e-03
 1.63410000e+01 1.65098380e-03
 1.63456000e+01 1.65178380e-03
 1.63569000e+01 1.65238380e-03
 1.63649000e+01 1.65308380e-03
 1.63729000e+01 1.65368380e-03
 1.63808000e+01 1.65408380e-03
 1.63923000e+01 1.65458380e-03
 1.64002000e+01 1.65558380e-03
 1.64081000e+01 1.65618380e-03
 1.64196000e+01 1.65668380e-03
 1.64309000e+01 1.65708380e-03
 1.64355000e+01 1.65768380e-03
 1.64435000e+01 1.65838380e-03
 1.64549000e+01 1.65838380e-03
 1.64663000e+01 1.65808380e-03
 1.64675000e+01 1.65918380e-03
 1.64788000e+01 1.66008380e-03
 1.64867000e+01 1.66068380e-03
 1.64948000e+01 1.66108380e-03
 1.65027000e+01 1.66188380e-03
 1.65141000e+01 1.66258380e-03
 1.65256000e+01 1.66258380e-03
 1.65334000e+01 1.66358380e-03
 1.65448000e+01 1.66388380e-03
 1.65528000e+01 1.66468380e-03
 1.65574000e+01 1.66508380e-03
 1.65687000e+01 1.66558380e-03
 1.65802000e+01 1.66638380e-03
 1.65847000e+01 1.66678380e-03
 1.65927000e+01 1.66718380e-03
 1.66041000e+01 1.66788380e-03
 1.66087000e+01 1.66828380e-03
 1.66166000e+01 1.66868380e-03
 1.66281000e+01 1.66908380e-03
 1.66360000e+01 1.66978380e-03
 1.66406000e+01 1.67018380e-03
 1.66520000e+01 1.67078380e-03
 1.66633000e+01 1.67128380e-03
 1.66713000e+01 1.67148380e-03
 1.66759000e+01 1.67248380e-03
 1.66873000e+01 1.67278380e-03
 1.66952000e+01 1.67318380e-03
 1.67033000e+01 1.67358380e-03
 1.67146000e+01 1.67418380e-03
 1.67192000e+01 1.67458380e-03
 1.67273000e+01 1.67488380e-03
 1.67386000e+01 1.67508380e-03
 1.67466000e+01 1.67588380e-03
 1.67546000e+01 1.67638380e-03
 1.67626000e+01 1.67678380e-03
 1.67739000e+01 1.67738380e-03
 1.67819000e+01 1.67818380e-03
 1.67899000e+01 1.67848380e-03
 1.67979000e+01 1.67868380e-03
 1.68093000e+01 1.67908380e-03
 1.68173000e+01 1.67948380e-03
 1.68286000e+01 1.68018380e-03
 1.68401000e+01 1.68018380e-03
 1.68480000e+01 1.68098380e-03
 1.68560000e+01 1.68118380e-03
 1.68675000e+01 1.68158380e-03
 1.68754000e+01 1.68188380e-03
 1.68834000e+01 1.68228380e-03
 1.68948000e+01 1.68308380e-03
 1.69027000e+01 1.68368380e-03
 1.69073000e+01 1.68398380e-03
 1.69188000e+01 1.68418380e-03
 1.69267000e+01 1.68458380e-03
 1.69313000e+01 1.68518380e-03
 1.69393000e+01 1.68558380e-03
 1.69507000e+01 1.68588380e-03
 1.69553000e+01 1.68648380e-03
 1.69633000e+01 1.68668380e-03
 1.69747000e+01 1.68708380e-03
 1.69860000e+01 1.68758380e-03
 1.69907000e+01 1.68798380e-03
 1.70020000e+01 1.68858380e-03
 1.70101000e+01 1.68858380e-03
 1.70181000e+01 1.68838380e-03
 1.70226000e+01 1.68948380e-03
 1.70341000e+01 1.69008380e-03
 1.70386000e+01 1.69048380e-03
 1.70466000e+01 1.69068380e-03
 1.70547000e+01 1.69118380e-03
 1.70626000e+01 1.69138380e-03
 1.70672000e+01 1.69178380e-03
 1.70786000e+01 1.69218380e-03
 1.70866000e+01 1.69278380e-03
 1.70945000e+01 1.69328380e-03
 1.71061000e+01 1.69308380e-03
 1.71140000e+01 1.69368380e-03
 1.71186000e+01 1.69408380e-03
 1.71266000e+01 1.69468380e-03
 1.71380000e+01 1.69468380e-03
 1.71427000e+01 1.69498380e-03
 1.71506000e+01 1.69558380e-03
 1.71619000e+01 1.69598380e-03
 1.71666000e+01 1.69638380e-03
 1.71746000e+01 1.69668380e-03
 1.71859000e+01 1.69728380e-03
 1.71906000e+01 1.69728380e-03
 1.72020000e+01 1.69768380e-03
 1.72099000e+01 1.69808380e-03
 1.72146000e+01 1.69858380e-03
 1.72225000e+01 1.69898380e-03
 1.72306000e+01 1.69878380e-03
 1.72386000e+01 1.69978380e-03
 1.72431000e+01 1.69998380e-03
 1.72512000e+01 1.70008380e-03
 1.72592000e+01 1.70048380e-03
 1.72672000e+01 1.70028380e-03
 1.72752000e+01 1.70088380e-03
 1.72832000e+01 1.70148380e-03
 1.72911000e+01 1.70188380e-03
 1.72992000e+01 1.70218380e-03
 1.73106000e+01 1.70238380e-03
 1.73151000e+01 1.70278380e-03
 1.73232000e+01 1.70318380e-03
 1.73312000e+01 1.70358380e-03
 1.73392000e+01 1.70388380e-03
 1.73438000e+01 1.70408380e-03
 1.73552000e+01 1.70448380e-03
 1.73598000e+01 1.70468380e-03
 1.73678000e+01 1.70488380e-03
 1.73792000e+01 1.70528380e-03
 1.73873000e+01 1.70548380e-03
 1.73952000e+01 1.70578380e-03
 1.74032000e+01 1.70638380e-03
 1.74112000e+01 1.70698380e-03
 1.74158000e+01 1.70718380e-03
 1.74271000e+01 1.70748380e-03
 1.74318000e+01 1.70748380e-03
 1.74398000e+01 1.70808380e-03
 1.74479000e+01 1.70808380e-03
 1.74559000e+01 1.70828380e-03
 1.74604000e+01 1.70868380e-03
 1.74685000e+01 1.70928380e-03
 1.74798000e+01 1.70938380e-03
 1.74844000e+01 1.70958380e-03
 1.74925000e+01 1.70958380e-03
 1.75039000e+01 1.71018380e-03
 1.75085000e+01 1.71018380e-03
 1.75235000e+01 1.70923380e-03
 1.75214000e+01 1.70828380e-03
 1.75259000e+01 1.70958380e-03
 1.75373000e+01 1.70998380e-03
 1.75452000e+01 1.71098380e-03
 1.75533000e+01 1.71078380e-03
 1.75578000e+01 1.71128380e-03
 1.75692000e+01 1.71208380e-03
 1.75772000e+01 1.71248380e-03
 1.75852000e+01 1.71228380e-03
 1.75932000e+01 1.71288380e-03
 1.76046000e+01 1.71318380e-03
 1.76092000e+01 1.71338380e-03
 1.76172000e+01 1.71378380e-03
 1.76252000e+01 1.71418380e-03
 1.76299000e+01 1.71398380e-03
 1.76379000e+01 1.71468380e-03
 1.76458000e+01 1.71508380e-03
 1.76538000e+01 1.71508380e-03
 1.76619000e+01 1.71528380e-03
 1.76699000e+01 1.71588380e-03
 1.76778000e+01 1.71608380e-03
 1.76859000e+01 1.71648380e-03
 1.76973000e+01 1.71658380e-03
 1.77018000e+01 1.71698380e-03
 1.77099000e+01 1.71718380e-03
 1.77179000e+01 1.71738380e-03
 1.77226000e+01 1.71738380e-03
 1.77305000e+01 1.71798380e-03
 1.77385000e+01 1.71818380e-03
 1.77466000e+01 1.71848380e-03
 1.77546000e+01 1.71868380e-03
 1.77660000e+01 1.71818380e-03
 1.77707000e+01 1.71868380e-03
 1.77752000e+01 1.71948380e-03
 1.77899000e+01 1.71988380e-03
 1.77946000e+01 1.72008380e-03
 1.77992000e+01 1.71988380e-03
 1.78072000e+01 1.72018380e-03
 1.78152000e+01 1.72078380e-03
 1.78198000e+01 1.72118380e-03
 1.78313000e+01 1.72118380e-03
 1.78359000e+01 1.72138380e-03
 1.78439000e+01 1.72158380e-03
 1.78519000e+01 1.72198380e-03
 1.78633000e+01 1.72198380e-03
 1.78679000e+01 1.72228380e-03
 1.78760000e+01 1.72248380e-03
 1.78839000e+01 1.72268380e-03
 1.78919000e+01 1.72308380e-03
 1.78966000e+01 1.72308380e-03
 1.79079000e+01 1.72368380e-03
 1.79159000e+01 1.72368380e-03
 1.79206000e+01 1.72378380e-03
 1.79286000e+01 1.72398380e-03
 1.79367000e+01 1.72418380e-03
 1.79412000e+01 1.72478380e-03
 1.79526000e+01 1.72478380e-03
 1.79607000e+01 1.72498380e-03
 1.79653000e+01 1.72518380e-03
 1.79766000e+01 1.72558380e-03
 1.79847000e+01 1.72568380e-03
 1.79858000e+01 1.72648380e-03
 1.79940000e+01 1.72628380e-03
 1.80054000e+01 1.72588380e-03
 1.80065000e+01 1.72648380e-03
 1.80146000e+01 1.72688380e-03
 1.80226000e+01 1.72708380e-03
 1.80271000e+01 1.72748380e-03
 1.80386000e+01 1.72778380e-03
 1.80432000e+01 1.72778380e-03
 1.80513000e+01 1.72798380e-03
 1.80593000e+01 1.72798380e-03
 1.80672000e+01 1.72858380e-03
 1.80719000e+01 1.72918380e-03
 1.80799000e+01 1.72858380e-03
 1.80879000e+01 1.72918380e-03
 1.80959000e+01 1.72948380e-03
 1.81039000e+01 1.72968380e-03
 1.81119000e+01 1.72948380e-03
 1.81166000e+01 1.73008380e-03
 1.81246000e+01 1.73008380e-03
 1.81360000e+01 1.73048380e-03
 1.81406000e+01 1.73088380e-03
 1.81486000e+01 1.73088380e-03
 1.81567000e+01 1.73088380e-03
 1.81647000e+01 1.73118380e-03
 1.81693000e+01 1.73118380e-03
 1.81773000e+01 1.73138380e-03
 1.81819000e+01 1.73178380e-03
 1.81900000e+01 1.73218380e-03
 1.81980000e+01 1.73218380e-03
 1.82025000e+01 1.73238380e-03
 1.82106000e+01 1.73258380e-03
 1.82186000e+01 1.73278380e-03
 1.82300000e+01 1.73278380e-03
 1.82347000e+01 1.73298380e-03
 1.82426000e+01 1.73348380e-03
 1.82506000e+01 1.73368380e-03
 1.82587000e+01 1.73388380e-03
 1.82666000e+01 1.73428380e-03
 1.82746000e+01 1.73428380e-03
 1.82793000e+01 1.73448380e-03
 1.82873000e+01 1.73448380e-03
 1.82954000e+01 1.73478380e-03
 1.83000000e+01 1.73498380e-03
 1.83079000e+01 1.73558380e-03
 1.83160000e+01 1.73538380e-03
 1.83240000e+01 1.73598380e-03
 1.83319000e+01 1.73618380e-03
 1.83401000e+01 1.73578380e-03
 1.83446000e+01 1.73618380e-03
 1.83527000e+01 1.73638380e-03
 1.83607000e+01 1.73688380e-03
 1.83687000e+01 1.73688380e-03
 1.83768000e+01 1.73688380e-03
 1.83813000e+01 1.73728380e-03
 1.83893000e+01 1.73748380e-03
 1.83974000e+01 1.73768380e-03
 1.84054000e+01 1.73748380e-03
 1.84134000e+01 1.73768380e-03
 1.84180000e+01 1.73828380e-03
 1.84294000e+01 1.73838380e-03
 1.84375000e+01 1.73838380e-03
 1.84421000e+01 1.73838380e-03
 1.84501000e+01 1.73858380e-03
 1.84547000e+01 1.73898380e-03
 1.84661000e+01 1.73938380e-03
 1.84743000e+01 1.73788380e-03
 1.84721000e+01 1.73878380e-03
 1.84834000e+01 1.73918380e-03
 1.84949000e+01 1.73938380e-03
 1.85029000e+01 1.73938380e-03
 1.85075000e+01 1.73978380e-03
 1.85189000e+01 1.73998380e-03
 1.85235000e+01 1.74018380e-03
 1.85281000e+01 1.74018380e-03
 1.85362000e+01 1.74048380e-03
 1.85407000e+01 1.74128380e-03
 1.85489000e+01 1.74068380e-03
 1.85568000e+01 1.74108380e-03
 1.85648000e+01 1.74148380e-03
 1.85695000e+01 1.74148380e-03
 1.85809000e+01 1.74168380e-03
 1.85889000e+01 1.74168380e-03
 1.85935000e+01 1.74188380e-03
 1.86015000e+01 1.74238380e-03
 1.86095000e+01 1.74218380e-03
 1.86142000e+01 1.74258380e-03
 1.86222000e+01 1.74258380e-03
 1.86302000e+01 1.74298380e-03
 1.86382000e+01 1.74298380e-03
 1.86462000e+01 1.74338380e-03
 1.86509000e+01 1.74318380e-03
 1.86555000e+01 1.74338380e-03
 1.86669000e+01 1.74338380e-03
 1.86749000e+01 1.74408380e-03
 1.86795000e+01 1.74388380e-03
 1.86909000e+01 1.74408380e-03
 1.86990000e+01 1.74388380e-03
 1.87002000e+01 1.74408380e-03
 1.87049000e+01 1.74448380e-03
 1.87128000e+01 1.74488380e-03
 1.87175000e+01 1.74468380e-03
 1.87255000e+01 1.74528380e-03
 1.87335000e+01 1.74508380e-03
 1.87382000e+01 1.74508380e-03
 1.87462000e+01 1.74548380e-03
 1.87575000e+01 1.74568380e-03
 1.87622000e+01 1.74598380e-03
 1.87702000e+01 1.74618380e-03
 1.87782000e+01 1.74618380e-03
 1.87828000e+01 1.74658380e-03
 1.87943000e+01 1.74618380e-03
 1.87989000e+01 1.74658380e-03
 1.88035000e+01 1.74678380e-03
 1.88115000e+01 1.74658380e-03
 1.88196000e+01 1.74718380e-03
 1.88242000e+01 1.74738380e-03
 1.88356000e+01 1.74738380e-03
 1.88436000e+01 1.74748380e-03
 1.88516000e+01 1.74788380e-03
 1.88563000e+01 1.74808380e-03
 1.88677000e+01 1.74788380e-03
 1.88689000e+01 1.74808380e-03
 1.88770000e+01 1.74808380e-03
 1.88849000e+01 1.74888380e-03
 1.88895000e+01 1.74908380e-03
 1.88976000e+01 1.74888380e-03
 1.89056000e+01 1.74888380e-03
 1.89103000e+01 1.74888380e-03
 1.89183000e+01 1.74888380e-03
 1.89297000e+01 1.74888380e-03
 1.89309000e+01 1.74958380e-03
 1.89389000e+01 1.74978380e-03
 1.89503000e+01 1.74978380e-03
 1.89550000e+01 1.74998380e-03
 1.89630000e+01 1.75018380e-03
 1.89709000e+01 1.75038380e-03
 1.89756000e+01 1.75038380e-03
 1.89836000e+01 1.75078380e-03
 1.89917000e+01 1.75058380e-03
 1.89963000e+01 1.75118380e-03
 1.90043000e+01 1.75098380e-03
 1.90124000e+01 1.75118380e-03
 1.90169000e+01 1.75128380e-03
 1.90249000e+01 1.75188380e-03
 1.90364000e+01 1.75168380e-03
 1.90410000e+01 1.75168380e-03
 1.90457000e+01 1.75168380e-03
 1.90537000e+01 1.75208380e-03
 1.90617000e+01 1.75208380e-03
 1.90663000e+01 1.75228380e-03
 1.90777000e+01 1.75288380e-03
 1.90823000e+01 1.75288380e-03
 1.90904000e+01 1.75298380e-03
 1.90984000e+01 1.75288380e-03
 1.91031000e+01 1.75288380e-03
 1.91110000e+01 1.75338380e-03
 1.91191000e+01 1.75298380e-03
 1.91271000e+01 1.75338380e-03
 1.91317000e+01 1.75358380e-03
 1.91397000e+01 1.75358380e-03
 1.91478000e+01 1.75378380e-03
 1.91524000e+01 1.75338380e-03
 1.91605000e+01 1.75398380e-03
 1.91684000e+01 1.75458380e-03
 1.91730000e+01 1.75458380e-03
 1.91811000e+01 1.75458380e-03
 1.91925000e+01 1.75478380e-03
 1.91970000e+01 1.75508380e-03
 1.92052000e+01 1.75488380e-03
 1.92132000e+01 1.75488380e-03
 1.92178000e+01 1.75528380e-03
 1.92224000e+01 1.75568380e-03
 1.92304000e+01 1.75528380e-03
 1.92384000e+01 1.75608380e-03
 1.92465000e+01 1.75568380e-03
 1.92510000e+01 1.75608380e-03
 1.92592000e+01 1.75588380e-03
 1.92671000e+01 1.75608380e-03
 1.92751000e+01 1.75628380e-03
 1.92798000e+01 1.75628380e-03
 1.92878000e+01 1.75658380e-03
 1.92958000e+01 1.75698380e-03
 1.93038000e+01 1.75698380e-03
 1.93085000e+01 1.75678380e-03
 1.93166000e+01 1.75678380e-03
 1.93245000e+01 1.75738380e-03
 1.93292000e+01 1.75758380e-03
 1.93372000e+01 1.75778380e-03
 1.93418000e+01 1.75738380e-03
 1.93499000e+01 1.75758380e-03
 1.93579000e+01 1.75778380e-03
 1.93658000e+01 1.75798380e-03
 1.93740000e+01 1.75778380e-03
 1.93889000e+01 1.75658380e-03
 1.93833000e+01 1.75778380e-03
 1.93913000e+01 1.75778380e-03
 1.93958000e+01 1.75798380e-03
 1.94039000e+01 1.75798380e-03
 1.94085000e+01 1.75818380e-03
 1.94165000e+01 1.75868380e-03
 1.94212000e+01 1.75868380e-03
 1.94292000e+01 1.75868380e-03
 1.94372000e+01 1.75908380e-03
 1.94418000e+01 1.75948380e-03
 1.94532000e+01 1.75928380e-03
 1.94613000e+01 1.75948380e-03
 1.94658000e+01 1.75988380e-03
 1.94738000e+01 1.75988380e-03
 1.94785000e+01 1.75988380e-03
 1.94865000e+01 1.75988380e-03
 1.94946000e+01 1.75988380e-03
 1.94992000e+01 1.76038380e-03
 1.95038000e+01 1.76028380e-03
 1.95153000e+01 1.76038380e-03
 1.95233000e+01 1.76038380e-03
 1.95279000e+01 1.76078380e-03
 1.95360000e+01 1.76058380e-03
 1.95439000e+01 1.76118380e-03
 1.95487000e+01 1.76078380e-03
 1.95566000e+01 1.76118380e-03
 1.95646000e+01 1.76098380e-03
 1.95693000e+01 1.76138380e-03
 1.95773000e+01 1.76138380e-03
 1.95852000e+01 1.76178380e-03
 1.95900000e+01 1.76158380e-03
 1.95980000e+01 1.76138380e-03
 1.96027000e+01 1.76138380e-03
 1.96106000e+01 1.76208380e-03
 1.96186000e+01 1.76198380e-03
 1.96267000e+01 1.76208380e-03
 1.96347000e+01 1.76228380e-03
 1.96427000e+01 1.76248380e-03
 1.96474000e+01 1.76268380e-03
 1.96554000e+01 1.76268380e-03
 1.96601000e+01 1.76268380e-03
 1.96680000e+01 1.76328380e-03
 1.96760000e+01 1.76288380e-03
 1.96841000e+01 1.76348380e-03
 1.96921000e+01 1.76328380e-03
 1.96967000e+01 1.76328380e-03
 1.97082000e+01 1.76308380e-03
 1.97128000e+01 1.76348380e-03
 1.97174000e+01 1.76368380e-03
 1.97254000e+01 1.76398380e-03
 1.97334000e+01 1.76418380e-03
 1.97381000e+01 1.76388380e-03
 1.97461000e+01 1.76398380e-03
 1.97575000e+01 1.76458380e-03
 1.97621000e+01 1.76478380e-03
 1.97701000e+01 1.76478380e-03
 1.97815000e+01 1.76478380e-03
 1.97862000e+01 1.76478380e-03
 1.97942000e+01 1.76478380e-03
 1.98023000e+01 1.76518380e-03
 1.98103000e+01 1.76498380e-03
 1.98149000e+01 1.76498380e-03
 1.98230000e+01 1.76478380e-03
 1.98310000e+01 1.76478380e-03
 1.98355000e+01 1.76558380e-03
 1.98436000e+01 1.76588380e-03
 1.98482000e+01 1.76578380e-03
 1.98563000e+01 1.76578380e-03
 1.98643000e+01 1.76578380e-03
 1.98723000e+01 1.76628380e-03
 1.98804000e+01 1.76608380e-03
 1.98883000e+01 1.76688380e-03
 1.98930000e+01 1.76648380e-03
 1.99010000e+01 1.76668380e-03
 1.99091000e+01 1.76648380e-03
 1.99137000e+01 1.76668380e-03
 1.99183000e+01 1.76688380e-03
 1.99263000e+01 1.76728380e-03
 1.99310000e+01 1.76708380e-03
 1.99389000e+01 1.76748380e-03
 1.99470000e+01 1.76728380e-03
 1.99550000e+01 1.76748380e-03
 1.99631000e+01 1.76748380e-03
 1.99711000e+01 1.76798380e-03
 1.99757000e+01 1.76778380e-03
 1.99837000e+01 1.76798380e-03
 1.99918000e+01 1.76818380e-03
 1.99964000e+01 1.76818380e-03
 2.00044000e+01 1.76818380e-03
 2.00125000e+01 1.76838380e-03
 2.00170000e+01 1.76858380e-03
 2.00251000e+01 1.76878380e-03
 2.00332000e+01 1.76838380e-03
 2.00411000e+01 1.76858380e-03
 2.00492000e+01 1.76858380e-03
 2.00573000e+01 1.76818380e-03
 2.00618000e+01 1.76878380e-03
 2.00665000e+01 1.76918380e-03
 2.00745000e+01 1.76918380e-03
 2.00758000e+01 1.76918380e-03
 2.00837000e+01 1.76938380e-03
 2.00917000e+01 1.76988380e-03
 2.00964000e+01 1.76968380e-03
 2.01044000e+01 1.76968380e-03
 2.01124000e+01 1.76968380e-03
 2.01171000e+01 1.77028380e-03
 2.01285000e+01 1.76988380e-03
 2.01366000e+01 1.77008380e-03
 2.01412000e+01 1.77008380e-03
 2.01457000e+01 1.77048380e-03
 2.01573000e+01 1.77028380e-03
 2.01618000e+01 1.77068380e-03
 2.01665000e+01 1.77088380e-03
 2.01745000e+01 1.77068380e-03
 2.01791000e+01 1.77108380e-03
 2.01872000e+01 1.77108380e-03
 2.01986000e+01 1.77088380e-03
 2.02031000e+01 1.77138380e-03
 2.02113000e+01 1.77118380e-03
