-19.6613	-4.58E-05
-19.6433	-4.43E-05
-19.6217	-4.38E-05
-19.5968	-4.32E-05
-19.5718	-4.3E-05
-19.5502	-4.32E-05
-19.5218	-4.3E-05
-19.5002	-4.28E-05
-19.4752	-4.28E-05
-19.4502	-4.3E-05
-19.4253	-4.26E-05
-19.4003	-4.26E-05
-19.3753	-4.26E-05
-19.3503	-4.24E-05
-19.3253	-4.26E-05
-19.3002	-4.28E-05
-19.2752	-4.3E-05
-19.2503	-4.26E-05
-19.2253	-4.24E-05
-19.2003	-4.24E-05
-19.1753	-4.24E-05
-19.1503	-4.26E-05
-19.1253	-4.26E-05
-19.1003	-4.24E-05
-19.0753	-4.26E-05
-19.0503	-4.24E-05
-19.0253	-4.26E-05
-19.0003	-4.24E-05
-18.9753	-4.24E-05
-18.9503	-4.22E-05
-18.9253	-4.24E-05
-18.9003	-4.26E-05
-18.8753	-4.22E-05
-18.8399	-4.39E-05
-18.8252	-4.28E-05
-18.8003	-4.26E-05
-18.7753	-4.24E-05
-18.7503	-4.24E-05
-18.7253	-4.22E-05
-18.7003	-4.24E-05
-18.6753	-4.24E-05
-18.6503	-4.22E-05
-18.6253	-4.2E-05
-18.6003	-4.2E-05
-18.5753	-4.22E-05
-18.5503	-4.2E-05
-18.5253	-4.2E-05
-18.5003	-4.24E-05
-18.4753	-4.22E-05
-18.4503	-4.2E-05
-18.4253	-4.19E-05
-18.4003	-4.2E-05
-18.3753	-4.2E-05
-18.3503	-4.2E-05
-18.3253	-4.2E-05
-18.3003	-4.2E-05
-18.2753	-4.2E-05
-18.2503	-4.19E-05
-18.2254	-4.17E-05
-18.2036	-4.19E-05
-18.1753	-4.19E-05
-18.1503	-4.2E-05
-18.1253	-4.19E-05
-18.1003	-4.2E-05
-18.0754	-4.17E-05
-18.0503	-4.22E-05
-18.0286	-4.19E-05
-18.0003	-4.19E-05
-17.9787	-4.17E-05
-17.9504	-4.15E-05
-17.9253	-4.2E-05
-17.9004	-4.17E-05
-17.8754	-4.17E-05
-17.8504	-4.17E-05
-17.8287	-4.15E-05
-17.8004	-4.17E-05
-17.7754	-4.13E-05
-17.7537	-4.17E-05
-17.7254	-4.17E-05
-17.7004	-4.17E-05
-17.6754	-4.15E-05
-17.6537	-4.13E-05
-17.6254	-4.15E-05
-17.6037	-4.17E-05
-17.5787	-4.15E-05
-17.5537	-4.13E-05
-17.5254	-4.17E-05
-17.5004	-4.15E-05
-17.4754	-4.13E-05
-17.4504	-4.13E-05
-17.4254	-4.13E-05
-17.4037	-4.15E-05
-17.3754	-4.13E-05
-17.3537	-4.13E-05
-17.3254	-4.11E-05
-17.3004	-4.17E-05
-17.2754	-4.15E-05
-17.247	-4.17E-05
-17.2287	-4.15E-05
-17.2037	-4.11E-05
-17.1787	-4.13E-05
-17.1537	-4.13E-05
-17.1254	-4.13E-05
-17.1037	-4.11E-05
-17.0787	-4.13E-05
-17.0537	-4.13E-05
-17.0287	-4.11E-05
-17.0004	-4.11E-05
-16.9754	-4.09E-05
-16.9537	-4.13E-05
-16.9287	-4.09E-05
-16.9004	-4.09E-05
-16.8754	-4.11E-05
-16.8504	-4.13E-05
-16.8255	-4.07E-05
-16.8037	-4.11E-05
-16.7754	-4.11E-05
-16.7504	-4.11E-05
-16.7287	-4.11E-05
-16.7004	-4.11E-05
-16.6754	-4.11E-05
-16.6504	-4.09E-05
-16.6287	-4.09E-05
-16.6037	-4.09E-05
-16.5755	-4.07E-05
-16.5538	-4.07E-05
-16.5254	-4.11E-05
-16.5004	-4.09E-05
-16.4788	-4.07E-05
-16.4504	-4.09E-05
-16.4288	-4.05E-05
-16.4038	-4.07E-05
-16.3788	-4.07E-05
-16.3538	-4.05E-05
-16.3288	-4.07E-05
-16.3005	-4.07E-05
-16.2788	-4.07E-05
-16.2538	-4.05E-05
-16.2288	-4.03E-05
-16.2038	-4.05E-05
-16.1755	-4.07E-05
-16.1538	-4.07E-05
-16.1288	-4.07E-05
-16.1038	-4.05E-05
-16.0754	-4.09E-05
-16.0538	-4.07E-05
-16.0288	-4.07E-05
-16.0005	-4.05E-05
-15.9755	-4.05E-05
-15.9538	-4.03E-05
-15.9288	-4.05E-05
-15.9038	-4.07E-05
-15.8788	-4.05E-05
-15.8538	-4.03E-05
-15.8288	-4.03E-05
-15.8038	-4.03E-05
-15.7788	-4.03E-05
-15.7538	-4.03E-05
-15.7288	-4.05E-05
-15.7038	-4.03E-05
-15.6788	-4.03E-05
-15.6436	-4.13E-05
-15.6288	-4.05E-05
-15.6038	-4.03E-05
-15.5788	-4.05E-05
-15.5538	-4.01E-05
-15.5288	-4.03E-05
-15.5038	-4.01E-05
-15.4788	-4.01E-05
-15.4538	-4.03E-05
-15.4288	-4.01E-05
-15.4038	-4.01E-05
-15.3788	-4E-05
-15.3538	-4.01E-05
-15.3288	-4.01E-05
-15.3038	-4.03E-05
-15.2788	-4.01E-05
-15.2538	-4.01E-05
-15.2288	-4.01E-05
-15.2038	-4E-05
-15.1789	-3.98E-05
-15.1538	-4E-05
-15.1288	-4.01E-05
-15.1038	-4E-05
-15.0788	-4.01E-05
-15.0538	-4E-05
-15.0288	-4E-05
-15.0038	-4E-05
-14.9788	-4E-05
-14.9539	-3.98E-05
-14.9288	-4E-05
-14.9038	-4E-05
-14.8788	-4E-05
-14.8505	-4.01E-05
-14.8323	-3.98E-05
-14.8039	-3.98E-05
-14.7789	-3.98E-05
-14.7539	-3.98E-05
-14.7289	-3.96E-05
-14.7039	-3.98E-05
-14.6789	-3.98E-05
-14.6538	-4E-05
-14.6289	-3.96E-05
-14.6039	-3.96E-05
-14.5789	-3.94E-05
-14.5539	-3.94E-05
-14.5289	-3.96E-05
-14.5039	-3.96E-05
-14.4789	-3.94E-05
-14.4539	-3.96E-05
-14.4289	-3.96E-05
-14.4039	-3.98E-05
-14.3789	-3.94E-05
-14.3539	-3.92E-05
-14.3289	-3.94E-05
-14.3039	-3.94E-05
-14.2789	-3.96E-05
-14.2539	-3.96E-05
-14.2289	-3.94E-05
-14.2039	-3.94E-05
-14.1789	-3.94E-05
-14.1539	-3.94E-05
-14.1289	-3.94E-05
-14.1039	-3.94E-05
-14.0789	-3.94E-05
-14.0505	-4E-05
-14.0289	-3.94E-05
-14.0039	-3.94E-05
-13.9789	-3.94E-05
-13.9539	-3.94E-05
-13.9289	-3.94E-05
-13.9039	-3.98E-05
-13.8789	-3.94E-05
-13.8539	-3.92E-05
-13.8289	-3.9E-05
-13.8039	-3.92E-05
-13.7789	-3.9E-05
-13.754	-3.88E-05
-13.7289	-3.94E-05
-13.7039	-3.92E-05
-13.6789	-3.92E-05
-13.6539	-3.9E-05
-13.6289	-3.9E-05
-13.604	-3.88E-05
-13.5789	-3.9E-05
-13.554	-3.88E-05
-13.529	-3.88E-05
-13.5039	-3.9E-05
-13.4789	-3.9E-05
-13.4539	-3.9E-05
-13.429	-3.88E-05
-13.4039	-3.9E-05
-13.379	-3.88E-05
-13.3573	-3.9E-05
-13.329	-3.86E-05
-13.304	-3.88E-05
-13.279	-3.86E-05
-13.2507	-3.88E-05
-13.229	-3.86E-05
-13.204	-3.86E-05
-13.179	-3.86E-05
-13.154	-3.84E-05
-13.129	-3.86E-05
-13.104	-3.86E-05
-13.079	-3.88E-05
-13.054	-3.86E-05
-13.029	-3.86E-05
-13.004	-3.86E-05
-12.9789	-3.9E-05
-12.954	-3.84E-05
-12.929	-3.84E-05
-12.9039	-3.9E-05
-12.879	-3.86E-05
-12.854	-3.86E-05
-12.829	-3.83E-05
-12.804	-3.86E-05
-12.7824	-3.86E-05
-12.754	-3.86E-05
-12.7324	-3.83E-05
-12.704	-3.84E-05
-12.679	-3.84E-05
-12.654	-3.84E-05
-12.6324	-3.83E-05
-12.604	-3.84E-05
-12.579	-3.84E-05
-12.554	-3.83E-05
-12.529	-3.86E-05
-12.504	-3.83E-05
-12.479	-3.83E-05
-12.4438	-3.98E-05
-12.429	-3.84E-05
-12.404	-3.84E-05
-12.379	-3.83E-05
-12.3574	-3.86E-05
-12.329	-3.83E-05
-12.304	-3.83E-05
-12.279	-3.86E-05
-12.254	-3.81E-05
-12.2324	-3.81E-05
-12.2041	-3.79E-05
-12.179	-3.83E-05
-12.1575	-3.79E-05
-12.129	-3.81E-05
-12.104	-3.81E-05
-12.079	-3.81E-05
-12.054	-3.81E-05
-12.0324	-3.83E-05
-12.004	-3.81E-05
-11.9824	-3.81E-05
-11.954	-3.81E-05
-11.929	-3.81E-05
-11.904	-3.81E-05
-11.879	-3.81E-05
-11.8541	-3.79E-05
-11.829	-3.81E-05
-11.8041	-3.79E-05
-11.779	-3.81E-05
-11.7575	-3.79E-05
-11.7325	-3.79E-05
-11.7041	-3.79E-05
-11.679	-3.81E-05
-11.654	-3.81E-05
-11.6291	-3.77E-05
-11.604	-3.81E-05
-11.5791	-3.79E-05
-11.5575	-3.77E-05
-11.5291	-3.77E-05
-11.5041	-3.79E-05
-11.4791	-3.77E-05
-11.4575	-3.79E-05
-11.4291	-3.77E-05
-11.4075	-3.79E-05
-11.3825	-3.75E-05
-11.3575	-3.73E-05
-11.3291	-3.75E-05
-11.3041	-3.73E-05
-11.2791	-3.75E-05
-11.2541	-3.79E-05
-11.2325	-3.75E-05
-11.2041	-3.75E-05
-11.1825	-3.75E-05
-11.1575	-3.75E-05
-11.1291	-3.75E-05
-11.1041	-3.75E-05
-11.0791	-3.77E-05
-11.0541	-3.75E-05
-11.0291	-3.75E-05
-11.0041	-3.73E-05
-10.9792	-3.69E-05
-10.9575	-3.73E-05
-10.9291	-3.71E-05
-10.9041	-3.75E-05
-10.8791	-3.73E-05
-10.8508	-3.77E-05
-10.8325	-3.73E-05
-10.8075	-3.73E-05
-10.7791	-3.73E-05
-10.7575	-3.73E-05
-10.7325	-3.73E-05
-10.7041	-3.71E-05
-10.6791	-3.71E-05
-10.6541	-3.73E-05
-10.6325	-3.71E-05
-10.6075	-3.71E-05
-10.5791	-3.71E-05
-10.5576	-3.69E-05
-10.5291	-3.73E-05
-10.5041	-3.71E-05
-10.4791	-3.71E-05
-10.4541	-3.73E-05
-10.4326	-3.69E-05
-10.4075	-3.71E-05
-10.3825	-3.71E-05
-10.3576	-3.65E-05
-10.3292	-3.69E-05
-10.3042	-3.69E-05
-10.2792	-3.67E-05
-10.2576	-3.69E-05
-10.2325	-3.71E-05
-10.2076	-3.67E-05
-10.1826	-3.69E-05
-10.1576	-3.69E-05
-10.1326	-3.69E-05
-10.1076	-3.67E-05
-10.0826	-3.65E-05
-10.0542	-3.69E-05
-10.0326	-3.69E-05
-10.0076	-3.67E-05
-9.98256	-3.69E-05
-9.95761	-3.64E-05
-9.92918	-3.67E-05
-9.9076	-3.65E-05
-9.88258	-3.67E-05
-9.8576	-3.65E-05
-9.83261	-3.64E-05
-9.8076	-3.65E-05
-9.7826	-3.65E-05
-9.7576	-3.65E-05
-9.73258	-3.67E-05
-9.7076	-3.65E-05
-9.68261	-3.64E-05
-9.65418	-3.67E-05
-9.6326	-3.65E-05
-9.60761	-3.64E-05
-9.58258	-3.67E-05
-9.55763	-3.62E-05
-9.5292	-3.65E-05
-9.5076	-3.65E-05
-9.4826	-3.65E-05
-9.45758	-3.67E-05
-9.43261	-3.64E-05
-9.40761	-3.64E-05
-9.38265	-3.6E-05
-9.3576	-3.65E-05
-9.33261	-3.64E-05
-9.30423	-3.62E-05
-9.28261	-3.64E-05
-9.24746	-3.69E-05
-9.22921	-3.64E-05
-9.20425	-3.6E-05
-9.1792	-3.65E-05
-9.15765	-3.6E-05
-9.13265	-3.6E-05
-9.10763	-3.62E-05
-9.08265	-3.6E-05
-9.05765	-3.6E-05
-9.03265	-3.6E-05
-9.00765	-3.6E-05
-8.98263	-3.62E-05
-8.95767	-3.58E-05
-8.93267	-3.58E-05
-8.90763	-3.62E-05
-8.88265	-3.6E-05
-8.85767	-3.58E-05
-8.83261	-3.64E-05
-8.80767	-3.58E-05
-8.78263	-3.62E-05
-8.75765	-3.6E-05
-8.73267	-3.58E-05
-8.70769	-3.56E-05
-8.67927	-3.58E-05
-8.65767	-3.58E-05
-8.63265	-3.6E-05
-8.60765	-3.6E-05
-8.58269	-3.56E-05
-8.55767	-3.58E-05
-8.53269	-3.56E-05
-8.50769	-3.56E-05
-8.48265	-3.6E-05
-8.45425	-3.6E-05
-8.43269	-3.56E-05
-8.40771	-3.54E-05
-8.38271	-3.54E-05
-8.35771	-3.54E-05
-8.33271	-3.54E-05
-8.30769	-3.56E-05
-8.28267	-3.58E-05
-8.25771	-3.54E-05
-8.23273	-3.52E-05
-8.20771	-3.54E-05
-8.18267	-3.58E-05
-8.15771	-3.54E-05
-8.13273	-3.52E-05
-8.10773	-3.52E-05
-8.08269	-3.56E-05
-8.05771	-3.54E-05
-8.03275	-3.5E-05
-8.00776	-3.5E-05
-7.98271	-3.54E-05
-7.95773	-3.52E-05
-7.93271	-3.54E-05
-7.90771	-3.54E-05
-7.88276	-3.5E-05
-7.85773	-3.52E-05
-7.83273	-3.52E-05
-7.80776	-3.5E-05
-7.78271	-3.54E-05
-7.75778	-3.48E-05
-7.73276	-3.5E-05
-7.70776	-3.5E-05
-7.68276	-3.5E-05
-7.65103	-3.52E-05
-7.63278	-3.48E-05
-7.60776	-3.5E-05
-7.58276	-3.5E-05
-7.55778	-3.48E-05
-7.53276	-3.5E-05
-7.50778	-3.48E-05
-7.48278	-3.48E-05
-7.45776	-3.5E-05
-7.43278	-3.48E-05
-7.40781	-3.45E-05
-7.3828	-3.46E-05
-7.36118	-3.48E-05
-7.3328	-3.46E-05
-7.30781	-3.45E-05
-7.2828	-3.46E-05
-7.2578	-3.46E-05
-7.23618	-3.48E-05
-7.20778	-3.48E-05
-7.1828	-3.46E-05
-7.15781	-3.45E-05
-7.13281	-3.45E-05
-7.1078	-3.46E-05
-7.08278	-3.48E-05
-7.05781	-3.45E-05
-7.0328	-3.46E-05
-7.00781	-3.45E-05
-6.9828	-3.46E-05
-6.95783	-3.43E-05
-6.9328	-3.46E-05
-6.90781	-3.45E-05
-6.88283	-3.43E-05
-6.8578	-3.46E-05
-6.8328	-3.46E-05
-6.81123	-3.43E-05
-6.78281	-3.45E-05
-6.76123	-3.43E-05
-6.73623	-3.43E-05
-6.70783	-3.43E-05
-6.68281	-3.45E-05
-6.65781	-3.45E-05
-6.63283	-3.43E-05
-6.60783	-3.43E-05
-6.58283	-3.43E-05
-6.55783	-3.43E-05
-6.53285	-3.41E-05
-6.50787	-3.39E-05
-6.48283	-3.43E-05
-6.45785	-3.41E-05
-6.43285	-3.41E-05
-6.41125	-3.41E-05
-6.38287	-3.39E-05
-6.36127	-3.39E-05
-6.33287	-3.39E-05
-6.30785	-3.41E-05
-6.28285	-3.41E-05
-6.25783	-3.43E-05
-6.23283	-3.43E-05
-6.20787	-3.39E-05
-6.18625	-3.41E-05
-6.16127	-3.39E-05
-6.13287	-3.39E-05
-6.10791	-3.35E-05
-6.08627	-3.39E-05
-6.04421	-3.54E-05
-6.03281	-3.45E-05
-6.00787	-3.39E-05
-5.98287	-3.39E-05
-5.95787	-3.39E-05
-5.93287	-3.39E-05
-5.90787	-3.39E-05
-5.88627	-3.39E-05
-5.85789	-3.37E-05
-5.83627	-3.39E-05
-5.80789	-3.37E-05
-5.78289	-3.37E-05
-5.76131	-3.35E-05
-5.73291	-3.35E-05
-5.71129	-3.37E-05
-5.68293	-3.33E-05
-5.66131	-3.35E-05
-5.63631	-3.35E-05
-5.60789	-3.37E-05
-5.58631	-3.35E-05
-5.56133	-3.33E-05
-5.53291	-3.35E-05
-5.51133	-3.33E-05
-5.48295	-3.31E-05
-5.46129	-3.37E-05
-5.43631	-3.35E-05
-5.40795	-3.31E-05
-5.38293	-3.33E-05
-5.36131	-3.35E-05
-5.33635	-3.31E-05
-5.30793	-3.33E-05
-5.28633	-3.33E-05
-5.25793	-3.33E-05
-5.23635	-3.31E-05
-5.21133	-3.33E-05
-5.18293	-3.33E-05
-5.16135	-3.31E-05
-5.13635	-3.31E-05
-5.10798	-3.29E-05
-5.08295	-3.31E-05
-5.05795	-3.31E-05
-5.03639	-3.28E-05
-5.01138	-3.29E-05
-4.98299	-3.28E-05
-4.96139	-3.28E-05
-4.93298	-3.29E-05
-4.91139	-3.28E-05
-4.88299	-3.28E-05
-4.85795	-3.31E-05
-4.83299	-3.28E-05
-4.81138	-3.29E-05
-4.78639	-3.28E-05
-4.76139	-3.28E-05
-4.73301	-3.26E-05
-4.71139	-3.28E-05
-4.68299	-3.28E-05
-4.66141	-3.26E-05
-4.63641	-3.26E-05
-4.60799	-3.28E-05
-4.58639	-3.28E-05
-4.56141	-3.26E-05
-4.53639	-3.28E-05
-4.51141	-3.26E-05
-4.48301	-3.26E-05
-4.45458	-3.29E-05
-4.43643	-3.24E-05
-4.41143	-3.24E-05
-4.38643	-3.24E-05
-4.36143	-3.24E-05
-4.33643	-3.24E-05
-4.31143	-3.24E-05
-4.28301	-3.26E-05
-4.25803	-3.24E-05
-4.23645	-3.22E-05
-4.21145	-3.22E-05
-4.18643	-3.24E-05
-4.16149	-3.18E-05
-4.13645	-3.22E-05
-4.11143	-3.24E-05
-4.08303	-3.24E-05
-4.06147	-3.2E-05
-4.03647	-3.2E-05
-4.01147	-3.2E-05
-3.98645	-3.22E-05
-3.96145	-3.22E-05
-3.93645	-3.22E-05
-3.91145	-3.22E-05
-3.88307	-3.2E-05
-3.85807	-3.2E-05
-3.83651	-3.16E-05
-3.80807	-3.2E-05
-3.78645	-3.22E-05
-3.76147	-3.2E-05
-3.73649	-3.18E-05
-3.70807	-3.2E-05
-3.68645	-3.22E-05
-3.65805	-3.22E-05
-3.63651	-3.16E-05
-3.61151	-3.16E-05
-3.58647	-3.2E-05
-3.56493	-3.14E-05
-3.53649	-3.18E-05
-3.51149	-3.18E-05
-3.48651	-3.16E-05
-3.46149	-3.18E-05
-3.43651	-3.16E-05
-3.41151	-3.16E-05
-3.38651	-3.16E-05
-3.36155	-3.12E-05
-3.33653	-3.14E-05
-3.31151	-3.16E-05
-3.28653	-3.14E-05
-3.26153	-3.14E-05
-3.23653	-3.14E-05
-3.21153	-3.14E-05
-3.18653	-3.14E-05
-3.16155	-3.12E-05
-3.13655	-3.12E-05
-3.11155	-3.12E-05
-3.08653	-3.14E-05
-3.06155	-3.12E-05
-3.03653	-3.14E-05
-3.01158	-3.1E-05
-2.98655	-3.12E-05
-2.96158	-3.1E-05
-2.93655	-3.12E-05
-2.91153	-3.14E-05
-2.88653	-3.14E-05
-2.85139	-3.18E-05
-2.83655	-3.12E-05
-2.81158	-3.1E-05
-2.78658	-3.1E-05
-2.76498	-3.1E-05
-2.73655	-3.12E-05
-2.71158	-3.1E-05
-2.68658	-3.1E-05
-2.66159	-3.09E-05
-2.63661	-3.07E-05
-2.61159	-3.09E-05
-2.58659	-3.09E-05
-2.56159	-3.09E-05
-2.53998	-3.1E-05
-2.51161	-3.07E-05
-2.48661	-3.07E-05
-2.46159	-3.09E-05
-2.44003	-3.05E-05
-2.41161	-3.07E-05
-2.38659	-3.09E-05
-2.36501	-3.07E-05
-2.33659	-3.09E-05
-2.31161	-3.07E-05
-2.28661	-3.07E-05
-2.26163	-3.05E-05
-2.23663	-3.05E-05
-2.21161	-3.07E-05
-2.18661	-3.07E-05
-2.16165	-3.03E-05
-2.13663	-3.05E-05
-2.11161	-3.07E-05
-2.08663	-3.05E-05
-2.06159	-3.09E-05
-2.04005	-3.03E-05
-2.01163	-3.05E-05
-1.98665	-3.03E-05
-1.96507	-3.01E-05
-1.93665	-3.03E-05
-1.91167	-3.01E-05
-1.88661	-3.07E-05
-1.86167	-3.01E-05
-1.84005	-3.03E-05
-1.81505	-3.03E-05
-1.78667	-3.01E-05
-1.76509	-2.99E-05
-1.73667	-3.01E-05
-1.71167	-3.01E-05
-1.68667	-3.01E-05
-1.66165	-3.03E-05
-1.64007	-3.01E-05
-1.61509	-2.99E-05
-1.59005	-3.03E-05
-1.56509	-2.99E-05
-1.53669	-2.99E-05
-1.51171	-2.97E-05
-1.48671	-2.97E-05
-1.46169	-2.99E-05
-1.44013	-2.95E-05
-1.41511	-2.97E-05
-1.38669	-2.99E-05
-1.36511	-2.97E-05
-1.33675	-2.93E-05
-1.31173	-2.95E-05
-1.28671	-2.97E-05
-1.25827	-3.01E-05
-1.24013	-2.95E-05
-1.21511	-2.97E-05
-1.19015	-2.93E-05
-1.16513	-2.95E-05
-1.14011	-2.97E-05
-1.11173	-2.95E-05
-1.08671	-2.97E-05
-1.06513	-2.95E-05
-1.04013	-2.95E-05
-1.01513	-2.95E-05
-0.990153	-2.93E-05
-0.965153	-2.93E-05
-0.940153	-2.93E-05
-0.911753	-2.93E-05
-0.890153	-2.93E-05
-0.865164	-2.92E-05
-0.840185	-2.9E-05
-0.815164	-2.92E-05
-0.790185	-2.9E-05
-0.765185	-2.9E-05
-0.740164	-2.92E-05
-0.711764	-2.92E-05
-0.686764	-2.92E-05
-0.665185	-2.9E-05
-0.640185	-2.9E-05
-0.615206	-2.88E-05
-0.590185	-2.9E-05
-0.565185	-2.9E-05
-0.540164	-2.92E-05
-0.511785	-2.9E-05
-0.486785	-2.9E-05
-0.461806	-2.88E-05
-0.440227	-2.86E-05
-0.415206	-2.88E-05
-0.390227	-2.86E-05
-0.365206	-2.88E-05
-0.340227	-2.86E-05
-0.315248	-2.84E-05
-0.286827	-2.86E-05
-0.265248	-2.84E-05
-0.240248	-2.84E-05
-0.215227	-2.86E-05
-0.190248	-2.84E-05
-0.165269	-2.82E-05
-0.140227	-2.86E-05
-0.115227	-2.86E-05
-0.0902477	-2.84E-05
-0.0652687	-2.82E-05
-0.0402268	-2.86E-05
-0.0152687	-2.82E-05
0.00973127	-2.82E-05
0.0313313	-2.82E-05
0.0597103	-2.8E-05
0.0847103	-2.8E-05
0.109731	-2.82E-05
0.13471	-2.8E-05
0.159731	-2.82E-05
0.18471	-2.8E-05
0.20971	-2.8E-05
0.23471	-2.8E-05
0.259689	-2.78E-05
0.28471	-2.8E-05
0.309689	-2.78E-05
0.406157	-3.035E-05
0.370424	-3.29E-05
0.39171	-2.99E-05
0.413194	-2.88E-05
0.434731	-2.82E-05
0.45971	-2.8E-05
0.484689	-2.78E-05
0.509668	-2.76E-05
0.531247	-2.74E-05
0.556237	-2.73E-05
0.581247	-2.74E-05
0.606268	-2.76E-05
0.631216	-2.71E-05
0.659637	-2.73E-05
0.681216	-2.71E-05
0.706237	-2.73E-05
0.731195	-2.69E-05
0.756216	-2.71E-05
0.781216	-2.71E-05
0.806237	-2.73E-05
0.831195	-2.69E-05
0.856195	-2.69E-05
0.881195	-2.69E-05
0.909616	-2.71E-05
0.931132	-2.63E-05
0.956174	-2.67E-05
0.981174	-2.67E-05
1.00617	-2.67E-05
1.03117	-2.67E-05
1.05615	-2.65E-05
1.08115	-2.65E-05
1.10617	-2.67E-05
1.13459	-2.69E-05
1.15275	-2.65E-05
1.18113	-2.63E-05
1.20615	-2.65E-05
1.23111	-2.61E-05
1.25611	-2.61E-05
1.28111	-2.61E-05
1.30613	-2.63E-05
1.33111	-2.61E-05
1.35611	-2.61E-05
1.37771	-2.61E-05
1.40609	-2.59E-05
1.42769	-2.59E-05
1.45609	-2.59E-05
1.48109	-2.59E-05
1.50607	-2.57E-05
1.53107	-2.57E-05
1.55265	-2.55E-05
1.58107	-2.57E-05
1.60605	-2.55E-05
1.62767	-2.57E-05
1.65607	-2.57E-05
1.67767	-2.57E-05
1.70264	-2.54E-05
1.72765	-2.55E-05
1.75602	-2.52E-05
1.77764	-2.54E-05
1.80604	-2.54E-05
1.82764	-2.54E-05
1.8526	-2.5E-05
1.87762	-2.52E-05
1.90604	-2.54E-05
1.93445	-2.55E-05
1.9526	-2.5E-05
1.97757	-2.48E-05
2.0026	-2.5E-05
2.02762	-2.52E-05
2.05255	-2.46E-05
2.07757	-2.48E-05
2.10255	-2.46E-05
2.12755	-2.46E-05
2.15257	-2.48E-05
2.17413	-2.44E-05
2.20255	-2.46E-05
2.22757	-2.48E-05
2.25253	-2.44E-05
2.27751	-2.42E-05
2.30251	-2.42E-05
2.32751	-2.42E-05
2.35251	-2.42E-05
2.37749	-2.4E-05
2.40251	-2.42E-05
2.42749	-2.4E-05
2.45249	-2.4E-05
2.47747	-2.38E-05
2.50247	-2.38E-05
2.52749	-2.4E-05
2.55247	-2.38E-05
2.57404	-2.35E-05
2.60246	-2.37E-05
2.62404	-2.35E-05
2.65244	-2.35E-05
2.67744	-2.35E-05
2.70246	-2.37E-05
2.72749	-2.4E-05
2.74902	-2.33E-05
2.77398	-2.29E-05
2.80242	-2.33E-05
2.8274	-2.31E-05
2.85235	-2.27E-05
2.8774	-2.31E-05
2.90238	-2.29E-05
2.92738	-2.29E-05
2.94898	-2.29E-05
2.97393	-2.25E-05
3.00238	-2.29E-05
3.02395	-2.27E-05
3.04893	-2.25E-05
3.07387	-2.19E-05
3.10233	-2.25E-05
3.12391	-2.23E-05
3.14887	-2.19E-05
3.17387	-2.19E-05
3.19887	-2.19E-05
3.22387	-2.19E-05
3.24886	-2.18E-05
3.27387	-2.19E-05
3.29887	-2.19E-05
3.32387	-2.19E-05
3.34884	-2.16E-05
3.37384	-2.16E-05
3.39884	-2.16E-05
3.4238	-2.12E-05
3.44884	-2.16E-05
3.47384	-2.16E-05
3.49884	-2.16E-05
3.53413	-2.25E-05
3.54884	-2.16E-05
3.57378	-2.1E-05
3.59882	-2.14E-05
3.62036	-2.08E-05
3.64538	-2.1E-05
3.67376	-2.08E-05
3.69876	-2.08E-05
3.72031	-2.04E-05
3.74873	-2.06E-05
3.77029	-2.02E-05
3.79869	-2.02E-05
3.82369	-2.02E-05
3.84871	-2.04E-05
3.87368	-2.01E-05
3.89866	-1.99E-05
3.92366	-1.99E-05
3.94526	-1.99E-05
3.97024	-1.97E-05
3.99524	-1.97E-05
4.02022	-1.95E-05
4.04522	-1.95E-05
4.07022	-1.95E-05
4.09862	-1.95E-05
4.12018	-1.91E-05
4.14522	-1.95E-05
4.17016	-1.89E-05
4.1986	-1.93E-05
4.22013	-1.87E-05
4.24511	-1.85E-05
4.27011	-1.85E-05
4.29514	-1.87E-05
4.3236	-1.93E-05
4.34511	-1.85E-05
4.36669	-1.83E-05
4.39511	-1.85E-05
4.42006	-1.8E-05
4.44509	-1.83E-05
4.47004	-1.78E-05
4.49508	-1.82E-05
4.52008	-1.82E-05
4.54164	-1.78E-05
4.56662	-1.76E-05
4.59502	-1.76E-05
4.62002	-1.76E-05
4.645	-1.74E-05
4.67	-1.74E-05
4.69502	-1.76E-05
4.71996	-1.7E-05
4.7416	-1.74E-05
4.76654	-1.68E-05
4.79498	-1.72E-05
4.81654	-1.68E-05
4.84151	-1.66E-05
4.86651	-1.66E-05
4.89151	-1.66E-05
4.91649	-1.64E-05
4.94148	-1.63E-05
4.96646	-1.61E-05
4.99149	-1.64E-05
5.01646	-1.61E-05
5.04146	-1.61E-05
5.06646	-1.61E-05
5.09144	-1.59E-05
5.12328	-1.63E-05
5.14142	-1.57E-05
5.16642	-1.57E-05
5.19138	-1.53E-05
5.21638	-1.53E-05
5.24138	-1.53E-05
5.26634	-1.49E-05
5.29134	-1.49E-05
5.31294	-1.49E-05
5.33791	-1.47E-05
5.36288	-1.44E-05
5.39128	-1.44E-05
5.41288	-1.44E-05
5.43784	-1.4E-05
5.4628	-1.36E-05
5.49126	-1.42E-05
5.51282	-1.38E-05
5.53776	-1.32E-05
5.56276	-1.32E-05
5.58774	-1.3E-05
5.61271	-1.27E-05
5.63768	-1.25E-05
5.65928	-1.25E-05
5.68766	-1.23E-05
5.70922	-1.19E-05
5.7342	-1.17E-05
5.75914	-1.11E-05
5.78414	-1.11E-05
5.80909	-1.06E-05
5.83404	-1.02E-05
5.85898	-9.6E-06
5.88396	-9.4E-06
5.90894	-9.2E-06
5.93047	-8.5E-06
5.95538	-7.7E-06
5.98036	-7.5E-06
6.00529	-6.8E-06
6.02682	-6.2E-06
6.05178	-5.8E-06
6.08011	-5.1E-06
6.10162	-4.3E-06
6.12655	-3.6E-06
6.14809	-3E-06
6.173	-2.2E-06
6.19793	-1.5E-06
6.21953	-5E-07
6.24446	1E-07
6.2694	7E-07
6.29428	1.8E-06
6.31574	3.2E-06
6.33726	3.9E-06
6.36212	5.3E-06
6.38704	6E-06
6.41191	7.3E-06
6.43336	8.7E-06
6.45829	9.4E-06
6.47973	1.09E-05
6.5046	1.21E-05
6.52607	1.34E-05
6.55093	1.47E-05
6.56898	1.61E-05
6.59385	1.74E-05
6.61525	1.93E-05
6.63671	2.06E-05
6.67531	2.06E-05
6.68643	2.33E-05
6.70781	2.54E-05
6.72923	2.71E-05
6.75403	2.9E-05
6.77549	3.03E-05
6.79687	3.24E-05
6.82167	3.43E-05
6.84318	3.62E-05
6.86804	3.75E-05
6.88944	3.94E-05
6.9142	4.17E-05
6.93562	4.34E-05
6.9604	4.55E-05
6.98177	4.77E-05
7.00661	4.92E-05
7.02799	5.13E-05
7.04935	5.36E-05
7.06731	5.59E-05
7.08869	5.8E-05
7.11008	6E-05
7.13148	6.19E-05
7.1528	6.46E-05
7.1742	6.65E-05
7.19554	6.9E-05
7.21703	7.1E-05
7.23832	7.39E-05
7.2631	7.6E-05
7.28445	7.84E-05
7.30577	8.11E-05
7.3305	8.36E-05
7.35529	8.56E-05
7.37663	8.81E-05
7.39795	9.08E-05
7.41925	9.36E-05
7.44059	9.61E-05
7.46196	9.83E-05
7.47988	0.000101
7.49778	0.0001038
7.51914	0.0001061
7.54044	0.000109
7.55845	0.0001118
7.57976	0.0001145
7.60449	0.0001171
7.62581	0.0001198
7.64711	0.0001226
7.66838	0.0001258
7.69311	0.0001283
7.71102	0.0001311
7.7323	0.0001342
7.7502	0.000137
7.7715	0.0001399
7.78608	0.0001429
7.80739	0.0001457
7.82526	0.0001488
7.84995	0.0001518
7.86783	0.0001548
7.89249	0.0001581
7.91031	0.0001617
7.93506	0.0001641
7.95289	0.0001676
7.97416	0.0001708
7.99202	0.000174
8.00998	0.0001772
8.03128	0.0001801
8.0457	0.0001837
8.06693	0.0001873
8.08477	0.0001907
8.10943	0.0001939
8.13068	0.0001973
8.15186	0.0002013
8.16974	0.0002043
8.18756	0.0002079
8.20544	0.0002119
8.21989	0.0002153
8.24114	0.0002186
8.25893	0.0002225
8.28013	0.0002263
8.30136	0.0002299
8.326	0.0002333
8.3472	0.0002371
8.36496	0.0002413
8.38286	0.0002451
8.40064	0.0002491
8.41506	0.0002527
8.43282	0.0002569
8.45059	0.000261
8.47186	0.0002642
8.48962	0.0002684
8.51076	0.0002728
8.52863	0.0002769
8.54644	0.0002806
8.56079	0.0002849
8.57517	0.0002889
8.59297	0.0002927
8.61413	0.0002969
8.63534	0.0003006
8.65316	0.0003052
8.67086	0.0003099
8.68865	0.0003139
8.70305	0.0003177
8.71739	0.0003221
8.73513	0.0003264
8.75299	0.0003306
8.77413	0.000335
8.7919	0.0003391
8.8096	0.0003439
8.82397	0.000348
8.83831	0.0003524
8.85272	0.000357
8.87387	0.0003613
8.89505	0.0003653
8.91616	0.00037
8.93384	0.000375
8.94818	0.0003793
8.96254	0.0003835
8.97695	0.0003882
8.99469	0.0003926
9.0124	0.0003973
9.03356	0.0004015
9.05127	0.0004061
9.06552	0.0004114
9.07982	0.0004161
9.0909	0.0004201
9.10859	0.000425
9.12973	0.0004294
9.15086	0.0004339
9.16853	0.0004389
9.18978	0.0004423
9.19392	0.0004476
9.20821	0.0004525
9.22587	0.0004576
9.24699	0.0004622
9.2613	0.0004669
9.27569	0.0004717
9.28658	0.0004766
9.30086	0.0004815
9.31858	0.0004861
9.33965	0.0004912
9.36077	0.0004957
9.37847	0.0005005
9.39281	0.0005058
9.40032	0.0005105
9.41806	0.0005149
9.43233	0.00052
9.44995	0.0005255
9.46774	0.0005303
9.47865	0.000535
9.48954	0.0005399
9.5072	0.000545
9.52494	0.0005494
9.53928	0.0005547
9.55353	0.00056
9.56782	0.0005648
9.57871	0.0005697
9.5965	0.0005746
9.61756	0.0005797
9.63184	0.0005847
9.64612	0.0005896
9.65705	0.0005941
9.67141	0.0005993
9.68567	0.0006044
9.70674	0.0006095
9.721	0.0006146
9.73187	0.0006197
9.74282	0.0006249
9.76053	0.0006296
9.77817	0.0006349
9.79584	0.00064
9.80671	0.000645
9.81428	0.0006501
9.8319	0.0006556
9.84961	0.0006603
9.86392	0.0006649
9.87473	0.0006706
9.88578	0.0006749
9.9	0.0006804
9.91426	0.0006855
9.93189	0.000691
9.94614	0.0006962
9.95375	0.0007009
9.97139	0.0007062
9.98568	0.0007111
10.0034	0.0007159
10.021	0.000721
10.032	0.0007265
10.0394	0.0007314
10.0571	0.0007363
10.0714	0.0007411
10.0824	0.0007464
10.0932	0.0007515
10.1041	0.0007564
10.1218	0.0007614
10.1328	0.0007665
10.147	0.0007722
10.1579	0.0007769
10.1721	0.000782
10.1865	0.000787
10.2008	0.0007923
10.2116	0.0007974
10.2225	0.0008025
10.2369	0.0008074
10.2545	0.0008129
10.2688	0.0008173
10.2797	0.0008222
10.2906	0.0008279
10.3049	0.000833
10.3192	0.0008376
10.3335	0.0008429
10.341	0.0008478
10.3519	0.0008526
10.3696	0.0008581
10.3838	0.0008632
10.3948	0.0008677
10.4057	0.0008727
10.4166	0.000878
10.4343	0.0008825
10.4419	0.0008875
10.4528	0.0008924
10.4636	0.0008975
10.4813	0.0009022
10.4991	0.0009066
10.5101	0.0009113
10.5209	0.0009165
10.5353	0.0009206
10.5462	0.0009254
10.5537	0.0009311
10.5646	0.0009356
10.5756	0.00094
10.5933	0.0009449
10.6009	0.0009495
10.6118	0.0009542
10.6261	0.0009589
10.6371	0.0009635
10.6514	0.0009684
10.6624	0.0009724
10.6699	0.0009769
10.6844	0.0009811
10.7021	0.0009857
10.713	0.00099
10.7239	0.0009948
10.735	0.0009989
10.7493	0.0010037
10.7637	0.0010077
10.778	0.001012
10.7857	0.0010158
10.8	0.0010204
10.8144	0.0010245
10.8253	0.0010289
10.8364	0.0010327
10.8474	0.0010367
10.8618	0.001041
10.8762	0.0010448
10.8873	0.0010488
10.8982	0.001053
10.9126	0.0010568
10.934	0.0010589
10.9449	0.001064
10.9559	0.001068
10.9669	0.0010719
10.9779	0.0010759
10.9957	0.0010797
11.0034	0.0010837
11.0178	0.0010873
11.0288	0.0010911
11.0433	0.0010949
11.0577	0.0010989
11.0687	0.0011026
11.0797	0.0011063
11.0908	0.00111
11.1087	0.0011136
11.1197	0.0011171
11.1307	0.0011205
11.1418	0.0011243
11.1562	0.0011281
11.1741	0.0011317
11.1851	0.0011351
11.1961	0.0011387
11.2072	0.0011425
11.2251	0.0011455
11.2362	0.0011489
11.2472	0.0011527
11.2617	0.0011559
11.2761	0.0011595
11.2872	0.0011628
11.3017	0.001166
11.3128	0.0011694
11.3239	0.0011726
11.3384	0.0011756
11.3494	0.0011792
11.3605	0.001183
11.3715	0.0011863
11.3894	0.0011893
11.4039	0.0011927
11.4184	0.0011963
11.4295	0.0011992
11.4406	0.0012022
11.455	0.001206
11.4661	0.0012094
11.4772	0.0012119
11.4883	0.0012151
11.5027	0.0012187
11.5174	0.0012213
11.5318	0.0012246
11.5395	0.0012278
11.554	0.0012308
11.5685	0.001234
11.583	0.0012373
11.5941	0.0012403
11.6018	0.0012431
11.6163	0.0012466
11.6342	0.0012498
11.6453	0.0012526
11.6564	0.0012555
11.6676	0.0012583
11.6821	0.0012613
11.6965	0.0012644
11.7076	0.0012672
11.7188	0.0012701
11.7333	0.0012733
11.7479	0.0012752
11.7556	0.0012784
11.7667	0.0012818
11.7778	0.0012847
11.7923	0.0012873
11.8068	0.0012905
11.818	0.0012934
11.8291	0.001296
11.8436	0.0012987
11.8582	0.0013012
11.8693	0.0013046
11.8805	0.0013068
11.895	0.0013099
11.9061	0.0013125
11.9173	0.0013156
11.9285	0.0013175
11.9396	0.0013205
11.9507	0.0013235
11.9619	0.001326
11.973	0.0013285
11.9841	0.0013315
11.9987	0.0013341
12.0098	0.0013368
12.021	0.0013389
12.0323	0.0013415
12.0467	0.0013444
12.0613	0.001347
12.0724	0.0013495
12.0836	0.0013522
12.0948	0.0013541
12.106	0.0013567
12.1205	0.0013592
12.1318	0.0013614
12.1395	0.0013641
12.154	0.0013668
12.1651	0.0013696
12.1764	0.0013717
12.1909	0.001374
12.2021	0.0013762
12.2099	0.0013791
12.2211	0.0013812
12.2322	0.0013836
12.2468	0.0013859
12.2615	0.0013882
12.2692	0.0013905
12.2838	0.0013929
12.2949	0.0013956
12.3062	0.0013973
12.314	0.0013996
12.3251	0.001402
12.333	0.0014039
12.3441	0.0014066
12.3553	0.0014085
12.3665	0.0014107
12.3778	0.0014128
12.3889	0.0014153
12.4001	0.0014172
12.4113	0.0014197
12.4225	0.0014217
12.4371	0.0014236
12.4449	0.0014259
12.4596	0.0014278
12.4708	0.0014295
12.4786	0.0014318
12.4934	0.0014322
12.4977	0.0014354
12.5123	0.0014377
12.5202	0.0014392
12.5347	0.0014418
12.5425	0.0014439
12.5571	0.0014456
12.5684	0.0014475
12.5762	0.0014494
12.5875	0.0014511
12.602	0.0014534
12.6133	0.0014553
12.6245	0.001457
12.6357	0.0014589
12.6436	0.0014608
12.6549	0.0014623
12.6627	0.001464
12.674	0.0014663
12.6852	0.001468
12.693	0.0014697
12.7042	0.0014716
12.7155	0.0014731
12.7267	0.001475
12.7346	0.0014767
12.7459	0.0014782
12.7571	0.0014799
12.7683	0.0014818
12.7763	0.0014832
12.7909	0.0014853
12.7987	0.0014868
12.8099	0.0014885
12.8213	0.0014896
12.8326	0.0014911
12.8403	0.0014932
12.8517	0.0014945
12.8595	0.0014961
12.8708	0.0014978
12.8787	0.0014993
12.89	0.0015006
12.9012	0.0015025
12.9124	0.001504
12.9238	0.001505
12.9316	0.0015069
12.9428	0.0015084
12.9508	0.0015093
12.9587	0.0015107
12.9699	0.0015124
12.9813	0.0015137
12.9891	0.0015152
13.0004	0.0015167
13.0083	0.0015182
13.0162	0.0015196
13.0275	0.0015205
13.0388	0.001522
13.0466	0.0015236
13.0579	0.0015247
13.0659	0.0015258
13.0772	0.0015273
13.0884	0.0015285
13.0963	0.00153
13.1043	0.0015309
13.1156	0.0015321
13.1234	0.0015334
13.1314	0.0015349
13.1461	0.0015351
13.1506	0.0015366
13.1585	0.0015385
13.1698	0.0015397
13.181	0.0015408
13.1924	0.0015419
13.2003	0.0015431
13.2082	0.0015438
13.2196	0.001545
13.2275	0.0015463
13.2353	0.0015476
13.2433	0.0015484
13.2512	0.0015495
13.2625	0.001551
13.2705	0.001552
13.2784	0.0015524
13.2897	0.0015537
13.2977	0.001555
13.309	0.0015558
13.3169	0.0015567
13.3249	0.0015577
13.3361	0.001559
13.344	0.00156
13.3521	0.0015605
13.36	0.0015615
13.3713	0.0015626
13.3792	0.0015638
13.3871	0.0015647
13.3951	0.0015655
13.4031	0.0015658
13.411	0.0015668
13.4257	0.0015677
13.4338	0.0015679
13.4383	0.0015692
13.4495	0.0015706
13.4575	0.0015713
13.4655	0.0015719
13.4734	0.0015729
13.4814	0.001574
13.4893	0.0015749
13.4972	0.0015753
13.5053	0.0015759
13.5132	0.0015768
13.5212	0.0015776
13.5291	0.0015782
13.537	0.0015793
13.5485	0.0015797
13.5564	0.0015804
13.5643	0.0015814
13.5723	0.0015821
13.5803	0.0015821
13.5882	0.0015835
13.5962	0.0015844
13.6041	0.001585
13.6121	0.0015852
13.6201	0.0015861
13.628	0.0015869
13.6393	0.0015876
13.6473	0.0015886
13.6553	0.0015884
13.6633	0.0015893
13.6713	0.0015899
13.6792	0.0015907
13.6872	0.0015911
13.6989	0.0015888
13.6999	0.0015907
13.7079	0.0015918
13.7192	0.0015924
13.7237	0.0015933
13.7352	0.0015939
13.7431	0.0015945
13.7511	0.0015948
13.7591	0.0015958
13.767	0.0015966
13.7749	0.0015971
13.7864	0.0015975
13.7909	0.0015984
13.7989	0.0015984
13.8069	0.0015992
13.8149	0.0015994
13.8228	0.0016
13.8309	0.0016007
13.8388	0.0016011
13.8467	0.0016019
13.8582	0.001602
13.8662	0.0016026
13.8741	0.001603
13.8788	0.0016034
13.8868	0.0016036
13.9014	0.0016047
13.9061	0.0016047
13.9175	0.0016053
13.9256	0.0016055
13.9334	0.0016066
13.9448	0.0016072
13.9529	0.0016066
13.9643	0.0016068
13.9688	0.0016077
13.9803	0.0016081
13.9882	0.0016087
13.9962	0.0016093
14.0042	0.00161
14.0088	0.00161
14.0167	0.0016104
14.0248	0.0016108
14.0328	0.001611
14.0407	0.0016115
14.0487	0.0016123
14.0602	0.0016121
14.0647	0.0016125
14.0727	0.0016132
14.0842	0.001613
14.0888	0.0016134
14.0967	0.0016142
14.1047	0.0016148
14.1094	0.0016148
14.1173	0.0016153
14.1253	0.0016159
14.1333	0.0016161
14.1413	0.0016161
14.1493	0.0016165
14.1574	0.001617
14.1653	0.0016172
14.1733	0.0016176
14.1813	0.001618
14.1893	0.001618
14.1974	0.0016185
14.2054	0.0016187
14.2134	0.0016182
14.218	0.0016191
14.2259	0.0016199
14.2339	0.0016199
14.242	0.0016203
14.25	0.0016208
14.2579	0.0016212
14.266	0.0016216
14.274	0.0016216
14.2819	0.0016221
14.29	0.0016225
14.2946	0.0016225
14.3027	0.0016227
14.3106	0.0016233
14.3151	0.0016237
14.3233	0.0016233
14.3313	0.0016235
14.3359	0.0016244
14.3439	0.0016246
14.3552	0.001625
14.3633	0.001625
14.3713	0.0016254
14.3758	0.0016256
14.3839	0.0016256
14.3919	0.0016259
14.3999	0.0016265
14.4045	0.0016267
14.4159	0.0016267
14.4205	0.0016271
14.4286	0.0016273
14.4366	0.0016273
14.4479	0.0016275
14.4561	0.0016271
14.4606	0.0016276
14.4687	0.0016284
14.4767	0.0016284
14.4846	0.0016286
14.4927	0.0016292
14.5007	0.0016294
14.5052	0.0016297
14.5133	0.0016297
14.5213	0.0016299
14.5293	0.0016305
14.5373	0.0016305
14.5453	0.0016311
14.5534	0.0016309
14.558	0.0016309
14.566	0.0016311
14.574	0.0016314
14.582	0.001632
14.59	0.001632
14.5981	0.0016322
14.6027	0.0016322
14.6107	0.0016328
14.6187	0.001633
14.6267	0.001633
14.6348	0.0016331
14.6428	0.001633
14.6473	0.0016335
14.6589	0.0016331
14.6634	0.0016339
14.6713	0.0016343
14.6794	0.0016343
14.6875	0.0016339
14.6956	0.0016324
14.7002	0.0016337
14.7081	0.0016343
14.7162	0.0016345
14.7242	0.0016347
14.7322	0.0016348
14.7402	0.0016354
14.7483	0.001635
14.7562	0.0016352
14.7643	0.0016358
14.7689	0.001636
14.7803	0.0016358
14.7849	0.0016364
14.7929	0.0016364
14.801	0.0016364
14.809	0.0016366
14.817	0.0016366
14.825	0.0016371
14.833	0.0016373
14.8411	0.0016367
14.8457	0.0016375
14.8537	0.0016377
14.8617	0.0016375
14.8664	0.0016379
14.8744	0.0016379
14.8825	0.0016379
14.887	0.0016381
14.8984	0.0016383
14.9031	0.0016385
14.9145	0.0016383
14.919	0.001639
14.9306	0.0016385
14.9386	0.0016385
14.9465	0.001639
14.9512	0.001639
14.9592	0.0016392
14.9673	0.0016396
14.9753	0.0016398
14.9832	0.00164
14.9879	0.00164
14.9959	0.0016402
15.0039	0.00164
15.012	0.0016405
15.02	0.0016403
15.028	0.0016403
15.0326	0.0016409
15.044	0.0016411
15.0488	0.0016407
15.0567	0.0016411
15.0613	0.0016409
15.0694	0.0016411
15.0774	0.0016417
15.082	0.0016417
15.0901	0.0016415
15.0981	0.0016417
15.1062	0.0016417
15.1141	0.0016421
15.1188	0.0016417
15.1268	0.0016421
15.1348	0.0016426
15.1428	0.0016421
15.1475	0.0016424
15.1588	0.001643
15.1636	0.0016424
15.1751	0.0016415
15.1796	0.0016426
15.1876	0.0016434
15.1957	0.0016426
15.2036	0.0016434
15.2117	0.0016434
15.2197	0.0016436
15.2277	0.0016434
15.2324	0.0016432
15.2403	0.001644
15.2483	0.001644
15.253	0.0016438
15.261	0.0016438
15.2691	0.0016441
15.2771	0.0016441
15.2817	0.0016441
15.2932	0.0016443
15.3012	0.0016445
15.3058	0.0016445
15.3172	0.0016449
15.3218	0.0016449
15.3298	0.0016447
15.3346	0.0016445
15.3426	0.0016445
15.3506	0.0016447
15.3586	0.0016447
15.3666	0.0016453
15.3747	0.0016453
15.3827	0.0016451
15.3907	0.0016453
15.3988	0.0016455
15.4068	0.0016453
15.4115	0.0016447
15.4194	0.0016457
15.4274	0.001646
15.4356	0.0016455
15.4401	0.0016457
15.4481	0.0016462
15.4596	0.0016462
15.4676	0.001646
15.4756	0.0016458
15.4803	0.001646
15.4882	0.0016468
15.4963	0.001646
15.5044	0.001646
15.5124	0.0016464
15.517	0.0016468
15.525	0.0016466
15.5331	0.0016464
15.5377	0.0016472
15.5491	0.0016472
15.5571	0.0016466
15.5652	0.0016468
15.5698	0.001647
15.5779	0.0016474
15.5859	0.0016468
15.5905	0.0016468
15.5986	0.001647
15.6066	0.0016474
15.6146	0.0016472
15.6226	0.0016476
15.6306	0.0016477
15.6353	0.0016474
15.6434	0.0016472
15.6617	0.0016456
15.653	0.001644
15.6609	0.0016451
15.6722	0.0016457
15.6804	0.0016455
15.6882	0.0016468
15.6962	0.001647
15.7044	0.0016462
15.7123	0.0016468
15.7203	0.001647
15.725	0.0016474
15.7364	0.0016468
15.7443	0.0016477
15.7524	0.0016477
15.757	0.0016479
15.7652	0.0016474
15.7731	0.0016477
15.7777	0.0016477
15.7858	0.0016481
15.7938	0.0016476
15.7985	0.0016479
15.8065	0.0016477
15.8145	0.0016481
15.8226	0.0016476
15.8272	0.0016481
15.8352	0.0016483
15.8433	0.0016483
15.8513	0.0016479
15.8593	0.0016481
15.8674	0.0016479
15.872	0.0016483
15.8801	0.0016477
15.8881	0.0016479
15.896	0.0016485
15.9042	0.0016483
15.9088	0.0016481
15.9201	0.0016485
15.9282	0.0016485
15.9363	0.0016483
15.9443	0.0016483
15.9489	0.0016487
15.9569	0.0016487
15.965	0.0016487
15.973	0.0016487
15.9776	0.0016485
15.9857	0.0016487
15.9937	0.0016485
16.0017	0.0016487
16.0064	0.0016487
16.0144	0.0016489
16.0224	0.0016487
16.0305	0.0016489
16.0385	0.0016487
16.0466	0.0016491
16.0512	0.0016491
16.0626	0.0016491
16.0673	0.0016489
16.0719	0.0016489
16.0799	0.0016494
16.088	0.0016493
16.096	0.0016491
16.1041	0.0016491
16.1121	0.0016487
16.1201	0.0016493
16.1316	0.0016483
16.1362	0.0016489
16.1408	0.0016493
16.1489	0.0016485
16.1569	0.0016491
16.1649	0.0016493
16.173	0.0016493
16.181	0.0016489
16.1857	0.0016491
16.1937	0.0016493
16.2017	0.0016494
16.2098	0.0016493
16.2178	0.0016494
16.2258	0.0016491
16.2305	0.0016491
16.2385	0.0016491
16.2465	0.0016493
16.2546	0.0016493
16.2626	0.0016494
16.2673	0.0016494
16.2752	0.0016496
16.2867	0.0016494
16.2914	0.0016494
16.3028	0.0016494
16.3074	0.0016494
16.3121	0.0016493
16.3201	0.0016493
16.3281	0.0016494
16.3361	0.0016496
16.3442	0.0016493
16.3488	0.0016496
16.3569	0.0016493
16.3649	0.0016491
16.373	0.0016489
16.3775	0.0016496
16.3856	0.0016494
16.3937	0.0016494
16.4017	0.0016493
16.4097	0.0016494
16.4211	0.0016498
16.4257	0.00165
16.4339	0.0016494
16.4384	0.0016496
16.4498	0.0016496
16.4546	0.0016494
16.4625	0.0016496
16.4704	0.0016504
16.4786	0.0016496
16.4866	0.00165
16.4947	0.0016494
16.4994	0.0016493
16.5073	0.0016496
16.512	0.0016498
16.5201	0.0016494
16.528	0.0016496
16.5328	0.0016491
16.5407	0.0016496
16.5454	0.0016498
16.5568	0.00165
16.5615	0.0016493
16.5695	0.0016498
16.5775	0.0016496
16.5822	0.0016493
16.5937	0.0016494
16.6018	0.0016477
16.6063	0.0016487
16.611	0.0016491
16.619	0.0016491
16.6271	0.0016493
16.6351	0.0016491
16.6431	0.0016489
16.6512	0.0016493
16.6592	0.0016494
16.6672	0.0016494
16.6753	0.0016494
16.6833	0.0016491
16.6879	0.0016489
16.696	0.0016494
16.7039	0.0016498
16.7121	0.0016491
16.7167	0.0016491
16.7247	0.0016491
16.7294	0.0016493
16.7408	0.0016493
16.7488	0.0016493
16.7569	0.0016491
16.7615	0.0016493
16.7695	0.0016489
16.7776	0.0016491
16.7856	0.0016491
16.7937	0.0016493
16.8017	0.0016491
16.8063	0.0016489
16.8144	0.0016487
16.8224	0.0016491
16.8304	0.0016485
16.8386	0.0016483
16.8465	0.0016489
16.8545	0.0016491
16.8592	0.0016487
16.8672	0.0016487
16.8753	0.0016491
16.8833	0.0016493
16.8913	0.0016487
16.8994	0.0016485
16.9074	0.0016489
16.9154	0.0016487
16.9235	0.0016493
16.9315	0.0016485
16.9396	0.0016483
16.9442	0.0016493
16.9556	0.0016489
16.9636	0.0016489
16.9683	0.0016485
16.9763	0.0016487
16.9844	0.0016489
16.9924	0.0016485
17.0004	0.0016487
17.0085	0.0016489
17.0165	0.0016485
17.0211	0.0016487
17.0292	0.0016487
17.0372	0.0016485
17.0452	0.0016487
17.0534	0.0016483
17.0579	0.0016485
17.066	0.0016487
17.0741	0.0016483
17.0821	0.0016476
17.0868	0.0016476
17.0947	0.0016485
17.0995	0.0016477
17.1109	0.0016483
17.1189	0.0016483
17.1235	0.0016485
17.135	0.0016479
17.1396	0.0016481
17.1476	0.0016485
17.1556	0.0016485
17.1637	0.0016481
17.1717	0.0016485
17.1764	0.0016477
17.1844	0.0016483
17.1925	0.0016481
17.2005	0.0016483
17.2086	0.0016483
17.2166	0.0016481
17.2212	0.0016483
17.2293	0.0016483
17.2373	0.0016477
17.2419	0.0016479
17.2534	0.0016477
17.2546	0.0016479
17.2627	0.0016477
17.2707	0.0016481
17.2788	0.0016474
17.2834	0.0016479
17.2948	0.0016481
17.2994	0.0016477
17.3075	0.0016476
17.3156	0.0016472
17.3236	0.0016474
17.3282	0.0016479
17.3363	0.0016474
17.3443	0.0016477
17.3523	0.0016479
17.3569	0.0016476
17.3684	0.0016477
17.3765	0.0016472
17.381	0.0016476
17.3891	0.0016479
17.4005	0.0016477
17.4053	0.0016472
17.4133	0.0016472
17.4178	0.0016481
17.426	0.0016472
17.434	0.0016474
17.4419	0.0016476
17.4501	0.001647
17.4547	0.0016472
17.4627	0.0016472
17.4708	0.0016472
17.4788	0.0016472
17.4869	0.0016472
17.4915	0.0016466
17.4995	0.0016468
17.5075	0.0016476
17.5156	0.001647
17.5236	0.0016468
17.5317	0.0016468
17.5397	0.0016466
17.5443	0.0016468
17.5561	0.0016441
17.5572	0.0016455
17.5652	0.001646
17.5732	0.0016458
17.5812	0.001646
17.5893	0.001646
17.5973	0.001646
17.6053	0.0016457
17.61	0.0016458
17.618	0.001646
17.6261	0.0016464
17.6341	0.0016458
17.6421	0.0016462
17.6502	0.0016464
17.6548	0.0016464
17.6662	0.0016457
17.671	0.0016455
17.679	0.0016455
17.6835	0.001646
17.6951	0.0016455
17.6996	0.0016458
17.7078	0.0016455
17.7158	0.0016455
17.7238	0.0016455
17.7319	0.0016455
17.7398	0.0016457
17.7478	0.0016458
17.7526	0.0016451
17.7606	0.0016455
17.772	0.0016451
17.7767	0.0016453
17.7847	0.0016451
17.7928	0.0016451
17.7974	0.0016451
17.8054	0.0016451
17.8135	0.0016451
17.8215	0.0016453
17.8295	0.0016449
17.8342	0.0016453
17.8422	0.0016449
17.8502	0.0016451
17.8584	0.0016445
17.8663	0.0016453
17.8745	0.0016445
17.879	0.0016451
17.8904	0.0016449
17.8951	0.0016453
17.9065	0.0016447
17.9112	0.0016445
17.9193	0.0016443
17.9238	0.0016447
17.9353	0.0016441
17.94	0.0016445
17.948	0.0016445
17.9561	0.0016445
17.9641	0.001644
17.9721	0.0016443
17.9768	0.0016443
17.9848	0.0016441
17.9929	0.0016436
17.9975	0.0016443
18.0055	0.0016441
18.0136	0.001644
18.0216	0.001644
18.0297	0.001643
18.0344	0.0016434
18.0423	0.0016441
18.0503	0.0016438
18.0584	0.001644
18.063	0.001644
18.071	0.0016438
18.0792	0.0016434
18.0872	0.0016436
18.0919	0.0016432
18.0998	0.0016438
18.1079	0.0016436
18.1159	0.001644
18.124	0.0016434
18.132	0.0016432
18.1402	0.0016426
18.1447	0.0016428
18.1528	0.0016434
18.1608	0.0016434
18.1688	0.001643
18.1735	0.001643
18.1815	0.001643
18.1895	0.001643
18.1977	0.0016426
18.2057	0.0016426
18.2103	0.0016424
18.2183	0.001643
18.2264	0.0016422
18.2345	0.0016426
18.2425	0.0016426
18.2505	0.0016426
18.2586	0.0016422
18.2666	0.0016421
18.2712	0.0016421
18.2793	0.0016424
18.2873	0.0016422
18.2953	0.0016422
18.3034	0.0016422
18.3114	0.0016426
18.3161	0.0016421
18.3275	0.0016421
18.3321	0.0016421
18.3402	0.0016426
18.3482	0.0016422
18.3562	0.0016424
18.3644	0.0016411
18.3689	0.0016419
18.3769	0.0016422
18.385	0.0016419
18.393	0.0016422
18.4011	0.0016421
18.4092	0.0016413
18.4172	0.0016415
18.4253	0.0016413
18.4333	0.0016413
18.4413	0.0016413
