 -1.97561000e+01 -3.25092956e-06
 -1.97346000e+01 -2.16184226e-06
 -1.97131000e+01 -1.17275955e-06
 -1.96881000e+01 -1.08545985e-06
 -1.96665000e+01 -1.09643792e-06
 -1.96416000e+01 -5.09098955e-07
 -1.96166000e+01 -5.21817057e-07
 -1.95916000e+01 -9.34541400e-07
 -1.95666000e+01 -3.47271990e-07
 -1.95382000e+01 -5.61741530e-07
 -1.95166000e+01 -5.72751945e-07
 -1.94916000e+01 -5.85501326e-07
 -1.94666000e+01 -5.98256986e-07
 -1.94416000e+01 -6.11018933e-07
 -1.94166000e+01 -6.23787176e-07
 -1.93916000e+01 -6.36561721e-07
 -1.93666000e+01 -4.49342578e-07
 -1.93416000e+01 -6.62129754e-07
 -1.93166000e+01 -6.74923256e-07
 -1.92916000e+01 -4.87723094e-07
 -1.92666000e+01 -7.00529276e-07
 -1.92417000e+01 -1.13290545e-07
 -1.92166000e+01 -3.26160700e-07
 -1.91916000e+01 -5.38985959e-07
 -1.91666000e+01 -5.51817593e-07
 -1.91416000e+01 -3.64655611e-07
 -1.91167000e+01 -1.77448631e-07
 -1.90916000e+01 -3.90350831e-07
 -1.90666000e+01 -6.03208049e-07
 -1.90416000e+01 -6.16071683e-07
 -1.90167000e+01 -2.28890248e-07
 -1.89916000e+01 -4.41818232e-07
 -1.89666000e+01 -6.54701164e-07
 -1.89313000e+01 -1.97290285e-06
 -1.89166000e+01 -1.08048638e-06
 -1.88916000e+01 -4.93388689e-07
 -1.88666000e+01 -5.06297467e-07
 -1.88416000e+01 -5.19212728e-07
 -1.88166000e+01 -9.32134480e-07
 -1.87916000e+01 -5.45062730e-07
 -1.87666000e+01 -5.57997488e-07
 -1.87417000e+01 -3.70886984e-07
 -1.87167000e+01 -3.83834756e-07
 -1.86917000e+01 -3.96789061e-07
 -1.86667000e+01 -4.09749906e-07
 -1.86417000e+01 -4.22717302e-07
 -1.86167000e+01 -4.35691255e-07
 -1.85917000e+01 -4.48671775e-07
 -1.85666000e+01 -8.61710831e-07
 -1.85417000e+01 -4.74652548e-07
 -1.85200000e+01 -6.85936405e-07
 -1.84917000e+01 -3.00659690e-07
 -1.84667000e+01 -3.13673170e-07
 -1.84417000e+01 -3.26693268e-07
 -1.84167000e+01 -5.39719993e-07
 -1.83917000e+01 -3.52753353e-07
 -1.83667000e+01 -3.65793357e-07
 -1.83417000e+01 -1.78840014e-07
 -1.83167000e+01 -1.91893331e-07
 -1.82917000e+01 -4.04953319e-07
 -1.82667000e+01 -2.18019985e-07
 -1.82417000e+01 -4.31093338e-07
 -1.82167000e+01 -4.44173388e-07
 -1.81917000e+01 -2.57260143e-07
 -1.81667000e+01 -4.70353611e-07
 -1.81417000e+01 -4.83453802e-07
 -1.81167000e+01 -4.96560724e-07
 -1.80917000e+01 -3.09674387e-07
 -1.80667000e+01 -2.27947988e-08
 -1.80417000e+01 -7.35921969e-07
 -1.80167000e+01 -3.49055906e-07
 -1.79917000e+01 -5.62196618e-07
 -1.79667000e+01 -1.75344116e-07
 -1.79417000e+01 -5.88498408e-07
 -1.79167000e+01 -2.01659502e-07
 -1.78917000e+01 -1.14827408e-07
 -1.78667000e+01 -1.28002136e-07
 -1.78417000e+01 -1.41183693e-07
 -1.78167000e+01 -4.54372089e-07
 -1.77917000e+01 -2.67567333e-07
 -1.77667000e+01 -1.80769435e-07
 -1.77417000e+01 -1.93978403e-07
 -1.77167000e+01 -5.07194247e-07
 -1.76918000e+01 -2.03640701e-08
 -1.76667000e+01 -3.33646597e-07
 -1.76417000e+01 -3.46883122e-07
 -1.76167000e+01 -2.60126560e-07
 -1.75917000e+01 -3.73376919e-07
 -1.75667000e+01 -2.86634209e-07
 -1.75417000e+01 -3.99898439e-07
 -1.75168000e+01 -1.13116520e-07
 -1.74917000e+01 -3.26447756e-07
 -1.74667000e+01 -4.39732863e-07
 -1.74417000e+01 -3.53024947e-07
 -1.74167000e+01 -3.66324018e-07
 -1.73917000e+01 -3.79630085e-07
 -1.73667000e+01 -3.92943157e-07
 -1.73383000e+01 -9.08075320e-07
 -1.73168000e+01 -2.19537036e-07
 -1.72918000e+01 -3.28711543e-08
 -1.72668000e+01 -4.62123166e-08
 -1.72417000e+01 -4.59613939e-07
 -1.72167000e+01 -4.72969245e-07
 -1.71918000e+01 -2.86278161e-07
 -1.71668000e+01 -2.99647593e-07
 -1.71418000e+01 -3.13024117e-07
 -1.71168000e+01 -3.26407742e-07
 -1.70917000e+01 -5.39852055e-07
 -1.70668000e+01 -3.53196334e-07
 -1.70418000e+01 -1.66601320e-07
 -1.70168000e+01 -1.80013447e-07
 -1.69918000e+01 6.56727749e-09
 -1.69668000e+01 -6.85915794e-09
 -1.69418000e+01 -2.02927626e-08
 -1.69168000e+01 -2.33733546e-07
 -1.68918000e+01 -4.71815188e-08
 -1.68702000e+01 -2.58806363e-07
 -1.68418000e+01 1.25900930e-07
 -1.68168000e+01 -4.87568668e-07
 -1.67918000e+01 -5.01045495e-07
 -1.67668000e+01 -1.14529560e-07
 -1.67418000e+01 -3.28020873e-07
 -1.67168000e+01 -1.41519445e-07
 -1.66918000e+01 4.49747156e-08
 -1.66668000e+01 -1.68538403e-07
 -1.66418000e+01 -1.82058809e-07
 -1.66168000e+01 -1.95586514e-07
 -1.65918000e+01 -4.09121528e-07
 -1.65668000e+01 -2.22663860e-07
 -1.65418000e+01 -2.36213521e-07
 -1.65168000e+01 -2.49770521e-07
 -1.64918000e+01 -2.63334870e-07
 -1.64668000e+01 1.23093422e-07
 -1.64418000e+01 -4.90485656e-07
 -1.64168000e+01 9.59278859e-08
 -1.63918000e+01 8.23340379e-08
 -1.63668000e+01 -3.31267211e-07
 -1.63418000e+01 -3.44875870e-07
 -1.63168000e+01 -3.58491950e-07
 -1.62952000e+01 2.97377730e-08
 -1.62668000e+01 -1.85746415e-07
 -1.62419000e+01 2.00669747e-07
 -1.62168000e+01 -1.30306895e-08
 -1.61918000e+01 -4.26684031e-07
 -1.61668000e+01 -2.40344857e-07
 -1.61418000e+01 -5.40131762e-08
 -1.61168000e+01 -4.67689001e-07
 -1.60918000e+01 -2.81372340e-07
 -1.60669000e+01 1.04991573e-07
 -1.60418000e+01 -3.08761607e-07
 -1.60168000e+01 -3.22467556e-07
 -1.59919000e+01 6.38738061e-08
 -1.59668000e+01 -3.49902138e-07
 -1.59418000e+01 -1.63630792e-07
 -1.59168000e+01 -1.77367037e-07
 -1.58918000e+01 -1.91110881e-07
 -1.58668000e+01 -2.04862337e-07
 -1.58418000e+01 -2.18621416e-07
 -1.58168000e+01 -4.32388127e-07
 -1.57918000e+01 -2.46162482e-07
 -1.57668000e+01 -2.59944492e-07
 -1.57350000e+01 -1.07748629e-06
 -1.57169000e+01 -8.74763155e-08
 -1.56918000e+01 -5.01336560e-07
 -1.56668000e+01 -3.15149298e-07
 -1.56419000e+01 7.10855512e-08
 -1.56168000e+01 -3.42797914e-07
 -1.55919000e+01 4.34215449e-08
 -1.55669000e+01 2.95779334e-08
 -1.55418000e+01 -5.84328853e-07
 -1.55202000e+01 -3.96302712e-07
 -1.54919000e+01 -2.11999468e-07
 -1.54669000e+01 -2.58741614e-08
 -1.54419000e+01 -3.97566531e-08
 -1.54203000e+01 -5.17574142e-08
 -1.53919000e+01 -2.67545077e-07
 -1.53668000e+01 -4.81506671e-07
 -1.53418000e+01 -4.95420500e-07
 -1.53169000e+01 9.07135185e-08
 -1.52919000e+01 7.67839996e-08
 -1.52703000e+01 -3.35257448e-07
 -1.52419000e+01 -1.51098682e-07
 -1.52169000e+01 3.49481320e-08
 -1.51919000e+01 2.09870342e-08
 -1.51669000e+01 -3.92981987e-07
 -1.51419000e+01 -4.06958943e-07
 -1.51203000e+01 -2.19041431e-07
 -1.50919000e+01 -2.34936706e-07
 -1.50669000e+01 -4.89375363e-08
 -1.50419000e+01 3.70536521e-08
 -1.50169000e+01 -7.69631524e-08
 -1.49919000e+01 -2.90987961e-07
 -1.49669000e+01 -3.05020787e-07
 -1.49419000e+01 -1.19061640e-07
 -1.49203000e+01 -1.31199412e-07
 -1.48919000e+01 -3.47167479e-07
 -1.48703000e+01 -1.59319172e-07
 -1.48453000e+01 -7.33911571e-08
 -1.48169000e+01 -8.93867425e-08
 -1.47919000e+01 -2.03476013e-07
 -1.47669000e+01 -6.17573394e-07
 -1.47419000e+01 -1.31678898e-07
 -1.47203000e+01 5.61273955e-08
 -1.46919000e+01 -1.59914324e-07
 -1.46669000e+01 -1.74044270e-07
 -1.46419000e+01 1.18176134e-08
 -1.46169000e+01 -2.32868658e-09
 -1.45919000e+01 -2.16483182e-07
 -1.45669000e+01 -2.30645885e-07
 -1.45419000e+01 -4.48168080e-08
 -1.45169000e+01 -2.58995963e-07
 -1.44953000e+01 -2.71253391e-07
 -1.44670000e+01 1.12677781e-07
 -1.44453000e+01 -2.99650722e-07
 -1.44170000e+01 8.42617172e-08
 -1.43919000e+01 -3.30015648e-07
 -1.43669000e+01 -3.44244453e-07
 -1.43419000e+01 -3.58481577e-07
 -1.43170000e+01 2.73299668e-08
 -1.42953000e+01 -1.85041823e-07
 -1.42670000e+01 -1.18591854e-09
 -1.42453000e+01 -2.13572223e-07
 -1.42169000e+01 -2.29792410e-07
 -1.41919000e+01 -2.44079707e-07
 -1.41669000e+01 -2.58375411e-07
 -1.41385000e+01 -7.74625545e-07
 -1.41170000e+01 1.13065180e-07
 -1.40920000e+01 -1.01255785e-07
 -1.40670000e+01 -1.15585207e-07
 -1.40454000e+01 7.20273524e-08
 -1.40170000e+01 5.57305263e-08
 -1.39919000e+01 -3.58681781e-07
 -1.39704000e+01 -1.71033803e-07
 -1.39420000e+01 1.26403769e-08
 -1.39170000e+01 -2.01740058e-07
 -1.38953000e+01 -6.14229204e-07
 -1.38670000e+01 -2.30526582e-07
 -1.38454000e+01 -2.42972962e-07
 -1.38170000e+01 -5.93474009e-08
 -1.37920000e+01 -7.37707031e-08
 -1.37670000e+01 -8.82026181e-08
 -1.37420000e+01 -1.02643159e-07
 -1.37204000e+01 -1.15126743e-07
 -1.36919000e+01 -5.31608021e-07
 -1.36670000e+01 -1.46016670e-07
 -1.36420000e+01 -1.60491848e-07
 -1.36170000e+01 -3.74975718e-07
 -1.35920000e+01 1.05317066e-08
 -1.35704000e+01 -2.01996899e-07
 -1.35420000e+01 -1.84796157e-08
 -1.35170000e+01 -4.32998389e-07
 -1.34954000e+01 -2.45549663e-07
 -1.34670000e+01 -6.20622286e-08
 -1.34420000e+01 1.23392678e-07
 -1.34170000e+01 -9.11612150e-08
 -1.33954000e+01 -1.03742876e-07
 -1.33670000e+01 -1.20295457e-07
 -1.33420000e+01 -1.34875834e-07
 -1.33170000e+01 -1.49465065e-07
 -1.32954000e+01 3.79226974e-08
 -1.32704000e+01 -1.76683077e-07
 -1.32454000e+01 2.08702254e-07
 -1.32170000e+01 -7.91081905e-09
 -1.31920000e+01 -2.22544534e-07
 -1.31704000e+01 -3.51952602e-08
 -1.31420000e+01 -2.51838792e-07
 -1.31204000e+01 -6.45049987e-08
 -1.30954000e+01 1.20826671e-07
 -1.30704000e+01 -9.38506513e-08
 -1.30454000e+01 9.14630194e-08
 -1.30204000e+01 7.67676691e-08
 -1.29954000e+01 -3.37936716e-07
 -1.29671000e+01 2.45406999e-07
 -1.29454000e+01 -1.67372649e-07
 -1.29204000e+01 -1.82104225e-07
 -1.28954000e+01 -1.96844894e-07
 -1.28704000e+01 -1.15946691e-08
 -1.28420000e+01 -2.83614807e-08
 -1.28204000e+01 -4.41121597e-07
 -1.27920000e+01 -5.79091833e-08
 -1.27670000e+01 -2.72696777e-07
 -1.27454000e+01 -2.85480651e-07
 -1.27204000e+01 -1.00285370e-07
 -1.26955000e+01 8.49599766e-08
 -1.26705000e+01 7.01368630e-08
 -1.26454000e+01 -1.44754836e-07
 -1.26204000e+01 -3.59596477e-07
 -1.25920000e+01 -1.76467826e-07
 -1.25705000e+01 4.10751884e-07
 -1.25351000e+01 -1.51030600e-06
 -1.25204000e+01 -4.19055862e-07
 -1.24921000e+01 -3.59099185e-08
 -1.24670000e+01 -2.50868234e-07
 -1.24454000e+01 -2.63748281e-07
 -1.24204000e+01 -2.78664478e-07
 -1.23954000e+01 -2.93590061e-07
 -1.23705000e+01 -1.08465289e-07
 -1.23455000e+01 -1.23409654e-07
 -1.23205000e+01 6.16365478e-08
 -1.22921000e+01 -1.55362430e-07
 -1.22671000e+01 2.29663573e-07
 -1.22454000e+01 -3.83341542e-07
 -1.22205000e+01 1.72672483e-09
 -1.21921000e+01 -1.53153627e-08
 -1.21671000e+01 -3.03273742e-08
 -1.21420000e+01 -4.45409033e-07
 -1.21205000e+01 -5.83352462e-08
 -1.20955000e+01 2.26625372e-07
 -1.20705000e+01 -8.84235971e-08
 -1.20455000e+01 1.96517831e-07
 -1.20171000e+01 1.79399624e-07
 -1.19921000e+01 -1.35679511e-07
 -1.19671000e+01 -3.50768298e-07
 -1.19455000e+01 -1.63812795e-07
 -1.19205000e+01 -3.78919616e-07
 -1.18955000e+01 1.05963866e-07
 -1.18671000e+01 -2.11220284e-07
 -1.18455000e+01 -2.42983260e-08
 -1.18171000e+01 -2.41504602e-07
 -1.17921000e+01 -5.66613984e-08
 -1.17671000e+01 -7.18279747e-08
 -1.17421000e+01 -2.87004347e-07
 -1.17205000e+01 -1.24633279e-10
 -1.16955000e+01 -1.53193086e-08
 -1.16705000e+01 -1.30523826e-07
 -1.16455000e+01 1.54261797e-07
 -1.16205000e+01 -6.09624550e-08
 -1.15921000e+01 -7.82692072e-08
 -1.15705000e+01 -9.14406505e-08
 -1.15421000e+01 -1.08769935e-07
 -1.15205000e+01 -1.21958545e-07
 -1.14955000e+01 6.27675798e-08
 -1.14671000e+01 -1.54595645e-07
 -1.14456000e+01 2.32251084e-07
 -1.14205000e+01 -1.83113961e-07
 -1.13955000e+01 1.57216545e-09
 -1.13671000e+01 -1.58365791e-08
 -1.13421000e+01 -3.11719222e-08
 -1.13206000e+01 1.55631623e-07
 -1.12921000e+01 -3.61872858e-07
 -1.12705000e+01 -2.75148165e-07
 -1.12455000e+01 -9.05225424e-08
 -1.12205000e+01 -1.05907063e-07
 -1.11955000e+01 -1.21301744e-07
 -1.11706000e+01 6.33550362e-08
 -1.11455000e+01 -1.52121658e-07
 -1.11205000e+01 -1.67546924e-07
 -1.10955000e+01 -1.82982421e-07
 -1.10705000e+01 -1.98428164e-07
 -1.10422000e+01 -1.59251330e-08
 -1.10172000e+01 -3.13927816e-08
 -1.09956000e+01 -4.47651249e-08
 -1.09706000e+01 -6.02519903e-08
 -1.09421000e+01 -4.77919624e-07
 -1.09205000e+01 -2.91318794e-07
 -1.08956000e+01 2.93225335e-07
 -1.08672000e+01 -1.24415629e-07
 -1.08456000e+01 6.21583080e-08
 -1.08206000e+01 2.46609168e-07
 -1.07956000e+01 -1.68950413e-07
 -1.07672000e+01 -1.86638788e-07
 -1.07422000e+01 -2.02220732e-07
 -1.07172000e+01 1.82186825e-07
 -1.06956000e+01 -3.12935127e-08
 -1.06672000e+01 -4.90296265e-08
 -1.06456000e+01 -2.62528181e-07
 -1.06172000e+01 1.19711712e-07
 -1.05956000e+01 -9.38051231e-08
 -1.05672000e+01 8.84106932e-08
 -1.05422000e+01 -3.27255746e-07
 -1.05172000e+01 -1.42932829e-07
 -1.04956000e+01 4.35135849e-08
 -1.04706000e+01 4.27816611e-07
 -1.04456000e+01 1.21089386e-08
 -1.04206000e+01 -3.60944970e-09
 -1.03956000e+01 -2.19338573e-07
 -1.03706000e+01 -2.35078451e-07
 -1.03456000e+01 -5.08291007e-08
 -1.03206000e+01 -2.66590542e-07
 -1.02956000e+01 -8.23627949e-08
 -1.02706000e+01 3.01854123e-07
 -1.02456000e+01 8.60601924e-08
 -1.02172000e+01 6.81051008e-08
 -1.01956000e+01 -1.45560291e-07
 -1.01672000e+01 -1.63540143e-07
 -1.01422000e+01 -3.79379147e-07
 -1.01206000e+01 6.92713807e-09
 -1.00956000e+01 1.91067712e-07
 -1.00706000e+01 1.75197302e-07
 -1.00456000e+01 1.59315890e-07
 -1.00206000e+01 -5.65765457e-08
 -9.99565000e+00 1.27551795e-07
 -9.97062000e+00 -8.83818269e-08
 -9.94563000e+00 -1.04301067e-07
 -9.92065000e+00 7.97749777e-08
 -9.89565000e+00 6.38271560e-08
 -9.87065000e+00 4.78681931e-08
 -9.84567000e+00 2.31910850e-07
 -9.82063000e+00 -1.84096025e-07
 -9.79565000e+00 -7.57419365e-11
 -9.77065000e+00 -1.60794694e-08
 -9.74565000e+00 -3.20944382e-08
 -9.71725000e+00 -5.03011072e-08
 -9.69567000e+00 1.35854653e-07
 -9.67065000e+00 -8.02069963e-08
 -9.64565000e+00 -9.62671339e-08
 -9.62067000e+00 8.76742469e-08
 -9.59569000e+00 2.71604282e-07
 -9.57065000e+00 -1.44515689e-07
 -9.54567000e+00 3.93915663e-08
 -9.52069000e+00 2.23287414e-07
 -9.49567000e+00 7.14601841e-09
 -9.47062000e+00 -4.09026238e-07
 -9.44567000e+00 -2.51453989e-08
 -9.42067000e+00 -4.13083610e-08
 -9.39569000e+00 1.42530091e-07
 -9.37069000e+00 1.26344057e-07
 -9.33874000e+00 -1.29435854e-06
 -9.32063000e+00 -5.06101666e-07
 -9.29572000e+00 3.77735906e-07
 -9.27067000e+00 -1.38529008e-07
 -9.24567000e+00 -1.54773126e-07
 -9.22071000e+00 2.28997095e-07
 -9.19569000e+00 1.27165964e-08
 -9.17067000e+00 -2.03575643e-07
 -9.14567000e+00 -2.19866607e-07
 -9.12072000e+00 2.63863280e-07
 -9.09571000e+00 1.47542258e-07
 -9.07067000e+00 -2.68810181e-07
 -9.04574000e+00 4.14897424e-07
 -9.02072000e+00 1.98534362e-07
 -8.99569000e+00 -1.17847142e-07
 -8.97069000e+00 -1.34220916e-07
 -8.94569000e+00 -1.50606609e-07
 -8.92071000e+00 3.30088790e-08
 -8.89569000e+00 -1.83413843e-07
 -8.87071000e+00 1.77713965e-10
 -8.84571000e+00 -1.62558705e-08
 -8.82071000e+00 -3.27014862e-08
 -8.79572000e+00 5.08474297e-08
 -8.77072000e+00 3.43776884e-08
 -8.74569000e+00 -2.82123938e-07
 -8.72072000e+00 1.40188537e-09
 -8.69572000e+00 -1.51042220e-08
 -8.67072000e+00 -3.16224972e-08
 -8.64574000e+00 1.51860266e-07
 -8.62072000e+00 -6.46956428e-08
 -8.59574000e+00 1.18762689e-07
 -8.57071000e+00 -1.97824366e-07
 -8.54232000e+00 -1.16652954e-07
 -8.51732000e+00 -1.33246396e-07
 -8.49572000e+00 -1.47593061e-07
 -8.47076000e+00 2.35817084e-07
 -8.44574000e+00 1.91749673e-08
 -8.42072000e+00 -1.97479570e-07
 -8.39576000e+00 1.85893432e-07
 -8.37072000e+00 -2.30799326e-07
 -8.34574000e+00 -4.74645526e-08
 -8.32076000e+00 1.35857745e-07
 -8.29576000e+00 1.19154174e-07
 -8.27076000e+00 1.02438059e-07
 -8.24574000e+00 -1.14304012e-07
 -8.22078000e+00 2.68981498e-07
 -8.19572000e+00 -3.47812609e-07
 -8.17074000e+00 -1.64565745e-07
 -8.14576000e+00 1.86684740e-08
 -8.12076000e+00 1.87658417e-09
 -8.09574000e+00 -2.14941469e-07
 -8.07080000e+00 3.68281553e-07
 -8.04576000e+00 -4.85754729e-08
 -8.02078000e+00 1.34595109e-07
 -7.99578000e+00 1.17739408e-07
 -7.96734000e+00 -3.01451250e-07
 -7.94576000e+00 -1.16024047e-07
 -7.92076000e+00 -1.32918351e-07
 -7.89580000e+00 2.50201493e-07
 -7.87078000e+00 3.32678147e-08
 -7.84580000e+00 2.16348254e-07
 -7.82078000e+00 -6.11401228e-10
 -7.79578000e+00 -1.75705206e-08
 -7.77078000e+00 -3.45426817e-08
 -7.74236000e+00 -2.53852507e-07
 -7.72078000e+00 -6.85262321e-08
 -7.69582000e+00 3.14489556e-07
 -7.67080000e+00 9.74513658e-08
 -7.64582000e+00 2.80427255e-07
 -7.62080000e+00 6.33626753e-08
 -7.59578000e+00 -1.53715149e-07
 -7.57080000e+00 2.92210911e-08
 -7.54576000e+00 -3.87896958e-07
 -7.52082000e+00 1.95040091e-07
 -7.49582000e+00 1.77922777e-07
 -7.47080000e+00 -3.92216028e-08
 -7.44580000e+00 -5.63656657e-08
 -7.42076000e+00 -4.73550601e-07
 -7.39580000e+00 -9.06940461e-08
 -7.37082000e+00 9.21353355e-08
 -7.34580000e+00 -1.25076279e-07
 -7.32082000e+00 5.77261168e-08
 -7.29585000e+00 2.40521882e-07
 -7.27080000e+00 -1.76751076e-07
 -7.24582000e+00 6.01063647e-09
 -7.22082000e+00 -1.12550739e-08
 -7.19582000e+00 -2.85344385e-08
 -7.17082000e+00 -4.58274853e-08
 -7.14585000e+00 1.36886535e-07
 -7.12085000e+00 1.19566057e-07
 -7.09585000e+00 1.02231814e-07
 -7.07087000e+00 2.84897661e-07
 -7.04585000e+00 6.75219180e-08
 -7.02082000e+00 -1.49874650e-07
 -6.99585000e+00 3.27566223e-08
 -6.97082000e+00 -1.84667764e-07
 -6.94587000e+00 1.97949639e-07
 -6.92082000e+00 -2.19516619e-07
 -6.89589000e+00 3.63086845e-07
 -6.87085000e+00 -5.44004857e-08
 -6.84589000e+00 3.28154026e-07
 -6.82085000e+00 -8.93614790e-08
 -6.79585000e+00 -1.06863124e-07
 -6.77087000e+00 7.56351126e-08
 -6.74587000e+00 5.81051750e-08
 -6.72087000e+00 4.05610414e-08
 -6.69589000e+00 2.23016734e-07
 -6.67087000e+00 5.43006768e-09
 -6.64590000e+00 2.87864281e-07
 -6.62087000e+00 -2.97580455e-08
 -6.59589000e+00 1.52640494e-07
 -6.57087000e+00 -6.50035366e-08
 -6.54589000e+00 1.17366247e-07
 -6.52087000e+00 -1.00306646e-07
 -6.49589000e+00 8.20342615e-08
 -6.47087000e+00 -1.35667615e-07
 -6.44590000e+00 1.46651378e-07
 -6.42089000e+00 2.89274914e-08
 -6.39589000e+00 1.11961014e-08
 -6.37092000e+00 2.93471398e-07
 -6.34590000e+00 7.56965443e-08
 -6.32087000e+00 -2.42100125e-07
 -6.29592000e+00 2.40145411e-07
 -6.27089000e+00 -7.76807356e-08
 -6.24590000e+00 4.50683254e-09
 -6.22090000e+00 -1.33275290e-08
 -6.19590000e+00 -3.11767268e-08
 -6.17090000e+00 -4.90407927e-08
 -6.13554000e+00 -1.57433318e-06
 -6.12087000e+00 -3.84835137e-07
 -6.09589000e+00 -2.02729683e-07
 -6.07090000e+00 -1.20646372e-07
 -6.04594000e+00 2.61443458e-07
 -6.02092000e+00 4.34751682e-08
 -5.99590000e+00 -1.74508238e-07
 -5.97090000e+00 -1.92492400e-07
 -5.94590000e+00 -2.10491719e-07
 -5.92090000e+00 -2.28506230e-07
 -5.89594000e+00 1.53492897e-07
 -5.87096000e+00 3.35462373e-07
 -5.84592000e+00 -8.26267778e-08
 -5.82094000e+00 9.93120992e-08
 -5.79592000e+00 -1.18793313e-07
 -5.77094000e+00 6.31148434e-08
 -5.74592000e+00 -1.55021406e-07
 -5.72096000e+00 2.26870412e-07
 -5.69594000e+00 8.70320335e-09
 -5.67094000e+00 -9.46501345e-09
 -5.64596000e+00 1.72365765e-07
 -5.62096000e+00 1.54166409e-07
 -5.59596000e+00 1.35951427e-07
 -5.57094000e+00 -8.22938064e-08
 -5.54594000e+00 -1.00540158e-07
 -5.52096000e+00 8.12123764e-08
 -5.49596000e+00 6.29345422e-08
 -5.47094000e+00 -1.55373733e-07
 -5.44596000e+00 2.63314386e-08
 -5.42096000e+00 8.00609919e-09
 -5.39592000e+00 -4.10364504e-07
 -5.37096000e+00 -2.86923313e-08
 -5.34596000e+00 -4.70654934e-08
 -5.32098000e+00 1.34560050e-07
 -5.29596000e+00 -8.38598892e-08
 -5.27094000e+00 -3.02295938e-07
 -5.24596000e+00 -1.20718620e-07
 -5.22100000e+00 2.60857338e-07
 -5.19596000e+00 -1.57641974e-07
 -5.17094000e+00 -3.76142771e-07
 -5.14600000e+00 2.05399374e-07
 -5.12442000e+00 3.89415132e-07
 -5.09596000e+00 -2.31683719e-07
 -5.07096000e+00 -2.50235002e-07
 -5.04600000e+00 1.31227023e-07
 -5.02102000e+00 3.12657778e-07
 -4.99598000e+00 -1.05972590e-07
 -4.97102000e+00 2.75440066e-07
 -4.94602000e+00 2.56806385e-07
 -4.92100000e+00 3.81411772e-08
 -4.89604000e+00 4.19504125e-07
 -4.87102000e+00 2.00805590e-07
 -4.84600000e+00 -1.79096864e-08
 -4.82100000e+00 -3.66267619e-08
 -4.79602000e+00 1.44654365e-07
 -4.77100000e+00 -7.41113251e-08
 -4.74598000e+00 -2.92893911e-07
 -4.72102000e+00 8.83516716e-08
 -4.69602000e+00 6.95502661e-08
 -4.67104000e+00 2.50746936e-07
 -4.64602000e+00 3.18964586e-08
 -4.62102000e+00 1.30439777e-08
 -4.59604000e+00 1.94189495e-07
 -4.57102000e+00 -2.47123362e-08
 -4.54260000e+00 -2.46203643e-07
 -4.52104000e+00 1.37477758e-07
 -4.49600000e+00 -2.81490945e-07
 -4.47109000e+00 4.99621607e-07
 -4.44602000e+00 -1.19404544e-07
 -4.42100000e+00 -3.38410180e-07
 -4.39604000e+00 4.26123691e-08
 -4.37102000e+00 -1.76428175e-07
 -4.34602000e+00 -1.95471015e-07
 -4.32449000e+00 3.88115227e-07
 -4.29604000e+00 -3.35941183e-08
 -4.27102000e+00 -2.52705003e-07
 -4.24604000e+00 -7.18029957e-08
 -4.22109000e+00 3.09104291e-07
 -4.19609000e+00 2.89955574e-07
 -4.17104000e+00 -1.29249295e-07
 -4.14607000e+00 5.15893396e-08
 -4.12109000e+00 2.32402446e-07
 -4.09607000e+00 1.31668856e-08
 -4.07109000e+00 1.93944120e-07
 -4.04609000e+00 1.74687955e-07
 -4.02107000e+00 -4.46016939e-08
 -3.99610000e+00 2.36129129e-07
 -3.97109000e+00 1.16810938e-07
 -3.94607000e+00 -1.02533191e-07
 -3.92110000e+00 1.78143130e-07
 -3.89609000e+00 5.87702181e-08
 -3.87110000e+00 1.39394485e-07
 -3.84950000e+00 1.22632367e-07
 -3.82110000e+00 1.00572376e-07
 -3.79949000e+00 -1.62293664e-08
 -3.77109000e+00 -3.83313413e-08
 -3.74607000e+00 -2.57822697e-07
 -3.72110000e+00 2.27063332e-08
 -3.69950000e+00 5.84820838e-09
 -3.67450000e+00 -1.36809178e-08
 -3.64950000e+00 -3.32287655e-08
 -3.62110000e+00 -5.54578928e-08
 -3.59612000e+00 1.24969794e-07
 -3.57110000e+00 -9.46527419e-08
 -3.54610000e+00 -1.14278513e-07
 -3.52452000e+00 6.87652768e-08
 -3.49612000e+00 4.64287575e-08
 -3.47110000e+00 -1.73269773e-07
 -3.44956000e+00 4.09756217e-07
 -3.42112000e+00 -1.26769228e-08
 -3.39612000e+00 -3.24171458e-08
 -3.37112000e+00 -5.21766132e-08
 -3.34612000e+00 -7.19553732e-08
 -3.32454000e+00 1.10956050e-07
 -3.29952000e+00 -1.08874645e-07
 -3.27116000e+00 2.68623862e-07
 -3.24618000e+00 4.48783371e-07
 -3.22112000e+00 -1.71140259e-07
 -3.19954000e+00 1.16870715e-08
 -3.17116000e+00 1.89080912e-07
 -3.14614000e+00 -3.08698679e-08
 -3.12112000e+00 -2.50840414e-07
 -3.09956000e+00 1.31934861e-07
 -3.07114000e+00 -9.07929956e-08
 -3.04954000e+00 -1.08083990e-07
 -3.02116000e+00 6.91749452e-08
 -2.99616000e+00 4.91209591e-08
 -2.97114000e+00 -1.70969132e-07
 -2.94264000e+00 -1.09387805e-06
 -2.92118000e+00 1.88854667e-07
 -2.89616000e+00 -3.12958800e-08
 -2.87116000e+00 -5.14505718e-08
 -2.84616000e+00 -7.16255604e-08
 -2.82118000e+00 1.08195266e-07
 -2.79616000e+00 -1.12036638e-07
 -2.77118000e+00 6.77433643e-08
 -2.74618000e+00 4.74866782e-08
 -2.72460000e+00 2.29984574e-07
 -2.69618000e+00 6.91156921e-09
 -2.67118000e+00 -1.34069610e-08
 -2.64958000e+00 -3.09788557e-08
 -2.62460000e+00 1.48680238e-07
 -2.59618000e+00 -7.44871027e-08
 -2.57118000e+00 -9.48888484e-08
 -2.54620000e+00 8.47048120e-08
 -2.52122000e+00 2.64277510e-07
 -2.49960000e+00 4.65808711e-08
 -2.47120000e+00 2.33106084e-08
 -2.44626000e+00 6.02852866e-07
 -2.42118000e+00 -2.17741011e-07
 -2.39620000e+00 -3.82740578e-08
 -2.37122000e+00 1.41171598e-07
 -2.34620000e+00 -7.94370645e-08
 -2.32458000e+00 -2.97262487e-07
 -2.29962000e+00 8.21383077e-08
 -2.27118000e+00 -3.41359091e-07
 -2.24960000e+00 -1.59207355e-07
 -2.22122000e+00 1.72956917e-08
 -2.19964000e+00 1.99409993e-07
 -2.17122000e+00 -2.41695299e-08
 -2.14620000e+00 -2.44951509e-07
 -2.12462000e+00 -6.28937987e-08
 -2.09964000e+00 1.16316608e-07
 -2.07464000e+00 9.54883584e-08
 -2.04960000e+00 -3.25395350e-07
 -2.02464000e+00 5.37655564e-08
 -1.99624000e+00 3.00274902e-08
 -1.97462000e+00 -1.88062792e-07
 -1.94962000e+00 -2.09002067e-07
 -1.92469000e+00 3.70094999e-07
 -1.89964000e+00 -5.09310310e-08
 -1.87469000e+00 3.28104413e-07
 -1.84969000e+00 3.07075299e-07
 -1.82464000e+00 -1.14018572e-07
 -1.79966000e+00 6.49238130e-08
 -1.77466000e+00 4.38265921e-08
 -1.74624000e+00 -1.80184447e-07
 -1.72466000e+00 1.56363060e-09
 -1.69969000e+00 1.80423176e-07
 -1.67129000e+00 1.56350862e-07
 -1.64969000e+00 1.38022404e-07
 -1.62469000e+00 1.16787343e-07
 -1.59629000e+00 9.26361593e-08
 -1.57130000e+00 1.71359977e-07
 -1.54626000e+00 -1.49982168e-07
 -1.52129000e+00 2.87119647e-08
 -1.49969000e+00 1.02626916e-08
 -1.47129000e+00 -1.40214238e-08
 -1.44970000e+00 6.74971408e-08
 -1.42472000e+00 2.46091777e-07
 -1.39969000e+00 -7.53801955e-08
 -1.37129000e+00 -9.97720149e-08
 -1.34622000e+00 -7.21329409e-07
 -1.32470000e+00 -3.98534023e-08
 -1.29630000e+00 -6.43267957e-08
 -1.27472000e+00 1.17056099e-07
 -1.24969000e+00 -2.04559861e-07
 -1.22470000e+00 -1.26165486e-07
 -1.19632000e+00 4.92685695e-08
 -1.17130000e+00 -1.72414966e-07
 -1.14970000e+00 -1.91154242e-07
 -1.12474000e+00 1.87168711e-07
 -1.09974000e+00 1.65432384e-07
 -1.07132000e+00 -5.93073944e-08
 -1.04974000e+00 1.21885761e-07
 -1.02474000e+00 1.00075321e-07
 -9.99717000e-01 -1.21780066e-07
 -9.74738000e-01 5.63780758e-08
 -9.49717000e-01 -1.65525522e-07
 -9.24738000e-01 1.25826006e-08
 -8.99738000e-01 -9.35281113e-09
 -8.74717000e-01 -2.31331895e-07
 -8.49738000e-01 -5.32993530e-08
 -8.21338000e-01 -7.83061296e-08
 -7.99738000e-01 -9.73473502e-08
 -7.74717000e-01 -3.19428125e-07
 -7.49759000e-01 5.85211601e-08
 -7.24801000e-01 4.36444866e-07
 -6.99759000e-01 1.42684844e-08
 -6.74738000e-01 -2.07915174e-07
 -6.49738000e-01 -2.30106121e-07
 -6.24801000e-01 3.47732978e-07
 -5.99759000e-01 -7.45473203e-08
 -5.74759000e-01 -9.68164026e-08
 -5.46359000e-01 -1.22145883e-07
 -5.24801000e-01 2.58604248e-07
 -4.99759000e-01 -1.63781222e-07
 -4.74801000e-01 2.13881993e-07
 -4.49801000e-01 1.91481114e-07
 -4.24780000e-01 -3.09652246e-08
 -3.99801000e-01 1.46599448e-07
 -3.74780000e-01 -7.59003966e-08
 -3.49780000e-01 -9.84082215e-08
 -3.24780000e-01 -1.20942982e-07
 -2.99822000e-01 2.56533166e-07
 -2.74822000e-01 2.33944332e-07
 -2.49801000e-01 1.13093042e-08
 -2.24780000e-01 -2.11353038e-07
 -1.99801000e-01 -3.40046694e-08
 -1.71422000e-01 1.40227245e-07
 -1.49822000e-01 1.20590707e-07
 -1.24822000e-01 9.78374975e-08
 -9.98223000e-02 7.50568673e-08
 -7.48642000e-02 4.52286434e-07
 -4.98223000e-02 2.94116307e-08
 -2.48642000e-02 4.06585468e-07
 1.56766000e-04 1.83673754e-07
 2.51568000e-02 1.60753065e-07
 5.01568000e-02 1.37804187e-07
 7.51358000e-02 3.14846312e-07
 1.00157000e-01 9.18212300e-08
 1.25136000e-01 2.68806516e-07
 1.50157000e-01 4.57245021e-08
 1.75136000e-01 2.22652587e-07
 2.00136000e-01 1.99532527e-07
 2.25157000e-01 -2.36358448e-08
 3.18330000e-01 -2.71016580e-06
 2.82502000e-01 -5.27684438e-06
 3.03756000e-01 -1.99660417e-06
 3.25262000e-01 -1.11661976e-06
 3.50157000e-01 -1.39816588e-07
 3.78525000e-01 1.33714932e-07
 4.00178000e-01 -3.86513759e-07
 4.25136000e-01 -9.85760679e-09
 4.50104000e-01 2.66759572e-07
 4.75104000e-01 2.43317002e-07
 5.00083000e-01 4.19864266e-07
 5.25125000e-01 -3.67767846e-09
 5.50083000e-01 3.72829304e-07
 5.75104000e-01 1.49246781e-07
 6.00104000e-01 1.25653747e-07
 6.25104000e-01 1.02030323e-07
 6.50062000e-01 4.78416172e-07
 6.75062000e-01 4.54731717e-07
 7.00083000e-01 2.30996635e-07
 7.25104000e-01 7.23070571e-09
 7.50062000e-01 3.83493783e-07
 7.75083000e-01 1.59665929e-07
 8.00083000e-01 1.35826956e-07
 8.25062000e-01 3.11976838e-07
 8.50062000e-01 2.88075369e-07
 8.75083000e-01 6.41223631e-08
 9.00041000e-01 4.40198210e-07
 9.25062000e-01 2.16182021e-07
 9.49999000e-01 7.92214827e-07
 9.75083000e-01 -3.19256175e-08
 9.96683000e-01 -5.27388891e-08
 1.02500000e+00 7.19939238e-07
 1.05006000e+00 9.57254832e-08
 1.07166000e+00 7.48288632e-08
 1.09662000e+00 4.50651550e-07
 1.12504000e+00 2.23083297e-07
 1.14664000e+00 2.02102466e-07
 1.17158000e+00 7.77846993e-07
 1.20002000e+00 3.50147711e-07
 1.22500000e+00 5.25783136e-07
 1.25000000e+00 5.01365996e-07
 1.27162000e+00 2.80223298e-07
 1.29662000e+00 2.55744180e-07
 1.32500000e+00 4.27914997e-07
 1.34658000e+00 6.06724920e-07
 1.37500000e+00 3.78780183e-07
 1.39656000e+00 7.57551623e-07
 1.42498000e+00 5.29530018e-07
 1.44998000e+00 5.04844141e-07
 1.47158000e+00 4.83488064e-07
 1.49662000e+00 5.86988433e-08
 1.52158000e+00 4.33954520e-07
 1.54994000e+00 8.05797859e-07
 1.57498000e+00 3.80900369e-07
 1.59660000e+00 1.59375380e-07
 1.62493000e+00 8.31130413e-07
 1.64656000e+00 5.09535095e-07
 1.67496000e+00 4.81140720e-07
 1.69656000e+00 4.59514557e-07
 1.72494000e+00 6.31060048e-07
 1.74656000e+00 4.09352596e-07
 1.77494000e+00 5.80817359e-07
 1.79653000e+00 6.59078410e-07
 1.82153000e+00 6.33872504e-07
 1.85340000e+00 -9.83122060e-08
 1.87494000e+00 4.79901816e-07
 1.89653000e+00 5.58038236e-07
 1.92493000e+00 5.29237004e-07
 1.94993000e+00 5.03844773e-07
 1.97153000e+00 4.81876347e-07
 1.99651000e+00 6.56436000e-07
 2.02153000e+00 4.30917943e-07
 2.04648000e+00 8.05434294e-07
 2.07151000e+00 5.79831685e-07
 2.09646000e+00 9.54273637e-07
 2.12153000e+00 3.28555045e-07
 2.14646000e+00 9.02942540e-07
 2.17148000e+00 6.77199798e-07
 2.19646000e+00 8.51460317e-07
 2.22148000e+00 6.25641522e-07
 2.24644000e+00 9.99846507e-07
 2.27148000e+00 5.73930398e-07
 2.29646000e+00 7.48037899e-07
 2.32146000e+00 7.22086035e-07
 2.34644000e+00 8.96116181e-07
 2.37144000e+00 8.70086602e-07
 2.39646000e+00 6.43997056e-07
 2.42146000e+00 6.17889102e-07
 2.44646000e+00 5.91741748e-07
 2.47144000e+00 7.65575808e-07
 2.49644000e+00 7.39349229e-07
 2.52146000e+00 5.13061761e-07
 2.54644000e+00 6.86776335e-07
 2.57140000e+00 1.06047190e-06
 2.59640000e+00 1.03408500e-06
 2.62142000e+00 8.07636469e-07
 2.64982000e+00 7.77565606e-07
 2.67140000e+00 9.54680769e-07
 2.69638000e+00 1.12815222e-06
 2.72140000e+00 9.01540035e-07
 2.74638000e+00 1.07492913e-06
 2.77138000e+00 1.04825548e-06
 2.79636000e+00 1.22156159e-06
 2.82138000e+00 9.94783127e-07
 2.84636000e+00 1.16800555e-06
 2.87138000e+00 9.41142939e-07
 2.89295000e+00 1.21795040e-06
 2.92135000e+00 1.18736589e-06
 2.94636000e+00 1.06038658e-06
 2.97138000e+00 8.33353605e-07
 2.99633000e+00 1.30635338e-06
 3.02135000e+00 1.07923424e-06
 3.04635000e+00 1.05209341e-06
 3.07133000e+00 1.22493083e-06
 3.09631000e+00 1.39772462e-06
 3.12133000e+00 1.17043093e-06
 3.14628000e+00 1.54316966e-06
 3.17133000e+00 1.11575479e-06
 3.19633000e+00 1.08835017e-06
 3.22128000e+00 1.46095588e-06
 3.24628000e+00 1.43346194e-06
 3.27128000e+00 1.40592301e-06
 3.29291000e+00 1.18205989e-06
 3.32128000e+00 1.35070944e-06
 3.34631000e+00 1.12300118e-06
 3.37126000e+00 1.49533584e-06
 3.39624000e+00 1.66759139e-06
 3.42128000e+00 1.23973407e-06
 3.45316000e+00 5.04199874e-07
 3.47128000e+00 1.18396916e-06
 3.49286000e+00 1.35984336e-06
 3.52124000e+00 1.52806214e-06
 3.54286000e+00 1.30381033e-06
 3.57122000e+00 1.67194438e-06
 3.59280000e+00 1.84765563e-06
 3.62122000e+00 1.61561403e-06
 3.64620000e+00 1.78739962e-06
 3.67122000e+00 1.55909183e-06
 3.69278000e+00 1.93465984e-06
 3.72118000e+00 1.90242156e-06
 3.74622000e+00 1.47394515e-06
 3.77118000e+00 1.84551077e-06
 3.79616000e+00 2.01700447e-06
 3.82118000e+00 1.78840302e-06
 3.84616000e+00 1.95979767e-06
 3.86775000e+00 2.03503417e-06
 3.89275000e+00 2.00631276e-06
 3.91775000e+00 1.97754104e-06
 3.94615000e+00 1.94479502e-06
 3.96776000e+00 1.81983417e-06
 3.99273000e+00 2.09094485e-06
 4.01771000e+00 2.26199282e-06
 4.04271000e+00 2.23296616e-06
 4.06771000e+00 2.20388781e-06
 4.09271000e+00 2.17475752e-06
 4.11771000e+00 2.14557506e-06
 4.14269000e+00 2.31636360e-06
 4.17109000e+00 2.28308893e-06
 4.19266000e+00 2.45777096e-06
 4.22109000e+00 2.22434056e-06
 4.24606000e+00 2.39492173e-06
 4.26766000e+00 2.36943015e-06
 4.29264000e+00 2.53989943e-06
 4.31760000e+00 2.91033836e-06
 4.34262000e+00 2.68065181e-06
 4.36764000e+00 2.45091052e-06
 4.39256000e+00 3.22123343e-06
 4.42102000e+00 2.58727350e-06
 4.44260000e+00 2.76147524e-06
 4.46760000e+00 2.73153657e-06
 4.49256000e+00 3.10158997e-06
 4.51758000e+00 2.87151513e-06
 4.54258000e+00 2.84140779e-06
 4.56756000e+00 3.01126783e-06
 4.59255000e+00 3.08105881e-06
 4.61756000e+00 2.95076826e-06
 4.64256000e+00 2.92043220e-06
 4.66751000e+00 3.39009909e-06
 4.69251000e+00 3.35964708e-06
 4.71753000e+00 3.12911218e-06
 4.74251000e+00 3.29856739e-06
 4.76751000e+00 3.26793913e-06
 4.79249000e+00 3.43727611e-06
 4.81749000e+00 3.40652894e-06
 4.84247000e+00 3.57574652e-06
 4.86751000e+00 3.14482981e-06
 4.88904000e+00 3.71819834e-06
 4.91747000e+00 3.48296282e-06
 4.94247000e+00 3.45191305e-06
 4.96404000e+00 3.62507394e-06
 4.99244000e+00 3.58966630e-06
 5.01744000e+00 3.55843132e-06
 5.04587000e+00 3.32283506e-06
 5.06742000e+00 3.69579898e-06
 5.09240000e+00 3.86440107e-06
 5.11738000e+00 4.03293991e-06
 5.14240000e+00 3.80136462e-06
 5.16740000e+00 3.76975054e-06
 5.18895000e+00 4.24244756e-06
 5.21740000e+00 3.70632896e-06
 5.24237000e+00 3.97455901e-06
 5.26737000e+00 3.94268556e-06
 5.28893000e+00 4.31514513e-06
 5.31737000e+00 3.87874116e-06
 5.33893000e+00 4.25108652e-06
 5.36729000e+00 4.61463404e-06
 5.39231000e+00 4.38240292e-06
 5.41735000e+00 3.95007836e-06
 5.44231000e+00 4.31778934e-06
 5.46391000e+00 4.28979204e-06
 5.49227000e+00 4.65295491e-06
 5.51389000e+00 4.42481286e-06
 5.53887000e+00 4.59223268e-06
 5.56385000e+00 4.75958294e-06
 5.58885000e+00 4.72683705e-06
 5.61385000e+00 4.69402073e-06
 5.63882000e+00 4.86117310e-06
 5.66378000e+00 5.22826763e-06
 5.68878000e+00 5.19523787e-06
 5.71380000e+00 4.96210960e-06
 5.73880000e+00 4.92893538e-06
 5.76380000e+00 4.89568834e-06
 5.78877000e+00 5.16240810e-06
 5.81377000e+00 5.12901429e-06
 5.84218000e+00 4.99097563e-06
 5.86377000e+00 5.06200405e-06
 5.88531000e+00 5.63304390e-06
 5.91373000e+00 5.39474816e-06
 5.93873000e+00 5.36097992e-06
 5.96029000e+00 5.73179700e-06
 5.98867000e+00 5.89329587e-06
 6.01369000e+00 5.65927063e-06
 6.03867000e+00 5.82522231e-06
 6.06029000e+00 5.59569089e-06
 6.08522000e+00 6.16156545e-06
 6.11365000e+00 5.92255330e-06
 6.13520000e+00 6.29291365e-06
 6.16360000e+00 6.25376196e-06
 6.18522000e+00 6.02388759e-06
 6.21359000e+00 6.28459444e-06
 6.23859000e+00 6.24988207e-06
 6.26017000e+00 6.41985260e-06
 6.28515000e+00 6.58501536e-06
 6.31013000e+00 6.75009554e-06
 6.33513000e+00 6.71506457e-06
 6.36011000e+00 6.87997799e-06
 6.38509000e+00 7.04480730e-06
 6.41009000e+00 7.00952372e-06
 6.43505000e+00 7.37421151e-06
 6.46003000e+00 7.53878536e-06
 6.48497000e+00 8.00332993e-06
 6.50999000e+00 7.76767388e-06
 6.53491000e+00 8.53207328e-06
 6.55993000e+00 8.29624187e-06
 6.58159000e+00 8.66515075e-06
 6.60989000e+00 8.62442771e-06
 6.64523000e+00 7.27341282e-06
 6.65655000e+00 8.95703373e-06
 6.68145000e+00 9.82093996e-06
 6.70647000e+00 9.58458098e-06
 6.73137000e+00 1.05483050e-05
 6.75632000e+00 1.10118641e-05
 6.78130000e+00 1.11752864e-05
 6.80623000e+00 1.17386887e-05
 6.82779000e+00 1.21069625e-05
 6.85270000e+00 1.29702188e-05
 6.87763000e+00 1.35333507e-05
 6.89917000e+00 1.41014190e-05
 6.92410000e+00 1.47643721e-05
 6.94905000e+00 1.51271986e-05
 6.97399000e+00 1.56899424e-05
 6.99894000e+00 1.61525731e-05
 7.02039000e+00 1.75203668e-05
 7.04537000e+00 1.76827677e-05
 7.07028000e+00 1.85451740e-05
 7.09176000e+00 1.96126760e-05
 7.11666000e+00 2.05749096e-05
 7.14156000e+00 2.14370414e-05
 7.16306000e+00 2.24042615e-05
 7.18796000e+00 2.32662018e-05
 7.21282000e+00 2.46280996e-05
 7.23435000e+00 2.51950171e-05
 7.25920000e+00 2.66567353e-05
 7.28411000e+00 2.74182552e-05
 7.30553000e+00 2.90850811e-05
 7.33040000e+00 3.03464640e-05
 7.35529000e+00 3.13077079e-05
 7.37671000e+00 3.29742679e-05
 7.40158000e+00 3.42353402e-05
 7.42640000e+00 3.58963809e-05
 7.44782000e+00 3.75626698e-05
 7.47269000e+00 3.87234252e-05
 7.49747000e+00 4.07842108e-05
 7.52238000e+00 4.16446774e-05
 7.54378000e+00 4.35106233e-05
 7.56860000e+00 4.51710203e-05
 7.59342000e+00 4.68313022e-05
 7.61827000e+00 4.82914198e-05
 7.63963000e+00 5.05570449e-05
 7.66447000e+00 5.20169601e-05
 7.68925000e+00 5.40768538e-05
 7.71065000e+00 5.59421221e-05
 7.73203000e+00 5.80073337e-05
 7.75689000e+00 5.92667699e-05
 7.78165000e+00 6.15262475e-05
 7.80315000e+00 6.33909614e-05
 7.82115000e+00 6.52613480e-05
 7.84593000e+00 6.73204732e-05
 7.87071000e+00 6.93794734e-05
 7.88873000e+00 7.10495793e-05
 7.91350000e+00 7.32083779e-05
 7.93484000e+00 7.56727795e-05
 7.95620000e+00 7.79370522e-05
 7.97760000e+00 7.98011616e-05
 7.99895000e+00 8.21652579e-05
 8.02031000e+00 8.44292398e-05
 8.04507000e+00 8.66873656e-05
 8.06647000e+00 8.85510666e-05
 8.08779000e+00 9.11148038e-05
 8.11259000e+00 9.29724960e-05
 8.13737000e+00 9.50300859e-05
 8.15529000e+00 9.76993309e-05
 8.18000000e+00 1.00456804e-04
 8.20146000e+00 1.02719758e-04
 8.22278000e+00 1.05282849e-04
 8.24754000e+00 1.07539854e-04
 8.26886000e+00 1.10202718e-04
 8.29023000e+00 1.12365389e-04
 8.30814000e+00 1.15034020e-04
 8.32950000e+00 1.17296510e-04
 8.34737000e+00 1.20465044e-04
 8.37213000e+00 1.22721320e-04
 8.39345000e+00 1.25283551e-04
 8.41139000e+00 1.27751684e-04
 8.43265000e+00 1.30913817e-04
 8.45741000e+00 1.33169575e-04
 8.47872000e+00 1.35931375e-04
 8.50000000e+00 1.38993115e-04
 8.52472000e+00 1.41548525e-04
 8.54612000e+00 1.44409798e-04
 8.56740000e+00 1.47371170e-04
 8.58876000e+00 1.49632279e-04
 8.61003000e+00 1.52793433e-04
 8.63133000e+00 1.55554412e-04
 8.64923000e+00 1.58421526e-04
 8.67056000e+00 1.60982227e-04
 8.68838000e+00 1.64549300e-04
 8.70974000e+00 1.66809719e-04
 8.73100000e+00 1.69970198e-04
 8.75226000e+00 1.73230553e-04
 8.77354000e+00 1.76190744e-04
 8.79495000e+00 1.78950563e-04
 8.81624000e+00 1.81810479e-04
 8.83744000e+00 1.85570436e-04
 8.85531000e+00 1.88736582e-04
 8.87661000e+00 1.91496109e-04
 8.89784000e+00 1.95055636e-04
 8.91573000e+00 1.97921428e-04
 8.93356000e+00 2.01487240e-04
 8.95482000e+00 2.04646351e-04
 8.97269000e+00 2.07711876e-04
 8.99062000e+00 2.11277188e-04
 9.01524000e+00 2.14829397e-04
 9.03650000e+00 2.17987978e-04
 9.05775000e+00 2.21346437e-04
 9.07905000e+00 2.24104655e-04
 9.10021000e+00 2.28263006e-04
 9.12148000e+00 2.31420995e-04
 9.14270000e+00 2.34978938e-04
 9.15708000e+00 2.38950354e-04
 9.17492000e+00 2.42314798e-04
 9.19280000e+00 2.46279057e-04
 9.21067000e+00 2.49443229e-04
 9.23191000e+00 2.52800506e-04
 9.25309000e+00 2.56757751e-04
 9.27431000e+00 2.60314762e-04
 9.29549000e+00 2.64271698e-04
 9.31334000e+00 2.67635285e-04
 9.33114000e+00 2.71398862e-04
 9.34892000e+00 2.75362368e-04
 9.36682000e+00 2.79125513e-04
 9.38464000e+00 2.82688710e-04
 9.40244000e+00 2.86451833e-04
 9.42022000e+00 2.90414882e-04
 9.44835000e+00 2.92956183e-04
 9.46264000e+00 2.97826251e-04
 9.48038000e+00 3.02188986e-04
 9.50154000e+00 3.06344382e-04
 9.51936000e+00 3.09906686e-04
 9.53386000e+00 3.13675922e-04
 9.55163000e+00 3.17738110e-04
 9.56601000e+00 3.21707421e-04
 9.58719000e+00 3.25662071e-04
 9.60833000e+00 3.30016629e-04
 9.62271000e+00 3.33985616e-04
 9.64392000e+00 3.37639720e-04
 9.65494000e+00 3.42215802e-04
 9.67272000e+00 3.46177105e-04
 9.69050000e+00 3.50138279e-04
 9.70829000e+00 3.53999297e-04
 9.72943000e+00 3.58352803e-04
 9.75057000e+00 3.62706117e-04
 9.76834000e+00 3.66766726e-04
 9.78618000e+00 3.71127041e-04
 9.80051000e+00 3.75495063e-04
 9.81833000e+00 3.79155171e-04
 9.83266000e+00 3.83522989e-04
 9.85382000e+00 3.87675300e-04
 9.86815000e+00 3.92142888e-04
 9.88605000e+00 3.95902271e-04
 9.90037000e+00 4.00469670e-04
 9.91815000e+00 4.04429060e-04
 9.93246000e+00 4.09096268e-04
 9.95024000e+00 4.13055390e-04
 9.96799000e+00 4.17314430e-04
 9.98580000e+00 4.21873179e-04
 1.00036000e+01 4.25631797e-04
 1.00146000e+01 4.29906147e-04
 1.00289000e+01 4.34672712e-04
 1.00466000e+01 4.38931186e-04
 1.00643000e+01 4.43289503e-04
 1.00822000e+01 4.47747188e-04
 1.00999000e+01 4.52305184e-04
 1.01143000e+01 4.56070892e-04
 1.01286000e+01 4.60436731e-04
 1.01430000e+01 4.64902222e-04
 1.01608000e+01 4.69559414e-04
 1.01785000e+01 4.73516678e-04
 1.01963000e+01 4.77873530e-04
 1.02140000e+01 4.82330452e-04
 1.02317000e+01 4.86887202e-04
 1.02427000e+01 4.90660235e-04
 1.02571000e+01 4.95324831e-04
 1.02748000e+01 5.00181152e-04
 1.02891000e+01 5.04945732e-04
 1.03069000e+01 5.08501479e-04
 1.03213000e+01 5.12965544e-04
 1.03356000e+01 5.17529737e-04
 1.03500000e+01 5.21893558e-04
 1.03678000e+01 5.26148664e-04
 1.03821000e+01 5.30712460e-04
 1.03964000e+01 5.34976130e-04
 1.04108000e+01 5.39139419e-04
 1.04252000e+01 5.44002580e-04
 1.04395000e+01 5.48165868e-04
 1.04539000e+01 5.52328768e-04
 1.04716000e+01 5.56982985e-04
 1.04860000e+01 5.60945589e-04
 1.05039000e+01 5.64898915e-04
 1.05147000e+01 5.70170652e-04
 1.05291000e+01 5.74232847e-04
 1.05468000e+01 5.78986189e-04
 1.05645000e+01 5.83139319e-04
 1.05790000e+01 5.87600762e-04
 1.05933000e+01 5.91762595e-04
 1.06077000e+01 5.96224017e-04
 1.06220000e+01 6.00785561e-04
 1.06363000e+01 6.05246960e-04
 1.06474000e+01 6.09416896e-04
 1.06617000e+01 6.13378033e-04
 1.06761000e+01 6.17838747e-04
 1.06870000e+01 6.22208907e-04
 1.07014000e+01 6.26569351e-04
 1.07159000e+01 6.30229362e-04
 1.07301000e+01 6.35190046e-04
 1.07444000e+01 6.40050296e-04
 1.07588000e+01 6.44410108e-04
 1.07732000e+01 6.48269758e-04
 1.07842000e+01 6.52638824e-04
 1.07985000e+01 6.57198466e-04
 1.08129000e+01 6.61057659e-04
 1.08274000e+01 6.65216397e-04
 1.08417000e+01 6.69575536e-04
 1.08594000e+01 6.74224722e-04
 1.08704000e+01 6.78393011e-04
 1.08847000e+01 6.82651632e-04
 1.08958000e+01 6.86619391e-04
 1.09135000e+01 6.90967759e-04
 1.09245000e+01 6.95435533e-04
 1.09388000e+01 6.99393478e-04
 1.09533000e+01 7.03150648e-04
 1.09642000e+01 7.07918327e-04
 1.09786000e+01 7.12375460e-04
 1.09930000e+01 7.16132401e-04
 1.10040000e+01 7.20299378e-04
 1.10183000e+01 7.24756278e-04
 1.10327000e+01 7.29312679e-04
 1.10437000e+01 7.32479240e-04
 1.10582000e+01 7.36934980e-04
 1.10691000e+01 7.41301572e-04
 1.10800000e+01 7.46168047e-04
 1.10979000e+01 7.49212731e-04
 1.11122000e+01 7.53868306e-04
 1.11266000e+01 7.58023357e-04
 1.11376000e+01 7.61988875e-04
 1.11520000e+01 7.65843542e-04
 1.11629000e+01 7.70209081e-04
 1.11774000e+01 7.74563039e-04
 1.11884000e+01 7.78427957e-04
 1.11993000e+01 7.82593063e-04
 1.12103000e+01 7.86758681e-04
 1.12247000e+01 7.90958681e-04
 1.12358000e+01 7.94658681e-04
 1.12467000e+01 7.98658681e-04
 1.12611000e+01 8.03058681e-04
 1.12756000e+01 8.06858681e-04
 1.12865000e+01 8.11058681e-04
 1.12975000e+01 8.15558681e-04
 1.13119000e+01 8.18958681e-04
 1.13230000e+01 8.22758681e-04
 1.13373000e+01 8.27158681e-04
 1.13518000e+01 8.30758681e-04
 1.13698000e+01 8.32258681e-04
 1.13740000e+01 8.37558681e-04
 1.13883000e+01 8.42058681e-04
 1.13992000e+01 8.46258681e-04
 1.14103000e+01 8.50058681e-04
 1.14213000e+01 8.54458681e-04
 1.14356000e+01 8.58558681e-04
 1.14501000e+01 8.62358681e-04
 1.14611000e+01 8.65958681e-04
 1.14755000e+01 8.70158681e-04
 1.14865000e+01 8.74358681e-04
 1.14975000e+01 8.78158681e-04
 1.15119000e+01 8.81758681e-04
 1.15230000e+01 8.86058681e-04
 1.15340000e+01 8.89458681e-04
 1.15484000e+01 8.92958681e-04
 1.15628000e+01 8.97258681e-04
 1.15739000e+01 9.01058681e-04
 1.15883000e+01 9.04658681e-04
 1.15993000e+01 9.08858681e-04
 1.16104000e+01 9.12658681e-04
 1.16214000e+01 9.16258681e-04
 1.16324000e+01 9.20058681e-04
 1.16434000e+01 9.23458681e-04
 1.16545000e+01 9.27658681e-04
 1.16689000e+01 9.31258681e-04
 1.16799000e+01 9.34858681e-04
 1.16909000e+01 9.38658681e-04
 1.17055000e+01 9.42358681e-04
 1.17131000e+01 9.45658681e-04
 1.17242000e+01 9.49058681e-04
 1.17386000e+01 9.53258681e-04
 1.17531000e+01 9.56258681e-04
 1.17641000e+01 9.60458681e-04
 1.17751000e+01 9.63858681e-04
 1.17895000e+01 9.67258681e-04
 1.18006000e+01 9.71458681e-04
 1.18116000e+01 9.75158681e-04
 1.18227000e+01 9.78458681e-04
 1.18338000e+01 9.82058681e-04
 1.18482000e+01 9.85458681e-04
 1.18592000e+01 9.89458681e-04
 1.18703000e+01 9.92458681e-04
 1.18814000e+01 9.95858681e-04
 1.18924000e+01 9.99658681e-04
 1.19035000e+01 1.00325868e-03
 1.19146000e+01 1.00665868e-03
 1.19257000e+01 1.00985868e-03
 1.19401000e+01 1.01335868e-03
 1.19511000e+01 1.01725868e-03
 1.19623000e+01 1.02055868e-03
 1.19767000e+01 1.02395868e-03
 1.19843000e+01 1.02755868e-03
 1.19988000e+01 1.03055868e-03
 1.20099000e+01 1.03395868e-03
 1.20210000e+01 1.03705868e-03
 1.20320000e+01 1.04065868e-03
 1.20398000e+01 1.04385868e-03
 1.20508000e+01 1.04765868e-03
 1.20653000e+01 1.05065868e-03
 1.20763000e+01 1.05405868e-03
 1.20875000e+01 1.05725868e-03
 1.20986000e+01 1.06055868e-03
 1.21130000e+01 1.06395868e-03
 1.21242000e+01 1.06605868e-03
 1.21353000e+01 1.06985868e-03
 1.21463000e+01 1.07355868e-03
 1.21573000e+01 1.07715868e-03
 1.21718000e+01 1.08025868e-03
 1.21796000e+01 1.08285868e-03
 1.21906000e+01 1.08645868e-03
 1.22051000e+01 1.08995868e-03
 1.22129000e+01 1.09295868e-03
 1.22273000e+01 1.09595868e-03
 1.22351000e+01 1.09865868e-03
 1.22462000e+01 1.10245868e-03
 1.22573000e+01 1.10505868e-03
 1.22684000e+01 1.10825868e-03
 1.22794000e+01 1.11155868e-03
 1.22906000e+01 1.11435868e-03
 1.23017000e+01 1.11755868e-03
 1.23127000e+01 1.12085868e-03
 1.23272000e+01 1.12385868e-03
 1.23384000e+01 1.12685868e-03
 1.23495000e+01 1.12935868e-03
 1.23572000e+01 1.13255868e-03
 1.23684000e+01 1.13555868e-03
 1.23795000e+01 1.13845868e-03
 1.23872000e+01 1.14145868e-03
 1.23983000e+01 1.14455868e-03
 1.24095000e+01 1.14735868e-03
 1.24206000e+01 1.14985868e-03
 1.24317000e+01 1.15285868e-03
 1.24428000e+01 1.15605868e-03
 1.24540000e+01 1.15875868e-03
 1.24616000e+01 1.16175868e-03
 1.24764000e+01 1.16325868e-03
 1.24840000e+01 1.16665868e-03
 1.24951000e+01 1.17025868e-03
 1.25062000e+01 1.17235868e-03
 1.25174000e+01 1.17555868e-03
 1.25285000e+01 1.17825868e-03
 1.25396000e+01 1.18095868e-03
 1.25509000e+01 1.18355868e-03
 1.25620000e+01 1.18605868e-03
 1.25697000e+01 1.18925868e-03
 1.25808000e+01 1.19195868e-03
 1.25920000e+01 1.19435868e-03
 1.26032000e+01 1.19685868e-03
 1.26142000e+01 1.19985868e-03
 1.26221000e+01 1.20215868e-03
 1.26366000e+01 1.20465868e-03
 1.26444000e+01 1.20705868e-03
 1.26556000e+01 1.21025868e-03
 1.26667000e+01 1.21275868e-03
 1.26779000e+01 1.21465868e-03
 1.26890000e+01 1.21745868e-03
 1.26968000e+01 1.22035868e-03
 1.27080000e+01 1.22225868e-03
 1.27157000e+01 1.22475868e-03
 1.27236000e+01 1.22695868e-03
 1.27347000e+01 1.22985868e-03
 1.27458000e+01 1.23245868e-03
 1.27537000e+01 1.23435868e-03
 1.27649000e+01 1.23685868e-03
 1.27760000e+01 1.23935868e-03
 1.27838000e+01 1.24175868e-03
 1.27951000e+01 1.24345868e-03
 1.28098000e+01 1.24365868e-03
 1.28141000e+01 1.24725868e-03
 1.28287000e+01 1.24995868e-03
 1.28365000e+01 1.25205868e-03
 1.28476000e+01 1.25445868e-03
 1.28588000e+01 1.25735868e-03
 1.28666000e+01 1.25955868e-03
 1.28778000e+01 1.26115868e-03
 1.28891000e+01 1.26355868e-03
 1.28968000e+01 1.26585868e-03
 1.29080000e+01 1.26815868e-03
 1.29192000e+01 1.27025868e-03
 1.29271000e+01 1.27225868e-03
 1.29383000e+01 1.27395868e-03
 1.29495000e+01 1.27605868e-03
 1.29607000e+01 1.27835868e-03
 1.29719000e+01 1.28045868e-03
 1.29796000e+01 1.28275868e-03
 1.29910000e+01 1.28465868e-03
 1.29987000e+01 1.28675868e-03
 1.30099000e+01 1.28875868e-03
 1.30179000e+01 1.29035868e-03
 1.30290000e+01 1.29255868e-03
 1.30402000e+01 1.29445868e-03
 1.30480000e+01 1.29615868e-03
 1.30559000e+01 1.29865868e-03
 1.30671000e+01 1.30075868e-03
 1.30783000e+01 1.30205868e-03
 1.30862000e+01 1.30395868e-03
 1.30975000e+01 1.30545868e-03
 1.31087000e+01 1.30735868e-03
 1.31166000e+01 1.30885868e-03
 1.31279000e+01 1.31025868e-03
 1.31390000e+01 1.31245868e-03
 1.31469000e+01 1.31455868e-03
 1.31581000e+01 1.31645868e-03
 1.31659000e+01 1.31815868e-03
 1.31772000e+01 1.31985868e-03
 1.31851000e+01 1.32135868e-03
 1.31963000e+01 1.32315868e-03
 1.32075000e+01 1.32505868e-03
 1.32155000e+01 1.32655868e-03
 1.32233000e+01 1.32845868e-03
 1.32345000e+01 1.32955868e-03
 1.32425000e+01 1.33125868e-03
 1.32571000e+01 1.33275868e-03
 1.32650000e+01 1.33415868e-03
 1.32762000e+01 1.33615868e-03
 1.32841000e+01 1.33785868e-03
 1.32953000e+01 1.33945868e-03
 1.32999000e+01 1.34035868e-03
 1.33145000e+01 1.34265868e-03
 1.33224000e+01 1.34375868e-03
 1.33303000e+01 1.34495868e-03
 1.33381000e+01 1.34685868e-03
 1.33528000e+01 1.34795868e-03
 1.33607000e+01 1.34925868e-03
 1.33686000e+01 1.35095868e-03
 1.33764000e+01 1.35285868e-03
 1.33911000e+01 1.35345868e-03
 1.33991000e+01 1.35515868e-03
 1.34069000e+01 1.35665868e-03
 1.34181000e+01 1.35815868e-03
 1.34262000e+01 1.35895868e-03
 1.34375000e+01 1.35985868e-03
 1.34453000e+01 1.36145868e-03
 1.34532000e+01 1.36315868e-03
 1.34645000e+01 1.36405868e-03
 1.34724000e+01 1.36555868e-03
 1.34803000e+01 1.36745868e-03
 1.34916000e+01 1.36845868e-03
 1.35029000e+01 1.36895868e-03
 1.35109000e+01 1.37035868e-03
 1.35221000e+01 1.37205868e-03
 1.35299000e+01 1.37335868e-03
 1.35380000e+01 1.37355868e-03
 1.35492000e+01 1.37585868e-03
 1.35571000e+01 1.37675868e-03
 1.35651000e+01 1.37735868e-03
 1.35764000e+01 1.37845868e-03
 1.35843000e+01 1.37965868e-03
 1.35922000e+01 1.38115868e-03
 1.36001000e+01 1.38205868e-03
 1.36114000e+01 1.38355868e-03
 1.36195000e+01 1.38355868e-03
 1.36273000e+01 1.38515868e-03
 1.36386000e+01 1.38625868e-03
 1.36501000e+01 1.38665868e-03
 1.36579000e+01 1.38815868e-03
 1.36658000e+01 1.38905868e-03
 1.36737000e+01 1.39075868e-03
 1.36851000e+01 1.39095868e-03
 1.36930000e+01 1.39195868e-03
 1.37044000e+01 1.39285868e-03
 1.37124000e+01 1.39325868e-03
 1.37202000e+01 1.39435868e-03
 1.37316000e+01 1.39515868e-03
 1.37361000e+01 1.39685868e-03
 1.37474000e+01 1.39745868e-03
 1.37554000e+01 1.39815868e-03
 1.37667000e+01 1.39935868e-03
 1.37746000e+01 1.40045868e-03
 1.37859000e+01 1.40105868e-03
 1.37940000e+01 1.40175868e-03
 1.38019000e+01 1.40275868e-03
 1.38099000e+01 1.40335868e-03
 1.38178000e+01 1.40405868e-03
 1.38257000e+01 1.40505868e-03
 1.38338000e+01 1.40525868e-03
 1.38417000e+01 1.40655868e-03
 1.38530000e+01 1.40745868e-03
 1.38610000e+01 1.40785868e-03
 1.38689000e+01 1.40885868e-03
 1.38769000e+01 1.40935868e-03
 1.38849000e+01 1.41015868e-03
 1.38962000e+01 1.41105868e-03
 1.39075000e+01 1.41205868e-03
 1.39122000e+01 1.41205868e-03
 1.39201000e+01 1.41275868e-03
 1.39280000e+01 1.41355868e-03
 1.39395000e+01 1.41375868e-03
 1.39474000e+01 1.41485868e-03
 1.39553000e+01 1.41565868e-03
 1.39668000e+01 1.41605868e-03
 1.39747000e+01 1.41675868e-03
 1.39826000e+01 1.41755868e-03
 1.39941000e+01 1.41805868e-03
 1.40021000e+01 1.41805868e-03
 1.40138000e+01 1.41505868e-03
 1.40182000e+01 1.41755868e-03
 1.40261000e+01 1.41905868e-03
 1.40340000e+01 1.41965868e-03
 1.40420000e+01 1.42055868e-03
 1.40533000e+01 1.42135868e-03
 1.40613000e+01 1.42185868e-03
 1.40693000e+01 1.42225868e-03
 1.40806000e+01 1.42305868e-03
 1.40852000e+01 1.42305868e-03
 1.40932000e+01 1.42435868e-03
 1.41046000e+01 1.42455868e-03
 1.41125000e+01 1.42515868e-03
 1.41240000e+01 1.42565868e-03
 1.41319000e+01 1.42605868e-03
 1.41399000e+01 1.42605868e-03
 1.41480000e+01 1.42645868e-03
 1.41559000e+01 1.42755868e-03
 1.41638000e+01 1.42835868e-03
 1.41753000e+01 1.42855868e-03
 1.41832000e+01 1.42895868e-03
 1.41912000e+01 1.42925868e-03
 1.41992000e+01 1.42985868e-03
 1.42072000e+01 1.42985868e-03
 1.42185000e+01 1.43065868e-03
 1.42266000e+01 1.43065868e-03
 1.42345000e+01 1.43195868e-03
 1.42459000e+01 1.43175868e-03
 1.42540000e+01 1.43155868e-03
 1.42620000e+01 1.43235868e-03
 1.42699000e+01 1.43325868e-03
 1.42813000e+01 1.43345868e-03
 1.42928000e+01 1.43255868e-03
 1.42973000e+01 1.43345868e-03
 1.43087000e+01 1.43475868e-03
 1.43201000e+01 1.43435868e-03
 1.43281000e+01 1.43495868e-03
 1.43396000e+01 1.43515868e-03
 1.43475000e+01 1.43595868e-03
 1.43555000e+01 1.43555868e-03
 1.43670000e+01 1.43595868e-03
 1.43783000e+01 1.43685868e-03
 1.43828000e+01 1.43725868e-03
 1.43943000e+01 1.43765868e-03
 1.44023000e+01 1.43725868e-03
 1.44069000e+01 1.43805868e-03
 1.44183000e+01 1.43855868e-03
 1.44263000e+01 1.43815868e-03
 1.44343000e+01 1.43875868e-03
 1.44423000e+01 1.43935868e-03
 1.44503000e+01 1.43935868e-03
 1.44582000e+01 1.44005868e-03
 1.44697000e+01 1.44005868e-03
 1.44777000e+01 1.44005868e-03
 1.44857000e+01 1.44045868e-03
 1.44938000e+01 1.44045868e-03
 1.45018000e+01 1.44045868e-03
 1.45098000e+01 1.44125868e-03
 1.45178000e+01 1.44145868e-03
 1.45258000e+01 1.44105868e-03
 1.45339000e+01 1.44195868e-03
 1.45452000e+01 1.44215868e-03
 1.45533000e+01 1.44195868e-03
 1.45613000e+01 1.44235868e-03
 1.45728000e+01 1.44175868e-03
 1.45807000e+01 1.44235868e-03
 1.45854000e+01 1.44275868e-03
 1.45967000e+01 1.44315868e-03
 1.46047000e+01 1.44365868e-03
 1.46127000e+01 1.44405868e-03
 1.46208000e+01 1.44365868e-03
 1.46321000e+01 1.44405868e-03
 1.46402000e+01 1.44445868e-03
 1.46481000e+01 1.44485868e-03
 1.46561000e+01 1.44525868e-03
 1.46642000e+01 1.44505868e-03
 1.46722000e+01 1.44505868e-03
 1.46802000e+01 1.44555868e-03
 1.46882000e+01 1.44595868e-03
 1.46997000e+01 1.44555868e-03
 1.47077000e+01 1.44575868e-03
 1.47157000e+01 1.44595868e-03
 1.47203000e+01 1.44655868e-03
 1.47316000e+01 1.44675868e-03
 1.47363000e+01 1.44675868e-03
 1.47443000e+01 1.44695868e-03
 1.47524000e+01 1.44745868e-03
 1.47604000e+01 1.44725868e-03
 1.47684000e+01 1.44715868e-03
 1.47765000e+01 1.44765868e-03
 1.47844000e+01 1.44785868e-03
 1.47958000e+01 1.44785868e-03
 1.48039000e+01 1.44805868e-03
 1.48120000e+01 1.44765868e-03
 1.48199000e+01 1.44845868e-03
 1.48280000e+01 1.44825868e-03
 1.48395000e+01 1.44725868e-03
 1.48440000e+01 1.44845868e-03
 1.48554000e+01 1.44885868e-03
 1.48634000e+01 1.44935868e-03
 1.48714000e+01 1.44915868e-03
 1.48795000e+01 1.44935868e-03
 1.48875000e+01 1.44955868e-03
 1.48989000e+01 1.44955868e-03
 1.49070000e+01 1.44955868e-03
 1.49149000e+01 1.45015868e-03
 1.49229000e+01 1.45015868e-03
 1.49310000e+01 1.44995868e-03
 1.49390000e+01 1.44995868e-03
 1.49470000e+01 1.45035868e-03
 1.49550000e+01 1.45055868e-03
 1.49631000e+01 1.45035868e-03
 1.49745000e+01 1.45035868e-03
 1.49791000e+01 1.45075868e-03
 1.49871000e+01 1.45085868e-03
 1.49986000e+01 1.45105868e-03
 1.50032000e+01 1.45125868e-03
 1.50146000e+01 1.45105868e-03
 1.50227000e+01 1.45105868e-03
 1.50307000e+01 1.45145868e-03
 1.50387000e+01 1.45125868e-03
 1.50467000e+01 1.45165868e-03
 1.50548000e+01 1.45145868e-03
 1.50661000e+01 1.45165868e-03
 1.50742000e+01 1.45205868e-03
 1.50822000e+01 1.45165868e-03
 1.50903000e+01 1.45145868e-03
 1.50983000e+01 1.45165868e-03
 1.51099000e+01 1.44975868e-03
 1.51144000e+01 1.45085868e-03
 1.51259000e+01 1.45145868e-03
 1.51339000e+01 1.45145868e-03
 1.51418000e+01 1.45185868e-03
 1.51499000e+01 1.45185868e-03
 1.51579000e+01 1.45185868e-03
 1.51659000e+01 1.45185868e-03
 1.51740000e+01 1.45205868e-03
 1.51820000e+01 1.45185868e-03
 1.51899000e+01 1.45265868e-03
 1.52015000e+01 1.45225868e-03
 1.52094000e+01 1.45245868e-03
 1.52174000e+01 1.45295868e-03
 1.52255000e+01 1.45295868e-03
 1.52370000e+01 1.45205868e-03
 1.52450000e+01 1.45225868e-03
 1.52530000e+01 1.45315868e-03
 1.52609000e+01 1.45375868e-03
 1.52691000e+01 1.45275868e-03
 1.52771000e+01 1.45265868e-03
 1.52885000e+01 1.45315868e-03
 1.52932000e+01 1.45275868e-03
 1.53046000e+01 1.45335868e-03
 1.53126000e+01 1.45335868e-03
 1.53207000e+01 1.45295868e-03
 1.53287000e+01 1.45315868e-03
 1.53367000e+01 1.45335868e-03
 1.53482000e+01 1.45295868e-03
 1.53528000e+01 1.45335868e-03
 1.53641000e+01 1.45375868e-03
 1.53757000e+01 1.45315868e-03
 1.53803000e+01 1.45245868e-03
 1.53883000e+01 1.45315868e-03
 1.53963000e+01 1.45375868e-03
 1.54044000e+01 1.45295868e-03
 1.54124000e+01 1.45335868e-03
 1.54204000e+01 1.45395868e-03
 1.54318000e+01 1.45395868e-03
 1.54398000e+01 1.45355868e-03
 1.54479000e+01 1.45355868e-03
 1.54560000e+01 1.45335868e-03
 1.54639000e+01 1.45435868e-03
 1.54755000e+01 1.45335868e-03
 1.54800000e+01 1.45375868e-03
 1.54914000e+01 1.45395868e-03
 1.54995000e+01 1.45395868e-03
 1.55075000e+01 1.45415868e-03
 1.55155000e+01 1.45395868e-03
 1.55236000e+01 1.45375868e-03
 1.55317000e+01 1.45335868e-03
 1.55429000e+01 1.45445868e-03
 1.55511000e+01 1.45415868e-03
 1.55591000e+01 1.45375868e-03
 1.55672000e+01 1.45415868e-03
 1.55786000e+01 1.45435868e-03
 1.55831000e+01 1.45435868e-03
 1.55914000e+01 1.45315868e-03
 1.55993000e+01 1.45375868e-03
 1.56073000e+01 1.45375868e-03
 1.56154000e+01 1.45415868e-03
 1.56234000e+01 1.45415868e-03
 1.56314000e+01 1.45375868e-03
 1.56395000e+01 1.45395868e-03
 1.56510000e+01 1.45275868e-03
 1.56556000e+01 1.45335868e-03
 1.56636000e+01 1.45375868e-03
 1.56716000e+01 1.45375868e-03
 1.56830000e+01 1.45415868e-03
 1.56911000e+01 1.45395868e-03
 1.56991000e+01 1.45395868e-03
 1.57071000e+01 1.45415868e-03
 1.57151000e+01 1.45435868e-03
 1.57232000e+01 1.45415868e-03
 1.57346000e+01 1.45415868e-03
 1.57427000e+01 1.45355868e-03
 1.57507000e+01 1.45415868e-03
 1.57588000e+01 1.45395868e-03
 1.57668000e+01 1.45375868e-03
 1.57748000e+01 1.45395868e-03
 1.57863000e+01 1.45375868e-03
 1.57909000e+01 1.45375868e-03
 1.58023000e+01 1.45415868e-03
 1.58104000e+01 1.45355868e-03
 1.58185000e+01 1.45335868e-03
 1.58264000e+01 1.45395868e-03
 1.58379000e+01 1.45415868e-03
 1.58426000e+01 1.45335868e-03
 1.58506000e+01 1.45335868e-03
 1.58586000e+01 1.45375868e-03
 1.58700000e+01 1.45375868e-03
 1.58780000e+01 1.45375868e-03
 1.58861000e+01 1.45415868e-03
 1.58942000e+01 1.45335868e-03
 1.59022000e+01 1.45335868e-03
 1.59137000e+01 1.45295868e-03
 1.59217000e+01 1.45335868e-03
 1.59297000e+01 1.45335868e-03
 1.59378000e+01 1.45335868e-03
 1.59458000e+01 1.45315868e-03
 1.59537000e+01 1.45355868e-03
 1.59653000e+01 1.45335868e-03
 1.59732000e+01 1.45395868e-03
 1.59812000e+01 1.45355868e-03
 1.59894000e+01 1.45335868e-03
 1.59974000e+01 1.45315868e-03
 1.60053000e+01 1.45355868e-03
 1.60135000e+01 1.45315868e-03
 1.60248000e+01 1.45355868e-03
 1.60329000e+01 1.45315868e-03
 1.60410000e+01 1.45315868e-03
 1.60490000e+01 1.45295868e-03
 1.60571000e+01 1.45265868e-03
 1.60650000e+01 1.45355868e-03
 1.60764000e+01 1.45375868e-03
 1.60845000e+01 1.45355868e-03
 1.60960000e+01 1.45295868e-03
 1.61006000e+01 1.45275868e-03
 1.61087000e+01 1.45275868e-03
 1.61201000e+01 1.45265868e-03
 1.61281000e+01 1.45275868e-03
 1.61362000e+01 1.45315868e-03
 1.61476000e+01 1.45295868e-03
 1.61522000e+01 1.45265868e-03
 1.61603000e+01 1.45335868e-03
 1.61717000e+01 1.45295868e-03
 1.61798000e+01 1.45205868e-03
 1.61878000e+01 1.45245868e-03
 1.62063000e+01 1.44960868e-03
 1.62010000e+01 1.44675868e-03
 1.62123000e+01 1.44895868e-03
 1.62237000e+01 1.44895868e-03
 1.62316000e+01 1.44995868e-03
 1.62430000e+01 1.45085868e-03
 1.62510000e+01 1.45125868e-03
 1.62624000e+01 1.45075868e-03
 1.62671000e+01 1.45075868e-03
 1.62785000e+01 1.45075868e-03
 1.62865000e+01 1.45145868e-03
 1.62946000e+01 1.45085868e-03
 1.63026000e+01 1.45145868e-03
 1.63140000e+01 1.45105868e-03
 1.63187000e+01 1.45075868e-03
 1.63267000e+01 1.45075868e-03
 1.63381000e+01 1.45085868e-03
 1.63462000e+01 1.45125868e-03
 1.63542000e+01 1.45125868e-03
 1.63622000e+01 1.45075868e-03
 1.63737000e+01 1.45125868e-03
 1.63817000e+01 1.45105868e-03
 1.63897000e+01 1.45075868e-03
 1.63978000e+01 1.45055868e-03
 1.64092000e+01 1.45075868e-03
 1.64172000e+01 1.45055868e-03
 1.64254000e+01 1.45035868e-03
 1.64333000e+01 1.45055868e-03
 1.64414000e+01 1.45015868e-03
 1.64495000e+01 1.44995868e-03
 1.64575000e+01 1.45035868e-03
 1.64689000e+01 1.44995868e-03
 1.64771000e+01 1.44895868e-03
 1.64885000e+01 1.44955868e-03
 1.64930000e+01 1.45035868e-03
 1.65012000e+01 1.44935868e-03
 1.65091000e+01 1.45015868e-03
 1.65205000e+01 1.45035868e-03
 1.65287000e+01 1.44955868e-03
 1.65367000e+01 1.44955868e-03
 1.65447000e+01 1.44975868e-03
 1.65527000e+01 1.44995868e-03
 1.65608000e+01 1.44955868e-03
 1.65688000e+01 1.44995868e-03
 1.65769000e+01 1.44895868e-03
 1.65849000e+01 1.44885868e-03
 1.65930000e+01 1.44955868e-03
 1.66044000e+01 1.44935868e-03
 1.66124000e+01 1.44935868e-03
 1.66205000e+01 1.44915868e-03
 1.66286000e+01 1.44845868e-03
 1.66365000e+01 1.44885868e-03
 1.66446000e+01 1.44935868e-03
 1.66560000e+01 1.44865868e-03
 1.66641000e+01 1.44805868e-03
 1.66721000e+01 1.44865868e-03
 1.66802000e+01 1.44845868e-03
 1.66916000e+01 1.44845868e-03
 1.66996000e+01 1.44865868e-03
 1.67078000e+01 1.44765868e-03
 1.67157000e+01 1.44825868e-03
 1.67238000e+01 1.44805868e-03
 1.67352000e+01 1.44785868e-03
 1.67432000e+01 1.44805868e-03
 1.67549000e+01 1.44655868e-03
 1.67594000e+01 1.44695868e-03
 1.67673000e+01 1.44785868e-03
 1.67755000e+01 1.44725868e-03
 1.67868000e+01 1.44785868e-03
 1.67949000e+01 1.44745868e-03
 1.68030000e+01 1.44725868e-03
 1.68144000e+01 1.44765868e-03
 1.68224000e+01 1.44725868e-03
 1.68305000e+01 1.44725868e-03
 1.68385000e+01 1.44725868e-03
 1.68465000e+01 1.44675868e-03
 1.68546000e+01 1.44695868e-03
 1.68660000e+01 1.44725868e-03
 1.68740000e+01 1.44695868e-03
 1.68822000e+01 1.44655868e-03
 1.68902000e+01 1.44635868e-03
 1.68982000e+01 1.44675868e-03
 1.69063000e+01 1.44595868e-03
 1.69143000e+01 1.44655868e-03
 1.69257000e+01 1.44675868e-03
 1.69338000e+01 1.44595868e-03
 1.69418000e+01 1.44595868e-03
 1.69500000e+01 1.44555868e-03
 1.69580000e+01 1.44555868e-03
 1.69693000e+01 1.44615868e-03
 1.69774000e+01 1.44635868e-03
 1.69855000e+01 1.44555868e-03
 1.69935000e+01 1.44535868e-03
 1.70050000e+01 1.44535868e-03
 1.70130000e+01 1.44505868e-03
 1.70210000e+01 1.44525868e-03
 1.70292000e+01 1.44425868e-03
 1.70372000e+01 1.44465868e-03
 1.70451000e+01 1.44485868e-03
 1.70566000e+01 1.44525868e-03
 1.70646000e+01 1.44485868e-03
 1.70726000e+01 1.44505868e-03
 1.70842000e+01 1.44465868e-03
 1.70921000e+01 1.44485868e-03
 1.71002000e+01 1.44465868e-03
 1.71116000e+01 1.44485868e-03
 1.71163000e+01 1.44465868e-03
 1.71243000e+01 1.44445868e-03
 1.71358000e+01 1.44425868e-03
 1.71439000e+01 1.44385868e-03
 1.71518000e+01 1.44405868e-03
 1.71600000e+01 1.44355868e-03
 1.71680000e+01 1.44365868e-03
 1.71760000e+01 1.44385868e-03
 1.71875000e+01 1.44365868e-03
 1.71955000e+01 1.44335868e-03
 1.72035000e+01 1.44385868e-03
 1.72116000e+01 1.44355868e-03
 1.72230000e+01 1.44335868e-03
 1.72311000e+01 1.44275868e-03
 1.72391000e+01 1.44295868e-03
 1.72471000e+01 1.44315868e-03
 1.72551000e+01 1.44335868e-03
 1.72632000e+01 1.44295868e-03
 1.72747000e+01 1.44255868e-03
 1.72793000e+01 1.44275868e-03
 1.72908000e+01 1.44235868e-03
 1.72989000e+01 1.44195868e-03
 1.73105000e+01 1.43975868e-03
 1.73185000e+01 1.44025868e-03
 1.73264000e+01 1.44125868e-03
 1.73345000e+01 1.44085868e-03
 1.73425000e+01 1.44105868e-03
 1.73539000e+01 1.44125868e-03
 1.73619000e+01 1.44165868e-03
 1.73701000e+01 1.44045868e-03
 1.73814000e+01 1.44125868e-03
 1.73894000e+01 1.44105868e-03
 1.73976000e+01 1.44065868e-03
 1.74089000e+01 1.44105868e-03
 1.74169000e+01 1.44105868e-03
 1.74217000e+01 1.44045868e-03
 1.74330000e+01 1.44125868e-03
 1.74413000e+01 1.43985868e-03
 1.74492000e+01 1.44065868e-03
 1.74572000e+01 1.44025868e-03
 1.74654000e+01 1.43935868e-03
 1.74733000e+01 1.44025868e-03
 1.74848000e+01 1.43985868e-03
 1.74929000e+01 1.43935868e-03
 1.74975000e+01 1.43915868e-03
 1.75089000e+01 1.43955868e-03
 1.75170000e+01 1.43985868e-03
 1.75251000e+01 1.43895868e-03
 1.75330000e+01 1.43955868e-03
 1.75446000e+01 1.43835868e-03
 1.75492000e+01 1.43895868e-03
 1.75606000e+01 1.43895868e-03
 1.75687000e+01 1.43855868e-03
 1.75801000e+01 1.43815868e-03
 1.75882000e+01 1.43805868e-03
 1.75962000e+01 1.43835868e-03
 1.76042000e+01 1.43815868e-03
 1.76123000e+01 1.43805868e-03
 1.76238000e+01 1.43805868e-03
 1.76318000e+01 1.43765868e-03
 1.76398000e+01 1.43805868e-03
 1.76512000e+01 1.43815868e-03
 1.76593000e+01 1.43785868e-03
 1.76673000e+01 1.43725868e-03
 1.76754000e+01 1.43805868e-03
 1.76868000e+01 1.43745868e-03
 1.76915000e+01 1.43665868e-03
 1.77029000e+01 1.43745868e-03
 1.77109000e+01 1.43745868e-03
 1.77190000e+01 1.43705868e-03
 1.77271000e+01 1.43625868e-03
 1.77351000e+01 1.43665868e-03
 1.77465000e+01 1.43665868e-03
 1.77546000e+01 1.43645868e-03
 1.77660000e+01 1.43625868e-03
 1.77741000e+01 1.43615868e-03
 1.77822000e+01 1.43595868e-03
 1.77936000e+01 1.43575868e-03
 1.78016000e+01 1.43555868e-03
 1.78063000e+01 1.43555868e-03
 1.78177000e+01 1.43555868e-03
 1.78257000e+01 1.43535868e-03
 1.78339000e+01 1.43455868e-03
 1.78418000e+01 1.43535868e-03
 1.78498000e+01 1.43555868e-03
 1.78614000e+01 1.43495868e-03
 1.78728000e+01 1.43435868e-03
 1.78808000e+01 1.43455868e-03
 1.78890000e+01 1.43405868e-03
 1.78970000e+01 1.43425868e-03
 1.79049000e+01 1.43475868e-03
 1.79164000e+01 1.43435868e-03
 1.79245000e+01 1.43385868e-03
 1.79359000e+01 1.43405868e-03
 1.79440000e+01 1.43425868e-03
 1.79520000e+01 1.43405868e-03
 1.79634000e+01 1.43385868e-03
 1.79715000e+01 1.43365868e-03
 1.79796000e+01 1.43325868e-03
 1.79875000e+01 1.43425868e-03
 1.79990000e+01 1.43385868e-03
 1.80105000e+01 1.43305868e-03
 1.80185000e+01 1.43265868e-03
 1.80232000e+01 1.43285868e-03
 1.80346000e+01 1.43325868e-03
 1.80460000e+01 1.43305868e-03
 1.80541000e+01 1.43265868e-03
 1.80621000e+01 1.43255868e-03
 1.80702000e+01 1.43215868e-03
 1.80817000e+01 1.43215868e-03
 1.80897000e+01 1.43195868e-03
 1.80977000e+01 1.43195868e-03
 1.81058000e+01 1.43235868e-03
 1.81172000e+01 1.43155868e-03
 1.81252000e+01 1.43175868e-03
 1.81333000e+01 1.43155868e-03
 1.81447000e+01 1.43155868e-03
 1.81494000e+01 1.43135868e-03
 1.81610000e+01 1.43025868e-03
 1.81690000e+01 1.43045868e-03
 1.81769000e+01 1.43075868e-03
 1.81884000e+01 1.43095868e-03
 1.81964000e+01 1.43075868e-03
 1.82044000e+01 1.43065868e-03
 1.82125000e+01 1.43065868e-03
 1.82205000e+01 1.43065868e-03
 1.82320000e+01 1.43005868e-03
 1.82401000e+01 1.43005868e-03
 1.82481000e+01 1.43005868e-03
 1.82595000e+01 1.43005868e-03
 1.82676000e+01 1.42985868e-03
 1.82756000e+01 1.42965868e-03
 1.82837000e+01 1.42945868e-03
 1.82918000e+01 1.42905868e-03
 1.82998000e+01 1.42925868e-03
 1.83111000e+01 1.42965868e-03
 1.83193000e+01 1.42925868e-03
 1.83274000e+01 1.42815868e-03
 1.83353000e+01 1.42905868e-03
 1.83468000e+01 1.42945868e-03
 1.83549000e+01 1.42855868e-03
 1.83629000e+01 1.42795868e-03
 1.83710000e+01 1.42795868e-03
 1.83789000e+01 1.42905868e-03
 1.83904000e+01 1.42835868e-03
 1.83986000e+01 1.42735868e-03
 1.84065000e+01 1.42815868e-03
 1.84179000e+01 1.42775868e-03
 1.84227000e+01 1.42735868e-03
 1.84307000e+01 1.42715868e-03
 1.84425000e+01 1.42325868e-03
 1.84470000e+01 1.42515868e-03
 1.84583000e+01 1.42645868e-03
 1.84665000e+01 1.42515868e-03
 1.84744000e+01 1.42585868e-03
 1.84858000e+01 1.42605868e-03
 1.84939000e+01 1.42605868e-03
 1.85020000e+01 1.42565868e-03
 1.85100000e+01 1.42565868e-03
 1.85215000e+01 1.42545868e-03
 1.85295000e+01 1.42565868e-03
 1.85409000e+01 1.42495868e-03
 1.85490000e+01 1.42515868e-03
 1.85570000e+01 1.42565868e-03
 1.85684000e+01 1.42565868e-03
 1.85765000e+01 1.42515868e-03
 1.85846000e+01 1.42475868e-03
 1.85926000e+01 1.42455868e-03
 1.86007000e+01 1.42455868e-03
 1.86120000e+01 1.42495868e-03
 1.86235000e+01 1.42455868e-03
 1.86283000e+01 1.42355868e-03
 1.86362000e+01 1.42415868e-03
 1.86510000e+01 1.42395868e-03
 1.86591000e+01 1.42375868e-03
 1.86672000e+01 1.42375868e-03
 1.86752000e+01 1.42355868e-03
 1.86834000e+01 1.42265868e-03
 1.86913000e+01 1.42325868e-03
 1.87027000e+01 1.42305868e-03
 1.87109000e+01 1.42285868e-03
 1.87189000e+01 1.42285868e-03
 1.87304000e+01 1.42185868e-03
 1.87384000e+01 1.42205868e-03
 1.87464000e+01 1.42245868e-03
 1.87544000e+01 1.42225868e-03
 1.87659000e+01 1.42245868e-03
 1.87740000e+01 1.42165868e-03
 1.87820000e+01 1.42165868e-03
 1.87901000e+01 1.42185868e-03
 1.88015000e+01 1.42185868e-03
 1.88095000e+01 1.42185868e-03
 1.88176000e+01 1.42115868e-03
 1.88291000e+01 1.42095868e-03
 1.88371000e+01 1.42075868e-03
 1.88451000e+01 1.42115868e-03
 1.88531000e+01 1.42115868e-03
 1.88646000e+01 1.42035868e-03
 1.88727000e+01 1.42015868e-03
 1.88807000e+01 1.42035868e-03
 1.88887000e+01 1.42055868e-03
 1.89002000e+01 1.42035868e-03
 1.89083000e+01 1.41985868e-03
 1.89163000e+01 1.41995868e-03
 1.89244000e+01 1.41965868e-03
 1.89358000e+01 1.41995868e-03
 1.89438000e+01 1.41985868e-03
 1.89553000e+01 1.41965868e-03
 1.89633000e+01 1.41945868e-03
 1.89714000e+01 1.41905868e-03
 1.89794000e+01 1.41925868e-03
 1.89875000e+01 1.41885868e-03
 1.89989000e+01 1.41905868e-03
 1.90071000e+01 1.41795868e-03
 1.90185000e+01 1.41715868e-03
 1.90265000e+01 1.41795868e-03
 1.90346000e+01 1.41795868e-03
 1.90460000e+01 1.41775868e-03
 1.90540000e+01 1.41755868e-03
 1.90621000e+01 1.41755868e-03
 1.90701000e+01 1.41795868e-03
 1.90816000e+01 1.41695868e-03
 1.90896000e+01 1.41735868e-03
 1.91010000e+01 1.41775868e-03
 1.91090000e+01 1.41755868e-03
 1.91172000e+01 1.41655868e-03
 1.91252000e+01 1.41695868e-03
 1.91366000e+01 1.41715868e-03
 1.91447000e+01 1.41615868e-03
 1.91527000e+01 1.41675868e-03
 1.91607000e+01 1.41635868e-03
 1.91689000e+01 1.41605868e-03
 1.91769000e+01 1.41585868e-03
 1.91883000e+01 1.41605868e-03
 1.91964000e+01 1.41605868e-03
 1.92078000e+01 1.41545868e-03
 1.92159000e+01 1.41525868e-03
 1.92240000e+01 1.41525868e-03
 1.92354000e+01 1.41505868e-03
 1.92434000e+01 1.41505868e-03
 1.92515000e+01 1.41525868e-03
 1.92629000e+01 1.41485868e-03
 1.92709000e+01 1.41485868e-03
 1.92791000e+01 1.41415868e-03
 1.92870000e+01 1.41465868e-03
 1.92984000e+01 1.41435868e-03
 1.93067000e+01 1.41315868e-03
 1.93146000e+01 1.41375868e-03
 1.93259000e+01 1.41435868e-03
 1.93340000e+01 1.41395868e-03
 1.93421000e+01 1.41355868e-03
 1.93501000e+01 1.41355868e-03
 1.93583000e+01 1.41255868e-03
 1.93663000e+01 1.41335868e-03
 1.93777000e+01 1.41315868e-03
 1.93858000e+01 1.41295868e-03
 1.93937000e+01 1.41355868e-03
 1.94052000e+01 1.41255868e-03
 1.94100000e+01 1.41225868e-03
 1.94213000e+01 1.41275868e-03
 1.94293000e+01 1.41255868e-03
 1.94409000e+01 1.41225868e-03
 1.94489000e+01 1.41205868e-03
 1.94569000e+01 1.41145868e-03
 1.94616000e+01 1.41165868e-03
 1.94730000e+01 1.41225868e-03
 1.94844000e+01 1.41185868e-03
 1.94926000e+01 1.41055868e-03
 1.94972000e+01 1.41065868e-03
 1.95120000e+01 1.41085868e-03
