 1.24306455e+00 1.49114716e-07 -8.02297683e-07
 1.26800770e+00 1.30759448e-07 -7.60970960e-07
 1.29295215e+00 1.11560451e-07 -7.19120634e-07
 1.31789784e+00 9.07890736e-08 -6.65286378e-07
 1.34284350e+00 6.98964635e-08 -5.97294104e-07
 1.36779042e+00 4.78090311e-08 -5.15057965e-07
 1.39273606e+00 2.56154994e-08 -4.20195997e-07
 1.41768296e+00 3.32209607e-09 -3.14188994e-07
 1.44263115e+00 -2.01277562e-08 -2.02731102e-07
 1.46760944e+00 -4.01685981e-08 -1.10476968e-07
 1.49259183e+00 -5.07317602e-08 -6.23605690e-08
 1.51757557e+00 -5.73001241e-08 -3.47538908e-08
 1.54256062e+00 -6.08401281e-08 -2.06982080e-08
 1.56754568e+00 -6.36161685e-08 -1.98354916e-08
 1.59253201e+00 -6.63086339e-08 -2.07805057e-08
 1.61751966e+00 -6.85133219e-08 -2.45676785e-08
 1.64250862e+00 -6.94285947e-08 -3.21362051e-08
 1.66749757e+00 -6.93903383e-08 -4.00913968e-08
 1.69248784e+00 -7.01757706e-08 -4.85645152e-08
 1.71747805e+00 -7.07037159e-08 -5.49942344e-08
 1.74246827e+00 -7.02849312e-08 -6.26129406e-08
 1.76745846e+00 -7.09300723e-08 -6.96237536e-08
 1.79244607e+00 -7.14274773e-08 -7.60745122e-08
 1.81743371e+00 -7.14328909e-08 -8.13889126e-08
 1.84242002e+00 -7.12909020e-08 -8.57986151e-08
 1.86740764e+00 -7.17020882e-08 -8.72993399e-08
 1.89239528e+00 -7.13658215e-08 -8.90230324e-08
 1.91738284e+00 -7.08786408e-08 -8.70098856e-08
 1.94237169e+00 -7.13717773e-08 -8.72640497e-08
 1.96735926e+00 -7.11843819e-08 -8.83070400e-08
 1.99234428e+00 -7.15845564e-08 -8.43728690e-08
 2.01732926e+00 -7.27604810e-08 -8.06667407e-08
 2.04231425e+00 -7.28969682e-08 -7.20455484e-08
 2.06729924e+00 -7.27192707e-08 -6.09798620e-08
 2.09228422e+00 -7.36987327e-08 -4.97713312e-08
 2.11727182e+00 -7.67390121e-08 -4.94454333e-08
 2.14225942e+00 -7.94300669e-08 -5.06793720e-08
 2.16724698e+00 -8.27092350e-08 -4.96260684e-08
 2.19223581e+00 -8.64296484e-08 -4.87699404e-08
 2.21722464e+00 -8.98788529e-08 -5.05561538e-08
 2.24221348e+00 -9.26867493e-08 -4.79970685e-08
 2.26720361e+00 -9.53605472e-08 -4.20175463e-08
 2.29219376e+00 -9.80544886e-08 -3.77765300e-08
 2.31718391e+00 -9.93190959e-08 -3.20661005e-08
 2.34217406e+00 -1.00788449e-07 -2.87385016e-08
 2.36716423e+00 -1.01730925e-07 -2.34874346e-08
 2.39215439e+00 -1.02139535e-07 -1.70745426e-08
 2.41714456e+00 -1.02376215e-07 -1.30093577e-08
 2.44213474e+00 -1.02802703e-07 -1.37977082e-08
 2.46712489e+00 -1.03085540e-07 -1.46309220e-08
 2.49211502e+00 -1.03274600e-07 -1.52473400e-08
 2.51710516e+00 -1.03746102e-07 -1.73067383e-08
 2.54209532e+00 -1.04834800e-07 -1.74075812e-08
 2.56708546e+00 -1.05822052e-07 -1.91534393e-08
 2.59207560e+00 -1.06019262e-07 -2.16486794e-08
 2.61706835e+00 -1.06157637e-07 -1.58562735e-08
 2.64205982e+00 -1.06578526e-07 -1.31406348e-08
 2.66705256e+00 -1.06185797e-07 -3.24764178e-09
 2.69204532e+00 -1.05684765e-07 4.99981895e-09
 2.71703804e+00 -1.04373556e-07 1.65512657e-08
 2.74203075e+00 -1.03746783e-07 1.86954417e-08
 2.76702217e+00 -1.03071015e-07 2.16917947e-08
 2.79201360e+00 -1.02698667e-07 2.22371343e-08
 2.81700376e+00 -1.02232364e-07 1.87177669e-08
 2.84199647e+00 -1.00981005e-07 1.60596561e-08
 2.86698919e+00 -9.97137098e-08 1.11047097e-08
 2.89198189e+00 -9.91770868e-08 7.60431297e-09
 2.91697459e+00 -9.93925963e-08 6.25736391e-09
 2.94196600e+00 -9.92541866e-08 5.46849093e-09
 2.96695603e+00 -9.91691238e-08 1.23518057e-08
 2.99194610e+00 -9.84507787e-08 1.64792279e-08
 3.01693617e+00 -9.74334643e-08 2.31905803e-08
 3.04192492e+00 -9.61179012e-08 2.61524967e-08
 3.06691366e+00 -9.37720462e-08 2.61232059e-08
 3.09190238e+00 -9.18445446e-08 3.05371254e-08
 3.11689369e+00 -8.83732026e-08 4.16531828e-08
 3.14188497e+00 -8.61213491e-08 5.49797122e-08
 3.16687495e+00 -8.40181042e-08 6.95769770e-08
 3.19186496e+00 -8.05863960e-08 8.13267581e-08
 3.21685492e+00 -7.65633071e-08 9.44856118e-08
 3.24184617e+00 -7.30771551e-08 1.08562351e-07
 3.26683737e+00 -6.86991142e-08 1.26946064e-07
 3.29183115e+00 -6.42077412e-08 1.43565347e-07
 3.31682494e+00 -6.03380506e-08 1.64919000e-07
 3.34181742e+00 -5.59840169e-08 1.87692582e-07
 3.36680854e+00 -5.08193963e-08 2.10998410e-07
 3.39179442e+00 -4.53234437e-08 2.28638850e-07
 3.41677896e+00 -3.92530842e-08 2.46378187e-07
 3.44176350e+00 -3.26394946e-08 2.59241732e-07
 3.46674672e+00 -2.62136219e-08 2.66204939e-07
 3.49172992e+00 -1.92865158e-08 2.71025028e-07
 3.51671310e+00 -1.24233810e-08 2.79714003e-07
 3.54169625e+00 -6.02165426e-09 2.93039143e-07
 3.56667936e+00 5.83204822e-10 3.05594644e-07
 3.59166249e+00 7.19871898e-09 3.18145411e-07
 3.61664559e+00 1.39948006e-08 3.28618779e-07
 3.64162737e+00 2.00499566e-08 3.37235045e-07
 3.66660784e+00 2.62601862e-08 3.48610921e-07
 3.69158828e+00 3.24070433e-08 3.56168620e-07
 3.71656998e+00 3.77296408e-08 3.54548019e-07
 3.74155037e+00 4.38736975e-08 3.50017939e-07
 3.76652943e+00 5.08256591e-08 3.45588836e-07
 3.79150847e+00 5.72741820e-08 3.36644052e-07
 3.81648616e+00 6.24571440e-08 3.27167574e-07
 3.84146255e+00 6.83334446e-08 3.12412762e-07
 3.86643762e+00 7.38237068e-08 2.94514342e-07
 3.89141007e+00 7.92777482e-08 2.83937846e-07
 3.91638508e+00 8.46328408e-08 2.73520604e-07
 3.94135882e+00 8.82582045e-08 2.61342509e-07
 3.96633121e+00 9.14187862e-08 2.51992353e-07
 3.99130235e+00 9.44825589e-08 2.37274275e-07
 4.01627211e+00 9.88860893e-08 2.20255014e-07
 4.04124315e+00 1.02738687e-07 2.04578128e-07
 4.06621284e+00 1.06708141e-07 1.88870155e-07
 4.09118508e+00 1.11055429e-07 1.78418674e-07
 4.11615604e+00 1.16104024e-07 1.64514024e-07
 4.14112568e+00 1.20786426e-07 1.46855081e-07
 4.16609399e+00 1.25074074e-07 1.24963843e-07
 4.19106226e+00 1.28915339e-07 1.02390865e-07
 4.21603181e+00 1.31906109e-07 8.17112517e-08
 4.24100271e+00 1.35143979e-07 5.79154906e-08
 4.26597226e+00 1.38255701e-07 3.88040087e-08
 4.29094048e+00 1.41183409e-07 2.45815598e-08
 4.31591128e+00 1.44602561e-07 9.56491866e-09
 4.34088339e+00 1.47043225e-07 -5.96632115e-09
 4.36585417e+00 1.49556054e-07 -1.64011725e-08
 4.39082238e+00 1.51412875e-07 -2.34498650e-08
 4.41579055e+00 1.53349759e-07 -3.14365853e-08
 4.44075999e+00 1.55129646e-07 -3.50958642e-08
 4.46572809e+00 1.57043323e-07 -2.82376000e-08
 4.49069619e+00 1.60315989e-07 -1.83103451e-08
 4.51566556e+00 1.63273924e-07 -6.88912582e-09
 4.54063626e+00 1.65914633e-07 7.87661378e-09
 4.56560432e+00 1.69133103e-07 2.25365961e-08
 4.59057103e+00 1.71967877e-07 4.54269214e-08
 4.61553903e+00 1.74356566e-07 7.27695492e-08
 4.64050835e+00 1.77204039e-07 9.95255585e-08
 4.66547895e+00 1.82713173e-07 1.19285178e-07
 4.69045087e+00 1.88182806e-07 1.38496554e-07
 4.71542147e+00 1.93249108e-07 1.53659520e-07
 4.74039335e+00 1.99140173e-07 1.68195443e-07
 4.76536390e+00 2.05806712e-07 1.84569069e-07
 4.79033313e+00 2.12310354e-07 2.05312173e-07
 4.81530104e+00 2.18984681e-07 2.27618409e-07
 4.84026764e+00 2.25821665e-07 2.46560032e-07
 4.86523160e+00 2.32256228e-07 2.70221901e-07
 4.89019424e+00 2.39143865e-07 2.91052650e-07
 4.91515814e+00 2.45717045e-07 3.11091950e-07
 4.94012334e+00 2.52469298e-07 3.34672915e-07
 4.96508719e+00 2.60073888e-07 3.59487566e-07
 4.99004717e+00 2.67559909e-07 3.73733935e-07
 5.01500842e+00 2.75770229e-07 3.92546472e-07
 5.03997097e+00 2.83951333e-07 4.11666097e-07
 5.06493220e+00 2.92078875e-07 4.24168961e-07
 5.08989470e+00 3.00464366e-07 4.31226750e-07
 5.11485849e+00 3.09060386e-07 4.37169606e-07
 5.13982354e+00 3.17439905e-07 4.42373911e-07
 5.16478990e+00 3.24481920e-07 4.46803787e-07
 5.18975362e+00 3.33422597e-07 4.54741501e-07
 5.21471855e+00 3.41256781e-07 4.62270375e-07
 5.23968478e+00 3.49343946e-07 4.67534279e-07
 5.26465223e+00 3.57229599e-07 4.78170763e-07
 5.28962103e+00 3.65239757e-07 4.78262274e-07
 5.31459507e+00 3.69917628e-07 4.58185824e-07
 5.33957043e+00 3.74135744e-07 4.30908694e-07
 5.36454189e+00 3.79022770e-07 4.03294388e-07
 5.38951200e+00 3.83831942e-07 3.80718316e-07
 5.41448339e+00 3.88861711e-07 3.55372008e-07
 5.43945475e+00 3.93713962e-07 3.24415205e-07
 5.46442478e+00 3.99412638e-07 2.93567734e-07
 5.48939477e+00 4.05524228e-07 2.63675299e-07
 5.51436471e+00 4.10880245e-07 2.35971350e-07
 5.53933594e+00 4.16527689e-07 2.09201347e-07
 5.56430845e+00 4.22792987e-07 1.88293687e-07
 5.58927834e+00 4.29270216e-07 1.66015266e-07
 5.61424814e+00 4.36610999e-07 1.47683783e-07
 5.63921923e+00 4.44383951e-07 1.32368749e-07
 5.66419025e+00 4.51247001e-07 1.24755180e-07
 5.68915996e+00 4.57314603e-07 1.07802454e-07
 5.71412965e+00 4.63656270e-07 9.17257973e-08
 5.73910065e+00 4.69911150e-07 7.91130648e-08
 5.76407036e+00 4.75364757e-07 6.91973181e-08
 5.78903743e+00 4.81092426e-07 5.75382906e-08
 5.81400314e+00 4.85963003e-07 4.95233812e-08
 5.83897015e+00 4.91192340e-07 4.39645764e-08
 5.86393844e+00 4.97469486e-07 4.43857971e-08
 5.88890670e+00 5.04010015e-07 4.86930108e-08
 5.91387492e+00 5.10379533e-07 5.78989827e-08
 5.93884314e+00 5.16388530e-07 6.76657373e-08
 5.96381001e+00 5.22527821e-07 8.25768664e-08
 5.98877809e+00 5.30482427e-07 1.06284211e-07
 6.01374615e+00 5.39428566e-07 1.31351961e-07
 6.03871553e+00 5.47378696e-07 1.54026563e-07
 6.06368489e+00 5.55054699e-07 1.79356604e-07
 6.08865553e+00 5.62402537e-07 2.06390418e-07
 6.11362744e+00 5.69720491e-07 2.35385802e-07
 6.13860193e+00 5.77143573e-07 2.65557749e-07
 6.16357640e+00 5.84443767e-07 2.96432237e-07
 6.18855083e+00 5.92808339e-07 3.27668225e-07
 6.21352394e+00 6.00573594e-07 3.60380258e-07
 6.23849707e+00 6.08287304e-07 3.91377821e-07
 6.26347141e+00 6.17370651e-07 4.16379354e-07
 6.28844577e+00 6.26137339e-07 4.42697337e-07
 6.31342009e+00 6.34558750e-07 4.71847467e-07
 6.33839436e+00 6.43848384e-07 4.98770422e-07
 6.36336728e+00 6.54824682e-07 5.27577459e-07
 6.38833887e+00 6.65974487e-07 5.55451919e-07
 6.41330913e+00 6.77979296e-07 5.80973138e-07
 6.43827800e+00 6.89659224e-07 6.07347456e-07
 6.46324691e+00 7.00978565e-07 6.34399304e-07
 6.48821449e+00 7.13575689e-07 6.52373279e-07
 6.51318075e+00 7.26150596e-07 6.67736835e-07
 6.53814572e+00 7.39426177e-07 6.76692552e-07
 6.56310930e+00 7.52265546e-07 6.84941644e-07
 6.58806103e+00 7.64871587e-07 6.79939535e-07
 6.61301139e+00 7.76976081e-07 6.70151823e-07
 6.63796431e+00 7.87945162e-07 6.62309298e-07
 6.66291720e+00 7.99161418e-07 6.56210360e-07
 6.68786876e+00 8.10207965e-07 6.43672468e-07
 6.71282158e+00 8.21745551e-07 6.26638363e-07
 6.73777437e+00 8.33720656e-07 6.10076668e-07
 6.76272584e+00 8.45733077e-07 5.90571235e-07
 6.78767597e+00 8.57745235e-07 5.66018484e-07
 6.81262474e+00 8.69697463e-07 5.44129498e-07
 6.83757221e+00 8.81539325e-07 5.25292989e-07
 6.86251963e+00 8.92870754e-07 5.04657507e-07
 6.88746577e+00 9.04756060e-07 4.81362390e-07
 6.91241191e+00 9.15374248e-07 4.55386010e-07
 6.93735936e+00 9.26193569e-07 4.25881666e-07
 6.96230672e+00 9.37144013e-07 3.92195004e-07
 6.98725275e+00 9.48111782e-07 3.60354965e-07
 7.01219740e+00 9.58650520e-07 3.35258746e-07
 7.03714201e+00 9.67579160e-07 3.09080387e-07
 7.06208658e+00 9.76270540e-07 2.81789654e-07
 7.08703240e+00 9.85719909e-07 2.58091122e-07
 7.11197689e+00 9.95114635e-07 2.37615122e-07
 7.13692004e+00 1.00440426e-06 2.24726075e-07
 7.16186184e+00 1.01479879e-06 2.20010859e-07
 7.18680229e+00 1.02585360e-06 2.19563612e-07
 7.21174268e+00 1.03585873e-06 2.19965485e-07
 7.23668437e+00 1.04600386e-06 2.20949566e-07
 7.26162346e+00 1.05812075e-06 2.29910864e-07
 7.28656123e+00 1.06965963e-06 2.40537359e-07
 7.31149759e+00 1.08178415e-06 2.57720787e-07
 7.33643518e+00 1.09451983e-06 2.80742648e-07
 7.36137142e+00 1.10703914e-06 3.03913082e-07
 7.38630500e+00 1.12072291e-06 3.30455872e-07
 7.41123720e+00 1.13491744e-06 3.61618350e-07
 7.43616935e+00 1.15006999e-06 3.96443511e-07
 7.46109882e+00 1.16698065e-06 4.39375154e-07
 7.48602950e+00 1.18495962e-06 4.89553670e-07
 7.51096008e+00 1.20348110e-06 5.47099825e-07
 7.53589058e+00 1.22546491e-06 6.14022511e-07
 7.56081832e+00 1.24907861e-06 6.95738746e-07
 7.58574333e+00 1.27519118e-06 7.88298701e-07
 7.61066823e+00 1.30470283e-06 8.91371994e-07
 7.63559436e+00 1.33761563e-06 1.00861022e-06
 7.66052032e+00 1.37445504e-06 1.14249084e-06
 7.68544616e+00 1.41460713e-06 1.28815225e-06
 7.71037316e+00 1.45927536e-06 1.44170161e-06
 7.73529994e+00 1.50671704e-06 1.61495297e-06
 7.76022523e+00 1.55914108e-06 1.80277590e-06
 7.78514896e+00 1.61780381e-06 2.01355450e-06
 7.81007113e+00 1.68155085e-06 2.24650419e-06
 7.83499178e+00 1.75143398e-06 2.48935091e-06
 7.85991610e+00 1.83102478e-06 2.73174685e-06
 7.88483885e+00 1.91867242e-06 2.98649984e-06
 7.90975867e+00 2.01388030e-06 3.25991576e-06
 7.93467688e+00 2.11700997e-06 3.55662556e-06
 7.95959341e+00 2.22963353e-06 3.87627827e-06
 7.98450697e+00 2.35221591e-06 4.21487740e-06
 8.00941752e+00 2.48466844e-06 4.58106428e-06
 8.03432500e+00 2.62806808e-06 4.97625998e-06
 8.05922942e+00 2.78217283e-06 5.39121273e-06
 8.08413075e+00 2.94799750e-06 5.83325886e-06
 8.10902894e+00 3.12558350e-06 6.30672336e-06
 8.13392393e+00 3.31687135e-06 6.80931804e-06
 8.15881438e+00 3.52177292e-06 7.34908638e-06
 8.18369761e+00 3.74058535e-06 7.91810664e-06
 8.20857491e+00 3.97489123e-06 8.52200146e-06
 8.23344757e+00 4.22723721e-06 9.15472523e-06
 8.25831424e+00 4.49677592e-06 9.82281725e-06
 8.28317488e+00 4.78415906e-06 1.05255248e-05
 8.30802941e+00 5.09028596e-06 1.12561302e-05
 8.33287649e+00 5.41586076e-06 1.20187715e-05
 8.35771612e+00 5.76165284e-06 1.28138116e-05
 8.38254822e+00 6.12748975e-06 1.36405000e-05
 8.40737273e+00 6.51379172e-06 1.45049256e-05
 8.43218966e+00 6.92071652e-06 1.54007403e-05
 8.45699764e+00 7.34902458e-06 1.63257404e-05
 8.48179789e+00 7.79917798e-06 1.72676989e-05
 8.50659039e+00 8.26986976e-06 1.82260652e-05
 8.53137506e+00 8.76241555e-06 1.92233266e-05
 8.55614919e+00 9.27783796e-06 2.02454756e-05
 8.58091283e+00 9.81733568e-06 2.12832364e-05
 8.60566329e+00 1.03805604e-05 2.23375250e-05
 8.63040047e+00 1.09671710e-05 2.34014611e-05
 8.65512696e+00 1.15782032e-05 2.44825815e-05
 8.67984136e+00 1.22138820e-05 2.55756309e-05
 8.70454366e+00 1.28736734e-05 2.66736789e-05
 8.72923380e+00 1.35567266e-05 2.77796439e-05
 8.75390782e+00 1.42641902e-05 2.88858545e-05
 8.77856826e+00 1.49952957e-05 2.99835385e-05
 8.80321385e+00 1.57492815e-05 3.10764942e-05
 8.82784582e+00 1.65270720e-05 3.21638325e-05
 8.85246285e+00 1.73278387e-05 3.32423312e-05
 8.87706352e+00 1.81516520e-05 3.43125156e-05
 8.90164519e+00 1.89963733e-05 3.53713310e-05
 8.92620916e+00 1.98622904e-05 3.64097653e-05
 8.95075533e+00 2.07490469e-05 3.74263521e-05
 8.97527977e+00 2.16552566e-05 3.84133180e-05
 8.99978371e+00 2.25824823e-05 3.93744026e-05
 9.02427105e+00 2.35288480e-05 4.03033190e-05
 9.04874047e+00 2.44940810e-05 4.12009104e-05
 9.07319065e+00 2.54770566e-05 4.20590567e-05
 9.09762145e+00 2.64770768e-05 4.28765311e-05
 9.12203288e+00 2.74934856e-05 4.36480736e-05
 9.14642358e+00 2.85257026e-05 4.43759211e-05
 9.17079357e+00 2.95720013e-05 4.50542072e-05
 9.19514147e+00 3.06313368e-05 4.56880858e-05
 9.21946729e+00 3.17031557e-05 4.62699465e-05
 9.24376966e+00 3.27863156e-05 4.68032419e-05
 9.26805120e+00 3.38791768e-05 4.72868159e-05
 9.29231190e+00 3.49810640e-05 4.77170235e-05
 9.31655041e+00 3.60913931e-05 4.80914979e-05
 9.34076540e+00 3.72088305e-05 4.84170078e-05
 9.36495554e+00 3.83329228e-05 4.86956824e-05
 9.38912085e+00 3.94635356e-05 4.89277284e-05
 9.41326394e+00 4.05983992e-05 4.91093884e-05
 9.43738481e+00 4.17370797e-05 4.92344562e-05
 9.46148083e+00 4.28796567e-05 4.93163750e-05
 9.48555199e+00 4.40252445e-05 4.93592500e-05
 9.50960089e+00 4.51714887e-05 4.93580697e-05
 9.53362627e+00 4.63173237e-05 4.93159446e-05
 9.55762686e+00 4.74640971e-05 4.92316824e-05
 9.58160525e+00 4.86098990e-05 4.91075819e-05
 9.60555749e+00 4.97540199e-05 4.89569249e-05
 9.62948621e+00 5.08963009e-05 4.87777876e-05
 9.65339015e+00 5.20349009e-05 4.85696438e-05
 9.67726928e+00 5.31677036e-05 4.83337285e-05
 9.70112492e+00 5.42953103e-05 4.80738220e-05
 9.72495443e+00 5.54196536e-05 4.77914764e-05
 9.74875390e+00 5.65384686e-05 4.74815167e-05
 9.77252860e+00 5.76507361e-05 4.71641707e-05
 9.79627988e+00 5.87576279e-05 4.68292714e-05
 9.82000637e+00 5.98586631e-05 4.64919248e-05
 9.84371073e+00 6.09525826e-05 4.61463483e-05
 9.86739428e+00 6.20410564e-05 4.57922741e-05
 9.89105447e+00 6.31227471e-05 4.54386594e-05
 9.91469131e+00 6.41974121e-05 4.50830644e-05
 9.93830353e+00 6.52645808e-05 4.47246109e-05
 9.96189241e+00 6.63245602e-05 4.43740390e-05
 9.98545929e+00 6.73776771e-05 4.40297179e-05
 1.00090016e+01 6.84241305e-05 4.36891312e-05
 1.00325205e+01 6.94627229e-05 4.33640380e-05
 1.00560174e+01 7.04926821e-05 4.30474593e-05
 1.00794922e+01 7.15155982e-05 4.27471627e-05
 1.01029426e+01 7.25324013e-05 4.24725406e-05
 1.01263697e+01 7.35442195e-05 4.22246109e-05
 1.01497735e+01 7.45502364e-05 4.20055870e-05
 1.01731529e+01 7.55507282e-05 4.18047450e-05
 1.01965102e+01 7.65476107e-05 4.16267625e-05
 1.02198471e+01 7.75394530e-05 4.14671115e-05
 1.02431581e+01 7.85268158e-05 4.13310951e-05
 1.02664447e+01 7.95103500e-05 4.12352801e-05
 1.02897081e+01 8.04913195e-05 4.11718339e-05
 1.03129483e+01 8.14705451e-05 4.11309172e-05
 1.03361642e+01 8.24482032e-05 4.11171987e-05
 1.03593569e+01 8.34245705e-05 4.11297863e-05
 1.03825252e+01 8.44002082e-05 4.11658511e-05
 1.04056717e+01 8.53758055e-05 4.12268885e-05
 1.04287950e+01 8.63511773e-05 4.13140993e-05
 1.04518953e+01 8.73282360e-05 4.14275368e-05
 1.04749700e+01 8.83068790e-05 4.15677011e-05
 1.04980177e+01 8.92873100e-05 4.17361764e-05
 1.05210397e+01 9.02719472e-05 4.19255566e-05
 1.05440385e+01 9.12599046e-05 4.21335353e-05
 1.05670157e+01 9.22517735e-05 4.23591652e-05
 1.05899686e+01 9.32485868e-05 4.26105980e-05
 1.06128944e+01 9.42500505e-05 4.28854976e-05
 1.06357946e+01 9.52571993e-05 4.31748318e-05
 1.06586704e+01 9.62702848e-05 4.34891225e-05
 1.06815219e+01 9.72880442e-05 4.38225862e-05
 1.07043452e+01 9.83114819e-05 4.41754560e-05
 1.07271414e+01 9.93414695e-05 4.45475271e-05
 1.07499118e+01 1.00379094e-04 4.49409442e-05
 1.07726539e+01 1.01423517e-04 4.53540554e-05
 1.07953717e+01 1.02474180e-04 4.57795071e-05
 1.08180612e+01 1.03531692e-04 4.62175889e-05
 1.08407223e+01 1.04597753e-04 4.66790256e-05
 1.08633551e+01 1.05671864e-04 4.71460391e-05
 1.08859581e+01 1.06754799e-04 4.76261210e-05
 1.09085329e+01 1.07847527e-04 4.81149903e-05
 1.09310806e+01 1.08951409e-04 4.85978554e-05
 1.09535974e+01 1.10064814e-04 4.91002126e-05
 1.09760831e+01 1.11186719e-04 4.96093925e-05
 1.09985380e+01 1.12318911e-04 5.01304813e-05
 1.10209579e+01 1.13462526e-04 5.06680459e-05
 1.10433430e+01 1.14617005e-04 5.12136110e-05
 1.10656946e+01 1.15781139e-04 5.17717942e-05
 1.10880112e+01 1.16955082e-04 5.23409718e-05
 1.11102928e+01 1.18139456e-04 5.29141889e-05
 1.11325396e+01 1.19334246e-04 5.34921516e-05
 1.11547501e+01 1.20538690e-04 5.40741159e-05
 1.11769243e+01 1.21754718e-04 5.46593621e-05
 1.11990624e+01 1.22981079e-04 5.52405058e-05
 1.12211602e+01 1.24216754e-04 5.58193195e-05
 1.12432204e+01 1.25461962e-04 5.63968443e-05
 1.12652456e+01 1.26716268e-04 5.69791588e-05
 1.12872345e+01 1.27978555e-04 5.75511202e-05
 1.13091871e+01 1.29249593e-04 5.81117608e-05
 1.13311035e+01 1.30529163e-04 5.86625273e-05
 1.13529822e+01 1.31819069e-04 5.92068602e-05
 1.13748207e+01 1.33115531e-04 5.97417423e-05
 1.13966203e+01 1.34420138e-04 6.02653645e-05
 1.14183797e+01 1.35733649e-04 6.07895509e-05
 1.14400977e+01 1.37055996e-04 6.13069079e-05
 1.14617728e+01 1.38385046e-04 6.18093082e-05
 1.14834052e+01 1.39722173e-04 6.23027941e-05
 1.15049987e+01 1.41057141e-04 6.27355006e-05
 1.15265495e+01 1.42398906e-04 6.31525137e-05
 1.15480537e+01 1.43747909e-04 6.35644515e-05
 1.15695112e+01 1.45102501e-04 6.39573245e-05
 1.15909233e+01 1.46463964e-04 6.43458676e-05
 1.16122912e+01 1.47832031e-04 6.47222172e-05
 1.16336151e+01 1.49206053e-04 6.50814470e-05
 1.16548936e+01 1.50586861e-04 6.54338178e-05
 1.16761228e+01 1.51974557e-04 6.57823467e-05
 1.16973015e+01 1.53366787e-04 6.61206961e-05
 1.17184323e+01 1.54763134e-04 6.64560991e-05
 1.17395165e+01 1.56163165e-04 6.67712371e-05
 1.17605527e+01 1.57567060e-04 6.70638597e-05
 1.17815398e+01 1.58971899e-04 6.73400097e-05
 1.18024750e+01 1.60377250e-04 6.76008863e-05
 1.18233612e+01 1.61784875e-04 6.78421823e-05
 1.18441969e+01 1.63195059e-04 6.80671299e-05
 1.18649810e+01 1.64604682e-04 6.82733055e-05
 1.18857135e+01 1.66013717e-04 6.84521494e-05
 1.19063902e+01 1.67420665e-04 6.86094045e-05
 1.19270139e+01 1.68825749e-04 6.87497480e-05
 1.19475861e+01 1.70228194e-04 6.88620225e-05
 1.19681041e+01 1.71627623e-04 6.89326601e-05
 1.19885692e+01 1.73024475e-04 6.89748779e-05
 1.20089802e+01 1.74416724e-04 6.89994179e-05
 1.20293371e+01 1.75801422e-04 6.89769677e-05
 1.20496413e+01 1.77178927e-04 6.89207387e-05
 1.20698901e+01 1.78547647e-04 6.88188745e-05
 1.20900850e+01 1.79905818e-04 6.86829690e-05
 1.21102272e+01 1.81256026e-04 6.85167936e-05
 1.21303168e+01 1.82594353e-04 6.83085055e-05
 1.21503511e+01 1.83922076e-04 6.80658105e-05
 1.21703304e+01 1.85236578e-04 6.77705258e-05
 1.21902545e+01 1.86539914e-04 6.74324646e-05
 1.22101210e+01 1.87833467e-04 6.70746643e-05
 1.22299312e+01 1.89112144e-04 6.66652663e-05
 1.22496852e+01 1.90377421e-04 6.62180260e-05
 1.22693803e+01 1.91631293e-04 6.57458837e-05
 1.22890180e+01 1.92874348e-04 6.52314118e-05
 1.23085945e+01 1.94104936e-04 6.46844838e-05
 1.23281098e+01 1.95320548e-04 6.41073936e-05
 1.23475625e+01 1.96521566e-04 6.35102316e-05
 1.23669515e+01 1.97706418e-04 6.28831178e-05
 1.23862780e+01 1.98874393e-04 6.22098326e-05
 1.24055422e+01 2.00025338e-04 6.15156663e-05
 1.24247441e+01 2.01158218e-04 6.07633453e-05
 1.24438837e+01 2.02272494e-04 5.99657249e-05
 1.24629612e+01 2.03368619e-04 5.91527376e-05
 1.24819778e+01 2.04445318e-04 5.83167065e-05
 1.25009336e+01 2.05500698e-04 5.74327158e-05
 1.25198300e+01 2.06532665e-04 5.64999039e-05
 1.25386565e+01 2.07541839e-04 5.54967454e-05
 1.25574210e+01 2.08528945e-04 5.44554331e-05
 1.25761262e+01 2.09491026e-04 5.33623387e-05
 1.25947722e+01 2.10429020e-04 5.22191056e-05
 1.26133578e+01 2.11343263e-04 5.10511203e-05
 1.26318817e+01 2.12231917e-04 4.98488256e-05
 1.26503427e+01 2.13096365e-04 4.86259097e-05
 1.26687422e+01 2.13934580e-04 4.73846154e-05
 1.26870815e+01 2.14747624e-04 4.61171177e-05
 1.27053607e+01 2.15535925e-04 4.48216848e-05
 1.27235784e+01 2.16299081e-04 4.35202324e-05
 1.27417322e+01 2.17037231e-04 4.22107987e-05
 1.27598235e+01 2.17749160e-04 4.08844419e-05
 1.27778536e+01 2.18427961e-04 3.95067414e-05
 1.27958213e+01 2.19080334e-04 3.80955066e-05
 1.28137253e+01 2.19709179e-04 3.66899948e-05
 1.28315669e+01 2.20311114e-04 3.52770529e-05
 1.28493463e+01 2.20885359e-04 3.38555874e-05
 1.28670636e+01 2.21434169e-04 3.24324419e-05
 1.28847200e+01 2.21959503e-04 3.09895771e-05
 1.29023143e+01 2.22460382e-04 2.95312824e-05
 1.29198466e+01 2.22932074e-04 2.80622649e-05
 1.29373183e+01 2.23375971e-04 2.65560209e-05
 1.29547280e+01 2.23791920e-04 2.50374914e-05
 1.29720760e+01 2.24180637e-04 2.35067389e-05
 1.29893621e+01 2.24542324e-04 2.19483760e-05
 1.30065851e+01 2.24873363e-04 2.03715472e-05
 1.30237465e+01 2.25177466e-04 1.87609174e-05
 1.30408448e+01 2.25452113e-04 1.71250464e-05
 1.30578814e+01 2.25696722e-04 1.54992381e-05
 1.30748539e+01 2.25912122e-04 1.38633427e-05
 1.30917649e+01 2.26099100e-04 1.22223376e-05
 1.31086143e+01 2.26256810e-04 1.05649674e-05
 1.31254023e+01 2.26387590e-04 8.92014855e-06
 1.31421328e+01 2.26490667e-04 7.28852637e-06
 1.31588031e+01 2.26565408e-04 5.64411494e-06
 1.31754146e+01 2.26609962e-04 4.00950393e-06
 1.31919689e+01 2.26627161e-04 2.38983305e-06
 1.32084657e+01 2.26619258e-04 7.99219307e-07
 1.32249079e+01 2.26585244e-04 -7.71885488e-07
 1.32412940e+01 2.26526634e-04 -2.31093526e-06
 1.32576268e+01 2.26444057e-04 -3.84995574e-06
 1.32739063e+01 2.26335327e-04 -5.40527498e-06
 1.32901313e+01 2.26201704e-04 -6.96451996e-06
 1.33063031e+01 2.26042580e-04 -8.50141946e-06
 1.33224218e+01 2.25855190e-04 -1.00807983e-05
 1.33384873e+01 2.25643503e-04 -1.16581674e-05
 1.33545009e+01 2.25409739e-04 -1.31849615e-05
 1.33704614e+01 2.25153370e-04 -1.46717176e-05
 1.33863676e+01 2.24877136e-04 -1.61407204e-05
 1.34022180e+01 2.24578316e-04 -1.75876535e-05
 1.34180195e+01 2.24269338e-04 -1.91447825e-05
 1.34337679e+01 2.23942656e-04 -2.06878725e-05
 1.34494621e+01 2.23596488e-04 -2.22103092e-05
 1.34651032e+01 2.23231764e-04 -2.37373813e-05
 1.34806913e+01 2.22849609e-04 -2.52181925e-05
 1.34962266e+01 2.22450224e-04 -2.66735384e-05
 1.35117115e+01 2.22036272e-04 -2.80909458e-05
 1.35271448e+01 2.21604889e-04 -2.94652540e-05
 1.35425277e+01 2.21155993e-04 -3.07730711e-05
 1.35578604e+01 2.20690869e-04 -3.20300702e-05
 1.35731442e+01 2.20210548e-04 -3.32188533e-05
 1.35883815e+01 2.19718355e-04 -3.43468375e-05
 1.36035712e+01 2.19212232e-04 -3.54267452e-05
 1.36187104e+01 2.18694625e-04 -3.64841790e-05
 1.36338058e+01 2.18164893e-04 -3.74962553e-05
 1.36488589e+01 2.17620948e-04 -3.84491972e-05
 1.36638667e+01 2.17064247e-04 -3.93241913e-05
 1.36788308e+01 2.16495809e-04 -4.01508790e-05
 1.36937511e+01 2.15918005e-04 -4.09110082e-05
 1.37086303e+01 2.15329230e-04 -4.16091013e-05
 1.37234683e+01 2.14729637e-04 -4.22314113e-05
 1.37382626e+01 2.14123583e-04 -4.27846418e-05
 1.37530143e+01 2.13509526e-04 -4.32923944e-05
 1.37677248e+01 2.12885912e-04 -4.37348569e-05
 1.37823942e+01 2.12252776e-04 -4.41093165e-05
 1.37970236e+01 2.11615728e-04 -4.44494857e-05
 1.38116158e+01 2.10962680e-04 -4.48398125e-05
 1.38261695e+01 2.10302371e-04 -4.52280669e-05
 1.38406859e+01 2.09637089e-04 -4.56114364e-05
 1.38551650e+01 2.08965343e-04 -4.59665861e-05
 1.38696094e+01 2.08287493e-04 -4.63541714e-05
 1.38840178e+01 2.07606081e-04 -4.67218804e-05
 1.38983915e+01 2.06923639e-04 -4.71161091e-05
 1.39127332e+01 2.06237316e-04 -4.75134257e-05
 1.39270389e+01 2.05545940e-04 -4.78674914e-05
 1.39413111e+01 2.04853766e-04 -4.82581220e-05
 1.39555486e+01 2.04160806e-04 -4.86579106e-05
 1.39697539e+01 2.03463656e-04 -4.90329668e-05
 1.39839271e+01 2.02764271e-04 -4.93701002e-05
 1.39980667e+01 2.02062072e-04 -4.96774520e-05
 1.40121742e+01 2.01358647e-04 -4.99599552e-05
 1.40262494e+01 2.00651839e-04 -5.02048160e-05
 1.40402924e+01 1.99944496e-04 -5.04222888e-05
 1.40543032e+01 1.99236696e-04 -5.06342321e-05
 1.40682805e+01 1.98528850e-04 -5.08030793e-05
 1.40822253e+01 1.97823494e-04 -5.09764439e-05
 1.40961391e+01 1.97119976e-04 -5.11314791e-05
 1.41100220e+01 1.96414949e-04 -5.12363208e-05
 1.41238752e+01 1.95709090e-04 -5.13073186e-05
 1.41377026e+01 1.95002906e-04 -5.13826704e-05
 1.41515041e+01 1.94298728e-04 -5.14809493e-05
 1.41652784e+01 1.93598538e-04 -5.15439493e-05
 1.41790281e+01 1.92898993e-04 -5.15777453e-05
 1.41927546e+01 1.92201673e-04 -5.16335177e-05
 1.42064565e+01 1.91507328e-04 -5.16869632e-05
 1.42201351e+01 1.90812668e-04 -5.17253545e-05
 1.42337918e+01 1.90118366e-04 -5.17745483e-05
 1.42474264e+01 1.89425170e-04 -5.17862796e-05
 1.42610415e+01 1.88729324e-04 -5.18267897e-05
 1.42746346e+01 1.88034943e-04 -5.18610726e-05
 1.42882068e+01 1.87345563e-04 -5.18497688e-05
 1.43017583e+01 1.86657292e-04 -5.18009267e-05
 1.43152877e+01 1.85970461e-04 -5.16973271e-05
 1.43287963e+01 1.85286438e-04 -5.15577560e-05
 1.43422881e+01 1.84609897e-04 -5.14759720e-05
 1.43557591e+01 1.83938054e-04 -5.13896780e-05
 1.43692092e+01 1.83265151e-04 -5.12626276e-05
 1.43826410e+01 1.82595255e-04 -5.11117358e-05
 1.43960546e+01 1.81928957e-04 -5.09427212e-05
 1.44094512e+01 1.81263512e-04 -5.07311213e-05
 1.44228282e+01 1.80598517e-04 -5.04814891e-05
 1.44361857e+01 1.79935455e-04 -5.01866935e-05
 1.44495275e+01 1.79277064e-04 -4.98585445e-05
 1.44628536e+01 1.78622551e-04 -4.95321788e-05
 1.44761626e+01 1.77972638e-04 -4.91843807e-05
 1.44894559e+01 1.77326356e-04 -4.88204035e-05
 1.45027321e+01 1.76685419e-04 -4.84200563e-05
 1.45159885e+01 1.76051009e-04 -4.80679459e-05
 1.45292304e+01 1.75419847e-04 -4.77262985e-05
 1.45424564e+01 1.74794748e-04 -4.73884745e-05
 1.45556653e+01 1.74174717e-04 -4.70432175e-05
 1.45688571e+01 1.73556053e-04 -4.67423764e-05
 1.45820330e+01 1.72940754e-04 -4.64431962e-05
 1.45951930e+01 1.72328059e-04 -4.61719340e-05
 1.46083346e+01 1.71717415e-04 -4.58899790e-05
 1.46214617e+01 1.71108765e-04 -4.56088087e-05
 1.46345729e+01 1.70503391e-04 -4.53422519e-05
 1.46476696e+01 1.69902748e-04 -4.50825432e-05
 1.46607504e+01 1.69304002e-04 -4.48458907e-05
 1.46738180e+01 1.68702132e-04 -4.46278994e-05
 1.46868750e+01 1.68096955e-04 -4.44611435e-05
 1.46999186e+01 1.67490971e-04 -4.42816446e-05
 1.47129476e+01 1.66886752e-04 -4.41088483e-05
 1.47259634e+01 1.66285377e-04 -4.39776962e-05
 1.47389684e+01 1.65689662e-04 -4.38365374e-05
 1.47519640e+01 1.65097510e-04 -4.36931797e-05
 1.47649502e+01 1.64511574e-04 -4.36398719e-05
 1.47779271e+01 1.63929514e-04 -4.36203409e-05
 1.47908932e+01 1.63348100e-04 -4.36038892e-05
 1.48038472e+01 1.62771728e-04 -4.35742711e-05
 1.48167878e+01 1.62199677e-04 -4.35397555e-05
 1.48297176e+01 1.61629648e-04 -4.35519023e-05
 1.48426380e+01 1.61062959e-04 -4.35766709e-05
 1.48555464e+01 1.60498230e-04 -4.36088922e-05
 1.48684427e+01 1.59935631e-04 -4.36611868e-05
 1.48813283e+01 1.59377202e-04 -4.37337958e-05
 1.48942043e+01 1.58819410e-04 -4.38132866e-05
 1.49070696e+01 1.58261333e-04 -4.39314307e-05
 1.49199227e+01 1.57703845e-04 -4.40330513e-05
 1.49327611e+01 1.57149082e-04 -4.41509502e-05
 1.49455887e+01 1.56595730e-04 -4.42585984e-05
 1.49584055e+01 1.56043955e-04 -4.43524113e-05
 1.49712103e+01 1.55493701e-04 -4.44233976e-05
 1.49840041e+01 1.54945047e-04 -4.44357322e-05
 1.49967872e+01 1.54397837e-04 -4.44342305e-05
 1.50095568e+01 1.53852535e-04 -4.43962055e-05
 1.50223156e+01 1.53307190e-04 -4.43321994e-05
 1.50350624e+01 1.52764675e-04 -4.42592666e-05
 1.50477970e+01 1.52220297e-04 -4.41775354e-05
 1.50605183e+01 1.51678475e-04 -4.40649650e-05
 1.50732274e+01 1.51137001e-04 -4.39103639e-05
 1.50859244e+01 1.50593587e-04 -4.37698731e-05
 1.50986130e+01 1.50048739e-04 -4.36212234e-05
 1.51112908e+01 1.49498369e-04 -4.34485234e-05
 1.51239552e+01 1.48945145e-04 -4.32741491e-05
 1.51366088e+01 1.48393393e-04 -4.30502331e-05
 1.51492528e+01 1.47838921e-04 -4.28282128e-05
 1.51618886e+01 1.47280768e-04 -4.25740553e-05
 1.51745163e+01 1.46732184e-04 -4.24029389e-05
 1.51871318e+01 1.46186657e-04 -4.22495792e-05
 1.51997379e+01 1.45640917e-04 -4.21063593e-05
 1.52123358e+01 1.45096611e-04 -4.19597357e-05
 1.52249242e+01 1.44554650e-04 -4.18834698e-05
 1.52375043e+01 1.44011351e-04 -4.18250025e-05
 1.52500736e+01 1.43468157e-04 -4.17910685e-05
 1.52626347e+01 1.42926815e-04 -4.17795743e-05
 1.52751849e+01 1.42387670e-04 -4.17639992e-05
 1.52877255e+01 1.41849334e-04 -4.17872030e-05
 1.53002566e+01 1.41310710e-04 -4.18290781e-05
 1.53127767e+01 1.40774743e-04 -4.18818591e-05
 1.53252846e+01 1.40239633e-04 -4.19532991e-05
 1.53377777e+01 1.39705555e-04 -4.20635186e-05
 1.53502600e+01 1.39172038e-04 -4.21922203e-05
 1.53627326e+01 1.38641060e-04 -4.23261333e-05
 1.53751956e+01 1.38109927e-04 -4.24653464e-05
 1.53876453e+01 1.37581010e-04 -4.25982637e-05
 1.54000827e+01 1.37050476e-04 -4.27299804e-05
 1.54125065e+01 1.36519554e-04 -4.28497528e-05
 1.54249156e+01 1.35989828e-04 -4.29279128e-05
 1.54373125e+01 1.35459426e-04 -4.30057090e-05
 1.54496985e+01 1.34929668e-04 -4.30612135e-05
 1.54620724e+01 1.34402331e-04 -4.31174565e-05
 1.54744329e+01 1.33875684e-04 -4.31962123e-05
 1.54867798e+01 1.33344151e-04 -4.32568912e-05
 1.54991173e+01 1.32796455e-04 -4.34662234e-05
 1.55114400e+01 1.32244071e-04 -4.37324369e-05
 1.55237493e+01 1.31687361e-04 -4.40033116e-05
 1.55360438e+01 1.31128073e-04 -4.43025026e-05
 1.55483249e+01 1.30567167e-04 -4.46451089e-05
 1.55605938e+01 1.30003436e-04 -4.49782663e-05
 1.55728520e+01 1.29441327e-04 -4.53700692e-05
 1.55850980e+01 1.28877132e-04 -4.57841873e-05
 1.55973318e+01 1.28308293e-04 -4.61541349e-05
 1.56095548e+01 1.27737480e-04 -4.65088187e-05
 1.56217671e+01 1.27165024e-04 -4.68239333e-05
 1.56339683e+01 1.26590668e-04 -4.71073175e-05
 1.56461601e+01 1.26016574e-04 -4.73768012e-05
 1.56583397e+01 1.25439692e-04 -4.76426103e-05
 1.56705084e+01 1.24862971e-04 -4.78968992e-05
 1.56826675e+01 1.24284163e-04 -4.81517871e-05
 1.56948183e+01 1.23703711e-04 -4.83825539e-05
 1.57069583e+01 1.23122766e-04 -4.85973703e-05
 1.57190887e+01 1.22541846e-04 -4.88171515e-05
 1.57312057e+01 1.21959822e-04 -4.90248446e-05
 1.57433105e+01 1.21376278e-04 -4.92208101e-05
 1.57554069e+01 1.20794065e-04 -4.94095214e-05
 1.57674938e+01 1.20208519e-04 -4.95876666e-05
 1.57795673e+01 1.19622343e-04 -4.97614665e-05
 1.57916272e+01 1.19034919e-04 -4.98949298e-05
 1.58036763e+01 1.18446187e-04 -4.99982374e-05
 1.58157144e+01 1.17858258e-04 -5.00713257e-05
 1.58277403e+01 1.17268648e-04 -5.01092358e-05
 1.58397541e+01 1.16675568e-04 -5.01169700e-05
 1.58517569e+01 1.16082426e-04 -5.01537967e-05
 1.58637463e+01 1.15486204e-04 -5.01956330e-05
 1.58757260e+01 1.14889465e-04 -5.02432672e-05
 1.58876935e+01 1.14287656e-04 -5.03023279e-05
 1.58996502e+01 1.13683793e-04 -5.03475129e-05
 1.59115960e+01 1.13078492e-04 -5.03744864e-05
 1.59235309e+01 1.12468077e-04 -5.03945225e-05
 1.59354563e+01 1.11857786e-04 -5.03877782e-05
 1.59473722e+01 1.11250569e-04 -5.03937075e-05
 1.59592798e+01 1.10646233e-04 -5.04611768e-05
 1.59711779e+01 1.10041826e-04 -5.05345508e-05
 1.59830664e+01 1.09437442e-04 -5.05956385e-05
 1.59949453e+01 1.08835490e-04 -5.06588911e-05
 1.60068184e+01 1.08230406e-04 -5.06787660e-05
 1.60186834e+01 1.07624959e-04 -5.06742409e-05
 1.60305414e+01 1.07021205e-04 -5.06876208e-05
 1.60423951e+01 1.06417444e-04 -5.07016240e-05
 1.60542419e+01 1.05815553e-04 -5.07167521e-05
 1.60660830e+01 1.05210805e-04 -5.07048255e-05
 1.60779198e+01 1.04604289e-04 -5.06600478e-05
 1.60897510e+01 1.04000198e-04 -5.06303461e-05
 1.61015765e+01 1.03396347e-04 -5.06163731e-05
 1.61133909e+01 1.02793940e-04 -5.06712295e-05
 1.61252034e+01 1.02193311e-04 -5.07394549e-05
 1.61370114e+01 1.01591683e-04 -5.08241232e-05
 1.61488137e+01 1.00988393e-04 -5.09532425e-05
 1.61606103e+01 1.00388903e-04 -5.11096598e-05
 1.61724024e+01 9.97897874e-05 -5.12685598e-05
 1.61841888e+01 9.91900249e-05 -5.14279755e-05
 1.61959695e+01 9.85871686e-05 -5.16130498e-05
 1.62077445e+01 9.79843031e-05 -5.17943762e-05
 1.62195137e+01 9.73802039e-05 -5.19623194e-05
 1.62312772e+01 9.67709270e-05 -5.21128626e-05
 1.62430337e+01 9.61598627e-05 -5.22595008e-05
 1.62547832e+01 9.55450667e-05 -5.23785249e-05
 1.62665283e+01 9.49244737e-05 -5.25399784e-05
 1.62782677e+01 9.42998632e-05 -5.26848717e-05
 1.62899987e+01 9.36749270e-05 -5.28424608e-05
 1.63017215e+01 9.30472980e-05 -5.29525563e-05
 1.63134373e+01 9.24172697e-05 -5.30175722e-05
 1.63251460e+01 9.17875495e-05 -5.30959752e-05
 1.63368491e+01 9.11578785e-05 -5.31659127e-05
 1.63485466e+01 9.05283411e-05 -5.32716360e-05
 1.63602370e+01 8.99015655e-05 -5.33681092e-05
 1.63719204e+01 8.92717858e-05 -5.34335077e-05
 1.63835993e+01 8.86462118e-05 -5.34821328e-05
 1.63952739e+01 8.80210947e-05 -5.35435923e-05
 1.64069415e+01 8.73979203e-05 -5.35570644e-05
 1.64186047e+01 8.67750393e-05 -5.35404235e-05
 1.64302622e+01 8.61545899e-05 -5.35163143e-05
 1.64419140e+01 8.55315529e-05 -5.35165986e-05
 1.64535601e+01 8.49107431e-05 -5.35360117e-05
 1.64652031e+01 8.42940108e-05 -5.35576666e-05
 1.64768417e+01 8.36783838e-05 -5.35984519e-05
 1.64884759e+01 8.30605693e-05 -5.36905718e-05
 1.65001057e+01 8.24421392e-05 -5.37652684e-05
 1.65117311e+01 8.18277797e-05 -5.38286655e-05
 1.65233519e+01 8.12166301e-05 -5.39041134e-05
 1.65349684e+01 8.06059712e-05 -5.39521001e-05
 1.65465791e+01 7.99973388e-05 -5.39696177e-05
 1.65581841e+01 7.93903105e-05 -5.39786757e-05
 1.65697820e+01 7.87831586e-05 -5.39920997e-05
 1.65813742e+01 7.81755743e-05 -5.39670198e-05
 1.65929607e+01 7.75663399e-05 -5.39348286e-05
 1.66045390e+01 7.69555606e-05 -5.38764816e-05
 1.66161102e+01 7.63465194e-05 -5.37937301e-05
 1.66276756e+01 7.57369658e-05 -5.36719568e-05
 1.66392340e+01 7.51194305e-05 -5.35432980e-05
 1.66507853e+01 7.44983456e-05 -5.34063578e-05
 1.66623282e+01 7.38767838e-05 -5.32018553e-05
 1.66738627e+01 7.32532963e-05 -5.29374801e-05
 1.66853902e+01 7.26275306e-05 -5.26354187e-05
 1.66969092e+01 7.20023791e-05 -5.22996645e-05
 1.67084227e+01 7.13923790e-05 -5.20844017e-05
 1.67199278e+01 7.07866381e-05 -5.19116746e-05
 1.67314247e+01 7.01825093e-05 -5.17700187e-05
 1.67429145e+01 6.95808632e-05 -5.16573081e-05
 1.67543973e+01 6.89845205e-05 -5.15211765e-05
 1.67658717e+01 6.83906945e-05 -5.13761773e-05
 1.67773391e+01 6.77990516e-05 -5.12452983e-05
 1.67887995e+01 6.72119102e-05 -5.11269212e-05
 1.68002540e+01 6.66270545e-05 -5.09997232e-05
 1.68117015e+01 6.60450536e-05 -5.08631236e-05
 1.68231419e+01 6.54649429e-05 -5.07209999e-05
 1.68345766e+01 6.48869274e-05 -5.05659309e-05
 1.68460055e+01 6.43092415e-05 -5.04186677e-05
 1.68574247e+01 6.37326501e-05 -5.03348565e-05
 1.68688368e+01 6.31567999e-05 -5.02612733e-05
 1.68802431e+01 6.25854513e-05 -5.01764015e-05
 1.68916437e+01 6.20172099e-05 -5.00800714e-05
 1.69030371e+01 6.14492218e-05 -5.00030129e-05
 1.69144235e+01 6.08821341e-05 -4.99375693e-05
 1.69258027e+01 6.03169727e-05 -4.98713434e-05
 1.69371747e+01 5.97538649e-05 -4.98059575e-05
 1.69485398e+01 5.91905783e-05 -4.97154017e-05
 1.69598964e+01 5.86289080e-05 -4.96647090e-05
 1.69712459e+01 5.80672727e-05 -4.96135350e-05
 1.69825871e+01 5.75035532e-05 -4.95728014e-05
 1.69939212e+01 5.69411617e-05 -4.95020338e-05
 1.70052495e+01 5.63673756e-05 -4.95272876e-05
 1.70165709e+01 5.57889325e-05 -4.95779798e-05
 1.70278850e+01 5.52112490e-05 -4.96410119e-05
 1.70391921e+01 5.46324486e-05 -4.97300658e-05
 1.70504894e+01 5.40570685e-05 -4.98003244e-05
 1.70617770e+01 5.34833761e-05 -4.98533540e-05
 1.70730574e+01 5.29136246e-05 -4.99470304e-05
 1.70843307e+01 5.23443848e-05 -5.00523787e-05
 1.70955969e+01 5.17756462e-05 -5.01345911e-05
 1.71068547e+01 5.12084765e-05 -5.02496734e-05
 1.71181042e+01 5.06445126e-05 -5.03045066e-05
 1.71293464e+01 5.00808924e-05 -5.03270143e-05
 1.71405815e+01 4.95222877e-05 -5.03166914e-05
 1.71518134e+01 4.89642533e-05 -5.03140885e-05
 1.71630381e+01 4.84058880e-05 -5.03139242e-05
 1.71742571e+01 4.78470295e-05 -5.03050210e-05
 1.71854727e+01 4.72876277e-05 -5.03078908e-05
 1.71966839e+01 4.67295447e-05 -5.02704222e-05
 1.72078879e+01 4.61755099e-05 -5.01911864e-05
 1.72190846e+01 4.56225151e-05 -5.01489385e-05
 1.72302768e+01 4.50707666e-05 -5.00921860e-05
 1.72414631e+01 4.45234497e-05 -5.00024676e-05
 1.72526436e+01 4.39798530e-05 -4.98812289e-05
 1.72638168e+01 4.34373748e-05 -4.97608727e-05
 1.72749856e+01 4.28975780e-05 -4.96361414e-05
 1.72861498e+01 4.23586184e-05 -4.94964821e-05
 1.72973068e+01 4.18199267e-05 -4.93232479e-05
 1.73084592e+01 4.12861192e-05 -4.91099883e-05
 1.73196070e+01 4.07541696e-05 -4.89300397e-05
 1.73307489e+01 4.02237723e-05 -4.86830182e-05
 1.73418863e+01 3.96980131e-05 -4.83594405e-05
 1.73530191e+01 3.91738001e-05 -4.80092496e-05
 1.73641473e+01 3.86511163e-05 -4.76819883e-05
 1.73752671e+01 3.81296863e-05 -4.73237175e-05
 1.73863809e+01 3.76122493e-05 -4.69036027e-05
 1.73974888e+01 3.70979109e-05 -4.64912644e-05
 1.74085908e+01 3.65884155e-05 -4.60412331e-05
 1.74196868e+01 3.60832855e-05 -4.55747367e-05
 1.74307809e+01 3.55867065e-05 -4.51432049e-05
 1.74418715e+01 3.50978545e-05 -4.46878853e-05
 1.74529589e+01 3.46154376e-05 -4.41979059e-05
 1.74640418e+01 3.41363651e-05 -4.36918409e-05
 1.74751225e+01 3.36608419e-05 -4.31818976e-05
 1.74862012e+01 3.31919565e-05 -4.26585994e-05
 1.74972780e+01 3.27259069e-05 -4.21466741e-05
 1.75083513e+01 3.22669670e-05 -4.16468482e-05
 1.75194226e+01 3.18152098e-05 -4.10909477e-05
 1.75304932e+01 3.13685557e-05 -4.05510854e-05
 1.75415616e+01 3.09251713e-05 -3.99766187e-05
 1.75526306e+01 3.04890652e-05 -3.94115588e-05
 1.75637000e+01 3.00553706e-05 -3.88165970e-05
 1.75747646e+01 2.96233674e-05 -3.83055072e-05
 1.75858296e+01 2.91958796e-05 -3.77961175e-05
 1.75968951e+01 2.87777284e-05 -3.73078012e-05
 1.76079611e+01 2.83622427e-05 -3.68672605e-05
 1.76190290e+01 2.79483728e-05 -3.64132178e-05
 1.76301000e+01 2.75396854e-05 -3.59659574e-05
 1.76411728e+01 2.71377040e-05 -3.55822842e-05
 1.76522474e+01 2.67371149e-05 -3.52549006e-05
 1.76633238e+01 2.63386214e-05 -3.49142468e-05
 1.76744045e+01 2.59414823e-05 -3.45928163e-05
 1.76854896e+01 2.55456559e-05 -3.42750901e-05
 1.76965791e+01 2.51522966e-05 -3.39352555e-05
 1.77076731e+01 2.47600706e-05 -3.35939030e-05
 1.77187689e+01 2.43655977e-05 -3.33570667e-05
 1.77298691e+01 2.39694076e-05 -3.31713638e-05
 1.77409709e+01 2.35767867e-05 -3.30208073e-05
 1.77520732e+01 2.31873823e-05 -3.28944724e-05
 1.77631784e+01 2.27999123e-05 -3.27531734e-05
 1.77742881e+01 2.24162895e-05 -3.25706131e-05
 1.77854021e+01 2.20417738e-05 -3.24394674e-05
 1.77965192e+01 2.16724057e-05 -3.23638253e-05
 1.78076394e+01 2.13047692e-05 -3.22693221e-05
 1.78187626e+01 2.09399191e-05 -3.21743281e-05
 1.78298914e+01 2.05803655e-05 -3.20887717e-05
 1.78410245e+01 2.02235910e-05 -3.20065081e-05
 1.78521620e+01 1.98694779e-05 -3.18982626e-05
 1.78633063e+01 1.95193026e-05 -3.18040095e-05
 1.78744550e+01 1.91728350e-05 -3.17314033e-05
 1.78856093e+01 1.88289546e-05 -3.16935465e-05
 1.78967705e+01 1.84857331e-05 -3.16186019e-05
 1.79079348e+01 1.81434654e-05 -3.15388406e-05
 1.79191020e+01 1.78047218e-05 -3.14639637e-05
 1.79302721e+01 1.74688191e-05 -3.13655729e-05
 1.79414491e+01 1.71342705e-05 -3.12628611e-05
 1.79526318e+01 1.67990226e-05 -3.11579814e-05
 1.79638202e+01 1.64638492e-05 -3.10561980e-05
 1.79750141e+01 1.61304736e-05 -3.09105288e-05
 1.79862136e+01 1.57996947e-05 -3.07556778e-05
 1.79974162e+01 1.54727108e-05 -3.06064170e-05
 1.80086217e+01 1.51501381e-05 -3.04074299e-05
 1.80198302e+01 1.48259358e-05 -3.01658671e-05
 1.80310443e+01 1.45037573e-05 -2.98599939e-05
 1.80422626e+01 1.41847382e-05 -2.95435592e-05
 1.80534838e+01 1.38671725e-05 -2.92075536e-05
 1.80647093e+01 1.35508229e-05 -2.88440087e-05
 1.80759416e+01 1.32334093e-05 -2.84540127e-05
 1.80871770e+01 1.29142487e-05 -2.80474953e-05
 1.80984153e+01 1.25972807e-05 -2.76274770e-05
 1.81096578e+01 1.22831347e-05 -2.71752354e-05
 1.81209034e+01 1.19730066e-05 -2.67017910e-05
 1.81321506e+01 1.16642553e-05 -2.61816025e-05
 1.81434021e+01 1.13689635e-05 -2.57628854e-05
 1.81546553e+01 1.10812713e-05 -2.53799162e-05
 1.81659102e+01 1.07967204e-05 -2.49902492e-05
 1.81771666e+01 1.05183218e-05 -2.46313230e-05
 1.81884246e+01 1.02444951e-05 -2.42296568e-05
 1.81996804e+01 9.97219170e-06 -2.38319858e-05
 1.82109351e+01 9.70511595e-06 -2.34088800e-05
 1.82221887e+01 9.44357514e-06 -2.29986867e-05
 1.82334401e+01 9.18430918e-06 -2.26086935e-05
 1.82446880e+01 8.92833945e-06 -2.22762494e-05
 1.82559310e+01 8.67130365e-06 -2.19442682e-05
 1.82671691e+01 8.41836296e-06 -2.16047805e-05
 1.82784036e+01 8.16875907e-06 -2.12153391e-05
 1.82896317e+01 7.92150353e-06 -2.08955978e-05
 1.83008534e+01 7.67863060e-06 -2.06255920e-05
 1.83120716e+01 7.44101552e-06 -2.03619650e-05
 1.83232849e+01 7.20800452e-06 -2.01374878e-05
 1.83344920e+01 6.97576688e-06 -1.99385931e-05
 1.83456929e+01 6.74313491e-06 -1.97350055e-05
 1.83568863e+01 6.51522694e-06 -1.95498589e-05
 1.83680721e+01 6.29041276e-06 -1.93719157e-05
 1.83792529e+01 6.06566134e-06 -1.91949124e-05
 1.83904289e+01 5.84120644e-06 -1.90176601e-05
 1.84015986e+01 5.62031655e-06 -1.88503143e-05
 1.84127620e+01 5.40250990e-06 -1.86886389e-05
 1.84239191e+01 5.18888151e-06 -1.85364939e-05
 1.84350702e+01 4.96756742e-06 -1.85235010e-05
 1.84462138e+01 4.72506053e-06 -1.87337379e-05
 1.84573473e+01 4.47284906e-06 -1.91291580e-05
 1.84684722e+01 4.21383959e-06 -1.95914954e-05
 1.84795933e+01 3.94635810e-06 -2.00884257e-05
 1.84907109e+01 3.67533239e-06 -2.06257388e-05
 1.85018250e+01 3.40550723e-06 -2.11991356e-05
 1.85129342e+01 3.13492851e-06 -2.17990859e-05
 1.85240384e+01 2.86165370e-06 -2.23944699e-05
 1.85351376e+01 2.59005422e-06 -2.30049145e-05
 1.85462319e+01 2.32330523e-06 -2.35218691e-05
 1.85573212e+01 2.05988704e-06 -2.39873532e-05
 1.85684081e+01 1.80128752e-06 -2.43718148e-05
 1.85794926e+01 1.54281180e-06 -2.46779638e-05
 1.85905749e+01 1.28461233e-06 -2.49341416e-05
 1.86016534e+01 1.03093391e-06 -2.51252103e-05
 1.86127283e+01 7.81230206e-07 -2.52651585e-05
 1.86238009e+01 5.31302918e-07 -2.53635873e-05
 1.86348685e+01 2.86432936e-07 -2.54312702e-05
 1.86459298e+01 4.66167486e-08 -2.54268633e-05
 1.86569887e+01 -1.91098088e-07 -2.53180208e-05
 1.86680453e+01 -4.25594500e-07 -2.51640250e-05
 1.86790968e+01 -6.55868989e-07 -2.49227528e-05
 1.86901433e+01 -8.83962237e-07 -2.46023320e-05
 1.87011875e+01 -1.11023802e-06 -2.42416271e-05
 1.87122292e+01 -1.32784653e-06 -2.38219344e-05
 1.87232686e+01 -1.54211071e-06 -2.33156910e-05
 1.87343056e+01 -1.75475632e-06 -2.27182279e-05
 1.87453389e+01 -1.96260335e-06 -2.20852584e-05
 1.87563686e+01 -2.16749455e-06 -2.14038554e-05
 1.87673985e+01 -2.36803618e-06 -2.06501035e-05
 1.87784261e+01 -2.56333271e-06 -1.98318968e-05
 1.87894527e+01 -2.75567009e-06 -1.90412919e-05
 1.88004795e+01 -2.94750284e-06 -1.82510259e-05
 1.88115065e+01 -3.13467949e-06 -1.74444944e-05
 1.88225362e+01 -3.31368163e-06 -1.65899910e-05
 1.88335687e+01 -3.48987804e-06 -1.56936919e-05
 1.88446015e+01 -3.66215908e-06 -1.47889769e-05
 1.88556371e+01 -3.82134023e-06 -1.39250962e-05
 1.88666781e+01 -3.96805833e-06 -1.30605234e-05
 1.88777220e+01 -4.10556150e-06 -1.21637216e-05
 1.88887712e+01 -4.23618315e-06 -1.12686925e-05
 1.88998245e+01 -4.36010707e-06 -1.03783455e-05
 1.89108819e+01 -4.47796849e-06 -9.45815038e-06
 1.89219459e+01 -4.58753823e-06 -8.48201853e-06
 1.89330167e+01 -4.68988607e-06 -7.52986797e-06
 1.89440928e+01 -4.78540015e-06 -6.59730575e-06
 1.89551743e+01 -4.87254986e-06 -5.67646918e-06
 1.89662613e+01 -4.95231359e-06 -4.74520144e-06
 1.89773536e+01 -5.02236096e-06 -3.80675629e-06
 1.89884514e+01 -5.08875091e-06 -2.90862599e-06
 1.89995493e+01 -5.14943937e-06 -2.10367656e-06
 1.90106546e+01 -5.20150569e-06 -1.42468160e-06
 1.90217677e+01 -5.25016919e-06 -8.95305812e-07
 1.90328873e+01 -5.29643236e-06 -4.57589204e-07
 1.90440096e+01 -5.33581391e-06 -9.57409456e-08
 1.90551344e+01 -5.37128336e-06 2.02568799e-07
 1.90662617e+01 -5.40456115e-06 4.69951366e-07
 1.90773917e+01 -5.43632055e-06 6.55697450e-07
 1.90885245e+01 -5.46793482e-06 7.04489221e-07
 1.90996586e+01 -5.50003120e-06 6.38764828e-07
 1.91107941e+01 -5.53160970e-06 5.62502074e-07
 1.91219324e+01 -5.55982310e-06 4.79585965e-07
 1.91330721e+01 -5.58818294e-06 3.50291773e-07
 1.91442133e+01 -5.62309323e-06 1.43502926e-07
 1.91553545e+01 -5.65937684e-06 -1.52232176e-07
 1.91664972e+01 -5.69875986e-06 -4.61059102e-07
 1.91776412e+01 -5.73770355e-06 -7.76875894e-07
 1.91887879e+01 -5.77589949e-06 -1.12689494e-06
 1.91999386e+01 -5.81606092e-06 -1.50803467e-06
 1.92110934e+01 -5.85855143e-06 -1.95236358e-06
 1.92222496e+01 -5.90033066e-06 -2.46172646e-06
 1.92334073e+01 -5.94336446e-06 -3.00875404e-06
 1.92445689e+01 -5.98566715e-06 -3.53323064e-06
 1.92557332e+01 -6.02940532e-06 -4.06667520e-06
 1.92668988e+01 -6.07426618e-06 -4.60982519e-06
 1.92780660e+01 -6.11917957e-06 -5.10463065e-06
 1.92892344e+01 -6.16539466e-06 -5.59058964e-06
 1.93004043e+01 -6.21254333e-06 -6.08187030e-06
 1.93115782e+01 -6.26110617e-06 -6.56296509e-06
 1.93227559e+01 -6.31288788e-06 -7.00401489e-06
 1.93339351e+01 -6.36572198e-06 -7.44999053e-06
 1.93451170e+01 -6.42404483e-06 -7.87338948e-06
 1.93562989e+01 -6.48724106e-06 -8.30027845e-06
 1.93674820e+01 -6.55015331e-06 -8.71370975e-06
 1.93786665e+01 -6.61428041e-06 -9.13213494e-06
 1.93898511e+01 -6.67961340e-06 -9.53584064e-06
 1.94010358e+01 -6.74784292e-06 -9.89630333e-06
 1.94122217e+01 -6.82052358e-06 -1.01892471e-05
 1.94234104e+01 -6.89632734e-06 -1.04692233e-05
 1.94345979e+01 -6.97801006e-06 -1.07163300e-05
 1.94457855e+01 -7.06434628e-06 -1.08694444e-05
 1.94569718e+01 -7.15747614e-06 -1.09932996e-05
 1.94681583e+01 -7.25485228e-06 -1.10844249e-05
 1.94793462e+01 -7.35434046e-06 -1.11021897e-05
 1.94905342e+01 -7.46039166e-06 -1.10422968e-05
 1.95017222e+01 -7.57384225e-06 -1.09214571e-05
 1.95129104e+01 -7.69277816e-06 -1.07420960e-05
 1.95240973e+01 -7.81624053e-06 -1.04760545e-05
 1.95352842e+01 -7.94413282e-06 -1.00893216e-05
 1.95464713e+01 -8.07613975e-06 -9.56224394e-06
 1.95576583e+01 -8.21327838e-06 -8.92047375e-06
 1.95688494e+01 -8.34368746e-06 -8.28040146e-06
 1.95800394e+01 -8.45636424e-06 -7.79510658e-06
 1.95912297e+01 -8.55672061e-06 -7.41932318e-06
 1.96024200e+01 -8.64989499e-06 -7.09735673e-06
 1.96136118e+01 -8.73692528e-06 -6.82940558e-06
 1.96248052e+01 -8.82067496e-06 -6.63018001e-06
 1.96360001e+01 -8.89971278e-06 -6.44144513e-06
 1.96471963e+01 -8.97114333e-06 -6.26009684e-06
 1.96583939e+01 -9.03943553e-06 -6.15699753e-06
 1.96695955e+01 -9.10635969e-06 -6.12780776e-06
 1.96807997e+01 -9.17658886e-06 -6.08394538e-06
 1.96920042e+01 -9.24720097e-06 -6.03213271e-06
 1.97032073e+01 -9.31838359e-06 -5.94639652e-06
 1.97144091e+01 -9.38679427e-06 -5.87770432e-06
 1.97256135e+01 -9.45186658e-06 -5.82180727e-06
 1.97368168e+01 -9.51834083e-06 -5.78240502e-06
 1.97480188e+01 -9.58506075e-06 -5.74750126e-06
 1.97592183e+01 -9.64825226e-06 -5.73169095e-06
 1.97704152e+01 -9.71074412e-06 -5.73393180e-06
 1.97816096e+01 -9.77397152e-06 -5.73277352e-06
 1.97928040e+01 -9.83868815e-06 -5.72017151e-06
 1.98039983e+01 -9.90228799e-06 -5.71280364e-06
 1.98151902e+01 -9.96688059e-06 -5.67416078e-06
 1.98263822e+01 -1.00313097e-05 -5.63330198e-06
 1.98375742e+01 -1.00944168e-05 -5.61773362e-06
 1.98487663e+01 -1.01574202e-05 -5.53553381e-06
 1.98599586e+01 -1.02319341e-05 -5.57089653e-06
 1.98711497e+01 -1.03114430e-05 -5.64963961e-06
 1.98823383e+01 -1.03913582e-05 -5.72562238e-06
 1.98935244e+01 -1.04732098e-05 -5.83858909e-06
 1.99047106e+01 -1.05597391e-05 -5.96865708e-06
 1.99158968e+01 -1.06470007e-05 -6.08099594e-06
 1.99270858e+01 -1.07286323e-05 -6.21698575e-06
 1.99382750e+01 -1.08069992e-05 -6.39264276e-06
 1.99494644e+01 -1.08839656e-05 -6.57742652e-06
 1.99606537e+01 -1.09635738e-05 -6.74219215e-06
 1.99718433e+01 -1.10402030e-05 -6.89488353e-06
 1.99830329e+01 -1.11113823e-05 -7.04008098e-06
 1.99942212e+01 -1.11834904e-05 -7.18545873e-06
 2.00054095e+01 -1.12539788e-05 -7.27182513e-06
 2.00165980e+01 -1.13235262e-05 -7.30320312e-06
 2.00277864e+01 -1.13927849e-05 -7.35585761e-06
 2.00389762e+01 -1.14630597e-05 -7.43181020e-06
 2.00501649e+01 -1.15331288e-05 -7.47489744e-06
 2.00613522e+01 -1.16027814e-05 -7.44486044e-06
 2.00725369e+01 -1.16734404e-05 -7.45112555e-06
 2.00837191e+01 -1.17420432e-05 -7.44288610e-06
 2.00949015e+01 -1.18112712e-05 -7.41671666e-06
 2.01060812e+01 -1.18804437e-05 -7.34827855e-06
 2.01172583e+01 -1.19505017e-05 -7.21560666e-06
 2.01284329e+01 -1.20167458e-05 -7.08575495e-06
 2.01396077e+01 -1.20800332e-05 -6.94144548e-06
 2.01507799e+01 -1.21455966e-05 -6.77062561e-06
 2.01619496e+01 -1.22095170e-05 -6.62710408e-06
 2.01731182e+01 -1.22687162e-05 -6.44813081e-06
 2.01842855e+01 -1.23314726e-05 -6.26112641e-06
 2.01954514e+01 -1.23963602e-05 -6.07310591e-06
 2.02066161e+01 -1.24623745e-05 -5.84281857e-06
 2.02177797e+01 -1.25279089e-05 -5.59042642e-06
 2.02289419e+01 -1.25908682e-05 -5.38568573e-06
 2.02401017e+01 -1.26507565e-05 -5.22267617e-06
 2.02512616e+01 -1.27098657e-05 -5.03583387e-06
 2.02624227e+01 -1.27714966e-05 -4.80544572e-06
 2.02735865e+01 -1.28323757e-05 -4.57124084e-06
 2.02847544e+01 -1.28837810e-05 -4.32834304e-06
 2.02959223e+01 -1.29311890e-05 -4.10651402e-06
 2.03070942e+01 -1.29764594e-05 -3.90125174e-06
 2.03182700e+01 -1.30210476e-05 -3.67617269e-06
 2.03294486e+01 -1.30649561e-05 -3.43318982e-06
 2.03406311e+01 -1.31068869e-05 -3.20148127e-06
 2.03518163e+01 -1.31438837e-05 -2.99453105e-06
 2.03630030e+01 -1.31774560e-05 -2.81052370e-06
 2.03741923e+01 -1.32070993e-05 -2.63276315e-06
 2.03853856e+01 -1.32360253e-05 -2.42769368e-06
 2.03965816e+01 -1.32598612e-05 -2.19613145e-06
 2.04077790e+01 -1.32818628e-05 -1.97314359e-06
 2.04189790e+01 -1.33032857e-05 -1.70889837e-06
 2.04301802e+01 -1.33211846e-05 -1.47838256e-06
 2.04413853e+01 -1.33353841e-05 -1.25221771e-06
 2.04525955e+01 -1.33497796e-05 -1.04621626e-06
 2.04638097e+01 -1.33653647e-05 -8.69716311e-07
 2.04750277e+01 -1.33794874e-05 -7.20518805e-07
 2.04862483e+01 -1.33919007e-05 -6.06101141e-07
 2.04974690e+01 -1.34027956e-05 -5.20163351e-07
 2.05086922e+01 -1.34137888e-05 -4.09540206e-07
 2.05199194e+01 -1.34223079e-05 -2.84998613e-07
 2.05311504e+01 -1.34299703e-05 -1.68880924e-07
 2.05423840e+01 -1.34412696e-05 -8.10858984e-08
 2.05536204e+01 -1.34536919e-05 3.19501070e-08
 2.05648595e+01 -1.34665929e-05 1.05958936e-07
 2.05761026e+01 -1.34799246e-05 1.32644553e-07
 2.05873483e+01 -1.34940387e-05 1.76855145e-07
 2.05985967e+01 -1.35066428e-05 1.65681101e-07
 2.06098464e+01 -1.35182817e-05 1.15687574e-07
 2.06210987e+01 -1.35315851e-05 6.65982211e-08
 2.06323537e+01 -1.35415770e-05 2.45284587e-08
 2.06436139e+01 -1.35492372e-05 -6.69651317e-08
 2.06548794e+01 -1.35537187e-05 -1.68223762e-07
 2.06661488e+01 -1.35563291e-05 -2.76155997e-07
 2.06774235e+01 -1.35607350e-05 -4.02915417e-07
 2.06887022e+01 -1.35662092e-05 -5.22482649e-07
 2.06999861e+01 -1.35728046e-05 -6.51523290e-07
 2.07112700e+01 -1.35812368e-05 -7.67139424e-07
 2.07225592e+01 -1.35890858e-05 -8.68302392e-07
 2.07338534e+01 -1.35984432e-05 -9.70199016e-07
 2.07451504e+01 -1.36080531e-05 -1.04138722e-06
 2.07564499e+01 -1.36166744e-05 -1.11618198e-06
 2.07677521e+01 -1.36216377e-05 -1.20307901e-06
 2.07790569e+01 -1.36281536e-05 -1.28622103e-06
 2.07903644e+01 -1.36409872e-05 -1.36860692e-06
 2.08016731e+01 -1.36547617e-05 -1.48620079e-06
 2.08129832e+01 -1.36674974e-05 -1.62566885e-06
 2.08242945e+01 -1.36795502e-05 -1.77526716e-06
 2.08356072e+01 -1.36885423e-05 -1.89681218e-06
 2.08469225e+01 -1.36980142e-05 -1.99494653e-06
 2.08582378e+01 -1.37106587e-05 -2.06470999e-06
 2.08695532e+01 -1.37278383e-05 -2.13021515e-06
 2.08808686e+01 -1.37451886e-05 -2.20322307e-06
 2.08921827e+01 -1.37628671e-05 -2.26730421e-06
 2.09034980e+01 -1.37816711e-05 -2.29795218e-06
 2.09148121e+01 -1.38016088e-05 -2.31967058e-06
 2.09261275e+01 -1.38226832e-05 -2.31140509e-06
 2.09374455e+01 -1.38470435e-05 -2.30496801e-06
 2.09487622e+01 -1.38767522e-05 -2.30269196e-06
 2.09600777e+01 -1.39096858e-05 -2.27993169e-06
 2.09713919e+01 -1.39440960e-05 -2.20715212e-06
 2.09827074e+01 -1.39798539e-05 -2.11036440e-06
 2.09940217e+01 -1.40196888e-05 -1.95183709e-06
 2.10053361e+01 -1.40500931e-05 -1.88252798e-06
 2.10166505e+01 -1.40744902e-05 -1.81892345e-06
 2.10279623e+01 -1.40966909e-05 -1.73546659e-06
 2.10392729e+01 -1.41169034e-05 -1.70236100e-06
 2.10505796e+01 -1.41337217e-05 -1.71361716e-06
 2.10618851e+01 -1.41521044e-05 -1.75264218e-06
 2.10731906e+01 -1.41713270e-05 -1.77119968e-06
 2.10844948e+01 -1.41891328e-05 -1.79092649e-06
 2.10957952e+01 -1.42060668e-05 -1.80257354e-06
 2.11070918e+01 -1.42195209e-05 -1.80916126e-06
 2.11183857e+01 -1.42329053e-05 -1.81673858e-06
 2.11296770e+01 -1.42478398e-05 -1.80288569e-06
 2.11409656e+01 -1.42615465e-05 -1.81433771e-06
 2.11522490e+01 -1.42788121e-05 -1.81926124e-06
 2.11635285e+01 -1.42967548e-05 -1.78977793e-06
 2.11748053e+01 -1.43128321e-05 -1.76364878e-06
 2.11860783e+01 -1.43280511e-05 -1.77500351e-06
 2.11973474e+01 -1.43466690e-05 -1.82150871e-06
 2.12086127e+01 -1.43700621e-05 -1.85132642e-06
 2.12198728e+01 -1.43915550e-05 -1.90768865e-06
 2.12311276e+01 -1.44121493e-05 -1.91372407e-06
 2.12423773e+01 -1.44325903e-05 -1.91371866e-06
 2.12536216e+01 -1.44520003e-05 -1.88460479e-06
 2.12648634e+01 -1.44736879e-05 -1.85224931e-06
 2.12760988e+01 -1.44994132e-05 -1.84237463e-06
 2.12873328e+01 -1.45266532e-05 -1.81881743e-06
 2.12985630e+01 -1.45662892e-05 -1.95113878e-06
 2.13097882e+01 -1.46101033e-05 -2.15081957e-06
 2.13210095e+01 -1.46603096e-05 -2.33675852e-06
 2.13322269e+01 -1.47134543e-05 -2.58639950e-06
 2.13434406e+01 -1.47673812e-05 -2.85547375e-06
 2.13546517e+01 -1.48231305e-05 -3.13358920e-06
 2.13658590e+01 -1.48787594e-05 -3.42264681e-06
 2.13770663e+01 -1.49331879e-05 -3.72740549e-06
 2.13882737e+01 -1.49861703e-05 -4.02418329e-06
 2.13994772e+01 -1.50401350e-05 -4.30819145e-06
 2.14106769e+01 -1.50923021e-05 -4.55684327e-06
 2.14218715e+01 -1.51449818e-05 -4.81962776e-06
 2.14330623e+01 -1.52004419e-05 -5.02399272e-06
 2.14442517e+01 -1.52526887e-05 -5.19347212e-06
 2.14554385e+01 -1.53013862e-05 -5.32204353e-06
 2.14666241e+01 -1.53479157e-05 -5.41153458e-06
 2.14778072e+01 -1.53935628e-05 -5.48499423e-06
 2.14889876e+01 -1.54417352e-05 -5.60017056e-06
 2.15001642e+01 -1.54894480e-05 -5.69585522e-06
 2.15113344e+01 -1.55345015e-05 -5.77257207e-06
 2.15225031e+01 -1.55752575e-05 -5.79755319e-06
 2.15336706e+01 -1.56171195e-05 -5.83172433e-06
 2.15448355e+01 -1.56617925e-05 -5.83016006e-06
 2.15559977e+01 -1.57026210e-05 -5.78093464e-06
 2.15671587e+01 -1.57405473e-05 -5.67846148e-06
 2.15783184e+01 -1.57801308e-05 -5.54412745e-06
 2.15894742e+01 -1.58195903e-05 -5.32982335e-06
 2.16006276e+01 -1.58564614e-05 -5.08876474e-06
 2.16117797e+01 -1.58911557e-05 -4.85183818e-06
 2.16229318e+01 -1.59261512e-05 -4.60626067e-06
 2.16340826e+01 -1.59607415e-05 -4.36995393e-06
 2.16452309e+01 -1.59942230e-05 -4.12743365e-06
 2.16563792e+01 -1.60299455e-05 -3.87364832e-06
 2.16675263e+01 -1.60692120e-05 -3.60165784e-06
 2.16786720e+01 -1.61073768e-05 -3.27893542e-06
 2.16898192e+01 -1.61396456e-05 -2.94631957e-06
 2.17009677e+01 -1.61715169e-05 -2.60159001e-06
 2.17121176e+01 -1.62011271e-05 -2.26883934e-06
 2.17232688e+01 -1.62250960e-05 -1.94372391e-06
 2.17344241e+01 -1.62488062e-05 -1.62557045e-06
 2.17455794e+01 -1.62701162e-05 -1.32476347e-06
 2.17567373e+01 -1.62871761e-05 -1.01557154e-06
 2.17678979e+01 -1.62991867e-05 -7.05077288e-07
 2.17790610e+01 -1.63106824e-05 -3.89105709e-07
 2.17902267e+01 -1.63199405e-05 -8.10804012e-08
 2.18013951e+01 -1.63283589e-05 2.47937963e-07
 2.18125662e+01 -1.63333757e-05 6.14185970e-07
 2.18237399e+01 -1.63339189e-05 9.71036592e-07
 2.18349150e+01 -1.63334724e-05 1.28590961e-06
 2.18460940e+01 -1.63307551e-05 1.54733496e-06
 2.18572730e+01 -1.63238740e-05 1.80040309e-06
 2.18684505e+01 -1.63125612e-05 2.02880852e-06
 2.18796304e+01 -1.62970472e-05 2.23362268e-06
 2.18908130e+01 -1.62808441e-05 2.40849432e-06
 2.19019980e+01 -1.62662065e-05 2.52883392e-06
 2.19131843e+01 -1.62489704e-05 2.69263290e-06
 2.19243691e+01 -1.62281742e-05 2.85992533e-06
 2.19355565e+01 -1.62017144e-05 2.99771331e-06
 2.19467426e+01 -1.61772755e-05 3.03770039e-06
 2.19579260e+01 -1.61518671e-05 3.06198913e-06
 2.19691106e+01 -1.61250224e-05 3.07547941e-06
 2.19802979e+01 -1.61015079e-05 3.10806535e-06
 2.19914864e+01 -1.60812054e-05 3.10932673e-06
 2.20026762e+01 -1.60613946e-05 3.07438779e-06
 2.20138674e+01 -1.60415049e-05 2.99192982e-06
 2.20250572e+01 -1.60233944e-05 2.88369326e-06
 2.20362458e+01 -1.60075781e-05 2.75181105e-06
 2.20474344e+01 -1.59930406e-05 2.62066692e-06
 2.20586256e+01 -1.59792056e-05 2.45978069e-06
 2.20698193e+01 -1.59670646e-05 2.29708643e-06
 2.20810157e+01 -1.59538302e-05 2.11982015e-06
 2.20922109e+01 -1.59386517e-05 1.90897183e-06
 2.21034060e+01 -1.59231713e-05 1.66216243e-06
 2.21146024e+01 -1.59085045e-05 1.40854907e-06
 2.21257975e+01 -1.58946473e-05 1.15630614e-06
 2.21369914e+01 -1.58821890e-05 8.94507278e-07
 2.21481840e+01 -1.58709950e-05 6.22353992e-07
 2.21593779e+01 -1.58594650e-05 4.15830351e-07
 2.21705730e+01 -1.58500784e-05 2.39479153e-07
 2.21817681e+01 -1.58426528e-05 2.68538817e-08
 2.21929619e+01 -1.58381420e-05 -2.17542309e-07
 2.22041544e+01 -1.58309515e-05 -4.65599506e-07
 2.22153482e+01 -1.58243675e-05 -6.97786344e-07
 2.22265380e+01 -1.58197030e-05 -9.37695257e-07
 2.22377291e+01 -1.58164145e-05 -1.17770245e-06
 2.22489201e+01 -1.58164077e-05 -1.38414867e-06
 2.22601073e+01 -1.58178871e-05 -1.55329728e-06
 2.22712918e+01 -1.58202587e-05 -1.70008993e-06
 2.22824723e+01 -1.58230933e-05 -1.81887804e-06
 2.22936515e+01 -1.58280505e-05 -1.93933406e-06
 2.23048254e+01 -1.58341386e-05 -2.00818695e-06
 2.23159980e+01 -1.58410590e-05 -2.01139125e-06
 2.23271679e+01 -1.58487952e-05 -1.98041082e-06
 2.23383352e+01 -1.58568534e-05 -1.95847260e-06
 2.23494987e+01 -1.58657495e-05 -1.94504309e-06
 2.23606582e+01 -1.58762952e-05 -1.90028863e-06
 2.23718151e+01 -1.58944229e-05 -1.83294904e-06
 2.23829681e+01 -1.59182675e-05 -1.75337572e-06
 2.23941172e+01 -1.59457116e-05 -1.59033572e-06
 2.24052623e+01 -1.59749401e-05 -1.40081271e-06
 2.24164047e+01 -1.60034904e-05 -1.19658882e-06
 2.24275446e+01 -1.60342518e-05 -9.36424644e-07
 2.24386834e+01 -1.60535632e-05 -7.64618758e-07
 2.24498183e+01 -1.60696487e-05 -6.27412823e-07
 2.24609494e+01 -1.60814699e-05 -4.90886350e-07
 2.24720766e+01 -1.60886271e-05 -4.06549156e-07
 2.24832012e+01 -1.60934803e-05 -3.22790725e-07
 2.24943246e+01 -1.60959117e-05 -2.45381623e-07
 2.25054429e+01 -1.60954453e-05 -1.42434268e-07
 2.25165573e+01 -1.60947871e-05 -7.78458029e-08
 2.25276704e+01 -1.60955947e-05 -2.92207898e-08
 2.25387810e+01 -1.60958453e-05 2.94784148e-09
 2.25498863e+01 -1.60946219e-05 6.00015790e-08
 2.25609877e+01 -1.60886078e-05 9.99194815e-08
 2.25720851e+01 -1.60798984e-05 1.46527837e-07
 2.25831760e+01 -1.60726748e-05 2.05265230e-07
 2.25942642e+01 -1.60677596e-05 2.72688999e-07
 2.26053498e+01 -1.60629469e-05 3.62194305e-07
 2.26164301e+01 -1.60563480e-05 4.64494595e-07
 2.26275040e+01 -1.60473460e-05 4.83746477e-07
