 1.22966118e+00 4.75703734e-07 -4.39496940e-07
 1.25458034e+00 4.74011326e-07 -4.54682098e-07
 1.27949696e+00 4.71335813e-07 -4.69516387e-07
 1.30441357e+00 4.67923855e-07 -4.87309044e-07
 1.32933147e+00 4.62284406e-07 -5.00582943e-07
 1.35425198e+00 4.55482697e-07 -5.02553272e-07
 1.37917125e+00 4.49757740e-07 -5.00888915e-07
 1.40409181e+00 4.41693309e-07 -4.89937133e-07
 1.42901241e+00 4.31332196e-07 -4.79024663e-07
 1.45393172e+00 4.21786135e-07 -4.62891903e-07
 1.47885227e+00 4.12283077e-07 -4.30923514e-07
 1.50377540e+00 4.00937929e-07 -3.94077233e-07
 1.52869987e+00 3.88840359e-07 -3.51158898e-07
 1.55362302e+00 3.76733461e-07 -2.98972203e-07
 1.57854747e+00 3.63518634e-07 -2.40818447e-07
 1.60347316e+00 3.47856322e-07 -1.69750365e-07
 1.62840150e+00 3.32117710e-07 -8.62003511e-08
 1.65333123e+00 3.16061650e-07 4.23558633e-09
 1.67828968e+00 3.02667101e-07 7.54478209e-08
 1.70325610e+00 2.95994066e-07 1.09734577e-07
 1.72822523e+00 2.93248157e-07 1.29484317e-07
 1.75319569e+00 2.92192819e-07 1.35862494e-07
 1.77816621e+00 2.91809420e-07 1.31233602e-07
 1.80313680e+00 2.91670408e-07 1.18637616e-07
 1.82810606e+00 2.91107595e-07 9.18184794e-08
 1.85307655e+00 2.91657590e-07 6.93468099e-08
 1.87804710e+00 2.92224864e-07 5.48342319e-08
 1.90301636e+00 2.92332525e-07 3.25261808e-08
 1.92798683e+00 2.90821158e-07 6.93840917e-09
 1.95295857e+00 2.89750915e-07 -9.18519299e-09
 1.97792906e+00 2.88592763e-07 -1.71350712e-08
 2.00289301e+00 2.88490786e-07 -2.26433379e-08
 2.02785819e+00 2.89001764e-07 -2.87602105e-08
 2.05282855e+00 2.88199131e-07 -3.99789923e-08
 2.07779898e+00 2.87209864e-07 -5.76912834e-08
 2.10276683e+00 2.86854599e-07 -8.46869951e-08
 2.12773465e+00 2.86217811e-07 -1.08366378e-07
 2.15270379e+00 2.84558145e-07 -1.31443849e-07
 2.17767168e+00 2.82114279e-07 -1.52200058e-07
 2.20263830e+00 2.77708864e-07 -1.79640407e-07
 2.22760621e+00 2.74077661e-07 -2.03239422e-07
 2.25257545e+00 2.71216645e-07 -2.17058304e-07
 2.27754601e+00 2.67154909e-07 -2.31923582e-07
 2.30251658e+00 2.62830475e-07 -2.43738142e-07
 2.32748979e+00 2.56999851e-07 -2.61054317e-07
 2.35246300e+00 2.51316265e-07 -2.82909421e-07
 2.37743752e+00 2.43424145e-07 -2.93676403e-07
 2.40241075e+00 2.38591500e-07 -2.93124659e-07
 2.42738141e+00 2.33970655e-07 -2.96884714e-07
 2.45235205e+00 2.27403305e-07 -2.99344880e-07
 2.47732407e+00 2.21663998e-07 -2.87653352e-07
 2.50229489e+00 2.17809825e-07 -2.76564674e-07
 2.52726562e+00 2.16225076e-07 -2.69738530e-07
 2.55224023e+00 2.13348791e-07 -2.57179867e-07
 2.57721224e+00 2.10788957e-07 -2.51547911e-07
 2.60218293e+00 2.08545724e-07 -2.49484313e-07
 2.62715363e+00 2.05701510e-07 -2.43882545e-07
 2.65212434e+00 2.02274258e-07 -2.29741382e-07
 2.67709371e+00 1.99333358e-07 -2.11609787e-07
 2.70206433e+00 1.96071834e-07 -1.95763996e-07
 2.72703626e+00 1.93181318e-07 -1.73808940e-07
 2.75200694e+00 1.91622522e-07 -1.45714934e-07
 2.77697762e+00 1.91079634e-07 -1.22420484e-07
 2.80194699e+00 1.89913001e-07 -9.82604385e-08
 2.82691769e+00 1.88505782e-07 -7.35343025e-08
 2.85188841e+00 1.87439389e-07 -5.30818136e-08
 2.87685915e+00 1.87105936e-07 -3.93579075e-08
 2.90182991e+00 1.84822782e-07 -2.33588601e-08
 2.92679801e+00 1.81660119e-07 4.03631675e-09
 2.95176743e+00 1.80301616e-07 2.23630811e-08
 2.97673686e+00 1.78765299e-07 3.89871362e-08
 3.00170758e+00 1.78133416e-07 6.54054274e-08
 3.02667960e+00 1.78930120e-07 9.21364032e-08
 3.05165292e+00 1.78788087e-07 1.10971095e-07
 3.07662620e+00 1.77306443e-07 1.32170851e-07
 3.10160077e+00 1.78216439e-07 1.45379944e-07
 3.12657671e+00 1.80471254e-07 1.56740737e-07
 3.15155135e+00 1.79789607e-07 1.71007264e-07
 3.17652337e+00 1.78715689e-07 1.78030498e-07
 3.20149538e+00 1.81211578e-07 1.79208858e-07
 3.22646747e+00 1.82805318e-07 1.74749215e-07
 3.25143955e+00 1.82479025e-07 1.77915776e-07
 3.27641557e+00 1.82415445e-07 1.85790990e-07
 3.30139164e+00 1.85758582e-07 1.92181679e-07
 3.32636641e+00 1.90014846e-07 1.86433087e-07
 3.35134116e+00 1.92449542e-07 1.75925900e-07
 3.37631589e+00 1.95914447e-07 1.65620926e-07
 3.40128934e+00 1.99517428e-07 1.49623765e-07
 3.42626145e+00 2.03802432e-07 1.35120009e-07
 3.45123354e+00 2.06541768e-07 1.22237831e-07
 3.47620553e+00 2.09799220e-07 1.08275054e-07
 3.50117754e+00 2.13880871e-07 9.60110836e-08
 3.52614957e+00 2.18091241e-07 9.40456656e-08
 3.55112156e+00 2.22043394e-07 8.80138510e-08
 3.57609095e+00 2.24278277e-07 7.58933370e-08
 3.60105372e+00 2.28375059e-07 6.68612574e-08
 3.62601647e+00 2.32953579e-07 5.30092366e-08
 3.65097794e+00 2.35116308e-07 2.86497998e-08
 3.67593947e+00 2.35849185e-07 1.35103018e-08
 3.70090226e+00 2.37707663e-07 3.89271753e-09
 3.72586892e+00 2.40592438e-07 -6.18227882e-09
 3.75083690e+00 2.40127828e-07 -7.67730111e-09
 3.77580484e+00 2.38105105e-07 4.91188961e-09
 3.80077287e+00 2.38000598e-07 9.59230540e-09
 3.82573959e+00 2.38442090e-07 1.12636019e-08
 3.85070893e+00 2.38526867e-07 5.90782831e-09
 3.87567827e+00 2.39166595e-07 -2.81499523e-09
 3.90064761e+00 2.39086409e-07 -1.19679701e-08
 3.92561955e+00 2.38273475e-07 -1.64124912e-08
 3.95059281e+00 2.38904921e-07 -1.56594282e-08
 3.97556479e+00 2.40113799e-07 -2.72813490e-08
 4.00053549e+00 2.40313212e-07 -3.64368770e-08
 4.02550749e+00 2.39521103e-07 -3.38420935e-08
 4.05047952e+00 2.38841096e-07 -3.52309177e-08
 4.07545155e+00 2.37936171e-07 -3.94662546e-08
 4.10042351e+00 2.37841887e-07 -3.25666958e-08
 4.12539547e+00 2.38130615e-07 -2.51813256e-08
 4.15036612e+00 2.37709956e-07 -2.34523414e-08
 4.17533538e+00 2.37955468e-07 -1.29041072e-08
 4.20030727e+00 2.38445236e-07 -8.33292095e-10
 4.22527915e+00 2.40271097e-07 1.34171918e-08
 4.25024973e+00 2.41260455e-07 2.06143604e-08
 4.27521902e+00 2.42161237e-07 3.62878762e-08
 4.30018707e+00 2.41969063e-07 4.55709999e-08
 4.32515510e+00 2.41805733e-07 4.65196410e-08
 4.35012444e+00 2.42197369e-07 4.15123214e-08
 4.37509253e+00 2.43563699e-07 3.04093799e-08
 4.40005799e+00 2.43943395e-07 2.75262814e-08
 4.42502340e+00 2.42929097e-07 1.95168849e-08
 4.44999141e+00 2.42807970e-07 6.60112805e-09
 4.47495946e+00 2.44511414e-07 -8.14691826e-11
 4.49992614e+00 2.44759270e-07 -4.43861516e-09
 4.52489411e+00 2.43478872e-07 -1.23339781e-08
 4.54986205e+00 2.42444923e-07 -7.70795027e-09
 4.57482874e+00 2.39865965e-07 1.88329838e-09
 4.59979538e+00 2.39207037e-07 1.51716151e-08
 4.62476462e+00 2.38415423e-07 1.86618221e-08
 4.64973521e+00 2.37513247e-07 2.04332343e-08
 4.67470702e+00 2.38090690e-07 3.47846625e-08
 4.69968019e+00 2.38139485e-07 4.44467799e-08
 4.72465595e+00 2.38762166e-07 5.28923568e-08
 4.74963438e+00 2.41256088e-07 5.46378328e-08
 4.77461153e+00 2.41889039e-07 5.46264510e-08
 4.79958739e+00 2.41425934e-07 6.24259582e-08
 4.82456195e+00 2.41703595e-07 6.53788174e-08
 4.84953905e+00 2.42660568e-07 6.86496520e-08
 4.87451885e+00 2.45921908e-07 7.28641065e-08
 4.89949867e+00 2.49586344e-07 7.27504401e-08
 4.92447973e+00 2.52892516e-07 5.96408472e-08
 4.94946206e+00 2.53932245e-07 5.60260679e-08
 4.97444313e+00 2.55602095e-07 5.32387883e-08
 4.99941902e+00 2.58539499e-07 4.67304245e-08
 5.02439486e+00 2.59667060e-07 3.75971134e-08
 5.04937201e+00 2.61122466e-07 3.33588297e-08
 5.07434781e+00 2.62683601e-07 4.00477002e-08
 5.09932233e+00 2.63073955e-07 3.84842079e-08
 5.12429683e+00 2.64109276e-07 3.31104238e-08
 5.14927263e+00 2.65762742e-07 2.91430787e-08
 5.17424710e+00 2.67651807e-07 2.33463276e-08
 5.19921895e+00 2.69744931e-07 2.03391768e-08
 5.22418949e+00 2.72219348e-07 2.73148832e-08
 5.24916134e+00 2.73811037e-07 2.49194427e-08
 5.27413448e+00 2.74137470e-07 2.04686646e-08
 5.29910629e+00 2.73895988e-07 2.40373892e-08
 5.32407677e+00 2.73770116e-07 2.98762657e-08
 5.34904855e+00 2.73003287e-07 2.98146848e-08
 5.37401910e+00 2.72375200e-07 3.19471863e-08
 5.39898704e+00 2.72316051e-07 3.55090925e-08
 5.42395623e+00 2.73150348e-07 3.95426658e-08
 5.44892682e+00 2.74910431e-07 4.01568581e-08
 5.47389741e+00 2.76214664e-07 4.27703406e-08
 5.49886671e+00 2.78349306e-07 5.17882688e-08
 5.52384128e+00 2.76983392e-07 3.47364333e-08
 5.54881713e+00 2.76171524e-07 3.46306001e-08
 5.57379419e+00 2.75786496e-07 4.29162186e-08
 5.59876996e+00 2.75214921e-07 3.76254845e-08
 5.62374571e+00 2.75552587e-07 3.34414011e-08
 5.64872277e+00 2.74242106e-07 2.83466788e-08
 5.67369983e+00 2.72010785e-07 2.36438205e-08
 5.69867814e+00 2.72797610e-07 2.02782224e-08
 5.72365646e+00 2.74750428e-07 1.53160059e-08
 5.74863351e+00 2.74640950e-07 1.73350366e-08
 5.77361186e+00 2.76299675e-07 1.59134189e-08
 5.79858890e+00 2.77001530e-07 1.96316327e-09
 5.82356333e+00 2.79091290e-07 1.29242247e-09
 5.84854033e+00 2.78732361e-07 7.92664628e-10
 5.87351612e+00 2.77778948e-07 -4.53436024e-09
 5.89848928e+00 2.78478646e-07 -1.55686304e-08
 5.92346239e+00 2.79140091e-07 -2.08643627e-08
 5.94843561e+00 2.80003436e-07 -2.65527135e-08
 5.97340879e+00 2.80031748e-07 -3.26042456e-08
 5.99837937e+00 2.81017938e-07 -3.88300631e-08
 6.02334732e+00 2.82056417e-07 -3.85138373e-08
 6.04831653e+00 2.81829479e-07 -4.19040589e-08
 6.07328574e+00 2.79575083e-07 -4.58203595e-08
 6.09825628e+00 2.76752693e-07 -5.38469686e-08
 6.12322554e+00 2.76126344e-07 -6.19430297e-08
 6.14819611e+00 2.73575603e-07 -6.03609513e-08
 6.17316406e+00 2.71274894e-07 -5.53149675e-08
 6.19813199e+00 2.71377800e-07 -5.94738535e-08
 6.22309991e+00 2.72054739e-07 -6.39897947e-08
 6.24806914e+00 2.70764296e-07 -6.58425461e-08
 6.27303967e+00 2.68592270e-07 -6.24385604e-08
 6.29801017e+00 2.67855531e-07 -6.36074999e-08
 6.32298201e+00 2.65834174e-07 -6.52980788e-08
 6.34795522e+00 2.63337969e-07 -6.59751036e-08
 6.37292838e+00 2.60375144e-07 -7.08215382e-08
 6.39790157e+00 2.57653601e-07 -8.07669695e-08
 6.42287479e+00 2.54504103e-07 -9.10196366e-08
 6.44784933e+00 2.51695998e-07 -1.02525097e-07
 6.47282519e+00 2.49436186e-07 -1.09765805e-07
 6.49780108e+00 2.46128086e-07 -1.08499043e-07
 6.52277693e+00 2.44468286e-07 -1.08562681e-07
 6.54775148e+00 2.41717249e-07 -1.20580878e-07
 6.57272602e+00 2.39513312e-07 -1.24897167e-07
 6.59770188e+00 2.38944999e-07 -1.24217765e-07
 6.62267772e+00 2.38375514e-07 -1.30731926e-07
 6.64765354e+00 2.35977383e-07 -1.32320116e-07
 6.67263198e+00 2.34086220e-07 -1.26953903e-07
 6.69761044e+00 2.34171939e-07 -1.18649683e-07
 6.72258884e+00 2.34037013e-07 -9.74032308e-08
 6.74756725e+00 2.33098039e-07 -7.84017709e-08
 6.77254572e+00 2.29962536e-07 -5.89651107e-08
 6.79751617e+00 2.28745870e-07 -4.67175506e-08
 6.82248667e+00 2.26924692e-07 -2.68887796e-08
 6.84745596e+00 2.26078458e-07 -1.27883473e-08
 6.87242652e+00 2.25529137e-07 -6.12449259e-09
 6.89739712e+00 2.25277494e-07 9.32159347e-10
 6.92236767e+00 2.25501304e-07 5.78508425e-09
 6.94733952e+00 2.25248730e-07 8.06333204e-09
 6.97231018e+00 2.25338867e-07 4.83031265e-09
 6.99727958e+00 2.24470882e-07 -2.64990266e-09
 7.02224892e+00 2.22825066e-07 -3.32865949e-09
 7.04721830e+00 2.21832255e-07 -2.55576292e-09
 7.07218896e+00 2.22034153e-07 -1.05075389e-08
 7.09716361e+00 2.20584355e-07 -1.21831449e-08
 7.12213693e+00 2.20054419e-07 -1.96813059e-08
 7.14711147e+00 2.18904263e-07 -1.89940067e-08
 7.17208737e+00 2.18185452e-07 -2.31698147e-08
 7.19706203e+00 2.17268753e-07 -3.19811744e-08
 7.22203529e+00 2.15767445e-07 -2.30197440e-08
 7.24700855e+00 2.15602082e-07 -1.59084499e-08
 7.27198183e+00 2.14444516e-07 -1.02593666e-08
 7.29695645e+00 2.13244649e-07 -4.59427816e-10
 7.32193106e+00 2.13288206e-07 1.06998861e-09
 7.34690696e+00 2.12739456e-07 -4.71763605e-09
 7.37188152e+00 2.12461955e-07 -1.19962998e-08
 7.39685874e+00 2.11199226e-07 -1.60387217e-08
 7.42183463e+00 2.08601174e-07 -1.71546733e-08
 7.44681315e+00 2.06651750e-07 -1.47042569e-08
 7.47179170e+00 2.06827083e-07 -9.12253933e-09
 7.49677024e+00 2.08060439e-07 2.48794589e-10
 7.52174873e+00 2.09947694e-07 1.24246618e-08
 7.54672854e+00 2.10827976e-07 1.98612487e-08
 7.57170710e+00 2.12214971e-07 1.97017196e-08
 7.59668172e+00 2.12684484e-07 1.72178004e-08
 7.62165500e+00 2.11279656e-07 1.48638520e-08
 7.64663088e+00 2.12318931e-07 1.03113796e-08
 7.67160542e+00 2.13947425e-07 8.70531832e-09
 7.69657992e+00 2.15376364e-07 9.81534991e-09
 7.72155439e+00 2.17636036e-07 1.61844238e-08
 7.74652758e+00 2.18730753e-07 2.18490261e-08
 7.77150205e+00 2.18659186e-07 3.21507973e-08
 7.79647528e+00 2.18916254e-07 3.49510211e-08
 7.82144977e+00 2.20050314e-07 3.15990301e-08
 7.84642559e+00 2.20590543e-07 3.12461201e-08
 7.87140015e+00 2.20418798e-07 3.38882836e-08
 7.89637470e+00 2.21555389e-07 3.45383052e-08
 7.92135186e+00 2.21266762e-07 2.59218609e-08
 7.94632908e+00 2.19963703e-07 1.75773568e-08
 7.97130499e+00 2.18955686e-07 2.15304361e-08
 7.99627966e+00 2.17939672e-07 2.74142237e-08
 8.02125300e+00 2.16769543e-07 3.04704264e-08
 8.04622756e+00 2.14637327e-07 3.53468319e-08
 8.07120485e+00 2.17700562e-07 2.81911092e-08
 8.09618081e+00 2.19180733e-07 2.78646871e-08
 8.12115804e+00 2.19390102e-07 3.21593958e-08
 8.14613396e+00 2.21382183e-07 3.16609757e-08
 8.17110857e+00 2.22977393e-07 3.48290309e-08
 8.19608190e+00 2.25636897e-07 3.36379879e-08
 8.22105391e+00 2.29020761e-07 2.83040612e-08
 8.24602717e+00 2.30173963e-07 2.84589999e-08
 8.27100037e+00 2.30800610e-07 2.98212088e-08
 8.29597491e+00 2.31419781e-07 2.60811765e-08
 8.32094814e+00 2.31329809e-07 2.74507616e-08
 8.34592140e+00 2.32539925e-07 2.20054071e-08
 8.37089196e+00 2.31574179e-07 2.35644112e-08
 8.39586126e+00 2.31113290e-07 1.87288377e-08
 8.42082931e+00 2.30696984e-07 5.37886743e-09
 8.44579601e+00 2.30533043e-07 -1.44549390e-09
 8.47076397e+00 2.29273160e-07 -7.56280755e-09
 8.49573331e+00 2.27675446e-07 -1.43564915e-08
 8.52070138e+00 2.26011983e-07 -2.24690637e-08
 8.54567070e+00 2.24626365e-07 -2.47624517e-08
 8.57063870e+00 2.22909176e-07 -2.03431119e-08
 8.59560543e+00 2.20869010e-07 -2.38222754e-08
 8.62057213e+00 2.20148412e-07 -3.21597381e-08
 8.64554018e+00 2.19668251e-07 -4.58827151e-08
 8.67050557e+00 2.17615397e-07 -5.78263819e-08
 8.69547225e+00 2.16479555e-07 -6.79856006e-08
 8.72044162e+00 2.11751102e-07 -9.12725397e-08
 8.74540973e+00 2.06105481e-07 -1.08503537e-07
 8.77037656e+00 2.00866559e-07 -1.15391956e-07
 8.79534216e+00 1.95561016e-07 -1.27384974e-07
 8.82030642e+00 1.90046875e-07 -1.41030406e-07
 8.84527191e+00 1.85515082e-07 -1.42642594e-07
 8.87024000e+00 1.82077397e-07 -1.46076037e-07
 8.89520936e+00 1.78972526e-07 -1.52656666e-07
 8.92017617e+00 1.76581894e-07 -1.56278456e-07
 8.94514432e+00 1.75344686e-07 -1.56329890e-07
 8.97011120e+00 1.74583376e-07 -1.58230871e-07
 8.99507681e+00 1.75069974e-07 -1.52784101e-07
 9.02004369e+00 1.75171740e-07 -1.47026985e-07
 9.04500927e+00 1.74875048e-07 -1.45698050e-07
 9.06997480e+00 1.74858105e-07 -1.35931374e-07
 9.09494038e+00 1.76742681e-07 -1.33636500e-07
 9.11990594e+00 1.77293912e-07 -1.31689585e-07
 9.14487146e+00 1.76310271e-07 -1.26828094e-07
 9.16983440e+00 1.76863982e-07 -1.18175033e-07
 9.19479472e+00 1.76970750e-07 -1.21769916e-07
 9.21975368e+00 1.76552907e-07 -1.21564694e-07
 9.24471266e+00 1.74870233e-07 -1.13568831e-07
 9.26967162e+00 1.72631098e-07 -9.58086761e-08
 9.29463188e+00 1.70357494e-07 -8.38979835e-08
 9.31959218e+00 1.69884811e-07 -7.60056702e-08
 9.34455250e+00 1.67645533e-07 -6.28614638e-08
 9.36951282e+00 1.65839592e-07 -4.54696117e-08
 9.39447314e+00 1.64801832e-07 -2.62746310e-08
 9.41943481e+00 1.64540418e-07 -4.16706521e-09
 9.44439648e+00 1.63465029e-07 1.48507484e-08
 9.46935816e+00 1.63030011e-07 4.08769665e-08
 9.49432116e+00 1.63406448e-07 6.83522654e-08
 9.51928416e+00 1.64594470e-07 9.14043051e-08
 9.54424850e+00 1.66626520e-07 1.06637128e-07
 9.56921151e+00 1.68603448e-07 1.21706916e-07
 9.59417321e+00 1.69621228e-07 1.32962938e-07
 9.61913358e+00 1.72915693e-07 1.56169744e-07
 9.64409527e+00 1.77354389e-07 1.75267308e-07
 9.66905568e+00 1.80592677e-07 1.85079879e-07
 9.69401600e+00 1.84395149e-07 2.00708458e-07
 9.71897764e+00 1.89977299e-07 2.22073972e-07
 9.74393799e+00 1.95908149e-07 2.33762194e-07
 9.76889698e+00 2.01237457e-07 2.52663264e-07
 9.79385591e+00 2.06954348e-07 2.77048535e-07
 9.81881490e+00 2.13951180e-07 2.99586960e-07
 9.84377521e+00 2.20280870e-07 3.18128788e-07
 9.86873549e+00 2.26836706e-07 3.32906718e-07
 9.89369581e+00 2.34684114e-07 3.44150885e-07
 9.91865481e+00 2.41840806e-07 3.48945048e-07
 9.94361380e+00 2.49548828e-07 3.47822501e-07
 9.96857149e+00 2.58538220e-07 3.47049368e-07
 9.99352251e+00 2.66375734e-07 3.34838812e-07
 1.00184735e+01 2.72872195e-07 3.25927415e-07
 1.00434244e+01 2.80135236e-07 3.30872283e-07
 1.00683766e+01 2.86256542e-07 3.35701615e-07
 1.00933314e+01 2.92446873e-07 3.30512395e-07
 1.01182850e+01 2.98422757e-07 3.21304698e-07
 1.01432373e+01 3.05701552e-07 3.13293567e-07
 1.01681883e+01 3.14631236e-07 3.02658972e-07
 1.01931405e+01 3.22814241e-07 2.98910956e-07
 1.02180914e+01 3.28797402e-07 2.91290851e-07
 1.02430423e+01 3.35472528e-07 2.90557325e-07
 1.02679931e+01 3.42945942e-07 3.07680284e-07
 1.02929426e+01 3.51171631e-07 3.21328334e-07
 1.03178947e+01 3.57763092e-07 3.23108457e-07
 1.03428482e+01 3.64764471e-07 3.21956247e-07
 1.03678003e+01 3.70584474e-07 3.17264310e-07
 1.03927511e+01 3.77351625e-07 3.14977762e-07
 1.04177032e+01 3.84786486e-07 3.11815510e-07
 1.04426579e+01 3.90881584e-07 3.09957400e-07
 1.04676126e+01 3.97989408e-07 2.95688217e-07
 1.04925686e+01 4.05371484e-07 2.75311737e-07
 1.05175259e+01 4.11721188e-07 2.59184979e-07
 1.05424844e+01 4.18095050e-07 2.42855906e-07
 1.05674417e+01 4.23940561e-07 2.18684217e-07
 1.05923989e+01 4.30849241e-07 1.99929179e-07
 1.06173574e+01 4.35131763e-07 1.79856530e-07
 1.06423172e+01 4.39643233e-07 1.61679527e-07
 1.06672744e+01 4.43676666e-07 1.41171089e-07
 1.06922303e+01 4.46512861e-07 1.22554586e-07
 1.07171875e+01 4.48473070e-07 1.01235293e-07
 1.07421459e+01 4.50601673e-07 8.69177411e-08
 1.07671030e+01 4.52527751e-07 7.64889388e-08
 1.07920576e+01 4.54076367e-07 6.19216671e-08
 1.08170121e+01 4.55028801e-07 4.74844257e-08
 1.08419678e+01 4.55902450e-07 3.08112394e-08
 1.08669275e+01 4.55736751e-07 1.09090599e-08
 1.08918886e+01 4.55995138e-07 2.75222993e-09
 1.09168483e+01 4.56365531e-07 -4.28668601e-09
 1.09418092e+01 4.56434740e-07 -1.61363199e-08
 1.09667702e+01 4.57443659e-07 -2.69296480e-08
 1.09917299e+01 4.58152539e-07 -2.50821424e-08
 1.10166910e+01 4.57844745e-07 -3.09307251e-08
 1.10416533e+01 4.57444545e-07 -3.89442375e-08
 1.10666156e+01 4.57543154e-07 -4.35838927e-08
 1.10915754e+01 4.55285827e-07 -4.94810939e-08
 1.11165338e+01 4.52817591e-07 -5.05657759e-08
 1.11414934e+01 4.51002291e-07 -5.47612671e-08
 1.11664505e+01 4.47519631e-07 -6.02073623e-08
 1.11914089e+01 4.42745984e-07 -7.50019915e-08
 1.12163673e+01 4.37965273e-07 -9.22948721e-08
 1.12413256e+01 4.33357196e-07 -9.55238672e-08
 1.12662866e+01 4.32699048e-07 -1.10499130e-07
 1.12912488e+01 4.32202095e-07 -1.27958785e-07
 1.13162111e+01 4.30481491e-07 -1.39725170e-07
 1.13411708e+01 4.30303710e-07 -1.53282569e-07
 1.13661265e+01 4.30380823e-07 -1.71171899e-07
 1.13910821e+01 4.28841030e-07 -1.83135168e-07
 1.14160378e+01 4.27462686e-07 -1.87824476e-07
 1.14409935e+01 4.25931087e-07 -1.91601842e-07
 1.14659466e+01 4.24645349e-07 -1.89472446e-07
 1.14908997e+01 4.22807996e-07 -1.85688794e-07
 1.15158542e+01 4.21474744e-07 -1.76804332e-07
 1.15408087e+01 4.18936858e-07 -1.58845378e-07
 1.15657633e+01 4.16358684e-07 -1.41495459e-07
 1.15907140e+01 4.14623254e-07 -1.30311550e-07
 1.16156632e+01 4.12384644e-07 -1.11132256e-07
 1.16406125e+01 4.09228144e-07 -9.57025503e-08
 1.16655618e+01 4.06818756e-07 -8.11666652e-08
 1.16905098e+01 4.05775794e-07 -6.40664785e-08
 1.17154564e+01 4.04799145e-07 -3.82816762e-08
 1.17404030e+01 4.05291300e-07 -1.79372008e-08
 1.17653482e+01 4.05624505e-07 1.44752788e-09
 1.17902935e+01 4.07418203e-07 2.51964101e-08
 1.18152375e+01 4.07590755e-07 4.38910510e-08
 1.18401801e+01 4.09050526e-07 5.98017136e-08
 1.18651201e+01 4.10713681e-07 8.24485763e-08
 1.18900588e+01 4.13489348e-07 9.71576748e-08
 1.19150015e+01 4.11568871e-07 8.88019948e-08
 1.19399469e+01 4.08215643e-07 7.51947127e-08
 1.19648921e+01 4.05408472e-07 6.75397251e-08
 1.19898360e+01 4.03127033e-07 5.10407580e-08
 1.20147786e+01 4.01032146e-07 4.40379253e-08
 1.20397213e+01 3.98596942e-07 3.83649129e-08
 1.20646665e+01 3.96545588e-07 3.21567501e-08
 1.20896104e+01 3.96125116e-07 2.85012823e-08
 1.21145530e+01 3.98010686e-07 3.42658355e-08
 1.21394916e+01 4.00017855e-07 2.53455749e-08
 1.21644276e+01 4.00694925e-07 3.15781064e-08
 1.21893623e+01 4.02913669e-07 4.68762383e-08
 1.22142983e+01 4.07211354e-07 5.39719837e-08
 1.22392343e+01 4.09641380e-07 5.83533635e-08
 1.22641690e+01 4.12210872e-07 7.62074371e-08
 1.22891023e+01 4.16326617e-07 9.05793819e-08
 1.23140343e+01 4.21179515e-07 1.10409385e-07
 1.23389676e+01 4.24748634e-07 1.30072124e-07
 1.23639021e+01 4.28252988e-07 1.48631650e-07
 1.23888353e+01 4.32740121e-07 1.63553432e-07
 1.24137672e+01 4.38925247e-07 1.85251644e-07
 1.24387004e+01 4.44379659e-07 2.01581256e-07
 1.24636309e+01 4.50121848e-07 2.05411016e-07
 1.24885628e+01 4.56615967e-07 2.09817583e-07
 1.25134960e+01 4.63115674e-07 2.21651131e-07
 1.25384293e+01 4.69886854e-07 2.25229802e-07
 1.25633599e+01 4.78222683e-07 2.32592050e-07
 1.25882919e+01 4.84231891e-07 2.41813355e-07
 1.26132253e+01 4.89734312e-07 2.45616622e-07
 1.26381599e+01 4.95673702e-07 2.43101433e-07
 1.26630945e+01 5.02767689e-07 2.37592039e-07
 1.26880304e+01 5.09181971e-07 2.36413940e-07
 1.27129677e+01 5.13989653e-07 2.33099107e-07
 1.27379062e+01 5.18104756e-07 2.30641010e-07
 1.27628446e+01 5.23738624e-07 2.19522577e-07
 1.27877818e+01 5.27463594e-07 2.09510357e-07
 1.28127176e+01 5.28002224e-07 2.03241835e-07
 1.28376534e+01 5.29614776e-07 2.06977703e-07
 1.28625918e+01 5.33700030e-07 2.08070706e-07
 1.28875301e+01 5.37737106e-07 2.08382088e-07
 1.29124685e+01 5.41909629e-07 1.97966937e-07
 1.29374068e+01 5.44915973e-07 1.91691825e-07
 1.29623452e+01 5.46749651e-07 1.87402129e-07
 1.29872837e+01 5.48918589e-07 1.81320393e-07
 1.30122221e+01 5.52177405e-07 1.79694484e-07
 1.30371606e+01 5.54887647e-07 1.72062695e-07
 1.30620952e+01 5.56389166e-07 1.61505450e-07
 1.30870296e+01 5.57946654e-07 1.49788963e-07
 1.31119668e+01 5.60253187e-07 1.36409259e-07
 1.31369053e+01 5.62228248e-07 1.35161888e-07
 1.31618439e+01 5.65304257e-07 1.28453777e-07
 1.31867704e+01 5.67603577e-07 1.11790725e-07
 1.32116956e+01 5.70947218e-07 9.57787391e-08
 1.32366208e+01 5.74909822e-07 8.20545477e-08
 1.32615460e+01 5.78392132e-07 6.12165402e-08
 1.32864700e+01 5.81374344e-07 4.82482584e-08
 1.33113938e+01 5.85771913e-07 4.76356227e-08
 1.33363164e+01 5.91299887e-07 4.99534696e-08
 1.33612390e+01 5.94899569e-07 4.37481461e-08
 1.33861616e+01 5.98690642e-07 4.27805500e-08
 1.34110856e+01 6.01616233e-07 2.97681325e-08
 1.34360109e+01 6.02933421e-07 2.08546036e-08
 1.34609375e+01 6.05200824e-07 2.43706533e-08
 1.34858628e+01 6.08412999e-07 3.29525198e-08
 1.35107907e+01 6.09947177e-07 3.65565504e-08
 1.35357199e+01 6.09091634e-07 4.12376641e-08
 1.35606466e+01 6.08469926e-07 4.02987654e-08
 1.35855733e+01 6.07438243e-07 3.82087995e-08
 1.36104973e+01 6.04577500e-07 3.16042201e-08
 1.36354215e+01 6.03874661e-07 2.40529338e-08
 1.36603469e+01 6.02435693e-07 1.89063476e-08
 1.36852710e+01 6.01388516e-07 2.11928161e-08
 1.37101965e+01 6.01139432e-07 1.55394383e-08
 1.37351233e+01 6.02427303e-07 1.02364796e-09
 1.37600474e+01 6.04553837e-07 -1.23337872e-08
 1.37849702e+01 6.05012178e-07 -2.26214455e-08
 1.38098930e+01 6.05574060e-07 -2.23755178e-08
 1.38348170e+01 6.07658687e-07 -1.20056813e-08
 1.38597384e+01 6.10179092e-07 -7.07077549e-09
 1.38846610e+01 6.13051070e-07 4.15374864e-09
 1.39095836e+01 6.17452296e-07 2.09791268e-08
 1.39345062e+01 6.20670890e-07 2.92594808e-08
 1.39594250e+01 6.22050104e-07 3.27654654e-08
 1.39843398e+01 6.24465906e-07 3.73787585e-08
 1.40092545e+01 6.27634095e-07 5.06591822e-08
 1.40341693e+01 6.31306465e-07 6.75920560e-08
 1.40590814e+01 6.35407596e-07 8.95295251e-08
 1.40839960e+01 6.40511780e-07 1.10830191e-07
 1.41089106e+01 6.46599591e-07 1.36675736e-07
 1.41338227e+01 6.53892574e-07 1.70356247e-07
 1.41587334e+01 6.61110138e-07 2.05653244e-07
 1.41836428e+01 6.69826522e-07 2.37446369e-07
 1.42085509e+01 6.79963186e-07 2.73934185e-07
 1.42334576e+01 6.91036636e-07 3.19370895e-07
 1.42583629e+01 7.03077348e-07 3.76677907e-07
 1.42832682e+01 7.16533957e-07 4.44153409e-07
 1.43081734e+01 7.30240618e-07 5.06902045e-07
 1.43330799e+01 7.43867491e-07 5.76871905e-07
 1.43579836e+01 7.61429199e-07 6.52259972e-07
 1.43828847e+01 7.80622531e-07 7.39291864e-07
 1.44077830e+01 7.99903882e-07 8.30461113e-07
 1.44326787e+01 8.21354368e-07 9.31078968e-07
 1.44575795e+01 8.50247205e-07 1.01759196e-06
 1.44824777e+01 8.84583635e-07 1.11198663e-06
 1.45073732e+01 9.21515772e-07 1.21793294e-06
 1.45322647e+01 9.61772991e-07 1.32162507e-06
 1.45571547e+01 1.00499284e-06 1.43651478e-06
 1.45820408e+01 1.05124595e-06 1.55492295e-06
 1.46069230e+01 1.10279703e-06 1.68923674e-06
 1.46318010e+01 1.15717201e-06 1.82853015e-06
 1.46566736e+01 1.21402737e-06 1.98750174e-06
 1.46815435e+01 1.27700984e-06 2.14739376e-06
 1.47064105e+01 1.34628639e-06 2.32728030e-06
 1.47312748e+01 1.41931592e-06 2.52786525e-06
 1.47561324e+01 1.49546513e-06 2.73147303e-06
 1.47809794e+01 1.57913321e-06 2.93802431e-06
 1.48058209e+01 1.66820672e-06 3.15990095e-06
 1.48306608e+01 1.76143209e-06 3.38725478e-06
 1.48554927e+01 1.85941622e-06 3.62689406e-06
 1.48803203e+01 1.96555639e-06 3.87660281e-06
 1.49051425e+01 2.07806863e-06 4.13923043e-06
 1.49299565e+01 2.19630499e-06 4.40694410e-06
 1.49547624e+01 2.31919470e-06 4.69107767e-06
 1.49795576e+01 2.44955407e-06 4.98182725e-06
 1.50043432e+01 2.58879950e-06 5.28551186e-06
 1.50291220e+01 2.73367501e-06 5.59795979e-06
 1.50538886e+01 2.88408259e-06 5.91548901e-06
 1.50786458e+01 3.04242663e-06 6.23947995e-06
 1.51033961e+01 3.20451374e-06 6.56854216e-06
 1.51281356e+01 3.37434627e-06 6.89844535e-06
 1.51528602e+01 3.55429299e-06 7.24191494e-06
 1.51775714e+01 3.74238005e-06 7.59275677e-06
 1.52022689e+01 3.93808411e-06 7.94870728e-06
 1.52269581e+01 4.14153677e-06 8.30653958e-06
 1.52516376e+01 4.35309719e-06 8.66177933e-06
 1.52763035e+01 4.57337411e-06 9.02252911e-06
 1.53009546e+01 4.80182324e-06 9.38685691e-06
 1.53255933e+01 5.03764529e-06 9.74023529e-06
 1.53502132e+01 5.28387045e-06 1.00915418e-05
 1.53748167e+01 5.53657315e-06 1.04491420e-05
 1.53994040e+01 5.79498390e-06 1.08066067e-05
 1.54239764e+01 6.06015873e-06 1.11544101e-05
 1.54485336e+01 6.33365637e-06 1.14951935e-05
 1.54730745e+01 6.61381226e-06 1.18264954e-05
 1.54975978e+01 6.90155479e-06 1.21490268e-05
 1.55221035e+01 7.19527880e-06 1.24578827e-05
 1.55465876e+01 7.49477524e-06 1.27638285e-05
 1.55710501e+01 7.79964305e-06 1.30429464e-05
 1.55954949e+01 8.11065907e-06 1.32964172e-05
 1.56199222e+01 8.42535644e-06 1.35295246e-05
 1.56443280e+01 8.74495366e-06 1.37479875e-05
 1.56687159e+01 9.07068611e-06 1.39633728e-05
 1.56930861e+01 9.40032338e-06 1.41597672e-05
 1.57174349e+01 9.73122761e-06 1.43204607e-05
 1.57417620e+01 1.00651290e-05 1.44747971e-05
 1.57660676e+01 1.04016114e-05 1.46152559e-05
 1.57903540e+01 1.07411400e-05 1.47315740e-05
 1.58146201e+01 1.10826515e-05 1.48325800e-05
 1.58388657e+01 1.14222294e-05 1.49165021e-05
 1.58630908e+01 1.17615059e-05 1.49902743e-05
 1.58872957e+01 1.21011680e-05 1.50244168e-05
 1.59114801e+01 1.24410288e-05 1.50439456e-05
 1.59356389e+01 1.27818841e-05 1.50386132e-05
 1.59597722e+01 1.31219396e-05 1.50117597e-05
 1.59838786e+01 1.34590337e-05 1.49709312e-05
 1.60079645e+01 1.37934064e-05 1.49123721e-05
 1.60320313e+01 1.41273770e-05 1.48362752e-05
 1.60560765e+01 1.44598230e-05 1.47327789e-05
 1.60800974e+01 1.47886752e-05 1.45965993e-05
 1.61040980e+01 1.51134178e-05 1.44297979e-05
 1.61280730e+01 1.54364674e-05 1.42421946e-05
 1.61520238e+01 1.57551276e-05 1.40432167e-05
 1.61759529e+01 1.60690200e-05 1.38188726e-05
 1.61998630e+01 1.63775061e-05 1.35770424e-05
 1.62237527e+01 1.66827508e-05 1.33244616e-05
 1.62476223e+01 1.69849609e-05 1.30706031e-05
 1.62714689e+01 1.72837629e-05 1.28140098e-05
 1.62952978e+01 1.75770292e-05 1.25311132e-05
 1.63191039e+01 1.78632596e-05 1.22396656e-05
 1.63428805e+01 1.81414945e-05 1.19360040e-05
 1.63666381e+01 1.84143651e-05 1.16242714e-05
 1.63903783e+01 1.86799248e-05 1.13123264e-05
 1.64141009e+01 1.89386584e-05 1.10076929e-05
 1.64378060e+01 1.91928079e-05 1.06909071e-05
 1.64614883e+01 1.94416961e-05 1.03578267e-05
 1.64851491e+01 1.96842576e-05 1.00276380e-05
 1.65087899e+01 1.99199245e-05 9.70582165e-06
 1.65324119e+01 2.01498654e-05 9.39170805e-06
 1.65560151e+01 2.03725927e-05 9.07832455e-06
 1.65796036e+01 2.05873231e-05 8.76593319e-06
 1.66031746e+01 2.07957573e-05 8.46029987e-06
 1.66267295e+01 2.09974195e-05 8.16204695e-06
 1.66502683e+01 2.11930408e-05 7.86377449e-06
 1.66737884e+01 2.13834440e-05 7.57748258e-06
 1.66972911e+01 2.15676571e-05 7.30187354e-06
 1.67207778e+01 2.17464963e-05 7.04520399e-06
 1.67442484e+01 2.19193449e-05 6.80311552e-06
 1.67677056e+01 2.20859819e-05 6.57246311e-06
 1.67911480e+01 2.22493592e-05 6.34380511e-06
 1.68145729e+01 2.24083935e-05 6.12375649e-06
 1.68379817e+01 2.25614082e-05 5.91927295e-06
 1.68613771e+01 2.27115302e-05 5.74135211e-06
 1.68847565e+01 2.28599959e-05 5.57917363e-06
 1.69081186e+01 2.30051499e-05 5.43304254e-06
 1.69314672e+01 2.31445351e-05 5.28843400e-06
 1.69548036e+01 2.32787837e-05 5.16573014e-06
 1.69781280e+01 2.34108658e-05 5.06546506e-06
 1.70014377e+01 2.35408837e-05 4.97700052e-06
 1.70247328e+01 2.36679949e-05 4.90219702e-06
 1.70480145e+01 2.37948158e-05 4.83433935e-06
 1.70712816e+01 2.39175346e-05 4.78061084e-06
 1.70945328e+01 2.40383443e-05 4.72604514e-06
 1.71177707e+01 2.41578903e-05 4.68563218e-06
 1.71409992e+01 2.42751255e-05 4.65334593e-06
 1.71642170e+01 2.43902232e-05 4.64742122e-06
 1.71874266e+01 2.45040000e-05 4.64979768e-06
 1.72106243e+01 2.46190864e-05 4.65073377e-06
 1.72338086e+01 2.47334195e-05 4.66897179e-06
 1.72569796e+01 2.48469646e-05 4.70065325e-06
 1.72801385e+01 2.49607917e-05 4.72508598e-06
 1.73032855e+01 2.50751150e-05 4.75230159e-06
 1.73264244e+01 2.51869219e-05 4.78749610e-06
 1.73495500e+01 2.52989604e-05 4.83127875e-06
 1.73726650e+01 2.54122923e-05 4.87611609e-06
 1.73957694e+01 2.55261375e-05 4.91993654e-06
 1.74188618e+01 2.56385280e-05 4.96092307e-06
 1.74419410e+01 2.57487417e-05 5.01270830e-06
 1.74650095e+01 2.58601853e-05 5.06581809e-06
 1.74880661e+01 2.59728827e-05 5.11023652e-06
 1.75111132e+01 2.60850299e-05 5.14643704e-06
 1.75341548e+01 2.62018300e-05 5.16968075e-06
 1.75571858e+01 2.63196834e-05 5.18685184e-06
 1.75802047e+01 2.64364740e-05 5.21160977e-06
 1.76032117e+01 2.65532313e-05 5.23302562e-06
 1.76262053e+01 2.66710133e-05 5.25778494e-06
 1.76491895e+01 2.67883515e-05 5.27327041e-06
 1.76721643e+01 2.69075437e-05 5.28918983e-06
 1.76951296e+01 2.70262480e-05 5.30454132e-06
 1.77180843e+01 2.71446085e-05 5.32001407e-06
 1.77410296e+01 2.72640766e-05 5.32055114e-06
 1.77639640e+01 2.73821204e-05 5.32321342e-06
 1.77868864e+01 2.75000127e-05 5.32565390e-06
 1.78097981e+01 2.76193719e-05 5.32571829e-06
 1.78326952e+01 2.77369980e-05 5.30504540e-06
 1.78555804e+01 2.78528708e-05 5.28219853e-06
 1.78784549e+01 2.79714213e-05 5.27069847e-06
 1.79013199e+01 2.80908575e-05 5.27151500e-06
 1.79241755e+01 2.82113088e-05 5.27055114e-06
 1.79470205e+01 2.83302544e-05 5.26613167e-06
 1.79698560e+01 2.84508835e-05 5.25909584e-06
 1.79926822e+01 2.85720059e-05 5.24943183e-06
 1.80154990e+01 2.86940784e-05 5.22716235e-06
 1.80383063e+01 2.88167168e-05 5.21388939e-06
 1.80611030e+01 2.89373291e-05 5.22281503e-06
 1.80838890e+01 2.90578823e-05 5.23500083e-06
 1.81066642e+01 2.91805786e-05 5.22388551e-06
 1.81294341e+01 2.92973803e-05 5.18777584e-06
 1.81521920e+01 2.94132691e-05 5.15783805e-06
 1.81749404e+01 2.95296939e-05 5.13862621e-06
 1.81976782e+01 2.96454264e-05 5.12729525e-06
 1.82204053e+01 2.97629228e-05 5.11912175e-06
 1.82431229e+01 2.98802249e-05 5.11260122e-06
 1.82658325e+01 2.99991000e-05 5.09934812e-06
 1.82885327e+01 3.01186885e-05 5.10225259e-06
 1.83112221e+01 3.02395064e-05 5.11925307e-06
 1.83339022e+01 3.03599302e-05 5.13486456e-06
 1.83565702e+01 3.04814755e-05 5.15457647e-06
 1.83792277e+01 3.06033685e-05 5.17931909e-06
 1.84018770e+01 3.07250386e-05 5.21830408e-06
 1.84245158e+01 3.08471241e-05 5.26020796e-06
 1.84471439e+01 3.09710919e-05 5.29788779e-06
 1.84697626e+01 3.10964132e-05 5.32617880e-06
 1.84923705e+01 3.12221322e-05 5.35865825e-06
 1.85149729e+01 3.13478375e-05 5.39380775e-06
 1.85375645e+01 3.14742972e-05 5.42024179e-06
 1.85601428e+01 3.16019671e-05 5.44255972e-06
 1.85827116e+01 3.17294667e-05 5.46987184e-06
 1.86052737e+01 3.18555174e-05 5.50559672e-06
 1.86278250e+01 3.19794395e-05 5.55342726e-06
 1.86503656e+01 3.21038275e-05 5.59102486e-06
 1.86728956e+01 3.22295492e-05 5.62677535e-06
 1.86954162e+01 3.23572375e-05 5.66549881e-06
 1.87179261e+01 3.24851248e-05 5.70852931e-06
 1.87404267e+01 3.26132121e-05 5.74511301e-06
 1.87629166e+01 3.27412165e-05 5.78536548e-06
 1.87853984e+01 3.28685044e-05 5.82220880e-06
 1.88078696e+01 3.29971241e-05 5.85473690e-06
 1.88303301e+01 3.31251296e-05 5.88843756e-06
 1.88527799e+01 3.32522891e-05 5.91743167e-06
 1.88752203e+01 3.33785080e-05 5.94733295e-06
 1.88976488e+01 3.35053919e-05 5.97317964e-06
 1.89200640e+01 3.36355597e-05 5.99648374e-06
 1.89424710e+01 3.37659508e-05 6.01607953e-06
 1.89648661e+01 3.38962832e-05 6.02966810e-06
 1.89872530e+01 3.40274488e-05 6.03070389e-06
 1.90096330e+01 3.41577817e-05 6.02503435e-06
 1.90320037e+01 3.42878092e-05 6.01715884e-06
 1.90543624e+01 3.44177196e-05 6.01539100e-06
 1.90767078e+01 3.45479679e-05 6.01262301e-06
 1.90990425e+01 3.46798028e-05 6.00256463e-06
 1.91213665e+01 3.48108597e-05 5.98654406e-06
 1.91436786e+01 3.49399983e-05 5.95402817e-06
 1.91659787e+01 3.50710043e-05 5.92375049e-06
 1.91882668e+01 3.52002601e-05 5.90404727e-06
 1.92105429e+01 3.53287944e-05 5.89130396e-06
 1.92328110e+01 3.54567750e-05 5.88009453e-06
 1.92550683e+01 3.55860063e-05 5.85415971e-06
 1.92773044e+01 3.57151878e-05 5.80887678e-06
 1.92995298e+01 3.58422150e-05 5.76417551e-06
 1.93217433e+01 3.59688724e-05 5.72407336e-06
 1.93439461e+01 3.60954073e-05 5.68224560e-06
 1.93661383e+01 3.62206867e-05 5.64793674e-06
 1.93883197e+01 3.63471795e-05 5.61317218e-06
 1.94104904e+01 3.64736904e-05 5.57227032e-06
 1.94326505e+01 3.65985365e-05 5.53209469e-06
 1.94547987e+01 3.67222925e-05 5.48301193e-06
 1.94769348e+01 3.68445129e-05 5.43819295e-06
 1.94990604e+01 3.69654396e-05 5.38930595e-06
 1.95211752e+01 3.70843919e-05 5.33784692e-06
 1.95432768e+01 3.72023203e-05 5.29488340e-06
 1.95653702e+01 3.73192296e-05 5.25771619e-06
 1.95874556e+01 3.74364278e-05 5.22363086e-06
 1.96095291e+01 3.75507604e-05 5.18535868e-06
 1.96315895e+01 3.76650305e-05 5.14303564e-06
 1.96536353e+01 3.77787522e-05 5.11099320e-06
 1.96756705e+01 3.78898981e-05 5.07928479e-06
 1.96976951e+01 3.80008587e-05 5.05765123e-06
 1.97197091e+01 3.81115647e-05 5.02663042e-06
 1.97417098e+01 3.82220699e-05 4.99071578e-06
 1.97637012e+01 3.83320632e-05 4.95730521e-06
 1.97856818e+01 3.84408516e-05 4.91925089e-06
 1.98076531e+01 3.85507669e-05 4.88126679e-06
 1.98296111e+01 3.86568973e-05 4.84527862e-06
 1.98515573e+01 3.87627719e-05 4.81396813e-06
 1.98734914e+01 3.88678737e-05 4.78461406e-06
 1.98954175e+01 3.89732831e-05 4.75785369e-06
 1.99173329e+01 3.90761693e-05 4.72933395e-06
 1.99392376e+01 3.91780496e-05 4.69093275e-06
 1.99611318e+01 3.92781042e-05 4.65867534e-06
 1.99830140e+01 3.93778754e-05 4.62548715e-06
 2.00048856e+01 3.94774470e-05 4.59277445e-06
 2.00267479e+01 3.95757657e-05 4.55165441e-06
 2.00486010e+01 3.96743094e-05 4.51866913e-06
 2.00704422e+01 3.97725014e-05 4.48795358e-06
 2.00922753e+01 3.98715682e-05 4.47511146e-06
 2.01140978e+01 3.99717727e-05 4.44223064e-06
 2.01359071e+01 4.00728288e-05 4.39995399e-06
 2.01577043e+01 4.01705700e-05 4.36885562e-06
 2.01794910e+01 4.02666056e-05 4.35063329e-06
 2.02012696e+01 4.03603969e-05 4.33010929e-06
 2.02230376e+01 4.04543278e-05 4.30675795e-06
 2.02447949e+01 4.05473529e-05 4.29026018e-06
 2.02665443e+01 4.06390277e-05 4.26807666e-06
 2.02882844e+01 4.07282158e-05 4.23605247e-06
 2.03100139e+01 4.08159906e-05 4.21193456e-06
 2.03317354e+01 4.09020753e-05 4.19291414e-06
 2.03534451e+01 4.09885059e-05 4.18495243e-06
 2.03751429e+01 4.10749746e-05 4.17763588e-06
 2.03968354e+01 4.11669824e-05 4.14377370e-06
 2.04185198e+01 4.12588789e-05 4.10239560e-06
 2.04401936e+01 4.13496171e-05 4.06553273e-06
 2.04618568e+01 4.14404791e-05 4.03050183e-06
 2.04835093e+01 4.15306633e-05 4.00063642e-06
 2.05051514e+01 4.16197986e-05 3.96527377e-06
 2.05267829e+01 4.17096797e-05 3.93549193e-06
 2.05484038e+01 4.17973481e-05 3.90791613e-06
 2.05700153e+01 4.18834271e-05 3.89129708e-06
 2.05916176e+01 4.19695258e-05 3.86745122e-06
 2.06132105e+01 4.20557001e-05 3.85334710e-06
 2.06347942e+01 4.21405874e-05 3.83506937e-06
 2.06563685e+01 4.22239834e-05 3.81979529e-06
 2.06779297e+01 4.23060771e-05 3.80145912e-06
 2.06994778e+01 4.23880239e-05 3.79356344e-06
 2.07210178e+01 4.24697327e-05 3.77844185e-06
 2.07425510e+01 4.25506698e-05 3.76849223e-06
 2.07640762e+01 4.26307955e-05 3.75776274e-06
 2.07855921e+01 4.27107246e-05 3.73774505e-06
 2.08071001e+01 4.27904440e-05 3.72214982e-06
 2.08285975e+01 4.28683070e-05 3.70148436e-06
 2.08500869e+01 4.29462959e-05 3.68371702e-06
 2.08715645e+01 4.30228808e-05 3.65706514e-06
 2.08930328e+01 4.31000951e-05 3.62562195e-06
 2.09144894e+01 4.31772045e-05 3.60598055e-06
 2.09359391e+01 4.32535053e-05 3.59130376e-06
 2.09573849e+01 4.33237920e-05 3.54872926e-06
 2.09788215e+01 4.33922992e-05 3.49400482e-06
 2.10002450e+01 4.34623264e-05 3.45955338e-06
 2.10216579e+01 4.35333761e-05 3.42188485e-06
 2.10430616e+01 4.36030356e-05 3.38328212e-06
 2.10644559e+01 4.36715590e-05 3.33635839e-06
 2.10858423e+01 4.37413017e-05 3.29136721e-06
 2.11072195e+01 4.38118794e-05 3.25016025e-06
 2.11285873e+01 4.38828975e-05 3.21333419e-06
 2.11499484e+01 4.39514416e-05 3.18787498e-06
 2.11713003e+01 4.40184221e-05 3.15767111e-06
 2.11926417e+01 4.40844470e-05 3.12512198e-06
 2.12139739e+01 4.41500305e-05 3.09386049e-06
 2.12352995e+01 4.42156968e-05 3.06209346e-06
 2.12566173e+01 4.42808371e-05 3.02249083e-06
 2.12779271e+01 4.43460442e-05 2.99242167e-06
 2.12992276e+01 4.44105907e-05 2.96177255e-06
 2.13205202e+01 4.44757283e-05 2.94797409e-06
 2.13418049e+01 4.45419403e-05 2.93626789e-06
 2.13630764e+01 4.46087620e-05 2.90160544e-06
 2.13843386e+01 4.46767908e-05 2.89099878e-06
 2.14055941e+01 4.47455044e-05 2.88832508e-06
 2.14268403e+01 4.48128131e-05 2.88261081e-06
 2.14480786e+01 4.48804652e-05 2.88572197e-06
 2.14693103e+01 4.49472502e-05 2.88470705e-06
 2.14905314e+01 4.50153950e-05 2.89584406e-06
 2.15117419e+01 4.50841523e-05 2.90624163e-06
 2.15329446e+01 4.51527721e-05 2.92450709e-06
 2.15541394e+01 4.52211488e-05 2.94868608e-06
 2.15753263e+01 4.52883334e-05 2.97261149e-06
 2.15965052e+01 4.53544114e-05 3.00591882e-06
 2.16176747e+01 4.54206752e-05 3.04858149e-06
 2.16388364e+01 4.54862302e-05 3.08191499e-06
 2.16599875e+01 4.55528260e-05 3.11109642e-06
 2.16811281e+01 4.56189050e-05 3.14030113e-06
 2.17022582e+01 4.56867802e-05 3.17638159e-06
 2.17233778e+01 4.57557259e-05 3.20602544e-06
 2.17444881e+01 4.58221492e-05 3.22336016e-06
 2.17655905e+01 4.58888647e-05 3.24463296e-06
 2.17866850e+01 4.59551260e-05 3.27445134e-06
 2.18077677e+01 4.60224503e-05 3.29222024e-06
 2.18288373e+01 4.60888177e-05 3.30195902e-06
 2.18498965e+01 4.61559249e-05 3.32649442e-06
 2.18709450e+01 4.62257173e-05 3.35481352e-06
 2.18919830e+01 4.62931153e-05 3.38064328e-06
 2.19130105e+01 4.63597581e-05 3.39036855e-06
 2.19340261e+01 4.64274829e-05 3.40580470e-06
 2.19550338e+01 4.64958024e-05 3.42544720e-06
 2.19760321e+01 4.65644518e-05 3.44073044e-06
 2.19970213e+01 4.66334626e-05 3.47093583e-06
 2.20179974e+01 4.67043031e-05 3.49026150e-06
 2.20389550e+01 4.67742010e-05 3.49337823e-06
 2.20599033e+01 4.68417984e-05 3.47884922e-06
 2.20808438e+01 4.69085531e-05 3.47366003e-06
 2.21017738e+01 4.69763462e-05 3.46425424e-06
 2.21226945e+01 4.70445720e-05 3.44050446e-06
 2.21436047e+01 4.71119948e-05 3.40584332e-06
 2.21645043e+01 4.71787877e-05 3.37128279e-06
 2.21853922e+01 4.72446411e-05 3.33650186e-06
 2.22062695e+01 4.73111011e-05 3.29317136e-06
 2.22271338e+01 4.73749415e-05 3.23989169e-06
 2.22479875e+01 4.74374040e-05 3.17836996e-06
 2.22688306e+01 4.74985934e-05 3.13799457e-06
 2.22896632e+01 4.75610455e-05 3.10045250e-06
 2.23104853e+01 4.76221931e-05 3.06042959e-06
 2.23312968e+01 4.76822128e-05 3.01062696e-06
 2.23520967e+01 4.77403569e-05 2.96076590e-06
 2.23728820e+01 4.78003093e-05 2.91214457e-06
 2.23936544e+01 4.78608559e-05 2.87476874e-06
 2.24144136e+01 4.79190952e-05 2.83442399e-06
 2.24351648e+01 4.79775988e-05 2.79136814e-06
 2.24559043e+01 4.80386897e-05 2.74730417e-06
 2.24766308e+01 4.81006103e-05 2.71262141e-06
 2.24973454e+01 4.81615974e-05 2.66457632e-06
 2.25180457e+01 4.82215197e-05 2.62811207e-06
 2.25387342e+01 4.82804030e-05 2.58829099e-06
 2.25594122e+01 4.83375973e-05 2.55835282e-06
 2.25800785e+01 4.83953106e-05 2.53338559e-06
 2.26007316e+01 4.84530387e-05 2.51291784e-06
 2.26213716e+01 4.85122754e-05 2.51219024e-06
 2.26419996e+01 4.85720087e-05 2.51997160e-06
 2.26626133e+01 4.86304539e-05 2.51031323e-06
 2.26832140e+01 4.86878562e-05 2.51281868e-06
 2.27038002e+01 4.87461047e-05 2.51315259e-06
 2.27243759e+01 4.88039635e-05 2.52146981e-06
 2.27449412e+01 4.88615409e-05 2.52667761e-06
 2.27654947e+01 4.89185750e-05 2.55235096e-06
 2.27860363e+01 4.89767272e-05 2.58341821e-06
 2.28065673e+01 4.90374597e-05 2.62496650e-06
 2.28270866e+01 4.90976367e-05 2.65793413e-06
 2.28475927e+01 4.91572254e-05 2.70238943e-06
 2.28680870e+01 4.92179873e-05 2.75534718e-06
 2.28885719e+01 4.92779683e-05 2.80822220e-06
 2.29090451e+01 4.93371603e-05 2.85873064e-06
 2.29295066e+01 4.93970121e-05 2.91633757e-06
 2.29499562e+01 4.94581232e-05 2.98494482e-06
 2.29703967e+01 4.95181864e-05 3.03201882e-06
 2.29908254e+01 4.95771592e-05 3.08497062e-06
 2.30112397e+01 4.96390756e-05 3.14447522e-06
 2.30316397e+01 4.96998567e-05 3.20089379e-06
 2.30520266e+01 4.97601555e-05 3.27143833e-06
 2.30724017e+01 4.98211366e-05 3.35620271e-06
 2.30927676e+01 4.98883765e-05 3.41071073e-06
 2.31131217e+01 4.99589686e-05 3.45007857e-06
 2.31334639e+01 5.00265786e-05 3.49468651e-06
 2.31537943e+01 5.00922778e-05 3.53091790e-06
 2.31741089e+01 5.01596304e-05 3.56637589e-06
 2.31944118e+01 5.02285251e-05 3.58950240e-06
 2.32147015e+01 5.02973023e-05 3.61721350e-06
 2.32349794e+01 5.03646166e-05 3.64040790e-06
 2.32552429e+01 5.04324076e-05 3.67563880e-06
 2.32754945e+01 5.05008107e-05 3.70155917e-06
 2.32957344e+01 5.05705871e-05 3.71447214e-06
 2.33159611e+01 5.06421240e-05 3.72124613e-06
 2.33361747e+01 5.07145609e-05 3.72880055e-06
 2.33563713e+01 5.07872801e-05 3.72742239e-06
 2.33765534e+01 5.08617844e-05 3.71460026e-06
 2.33967236e+01 5.09347560e-05 3.68907863e-06
 2.34168846e+01 5.10078397e-05 3.65625876e-06
 2.34370338e+01 5.10797699e-05 3.63236337e-06
 2.34571712e+01 5.11503306e-05 3.59741374e-06
 2.34772955e+01 5.12220279e-05 3.54496950e-06
 2.34974066e+01 5.12911707e-05 3.51374541e-06
 2.35175046e+01 5.13598456e-05 3.49434257e-06
 2.35375881e+01 5.14309711e-05 3.47441033e-06
 2.35576624e+01 5.15000867e-05 3.44883705e-06
 2.35777208e+01 5.15702439e-05 3.41538134e-06
 2.35977687e+01 5.16389419e-05 3.39000937e-06
 2.36178114e+01 5.17032857e-05 3.34140968e-06
 2.36378436e+01 5.17643952e-05 3.28228875e-06
 2.36578641e+01 5.18259372e-05 3.23862580e-06
 2.36778691e+01 5.18866795e-05 3.18489946e-06
 2.36978633e+01 5.19481271e-05 3.13715216e-06
 2.37178471e+01 5.20080645e-05 3.09138821e-06
 2.37378190e+01 5.20679123e-05 3.03578971e-06
 2.37577790e+01 5.21282692e-05 2.98901558e-06
 2.37777260e+01 5.21875554e-05 2.93409778e-06
 2.37976612e+01 5.22459560e-05 2.89686364e-06
 2.38175846e+01 5.23026692e-05 2.85831697e-06
 2.38374937e+01 5.23605422e-05 2.80717177e-06
 2.38573897e+01 5.24182280e-05 2.76297435e-06
 2.38772752e+01 5.24762959e-05 2.72907672e-06
 2.38971489e+01 5.25346417e-05 2.69855206e-06
 2.39170081e+01 5.25957750e-05 2.67080387e-06
 2.39368556e+01 5.26544858e-05 2.64823010e-06
 2.39566886e+01 5.27103529e-05 2.63825712e-06
 2.39765060e+01 5.27669379e-05 2.62245283e-06
 2.39963064e+01 5.28249656e-05 2.59485336e-06
 2.40160936e+01 5.28815402e-05 2.57333114e-06
 2.40358691e+01 5.29377543e-05 2.57296366e-06
 2.40556326e+01 5.29962025e-05 2.58921005e-06
 2.40753830e+01 5.30534845e-05 2.62202225e-06
 2.40951190e+01 5.31122523e-05 2.67666756e-06
 2.41148406e+01 5.31712671e-05 2.73514997e-06
 2.41345454e+01 5.32305448e-05 2.77746088e-06
 2.41542319e+01 5.32889465e-05 2.81573083e-06
 2.41739013e+01 5.33467530e-05 2.85520742e-06
 2.41935577e+01 5.34052196e-05 2.89976366e-06
 2.42131958e+01 5.34647779e-05 2.94602472e-06
 2.42328171e+01 5.35253587e-05 3.00054942e-06
 2.42524225e+01 5.35859456e-05 3.04903788e-06
 2.42720124e+01 5.36466745e-05 3.09969116e-06
 2.42915839e+01 5.37077319e-05 3.12710019e-06
 2.43111372e+01 5.37709254e-05 3.15407569e-06
 2.43306734e+01 5.38334725e-05 3.19455476e-06
 2.43501914e+01 5.38943014e-05 3.23964890e-06
 2.43696937e+01 5.39541241e-05 3.26860652e-06
 2.43891804e+01 5.40154781e-05 3.29473261e-06
 2.44086489e+01 5.40795061e-05 3.31869443e-06
 2.44281003e+01 5.41436431e-05 3.35660952e-06
 2.44475360e+01 5.42065106e-05 3.39829115e-06
 2.44669547e+01 5.42721167e-05 3.43212198e-06
 2.44863565e+01 5.43362022e-05 3.45515457e-06
 2.45057426e+01 5.43977999e-05 3.47037584e-06
 2.45251117e+01 5.44598071e-05 3.50203537e-06
 2.45444652e+01 5.45237269e-05 3.52988665e-06
 2.45638005e+01 5.45892357e-05 3.56288615e-06
 2.45831227e+01 5.46551194e-05 3.58443084e-06
 2.46024254e+01 5.47193019e-05 3.58072965e-06
 2.46216954e+01 5.47819594e-05 3.55612656e-06
 2.46409470e+01 5.48457628e-05 3.52892581e-06
 2.46601829e+01 5.49071049e-05 3.51428741e-06
 2.46794055e+01 5.49649182e-05 3.48423759e-06
 2.46986100e+01 5.50267117e-05 3.45152787e-06
 2.47177962e+01 5.50911303e-05 3.43139748e-06
 2.47369655e+01 5.51542495e-05 3.40024775e-06
 2.47561140e+01 5.52141443e-05 3.34925317e-06
 2.47752441e+01 5.52717526e-05 3.26934619e-06
 2.47943547e+01 5.53289822e-05 3.19740038e-06
 2.48134457e+01 5.53844624e-05 3.11888753e-06
 2.48325183e+01 5.54357038e-05 3.04597145e-06
 2.48515715e+01 5.54868781e-05 2.96060419e-06
 2.48706052e+01 5.55355018e-05 2.86808119e-06
 2.48896193e+01 5.55809217e-05 2.77569113e-06
 2.49086140e+01 5.56250775e-05 2.68097408e-06
 2.49275864e+01 5.56694710e-05 2.57497783e-06
 2.49465418e+01 5.57138898e-05 2.47519335e-06
 2.49654815e+01 5.57528743e-05 2.36567950e-06
 2.49844031e+01 5.57914410e-05 2.23197723e-06
 2.50033064e+01 5.58284152e-05 2.08494010e-06
 2.50221915e+01 5.58613120e-05 1.94447946e-06
 2.50410571e+01 5.58946116e-05 1.80697520e-06
 2.50599058e+01 5.59280562e-05 1.68253374e-06
 2.50787401e+01 5.59583478e-05 1.56534178e-06
 2.50975562e+01 5.59862632e-05 1.45504878e-06
 2.51163566e+01 5.60137417e-05 1.36404181e-06
 2.51351426e+01 5.60408300e-05 1.26214162e-06
 2.51539157e+01 5.60674136e-05 1.14037445e-06
 2.51726732e+01 5.60923484e-05 1.03122805e-06
 2.51914176e+01 5.61161458e-05 9.27154346e-07
 2.52101489e+01 5.61384960e-05 8.31884805e-07
 2.52288646e+01 5.61614390e-05 7.35540864e-07
 2.52475659e+01 5.61806772e-05 6.42268555e-07
 2.52662542e+01 5.61984339e-05 5.48640669e-07
 2.52849283e+01 5.62145969e-05 4.63067993e-07
 2.53035894e+01 5.62266654e-05 3.71384936e-07
 2.53222388e+01 5.62340548e-05 2.68877999e-07
 2.53408739e+01 5.62400290e-05 1.67715588e-07
 2.53594933e+01 5.62454934e-05 9.31507741e-08
 2.53780972e+01 5.62507881e-05 2.25790356e-08
 2.53966829e+01 5.62574621e-05 -2.39346279e-08
 2.54152517e+01 5.62632128e-05 -5.99993873e-08
 2.54338036e+01 5.62681985e-05 -9.72105164e-08
 2.54523386e+01 5.62728955e-05 -1.32418166e-07
 2.54708568e+01 5.62751630e-05 -1.70214821e-07
 2.54893594e+01 5.62759633e-05 -1.89077361e-07
 2.55078451e+01 5.62735644e-05 -1.84256146e-07
 2.55263127e+01 5.62713595e-05 -1.74655970e-07
 2.55447607e+01 5.62704615e-05 -1.34073446e-07
 2.55631918e+01 5.62693399e-05 -8.21082528e-08
 2.55816138e+01 5.62704530e-05 -6.00357930e-08
 2.56000191e+01 5.62719819e-05 -5.80749132e-08
 2.56184037e+01 5.62726801e-05 -3.96450663e-08
 2.56367675e+01 5.62770671e-05 -1.56503626e-08
 2.56551145e+01 5.62802004e-05 3.12891335e-08
 2.56734446e+01 5.62831850e-05 8.09027586e-08
 2.56917553e+01 5.62880848e-05 1.32128630e-07
 2.57100504e+01 5.62935245e-05 1.94588320e-07
 2.57283285e+01 5.62999749e-05 2.42930935e-07
 2.57465912e+01 5.63052624e-05 2.96055340e-07
 2.57648356e+01 5.63125254e-05 3.42734413e-07
 2.57830632e+01 5.63238159e-05 3.97319019e-07
 2.58012764e+01 5.63355613e-05 4.56323595e-07
 2.58194714e+01 5.63448174e-05 4.99946213e-07
 2.58376496e+01 5.63522512e-05 5.23187741e-07
 2.58558121e+01 5.63592519e-05 5.63558545e-07
 2.58739618e+01 5.63699603e-05 6.15398817e-07
 2.58920934e+01 5.63815672e-05 6.58823129e-07
 2.59102068e+01 5.63924534e-05 6.72521622e-07
 2.59283046e+01 5.64036048e-05 6.79466289e-07
 2.59463842e+01 5.64154038e-05 6.75030725e-07
 2.59644456e+01 5.64250064e-05 6.56255588e-07
 2.59824889e+01 5.64314956e-05 6.49400095e-07
 2.60005128e+01 5.64392146e-05 6.58303838e-07
 2.60185146e+01 5.64447863e-05 6.77446211e-07
 2.60364995e+01 5.64494704e-05 6.89367418e-07
 2.60544676e+01 5.64485921e-05 6.43344574e-07
 2.60724151e+01 5.64472221e-05 5.80278700e-07
 2.60903391e+01 5.64464683e-05 5.16183882e-07
 2.61082424e+01 5.64442645e-05 4.47545506e-07
 2.61261238e+01 5.64417175e-05 3.84869607e-07
 2.61439831e+01 5.64380804e-05 3.29899287e-07
 2.61618217e+01 5.64329894e-05 2.63057402e-07
 2.61796383e+01 5.64272644e-05 1.87208758e-07
 2.61974315e+01 5.64231673e-05 9.81992742e-08
 2.62152053e+01 5.64177992e-05 1.58538048e-08
 2.62329557e+01 5.64080643e-05 -9.56996192e-08
 2.62506827e+01 5.63977569e-05 -2.28774271e-07
 2.62683903e+01 5.63894025e-05 -3.73311375e-07
 2.62860772e+01 5.63777446e-05 -5.28663602e-07
 2.63037447e+01 5.63650588e-05 -6.63106129e-07
 2.63213940e+01 5.63495353e-05 -7.86331645e-07
 2.63390227e+01 5.63324924e-05 -9.17973075e-07
 2.63566319e+01 5.63129889e-05 -1.04030208e-06
 2.63742205e+01 5.62940282e-05 -1.16771227e-06
 2.63917869e+01 5.62750518e-05 -1.31802697e-06
 2.64093313e+01 5.62547800e-05 -1.44604545e-06
 2.64268562e+01 5.62325827e-05 -1.56927906e-06
 2.64443617e+01 5.62061107e-05 -1.68287629e-06
 2.64618465e+01 5.61788580e-05 -1.78400901e-06
 2.64793106e+01 5.61551453e-05 -1.88063326e-06
 2.64967541e+01 5.61310936e-05 -1.98907170e-06
 2.65141754e+01 5.61031200e-05 -2.09367723e-06
 2.65315787e+01 5.60733123e-05 -2.19538431e-06
 2.65489626e+01 5.60442056e-05 -2.30262844e-06
 2.65663258e+01 5.60117799e-05 -2.38132305e-06
 2.65836670e+01 5.59744207e-05 -2.42743360e-06
 2.66009914e+01 5.59376468e-05 -2.44961625e-06
 2.66182965e+01 5.58973618e-05 -2.51173332e-06
 2.66355784e+01 5.58560932e-05 -2.59701495e-06
 2.66528382e+01 5.58154009e-05 -2.64375695e-06
 2.66700787e+01 5.57738084e-05 -2.67994851e-06
 2.66872973e+01 5.57308118e-05 -2.71223157e-06
 2.67044913e+01 5.56854156e-05 -2.74423663e-06
 2.67216621e+01 5.56400769e-05 -2.78316926e-06
 2.67388121e+01 5.55930161e-05 -2.83916903e-06
 2.67559402e+01 5.55444818e-05 -2.89328173e-06
 2.67730425e+01 5.54937956e-05 -2.93367394e-06
 2.67901215e+01 5.54429351e-05 -2.93517385e-06
 2.68071785e+01 5.53927582e-05 -2.96363711e-06
 2.68242123e+01 5.53420039e-05 -3.00077545e-06
 2.68412241e+01 5.52926437e-05 -3.02991409e-06
 2.68582140e+01 5.52453871e-05 -3.05791867e-06
 2.68751831e+01 5.51955020e-05 -3.08986603e-06
 2.68921304e+01 5.51425681e-05 -3.10440833e-06
 2.69090544e+01 5.50898574e-05 -3.12525626e-06
 2.69259539e+01 5.50382533e-05 -3.13802575e-06
 2.69428262e+01 5.49851533e-05 -3.14408401e-06
 2.69596777e+01 5.49307307e-05 -3.15584556e-06
 2.69765087e+01 5.48765730e-05 -3.16949888e-06
 2.69933163e+01 5.48210771e-05 -3.17852841e-06
 2.70101033e+01 5.47658750e-05 -3.17146506e-06
 2.70268697e+01 5.47092638e-05 -3.16343619e-06
 2.70436128e+01 5.46511552e-05 -3.14809926e-06
 2.70603339e+01 5.45931936e-05 -3.14475698e-06
 2.70770356e+01 5.45358737e-05 -3.12784132e-06
 2.70937129e+01 5.44777192e-05 -3.11130131e-06
 2.71103682e+01 5.44219410e-05 -3.12257588e-06
 2.71270016e+01 5.43701977e-05 -3.15296587e-06
 2.71436118e+01 5.43177690e-05 -3.19072252e-06
 2.71602000e+01 5.42601759e-05 -3.24955217e-06
 2.71767638e+01 5.42023776e-05 -3.30642309e-06
 2.71933017e+01 5.41433640e-05 -3.33696877e-06
 2.72098151e+01 5.40828238e-05 -3.37444993e-06
 2.72263025e+01 5.40239750e-05 -3.41095845e-06
 2.72427667e+01 5.39655352e-05 -3.43913743e-06
 2.72592090e+01 5.39092682e-05 -3.47356305e-06
 2.72756280e+01 5.38530518e-05 -3.50482666e-06
 2.72920213e+01 5.37974148e-05 -3.54461970e-06
 2.73083900e+01 5.37428592e-05 -3.59009713e-06
 2.73247354e+01 5.36855619e-05 -3.61674586e-06
 2.73410564e+01 5.36283033e-05 -3.62278213e-06
 2.73573516e+01 5.35734777e-05 -3.62819636e-06
 2.73736236e+01 5.35201214e-05 -3.65982809e-06
 2.73898697e+01 5.34664377e-05 -3.69553959e-06
 2.74060925e+01 5.34091759e-05 -3.71755877e-06
 2.74222908e+01 5.33486049e-05 -3.76288638e-06
 2.74384634e+01 5.32880577e-05 -3.82661837e-06
 2.74546061e+01 5.32300244e-05 -3.85244103e-06
 2.74707203e+01 5.31697958e-05 -3.88932812e-06
 2.74868125e+01 5.31081727e-05 -3.94300004e-06
 2.75028790e+01 5.30464060e-05 -3.99849886e-06
 2.75189197e+01 5.29829612e-05 -4.05572903e-06
 2.75349357e+01 5.29177995e-05 -4.07544938e-06
 2.75509284e+01 5.28545462e-05 -4.06623835e-06
 2.75668992e+01 5.27947733e-05 -4.05906619e-06
 2.75828429e+01 5.27324306e-05 -4.11016790e-06
 2.75987607e+01 5.26690946e-05 -4.14857414e-06
 2.76146565e+01 5.26039494e-05 -4.14544009e-06
 2.76305290e+01 5.25377079e-05 -4.13531339e-06
 2.76463744e+01 5.24719419e-05 -4.14139381e-06
 2.76621953e+01 5.24025910e-05 -4.16216471e-06
 2.76779917e+01 5.23310552e-05 -4.17838319e-06
 2.76937610e+01 5.22607758e-05 -4.19094654e-06
 2.77095032e+01 5.21899745e-05 -4.21127506e-06
 2.77252195e+01 5.21139536e-05 -4.22944630e-06
 2.77409138e+01 5.20351662e-05 -4.24954229e-06
 2.77565862e+01 5.19560858e-05 -4.25612529e-06
 2.77722354e+01 5.18822802e-05 -4.32301059e-06
 2.77878588e+01 5.18065724e-05 -4.41948990e-06
 2.78034576e+01 5.17274198e-05 -4.51998698e-06
 2.78190320e+01 5.16494251e-05 -4.61688068e-06
 2.78345791e+01 5.15703841e-05 -4.69930082e-06
 2.78500978e+01 5.14901973e-05 -4.77820669e-06
 2.78655907e+01 5.14103704e-05 -4.86892021e-06
 2.78810577e+01 5.13295299e-05 -4.96505412e-06
 2.78964965e+01 5.12478800e-05 -5.04383827e-06
 2.79119080e+01 5.11667057e-05 -5.10413990e-06
 2.79272923e+01 5.10899095e-05 -5.17853189e-06
 2.79426483e+01 5.10142565e-05 -5.24207137e-06
 2.79579745e+01 5.09342649e-05 -5.31587044e-06
 2.79732682e+01 5.08536573e-05 -5.43799998e-06
 2.79885361e+01 5.07732620e-05 -5.52336940e-06
 2.80037794e+01 5.06924805e-05 -5.61200828e-06
 2.80189957e+01 5.06099128e-05 -5.72741660e-06
 2.80341874e+01 5.05258714e-05 -5.84436739e-06
 2.80493521e+01 5.04405722e-05 -5.95148810e-06
 2.80644897e+01 5.03568188e-05 -6.04511753e-06
 2.80796015e+01 5.02707718e-05 -6.12270003e-06
 2.80946875e+01 5.01827491e-05 -6.20551628e-06
 2.81097477e+01 5.00943785e-05 -6.29849405e-06
 2.81247821e+01 5.00049925e-05 -6.38404759e-06
 2.81397919e+01 4.99114675e-05 -6.43811758e-06
 2.81547772e+01 4.98175510e-05 -6.47715810e-06
 2.81697394e+01 4.97142859e-05 -6.59809539e-06
 2.81846732e+01 4.96092724e-05 -6.72204587e-06
 2.81995761e+01 4.95036198e-05 -6.83650697e-06
 2.82144491e+01 4.93953155e-05 -6.95763336e-06
 2.82292976e+01 4.92861881e-05 -7.06961321e-06
 2.82441204e+01 4.91740800e-05 -7.13459807e-06
 2.82589187e+01 4.90640890e-05 -7.24873183e-06
 2.82736874e+01 4.89564537e-05 -7.36650608e-06
 2.82884301e+01 4.88476788e-05 -7.42017406e-06
 2.83031469e+01 4.87346157e-05 -7.48765292e-06
 2.83178354e+01 4.86191730e-05 -7.56886919e-06
 2.83324958e+01 4.85037659e-05 -7.64907334e-06
 2.83471278e+01 4.83884174e-05 -7.70541735e-06
 2.83617326e+01 4.82731943e-05 -7.79055812e-06
 2.83763117e+01 4.81561970e-05 -7.89245138e-06
 2.83908612e+01 4.80390393e-05 -7.99917393e-06
 2.84053835e+01 4.79208073e-05 -8.06353220e-06
 2.84198814e+01 4.78032957e-05 -8.13305529e-06
 2.84343522e+01 4.76861580e-05 -8.21947548e-06
 2.84487932e+01 4.75687067e-05 -8.28182843e-06
 2.84632084e+01 4.74474337e-05 -8.33354892e-06
 2.84775966e+01 4.73262920e-05 -8.40465547e-06
 2.84919563e+01 4.72059904e-05 -8.49149388e-06
 2.85062864e+01 4.70855319e-05 -8.58789079e-06
 2.85205868e+01 4.69641061e-05 -8.66283579e-06
 2.85348588e+01 4.68388684e-05 -8.74461758e-06
 2.85491012e+01 4.67139212e-05 -8.83663400e-06
 2.85633152e+01 4.65890352e-05 -8.92561688e-06
 2.85775022e+01 4.64608605e-05 -9.03237983e-06
 2.85916622e+01 4.63294257e-05 -9.13292708e-06
 2.86057951e+01 4.61978566e-05 -9.23816785e-06
 2.86199023e+01 4.60652722e-05 -9.34377916e-06
 2.86339849e+01 4.59310906e-05 -9.46565572e-06
 2.86480418e+01 4.57927466e-05 -9.58812819e-06
 2.86620743e+01 4.56543936e-05 -9.70406458e-06
 2.86760837e+01 4.55134803e-05 -9.81513370e-06
 2.86900686e+01 4.53694875e-05 -9.90569619e-06
 2.87040317e+01 4.52260240e-05 -1.00028443e-05
 2.87179755e+01 4.50867037e-05 -1.01309242e-05
 2.87318950e+01 4.49508127e-05 -1.02175298e-05
 2.87457899e+01 4.48153493e-05 -1.02736060e-05
 2.87596629e+01 4.46777630e-05 -1.03725976e-05
 2.87735102e+01 4.45370564e-05 -1.04733866e-05
 2.87873343e+01 4.43985792e-05 -1.05320208e-05
 2.88011340e+01 4.42576890e-05 -1.05743513e-05
 2.88149079e+01 4.41106688e-05 -1.06616942e-05
 2.88286574e+01 4.39626300e-05 -1.07533906e-05
 2.88423823e+01 4.38140698e-05 -1.08260992e-05
 2.88560827e+01 4.36670279e-05 -1.08805843e-05
 2.88697574e+01 4.35213941e-05 -1.08989853e-05
 2.88834076e+01 4.33727909e-05 -1.08992995e-05
 2.88970266e+01 4.32224793e-05 -1.09472085e-05
 2.89106263e+01 4.30725288e-05 -1.09819901e-05
 2.89242080e+01 4.29245643e-05 -1.10039899e-05
 2.89377705e+01 4.27780682e-05 -1.10753752e-05
 2.89513111e+01 4.26327414e-05 -1.11503240e-05
 2.89648324e+01 4.24848494e-05 -1.11704605e-05
 2.89783318e+01 4.23398454e-05 -1.11769713e-05
 2.89918120e+01 4.21973734e-05 -1.11714638e-05
 2.90052704e+01 4.20558635e-05 -1.11572809e-05
 2.90187083e+01 4.19162846e-05 -1.11590596e-05
 2.90321281e+01 4.17748212e-05 -1.11555659e-05
 2.90455300e+01 4.16276929e-05 -1.11324268e-05
 2.90589125e+01 4.14760213e-05 -1.10904267e-05
 2.90722784e+01 4.13259631e-05 -1.11129436e-05
 2.90856251e+01 4.11749046e-05 -1.11274211e-05
 2.90989551e+01 4.10203548e-05 -1.11214587e-05
 2.91122672e+01 4.08630571e-05 -1.11275708e-05
 2.91255587e+01 4.07048924e-05 -1.11276705e-05
 2.91388323e+01 4.05511383e-05 -1.11227805e-05
 2.91520919e+01 4.04008617e-05 -1.10902446e-05
 2.91653335e+01 4.02473120e-05 -1.10699942e-05
 2.91785584e+01 4.00926630e-05 -1.10563932e-05
 2.91917693e+01 3.99422399e-05 -1.10442430e-05
 2.92049647e+01 3.97934512e-05 -1.10431702e-05
 2.92181435e+01 3.96463278e-05 -1.10104428e-05
 2.92313082e+01 3.95006659e-05 -1.09801754e-05
 2.92444588e+01 3.93568490e-05 -1.09817196e-05
 2.92575914e+01 3.92173797e-05 -1.09862009e-05
 2.92707073e+01 3.90800992e-05 -1.09636500e-05
 2.92838076e+01 3.89482832e-05 -1.08970328e-05
 2.92968964e+01 3.88192517e-05 -1.08145217e-05
 2.93099698e+01 3.86875404e-05 -1.07737468e-05
 2.93230240e+01 3.85523104e-05 -1.07926506e-05
 2.93360615e+01 3.84137342e-05 -1.08479730e-05
 2.93490848e+01 3.82759287e-05 -1.08597149e-05
 2.93620900e+01 3.81377383e-05 -1.08352327e-05
 2.93750811e+01 3.80006372e-05 -1.07668951e-05
 2.93880555e+01 3.78709476e-05 -1.06765153e-05
 2.94010132e+01 3.77432340e-05 -1.06062004e-05
 2.94139529e+01 3.76118280e-05 -1.04949589e-05
 2.94268747e+01 3.74817125e-05 -1.03622640e-05
 2.94397785e+01 3.73511526e-05 -1.02834118e-05
 2.94526669e+01 3.72215760e-05 -1.02136080e-05
 2.94655360e+01 3.70928776e-05 -1.01162047e-05
 2.94783883e+01 3.69622780e-05 -9.99579280e-06
 2.94912265e+01 3.68302623e-05 -9.90401597e-06
 2.95040492e+01 3.66968856e-05 -9.83930246e-06
 2.95168552e+01 3.65633458e-05 -9.77243474e-06
 2.95296433e+01 3.64287084e-05 -9.68969184e-06
 2.95424160e+01 3.62959206e-05 -9.57533762e-06
 2.95551732e+01 3.61611625e-05 -9.45994062e-06
 2.95679177e+01 3.60351736e-05 -9.45803799e-06
 2.95806442e+01 3.59109610e-05 -9.46446870e-06
 2.95933514e+01 3.57887572e-05 -9.44072764e-06
 2.96060418e+01 3.56697082e-05 -9.42121495e-06
 2.96187142e+01 3.55487306e-05 -9.41482123e-06
 2.96313687e+01 3.54290477e-05 -9.39192230e-06
 2.96440038e+01 3.53126347e-05 -9.35700077e-06
 2.96566196e+01 3.51941118e-05 -9.30667539e-06
 2.96692173e+01 3.50751019e-05 -9.19135239e-06
 2.96817943e+01 3.49622729e-05 -9.07148676e-06
 2.96943506e+01 3.48577278e-05 -8.92786301e-06
 2.97068848e+01 3.47541313e-05 -8.80854521e-06
 2.97193971e+01 3.46460759e-05 -8.73517475e-06
 2.97318848e+01 3.45364843e-05 -8.70426040e-06
 2.97443493e+01 3.44319413e-05 -8.67148548e-06
 2.97567929e+01 3.43303168e-05 -8.63962621e-06
 2.97692132e+01 3.42269590e-05 -8.60870297e-06
 2.97816128e+01 3.41247693e-05 -8.56761031e-06
