 1.24009356e+00 6.42255900e-07 -2.77517931e-07
 1.26499602e+00 6.32679496e-07 -2.33606611e-07
 1.28990106e+00 6.23127345e-07 -1.83622045e-07
 1.31480607e+00 6.13369541e-07 -1.22508888e-07
 1.33973852e+00 6.05291835e-07 -6.45802759e-08
 1.36467499e+00 6.01090279e-07 -2.33583265e-08
 1.38961281e+00 5.99260184e-07 1.08887830e-08
 1.41455197e+00 5.99501749e-07 3.90570039e-08
 1.43948985e+00 6.00795626e-07 6.15975503e-08
 1.46442773e+00 6.02068930e-07 8.27013837e-08
 1.48936561e+00 6.04045920e-07 1.02244650e-07
 1.51430481e+00 6.07473705e-07 1.18950255e-07
 1.53924399e+00 6.11620169e-07 1.35489491e-07
 1.56418449e+00 6.15931802e-07 1.50286704e-07
 1.58912758e+00 6.20039632e-07 1.68652224e-07
 1.61407069e+00 6.24302285e-07 1.84528785e-07
 1.63901116e+00 6.28901825e-07 2.00958851e-07
 1.66394638e+00 6.33795917e-07 2.16985152e-07
 1.68888288e+00 6.38568126e-07 2.34215844e-07
 1.71381935e+00 6.43911036e-07 2.51785395e-07
 1.73875581e+00 6.49789885e-07 2.64128525e-07
 1.76368965e+00 6.55827449e-07 2.73513749e-07
 1.78862479e+00 6.61643701e-07 2.81152021e-07
 1.81355991e+00 6.67590668e-07 2.88367936e-07
 1.83849240e+00 6.73639270e-07 2.94278911e-07
 1.86342616e+00 6.79365111e-07 2.99314591e-07
 1.88835990e+00 6.85093097e-07 3.01582107e-07
 1.91329493e+00 6.90801143e-07 3.05130883e-07
 1.93822734e+00 6.97192255e-07 3.09785417e-07
 1.96316104e+00 7.03517461e-07 3.13701462e-07
 1.98809604e+00 7.09366908e-07 3.13954889e-07
 2.01303235e+00 7.15508881e-07 3.10832735e-07
 2.03796863e+00 7.21553382e-07 3.08773082e-07
 2.06290224e+00 7.28155011e-07 3.10872873e-07
 2.08783584e+00 7.35256829e-07 3.17661378e-07
 2.11276942e+00 7.42829848e-07 3.23133450e-07
 2.13770427e+00 7.50837349e-07 3.30246535e-07
 2.16264043e+00 7.59234336e-07 3.34623015e-07
 2.18757265e+00 7.68365426e-07 3.41295157e-07
 2.21250485e+00 7.78194963e-07 3.49008794e-07
 2.23743701e+00 7.88665891e-07 3.60617604e-07
 2.26236911e+00 8.00062601e-07 3.71964590e-07
 2.28730116e+00 8.11929926e-07 3.88728010e-07
 2.31223322e+00 8.23855364e-07 4.05377153e-07
 2.33716390e+00 8.36162274e-07 4.20532761e-07
 2.36209454e+00 8.49110203e-07 4.35805536e-07
 2.38702513e+00 8.62066268e-07 4.56012324e-07
 2.41195438e+00 8.75688532e-07 4.76005893e-07
 2.43688230e+00 8.89927299e-07 4.95321197e-07
 2.46180754e+00 9.04337468e-07 5.13112421e-07
 2.48673276e+00 9.19194645e-07 5.31943034e-07
 2.51165795e+00 9.34448441e-07 5.51426420e-07
 2.53658177e+00 9.50032890e-07 5.72890932e-07
 2.56150427e+00 9.66577659e-07 5.92494793e-07
 2.58642544e+00 9.84064110e-07 6.13683788e-07
 2.61134656e+00 1.00205975e-06 6.36224240e-07
 2.63626634e+00 1.01977323e-06 6.59111166e-07
 2.66118478e+00 1.03822132e-06 6.84047096e-07
 2.68610187e+00 1.05661369e-06 7.09823849e-07
 2.71102021e+00 1.07522909e-06 7.36595068e-07
 2.73593850e+00 1.09431309e-06 7.60967533e-07
 2.76085544e+00 1.11378856e-06 7.86623828e-07
 2.78577365e+00 1.13355958e-06 8.13069608e-07
 2.81069050e+00 1.15393502e-06 8.41056392e-07
 2.83560467e+00 1.17498826e-06 8.71400772e-07
 2.86051616e+00 1.19696101e-06 9.05412175e-07
 2.88542625e+00 1.21936002e-06 9.42801186e-07
 2.91033760e+00 1.24224835e-06 9.78327596e-07
 2.93525151e+00 1.26626362e-06 1.01448521e-06
 2.96016274e+00 1.29110253e-06 1.05057418e-06
 2.98507391e+00 1.31684687e-06 1.08679885e-06
 3.00998502e+00 1.34339427e-06 1.11861947e-06
 3.03489735e+00 1.37097866e-06 1.15250166e-06
 3.05980697e+00 1.39907212e-06 1.18471730e-06
 3.08471652e+00 1.42789762e-06 1.21655492e-06
 3.10962730e+00 1.45732191e-06 1.24637351e-06
 3.13453539e+00 1.48792992e-06 1.27235339e-06
 3.15944339e+00 1.51957392e-06 1.29670422e-06
 3.18435130e+00 1.55173399e-06 1.32053524e-06
 3.20926045e+00 1.58390889e-06 1.34519341e-06
 3.23416557e+00 1.61704530e-06 1.37036005e-06
 3.25906273e+00 1.65095314e-06 1.39329292e-06
 3.28395847e+00 1.68541974e-06 1.41721046e-06
 3.30885280e+00 1.72062255e-06 1.43908106e-06
 3.33374707e+00 1.75642940e-06 1.45871781e-06
 3.35863995e+00 1.79288014e-06 1.48349017e-06
 3.38353140e+00 1.83015776e-06 1.50862142e-06
 3.40842147e+00 1.86791171e-06 1.53202137e-06
 3.43330750e+00 1.90578138e-06 1.55418108e-06
 3.45819344e+00 1.94395807e-06 1.57710503e-06
 3.48307799e+00 1.98227799e-06 1.59907091e-06
 3.50796114e+00 2.02095418e-06 1.62117380e-06
 3.53284291e+00 2.06056956e-06 1.64140602e-06
 3.55772331e+00 2.10062354e-06 1.66059710e-06
 3.58260359e+00 2.13982931e-06 1.67737868e-06
 3.60748507e+00 2.18057560e-06 1.69293470e-06
 3.63236388e+00 2.22269853e-06 1.70977282e-06
 3.65724127e+00 2.26597859e-06 1.72982220e-06
 3.68211857e+00 2.31042463e-06 1.75188310e-06
 3.70699579e+00 2.35545838e-06 1.77573258e-06
 3.73187161e+00 2.40213297e-06 1.79786096e-06
 3.75674475e+00 2.44914363e-06 1.81874876e-06
 3.78161517e+00 2.49627497e-06 1.84046431e-06
 3.80648552e+00 2.54477099e-06 1.86152902e-06
 3.83135316e+00 2.59404145e-06 1.88552005e-06
 3.85622069e+00 2.64420689e-06 1.91701766e-06
 3.88108550e+00 2.69537197e-06 1.95139930e-06
 3.90595019e+00 2.74763854e-06 1.98731950e-06
 3.93081478e+00 2.80073767e-06 2.02791638e-06
 3.95567923e+00 2.85457325e-06 2.07084452e-06
 3.98054225e+00 2.90994474e-06 2.11620921e-06
 4.00540253e+00 2.96693077e-06 2.16294592e-06
 4.03026136e+00 3.02527490e-06 2.21317124e-06
 4.05511614e+00 3.08426375e-06 2.26591228e-06
 4.07996948e+00 3.14436511e-06 2.32350734e-06
 4.10482140e+00 3.20636927e-06 2.38566520e-06
 4.12967188e+00 3.26962509e-06 2.45203634e-06
 4.15452095e+00 3.33475671e-06 2.52037658e-06
 4.17936725e+00 3.40089763e-06 2.58970870e-06
 4.20421081e+00 3.46809663e-06 2.66064199e-06
 4.22905291e+00 3.53713814e-06 2.73598477e-06
 4.25389225e+00 3.60731189e-06 2.81480939e-06
 4.27872882e+00 3.67899947e-06 2.89330426e-06
 4.30356263e+00 3.75259988e-06 2.97400257e-06
 4.32839498e+00 3.82832835e-06 3.05534314e-06
 4.35322456e+00 3.90545986e-06 3.13644113e-06
 4.37805138e+00 3.98364469e-06 3.21376276e-06
 4.40287541e+00 4.06367654e-06 3.29092385e-06
 4.42769536e+00 4.14591841e-06 3.36881491e-06
 4.45251121e+00 4.22963607e-06 3.44553122e-06
 4.47732293e+00 4.31515746e-06 3.52537540e-06
 4.50213449e+00 4.40282000e-06 3.60594365e-06
 4.52694849e+00 4.49279742e-06 3.68200824e-06
 4.55176101e+00 4.58507107e-06 3.75601899e-06
 4.57657203e+00 4.67924378e-06 3.82772541e-06
 4.60138024e+00 4.77421612e-06 3.89757028e-06
 4.62618564e+00 4.87066033e-06 3.96981245e-06
 4.65098954e+00 4.96919215e-06 4.04180226e-06
 4.67579061e+00 5.06924132e-06 4.11212331e-06
 4.70059016e+00 5.17108208e-06 4.17680649e-06
 4.72538687e+00 5.27424956e-06 4.24046016e-06
 4.75018073e+00 5.37862090e-06 4.30080226e-06
 4.77497173e+00 5.48406329e-06 4.36050190e-06
 4.79975987e+00 5.59079941e-06 4.42007215e-06
 4.82454382e+00 5.69855191e-06 4.48057715e-06
 4.84932227e+00 5.80778294e-06 4.53401340e-06
 4.87409525e+00 5.91876202e-06 4.58751885e-06
 4.89886660e+00 6.03100870e-06 4.64127795e-06
 4.92363380e+00 6.14419369e-06 4.69439460e-06
 4.94839808e+00 6.25782916e-06 4.74277548e-06
 4.97315941e+00 6.37269158e-06 4.78888309e-06
 4.99791781e+00 6.48907211e-06 4.83343916e-06
 5.02267322e+00 6.60714216e-06 4.87859039e-06
 5.04742567e+00 6.72630900e-06 4.91993942e-06
 5.07217384e+00 6.84636210e-06 4.96024110e-06
 5.09691905e+00 6.96730223e-06 4.99827123e-06
 5.12165869e+00 7.08937597e-06 5.03916609e-06
 5.14639537e+00 7.21195496e-06 5.07718839e-06
 5.17113173e+00 7.33423171e-06 5.10239327e-06
 5.19586252e+00 7.45676654e-06 5.12525667e-06
 5.22058774e+00 7.58009551e-06 5.14290865e-06
 5.24530738e+00 7.70457620e-06 5.16069217e-06
 5.27002146e+00 7.83011155e-06 5.17621035e-06
 5.29473126e+00 7.95686862e-06 5.19286061e-06
 5.31943547e+00 8.08462411e-06 5.20662386e-06
 5.34413540e+00 8.21297246e-06 5.21868100e-06
 5.36883106e+00 8.34207926e-06 5.23313943e-06
 5.39352112e+00 8.47108092e-06 5.24689508e-06
 5.41820559e+00 8.60048725e-06 5.26166076e-06
 5.44288445e+00 8.73079228e-06 5.27339159e-06
 5.46755638e+00 8.86237539e-06 5.29053642e-06
 5.49222272e+00 8.99451221e-06 5.30870850e-06
 5.51688215e+00 9.12724066e-06 5.32735547e-06
 5.54153466e+00 9.26085225e-06 5.34393590e-06
 5.56618027e+00 9.39473358e-06 5.36408094e-06
 5.59081896e+00 9.52936129e-06 5.38458226e-06
 5.61544942e+00 9.66457368e-06 5.40557063e-06
 5.64007163e+00 9.80079965e-06 5.42641238e-06
 5.66468822e+00 9.93757178e-06 5.44806562e-06
 5.68929790e+00 1.00747286e-05 5.47221717e-06
 5.71390066e+00 1.02123555e-05 5.49611493e-06
 5.73849651e+00 1.03509232e-05 5.52136228e-06
 5.76308414e+00 1.04894102e-05 5.54815152e-06
 5.78766355e+00 1.06277235e-05 5.57311143e-06
 5.81223341e+00 1.07664385e-05 5.60189136e-06
 5.83679374e+00 1.09056284e-05 5.63212735e-06
 5.86134581e+00 1.10454717e-05 5.66124360e-06
 5.88589094e+00 1.11851998e-05 5.69418743e-06
 5.91042524e+00 1.13249819e-05 5.72990287e-06
 5.93495131e+00 1.14650932e-05 5.76446373e-06
 5.95947045e+00 1.16053110e-05 5.79550402e-06
 5.98398008e+00 1.17461333e-05 5.82760767e-06
 6.00848019e+00 1.18879862e-05 5.85964991e-06
 6.03297080e+00 1.20305598e-05 5.89126715e-06
 6.05745191e+00 1.21737414e-05 5.92316012e-06
 6.08192616e+00 1.23172495e-05 5.95050097e-06
 6.10639092e+00 1.24616876e-05 5.96802647e-06
 6.13084750e+00 1.26064350e-05 5.98692712e-06
 6.15529460e+00 1.27517127e-05 6.00915942e-06
 6.17973349e+00 1.28968596e-05 6.03102097e-06
 6.20416158e+00 1.30425359e-05 6.05427106e-06
 6.22857889e+00 1.31883799e-05 6.07510453e-06
 6.25298805e+00 1.33337409e-05 6.09308386e-06
 6.27738909e+00 1.34794710e-05 6.10606212e-06
 6.30178067e+00 1.36261864e-05 6.11606771e-06
 6.32616410e+00 1.37728980e-05 6.12212604e-06
 6.35053807e+00 1.39194417e-05 6.12355873e-06
 6.37490520e+00 1.40659375e-05 6.12672221e-06
 6.39926285e+00 1.42124132e-05 6.12627747e-06
 6.42360184e+00 1.43587856e-05 6.11952317e-06
 6.44793266e+00 1.45047074e-05 6.10767737e-06
 6.47225531e+00 1.46504097e-05 6.09037992e-06
 6.49656981e+00 1.47952226e-05 6.06968448e-06
 6.52087878e+00 1.49390581e-05 6.04475663e-06
 6.54518090e+00 1.50823296e-05 6.01960630e-06
 6.56947617e+00 1.52258724e-05 5.99312829e-06
 6.59376326e+00 1.53689355e-05 5.96538823e-06
 6.61804220e+00 1.55112083e-05 5.93979147e-06
 6.64231428e+00 1.56528844e-05 5.91171550e-06
 6.66657950e+00 1.57936432e-05 5.88227316e-06
 6.69083787e+00 1.59339271e-05 5.84939880e-06
 6.71509206e+00 1.60738811e-05 5.81535360e-06
 6.73934072e+00 1.62119624e-05 5.77745337e-06
 6.76358385e+00 1.63491520e-05 5.73691446e-06
 6.78782145e+00 1.64859261e-05 5.69562646e-06
 6.81205222e+00 1.66217790e-05 5.65461199e-06
 6.83627615e+00 1.67568043e-05 5.61571324e-06
 6.86049586e+00 1.68914837e-05 5.57645601e-06
 6.88471138e+00 1.70263210e-05 5.53461858e-06
 6.90892007e+00 1.71605842e-05 5.49342704e-06
 6.93312453e+00 1.72943852e-05 5.45663882e-06
 6.95732476e+00 1.74281891e-05 5.42099528e-06
 6.98151947e+00 1.75613105e-05 5.39045171e-06
 7.00570864e+00 1.76938341e-05 5.36310856e-06
 7.02989095e+00 1.78265330e-05 5.33911568e-06
 7.05406905e+00 1.79589348e-05 5.32006366e-06
 7.07824161e+00 1.80916607e-05 5.30733412e-06
 7.10240997e+00 1.82247436e-05 5.29540965e-06
 7.12657149e+00 1.83577114e-05 5.28802758e-06
 7.15072877e+00 1.84908987e-05 5.28827953e-06
 7.17488052e+00 1.86241075e-05 5.29135127e-06
 7.19902413e+00 1.87572247e-05 5.29377775e-06
 7.22316475e+00 1.88903791e-05 5.29959568e-06
 7.24730240e+00 1.90238888e-05 5.30836600e-06
 7.27143579e+00 1.91580308e-05 5.32272466e-06
 7.29556363e+00 1.92926924e-05 5.34347578e-06
 7.31968457e+00 1.94274890e-05 5.36755949e-06
 7.34380255e+00 1.95629687e-05 5.39405183e-06
 7.36791493e+00 1.96990834e-05 5.43075204e-06
 7.39202178e+00 1.98351831e-05 5.47166184e-06
 7.41612175e+00 1.99719183e-05 5.51594158e-06
 7.44021751e+00 2.01094387e-05 5.55788396e-06
 7.46430899e+00 2.02478814e-05 5.60398864e-06
 7.48839490e+00 2.03864663e-05 5.65087910e-06
 7.51247522e+00 2.05246926e-05 5.70170424e-06
 7.53655128e+00 2.06639582e-05 5.75812838e-06
 7.56061914e+00 2.08041205e-05 5.81861034e-06
 7.58468273e+00 2.09450749e-05 5.88059455e-06
 7.60873942e+00 2.10865933e-05 5.94998495e-06
 7.63279055e+00 2.12292070e-05 6.01979164e-06
 7.65684265e+00 2.13742362e-05 6.08126643e-06
 7.68088917e+00 2.15208345e-05 6.14113372e-06
 7.70493012e+00 2.16688703e-05 6.19869951e-06
 7.72896414e+00 2.18180042e-05 6.25791547e-06
 7.75298994e+00 2.19686971e-05 6.31805471e-06
 7.77700752e+00 2.21205803e-05 6.38239919e-06
 7.80101821e+00 2.22740660e-05 6.44958118e-06
 7.82502200e+00 2.24293725e-05 6.51740866e-06
 7.84901887e+00 2.25865219e-05 6.58993099e-06
 7.87301013e+00 2.27459751e-05 6.66098768e-06
 7.89699446e+00 2.29079196e-05 6.73479306e-06
 7.92097054e+00 2.30723108e-05 6.81034400e-06
 7.94493573e+00 2.32389991e-05 6.89818545e-06
 7.96889003e+00 2.34079126e-05 6.98564701e-06
 7.99283606e+00 2.35782968e-05 7.07013754e-06
 8.01677253e+00 2.37512337e-05 7.15794679e-06
 8.04070201e+00 2.39268265e-05 7.25021003e-06
 8.06462453e+00 2.41041909e-05 7.34141438e-06
 8.08853747e+00 2.42838965e-05 7.43498149e-06
 8.11243954e+00 2.44656359e-05 7.53251278e-06
 8.13633336e+00 2.46492782e-05 7.62995079e-06
 8.16021763e+00 2.48353500e-05 7.73110303e-06
 8.18409103e+00 2.50241043e-05 7.83592063e-06
 8.20795618e+00 2.52146411e-05 7.94207662e-06
 8.23181174e+00 2.54083369e-05 8.05151187e-06
 8.25566037e+00 2.56044761e-05 8.15712699e-06
 8.27950335e+00 2.58018044e-05 8.25945006e-06
 8.30333938e+00 2.60012539e-05 8.36340806e-06
 8.32716581e+00 2.62033281e-05 8.47027793e-06
 8.35098266e+00 2.64079640e-05 8.57912010e-06
 8.37479124e+00 2.66150722e-05 8.68958413e-06
 8.39859153e+00 2.68248270e-05 8.79945934e-06
 8.42238349e+00 2.70382775e-05 8.91060961e-06
 8.44616457e+00 2.72541574e-05 9.02330437e-06
 8.46993343e+00 2.74727967e-05 9.14208857e-06
 8.49369133e+00 2.76943451e-05 9.26655501e-06
 8.51743955e+00 2.79193425e-05 9.39955917e-06
 8.54117938e+00 2.81477881e-05 9.53326822e-06
 8.56490952e+00 2.83801964e-05 9.66953841e-06
 8.58862998e+00 2.86156210e-05 9.81018432e-06
 8.61234071e+00 2.88540792e-05 9.95731442e-06
 8.63604432e+00 2.90963283e-05 1.01089952e-05
 8.65973816e+00 2.93414829e-05 1.02665239e-05
 8.68342097e+00 2.95904939e-05 1.04300247e-05
 8.70709138e+00 2.98442965e-05 1.05980269e-05
 8.73074941e+00 3.01021898e-05 1.07676854e-05
 8.75439510e+00 3.03634585e-05 1.09437564e-05
 8.77803106e+00 3.06291627e-05 1.11253151e-05
 8.80165203e+00 3.08998346e-05 1.13127348e-05
 8.82526063e+00 3.11745583e-05 1.15068612e-05
 8.84885554e+00 3.14535862e-05 1.17051822e-05
 8.87243414e+00 3.17370209e-05 1.19082531e-05
 8.89599771e+00 3.20258757e-05 1.21187161e-05
 8.91954625e+00 3.23192854e-05 1.23320036e-05
 8.94308107e+00 3.26180400e-05 1.25492326e-05
 8.96660219e+00 3.29218350e-05 1.27672804e-05
 8.99010825e+00 3.32304745e-05 1.29899915e-05
 9.01360055e+00 3.35437035e-05 1.32200395e-05
 9.03707906e+00 3.38617014e-05 1.34545713e-05
 9.06054119e+00 3.41844818e-05 1.36950146e-05
 9.08398563e+00 3.45124494e-05 1.39402900e-05
 9.10741498e+00 3.48453973e-05 1.41881290e-05
 9.13083053e+00 3.51834373e-05 1.44388119e-05
 9.15423364e+00 3.55263173e-05 1.46925881e-05
 9.17762294e+00 3.58753976e-05 1.49444861e-05
 9.20099841e+00 3.62293244e-05 1.51894054e-05
 9.22436135e+00 3.65885674e-05 1.54365942e-05
 9.24770916e+00 3.69533609e-05 1.56841720e-05
 9.27104047e+00 3.73234569e-05 1.59302095e-05
 9.29435793e+00 3.76982601e-05 1.61721876e-05
 9.31766276e+00 3.80785294e-05 1.64137735e-05
 9.34095234e+00 3.84645721e-05 1.66541846e-05
 9.36422537e+00 3.88562603e-05 1.68977136e-05
 9.38748445e+00 3.92532930e-05 1.71420139e-05
 9.41072693e+00 3.96555124e-05 1.73830723e-05
 9.43395412e+00 4.00639679e-05 1.76278047e-05
 9.45716337e+00 4.04782414e-05 1.78762121e-05
 9.48034811e+00 4.08984564e-05 1.81249216e-05
 9.50351359e+00 4.13238177e-05 1.83761653e-05
 9.52666111e+00 4.17549990e-05 1.86291761e-05
 9.54979193e+00 4.21922855e-05 1.88860460e-05
 9.57290475e+00 4.26343110e-05 1.91435248e-05
 9.59599825e+00 4.30818144e-05 1.94001730e-05
 9.61907378e+00 4.35350036e-05 1.96549833e-05
 9.64212999e+00 4.39942380e-05 1.99112993e-05
 9.66516816e+00 4.44592782e-05 2.01694696e-05
 9.68818835e+00 4.49299186e-05 2.04324509e-05
 9.71119057e+00 4.54053320e-05 2.06964505e-05
 9.73417090e+00 4.58869136e-05 2.09639087e-05
 9.75712933e+00 4.63734445e-05 2.12313342e-05
 9.78006975e+00 4.68636164e-05 2.14967066e-05
 9.80298825e+00 4.73596965e-05 2.17627976e-05
 9.82588222e+00 4.78620944e-05 2.20359633e-05
 9.84875293e+00 4.83713533e-05 2.23109091e-05
 9.87160167e+00 4.88862661e-05 2.25900875e-05
 9.89442981e+00 4.94069867e-05 2.28676252e-05
 9.91723599e+00 4.99338298e-05 2.31428708e-05
 9.94002011e+00 5.04659574e-05 2.34185187e-05
 9.96278217e+00 5.10036969e-05 2.36959237e-05
 9.98552609e+00 5.15462487e-05 2.39680768e-05
 1.00082480e+01 5.20947807e-05 2.42435473e-05
 1.00309504e+01 5.26475855e-05 2.45083118e-05
 1.00536334e+01 5.32058762e-05 2.47680665e-05
 1.00762983e+01 5.37686476e-05 2.50206944e-05
 1.00989425e+01 5.43362128e-05 2.52642498e-05
 1.01215672e+01 5.49079040e-05 2.54979211e-05
 1.01441698e+01 5.54840243e-05 2.57252348e-05
 1.01667516e+01 5.60641569e-05 2.59443787e-05
 1.01893087e+01 5.66487755e-05 2.61581695e-05
 1.02118412e+01 5.72371999e-05 2.63620180e-05
 1.02343515e+01 5.78292236e-05 2.65592934e-05
 1.02568385e+01 5.84249098e-05 2.67481371e-05
 1.02793007e+01 5.90237346e-05 2.69310752e-05
 1.03017383e+01 5.96238662e-05 2.70972687e-05
 1.03241511e+01 6.02245909e-05 2.72539843e-05
 1.03465394e+01 6.08265000e-05 2.73963104e-05
 1.03689003e+01 6.14299087e-05 2.75159425e-05
 1.03912340e+01 6.20334866e-05 2.76210027e-05
 1.04135417e+01 6.26366916e-05 2.77125899e-05
 1.04358261e+01 6.32390714e-05 2.77770967e-05
 1.04580833e+01 6.38402473e-05 2.78202987e-05
 1.04803132e+01 6.44394046e-05 2.78410167e-05
 1.05025170e+01 6.50362101e-05 2.78342762e-05
 1.05246950e+01 6.56309311e-05 2.78107654e-05
 1.05468443e+01 6.62225053e-05 2.77674873e-05
 1.05689664e+01 6.68107617e-05 2.76963570e-05
 1.05910613e+01 6.73940151e-05 2.76035548e-05
 1.06131304e+01 6.79730377e-05 2.74817935e-05
 1.06351776e+01 6.85478444e-05 2.73242062e-05
 1.06572002e+01 6.91164723e-05 2.71297083e-05
 1.06791983e+01 6.96781944e-05 2.69025958e-05
 1.07011733e+01 7.02319451e-05 2.66377581e-05
 1.07231238e+01 7.07774528e-05 2.63310903e-05
 1.07450512e+01 7.13143748e-05 2.59829685e-05
 1.07669555e+01 7.18412818e-05 2.55975928e-05
 1.07888378e+01 7.23578875e-05 2.51687291e-05
 1.08106984e+01 7.28635423e-05 2.47020261e-05
 1.08325373e+01 7.33577482e-05 2.41974861e-05
 1.08543542e+01 7.38403055e-05 2.36621673e-05
 1.08761506e+01 7.43113609e-05 2.30935312e-05
 1.08979253e+01 7.47704793e-05 2.24937428e-05
 1.09196743e+01 7.52169546e-05 2.18552239e-05
 1.09414042e+01 7.56506184e-05 2.11868411e-05
 1.09631164e+01 7.60710965e-05 2.04916418e-05
 1.09848109e+01 7.64783041e-05 1.97689144e-05
 1.10064877e+01 7.68724266e-05 1.90261384e-05
 1.10281481e+01 7.72513806e-05 1.82598402e-05
 1.10497921e+01 7.76163460e-05 1.74727347e-05
 1.10714198e+01 7.79676116e-05 1.66676802e-05
 1.10930326e+01 7.83032831e-05 1.58429752e-05
 1.11146265e+01 7.86237701e-05 1.50090831e-05
 1.11362055e+01 7.89295610e-05 1.41678872e-05
 1.11577668e+01 7.92208307e-05 1.33189613e-05
 1.11793133e+01 7.94965607e-05 1.24649446e-05
 1.12008461e+01 7.97532342e-05 1.15961810e-05
 1.12223641e+01 7.99950553e-05 1.07323479e-05
 1.12438647e+01 8.02221405e-05 9.88375316e-06
 1.12653518e+01 8.04346075e-05 9.04727779e-06
 1.12868255e+01 8.06333587e-05 8.23435509e-06
 1.13082897e+01 8.08171720e-05 7.43995372e-06
 1.13297418e+01 8.09878836e-05 6.67212336e-06
 1.13511845e+01 8.11445368e-05 5.93161911e-06
 1.13726191e+01 8.12872089e-05 5.22080722e-06
 1.13940431e+01 8.14177409e-05 4.54458658e-06
 1.14154563e+01 8.15369728e-05 3.90563791e-06
 1.14368588e+01 8.16445009e-05 3.29822661e-06
 1.14582505e+01 8.17412589e-05 2.73195399e-06
 1.14796328e+01 8.18286804e-05 2.19838050e-06
 1.15010058e+01 8.19062206e-05 1.70324676e-06
 1.15223696e+01 8.19742509e-05 1.24655341e-06
 1.15437213e+01 8.20339830e-05 8.30682177e-07
 1.15650639e+01 8.20868624e-05 4.50989834e-07
 1.15863972e+01 8.21329704e-05 1.12633772e-07
 1.16077213e+01 8.21723924e-05 -1.84839154e-07
 1.16290401e+01 8.22051106e-05 -4.39104466e-07
 1.16503538e+01 8.22332198e-05 -6.50689328e-07
 1.16716622e+01 8.22569755e-05 -8.27136432e-07
 1.16929654e+01 8.22758128e-05 -9.64624158e-07
 1.17142632e+01 8.22904684e-05 -1.06136191e-06
 1.17355558e+01 8.23012559e-05 -1.11964802e-06
 1.17568418e+01 8.23099078e-05 -1.14022076e-06
 1.17781213e+01 8.23165068e-05 -1.12423073e-06
 1.17993903e+01 8.23219344e-05 -1.06740610e-06
 1.18206502e+01 8.23271171e-05 -9.83766893e-07
 1.18419009e+01 8.23324086e-05 -8.72119403e-07
 1.18631438e+01 8.23369415e-05 -7.45541642e-07
 1.18843790e+01 8.23406666e-05 -6.01411756e-07
 1.19056051e+01 8.23449394e-05 -4.37164610e-07
 1.19268234e+01 8.23495289e-05 -2.56639126e-07
 1.19480340e+01 8.23554597e-05 -6.78154488e-08
 1.19692395e+01 8.23620968e-05 1.35364895e-07
 1.19904411e+01 8.23706228e-05 3.42369967e-07
 1.20116401e+01 8.23820398e-05 5.41069486e-07
 1.20328338e+01 8.23947394e-05 7.39235257e-07
 1.20540223e+01 8.24078255e-05 9.39274043e-07
 1.20752044e+01 8.24222737e-05 1.14482391e-06
 1.20963786e+01 8.24394858e-05 1.35818708e-06
 1.21175438e+01 8.24591895e-05 1.56539924e-06
 1.21387012e+01 8.24819240e-05 1.77334076e-06
 1.21598508e+01 8.25080277e-05 1.98130648e-06
 1.21809900e+01 8.25369289e-05 2.18472752e-06
 1.22021226e+01 8.25694760e-05 2.37499962e-06
 1.22232475e+01 8.26037258e-05 2.55974634e-06
 1.22443660e+01 8.26414155e-05 2.72331808e-06
 1.22654766e+01 8.26814684e-05 2.87152359e-06
 1.22865717e+01 8.27257008e-05 2.99944179e-06
 1.23076615e+01 8.27721787e-05 3.10636290e-06
 1.23287461e+01 8.28211503e-05 3.19060572e-06
 1.23498228e+01 8.28721273e-05 3.25723416e-06
 1.23708918e+01 8.29245722e-05 3.30273332e-06
 1.23919503e+01 8.29788464e-05 3.33596724e-06
 1.24130022e+01 8.30349234e-05 3.35571821e-06
 1.24340436e+01 8.30916017e-05 3.35736112e-06
 1.24550746e+01 8.31486869e-05 3.34309258e-06
 1.24760991e+01 8.32055073e-05 3.31863248e-06
 1.24971170e+01 8.32632391e-05 3.27407146e-06
 1.25181286e+01 8.33213385e-05 3.21178169e-06
 1.25391350e+01 8.33794487e-05 3.13548480e-06
 1.25601375e+01 8.34359288e-05 3.03800946e-06
 1.25811348e+01 8.34913051e-05 2.92696151e-06
 1.26021255e+01 8.35456111e-05 2.80687802e-06
 1.26231110e+01 8.35992922e-05 2.67328073e-06
 1.26440926e+01 8.36512166e-05 2.53089984e-06
 1.26650690e+01 8.37014539e-05 2.37987983e-06
 1.26860402e+01 8.37498970e-05 2.21788722e-06
 1.27070022e+01 8.37957763e-05 2.05802147e-06
 1.27279576e+01 8.38380805e-05 1.89597651e-06
 1.27489066e+01 8.38766937e-05 1.72922794e-06
 1.27698491e+01 8.39118973e-05 1.55932088e-06
 1.27907851e+01 8.39425096e-05 1.38501243e-06
 1.28117148e+01 8.39688634e-05 1.20851229e-06
 1.28326405e+01 8.39917675e-05 1.03149873e-06
 1.28535624e+01 8.40098801e-05 8.50090720e-07
 1.28744842e+01 8.40232574e-05 6.60727561e-07
 1.28954048e+01 8.40332493e-05 4.72896889e-07
 1.29163229e+01 8.40402890e-05 2.91965449e-07
 1.29372357e+01 8.40434595e-05 1.07141982e-07
 1.29581433e+01 8.40431710e-05 -8.46429808e-08
 1.29790483e+01 8.40385914e-05 -2.81789929e-07
 1.29999481e+01 8.40302545e-05 -4.83072749e-07
 1.30208428e+01 8.40171041e-05 -6.84923471e-07
 1.30417311e+01 8.39985759e-05 -8.94066310e-07
 1.30626130e+01 8.39752377e-05 -1.10182927e-06
 1.30834886e+01 8.39463343e-05 -1.32057856e-06
 1.31043578e+01 8.39124450e-05 -1.54165164e-06
 1.31252206e+01 8.38727949e-05 -1.77115360e-06
 1.31460795e+01 8.38275571e-05 -2.00606034e-06
 1.31669373e+01 8.37756904e-05 -2.24009792e-06
 1.31877913e+01 8.37200372e-05 -2.47231077e-06
 1.32086428e+01 8.36591158e-05 -2.70338189e-06
 1.32294932e+01 8.35922332e-05 -2.93317816e-06
 1.32503424e+01 8.35214916e-05 -3.16513338e-06
 1.32711880e+01 8.34459051e-05 -3.39434738e-06
 1.32920299e+01 8.33654116e-05 -3.62391973e-06
 1.33128681e+01 8.32803966e-05 -3.84820304e-06
 1.33337025e+01 8.31914641e-05 -4.07398100e-06
 1.33545398e+01 8.31019351e-05 -4.31192213e-06
 1.33753721e+01 8.30087448e-05 -4.55067972e-06
 1.33962021e+01 8.29110240e-05 -4.78724026e-06
 1.34170322e+01 8.28096889e-05 -5.02311357e-06
 1.34378612e+01 8.27040763e-05 -5.24996940e-06
 1.34586918e+01 8.25955659e-05 -5.47614391e-06
 1.34795227e+01 8.24827925e-05 -5.69453330e-06
 1.35003551e+01 8.23669906e-05 -5.91109053e-06
 1.35211877e+01 8.22490735e-05 -6.12335751e-06
 1.35420206e+01 8.21275388e-05 -6.33057454e-06
 1.35628526e+01 8.20022285e-05 -6.52605688e-06
 1.35836834e+01 8.18737691e-05 -6.72029234e-06
 1.36045145e+01 8.17416682e-05 -6.90500378e-06
 1.36253432e+01 8.16065340e-05 -7.08292161e-06
 1.36461722e+01 8.14682700e-05 -7.25525439e-06
 1.36670040e+01 8.13275150e-05 -7.42008545e-06
 1.36878388e+01 8.11831864e-05 -7.57696710e-06
 1.37086752e+01 8.10357304e-05 -7.72333920e-06
 1.37295158e+01 8.08844907e-05 -7.86076807e-06
 1.37503593e+01 8.07302753e-05 -7.98743764e-06
 1.37712070e+01 8.05744846e-05 -8.09942669e-06
 1.37920577e+01 8.04156218e-05 -8.19843095e-06
 1.38129114e+01 8.02544040e-05 -8.28935848e-06
 1.38337679e+01 8.00915557e-05 -8.37053383e-06
 1.38546260e+01 7.99266037e-05 -8.44541186e-06
 1.38754858e+01 7.97600719e-05 -8.51350929e-06
 1.38963485e+01 7.95893138e-05 -8.58078595e-06
 1.39172116e+01 7.94162110e-05 -8.64058839e-06
 1.39380737e+01 7.92403585e-05 -8.68493402e-06
 1.39589376e+01 7.90624607e-05 -8.71430578e-06
 1.39798057e+01 7.88824644e-05 -8.72561338e-06
 1.40006794e+01 7.87019150e-05 -8.73363434e-06
 1.40215575e+01 7.85217330e-05 -8.73146563e-06
 1.40424385e+01 7.83407678e-05 -8.71818042e-06
 1.40633238e+01 7.81596016e-05 -8.69609726e-06
 1.40842134e+01 7.79780090e-05 -8.67217347e-06
 1.41051045e+01 7.77980142e-05 -8.63409923e-06
 1.41259986e+01 7.76188105e-05 -8.58974582e-06
 1.41468956e+01 7.74407648e-05 -8.54498222e-06
 1.41677955e+01 7.72642620e-05 -8.49989655e-06
 1.41886985e+01 7.70892779e-05 -8.46227048e-06
 1.42096030e+01 7.69149080e-05 -8.42834315e-06
 1.42305093e+01 7.67399171e-05 -8.39671541e-06
 1.42514199e+01 7.65653744e-05 -8.36819032e-06
 1.42723334e+01 7.63906336e-05 -8.33966391e-06
 1.42932473e+01 7.62156330e-05 -8.31032083e-06
 1.43141642e+01 7.60404556e-05 -8.28074200e-06
 1.43350866e+01 7.58650444e-05 -8.25507496e-06
 1.43560146e+01 7.56897905e-05 -8.23497222e-06
 1.43769482e+01 7.55155226e-05 -8.21685576e-06
 1.43978873e+01 7.53417686e-05 -8.20258844e-06
 1.44188306e+01 7.51672596e-05 -8.18262888e-06
 1.44397783e+01 7.49939069e-05 -8.16234683e-06
 1.44607289e+01 7.48210702e-05 -8.14773463e-06
 1.44816812e+01 7.46485444e-05 -8.13473968e-06
 1.45026378e+01 7.44769420e-05 -8.12713516e-06
 1.45235973e+01 7.43051904e-05 -8.11595334e-06
 1.45445599e+01 7.41332276e-05 -8.10429757e-06
 1.45655267e+01 7.39607567e-05 -8.10166999e-06
 1.45864978e+01 7.37887234e-05 -8.09695537e-06
 1.46074706e+01 7.36169071e-05 -8.09316931e-06
 1.46284476e+01 7.34461028e-05 -8.08618657e-06
 1.46494288e+01 7.32753929e-05 -8.08028546e-06
 1.46704118e+01 7.31056482e-05 -8.06858221e-06
 1.46913990e+01 7.29378028e-05 -8.06026528e-06
 1.47123878e+01 7.27716848e-05 -8.04646881e-06
 1.47333770e+01 7.26070094e-05 -8.02233226e-06
 1.47543653e+01 7.24434698e-05 -7.99309391e-06
 1.47753526e+01 7.22817804e-05 -7.95461443e-06
 1.47963390e+01 7.21211764e-05 -7.91283346e-06
 1.48173257e+01 7.19615236e-05 -7.86846386e-06
 1.48383129e+01 7.18022572e-05 -7.81255301e-06
 1.48593003e+01 7.16447658e-05 -7.75039090e-06
 1.48802881e+01 7.14880672e-05 -7.68994308e-06
 1.49012762e+01 7.13324661e-05 -7.62339157e-06
 1.49222659e+01 7.11789194e-05 -7.55495553e-06
 1.49432572e+01 7.10270410e-05 -7.48188032e-06
 1.49642448e+01 7.08762192e-05 -7.40802930e-06
 1.49852328e+01 7.07278789e-05 -7.33131477e-06
 1.50062210e+01 7.05822658e-05 -7.25560443e-06
 1.50272082e+01 7.04383782e-05 -7.16903033e-06
 1.50481931e+01 7.02949662e-05 -7.07170646e-06
 1.50691756e+01 7.01526793e-05 -6.97094503e-06
 1.50901585e+01 7.00117022e-05 -6.86246298e-06
 1.51111417e+01 6.98725147e-05 -6.75009491e-06
 1.51321252e+01 6.97340436e-05 -6.63473378e-06
 1.51531089e+01 6.95962858e-05 -6.52015565e-06
 1.51740983e+01 6.94601737e-05 -6.40567147e-06
 1.51950905e+01 6.93246988e-05 -6.28904746e-06
 1.52160857e+01 6.91910110e-05 -6.17942631e-06
 1.52370851e+01 6.90574129e-05 -6.07576229e-06
 1.52580861e+01 6.89259629e-05 -5.97616403e-06
 1.52790874e+01 6.87973360e-05 -5.87606080e-06
 1.53000864e+01 6.86717070e-05 -5.78068770e-06
 1.53210843e+01 6.85467285e-05 -5.68501638e-06
 1.53420813e+01 6.84232054e-05 -5.59606887e-06
 1.53630785e+01 6.83022726e-05 -5.51170882e-06
 1.53840747e+01 6.81822426e-05 -5.43481146e-06
 1.54050699e+01 6.80629472e-05 -5.36976926e-06
 1.54260641e+01 6.79453960e-05 -5.31304279e-06
 1.54470571e+01 6.78280031e-05 -5.26557662e-06
 1.54680492e+01 6.77113720e-05 -5.22739200e-06
 1.54890402e+01 6.75949936e-05 -5.19332092e-06
 1.55100314e+01 6.74792262e-05 -5.16475028e-06
 1.55310230e+01 6.73646424e-05 -5.14280963e-06
 1.55520147e+01 6.72509192e-05 -5.12618549e-06
 1.55730055e+01 6.71378302e-05 -5.11184764e-06
 1.55939938e+01 6.70254906e-05 -5.10103420e-06
 1.56149799e+01 6.69139721e-05 -5.09610845e-06
 1.56359611e+01 6.68031045e-05 -5.09692533e-06
 1.56569424e+01 6.66912601e-05 -5.10260681e-06
 1.56779240e+01 6.65794935e-05 -5.11488915e-06
 1.56989059e+01 6.64673438e-05 -5.12969590e-06
 1.57198880e+01 6.63551126e-05 -5.15378095e-06
 1.57408716e+01 6.62428895e-05 -5.17964985e-06
 1.57618542e+01 6.61301368e-05 -5.20728563e-06
 1.57828384e+01 6.60175913e-05 -5.23385419e-06
 1.58038241e+01 6.59045082e-05 -5.25933197e-06
 1.58248139e+01 6.57918685e-05 -5.28530338e-06
 1.58458079e+01 6.56787353e-05 -5.31184422e-06
 1.58668035e+01 6.55657087e-05 -5.34397750e-06
 1.58878005e+01 6.54523662e-05 -5.37890923e-06
 1.59088004e+01 6.53377047e-05 -5.41144283e-06
 1.59298018e+01 6.52229474e-05 -5.44163161e-06
 1.59508048e+01 6.51085953e-05 -5.46958493e-06
 1.59718092e+01 6.49938537e-05 -5.49357864e-06
 1.59928166e+01 6.48793698e-05 -5.51364055e-06
 1.60138268e+01 6.47645954e-05 -5.53098402e-06
 1.60348424e+01 6.46520071e-05 -5.55602894e-06
 1.60558636e+01 6.45396496e-05 -5.58204682e-06
 1.60768902e+01 6.44276525e-05 -5.60354425e-06
 1.60979210e+01 6.43161755e-05 -5.61916538e-06
 1.61189559e+01 6.42055465e-05 -5.62897351e-06
 1.61399950e+01 6.40948330e-05 -5.64310202e-06
 1.61610356e+01 6.39840201e-05 -5.64825029e-06
 1.61820778e+01 6.38740696e-05 -5.64375620e-06
 1.62031215e+01 6.37652569e-05 -5.62963576e-06
 1.62241666e+01 6.36578743e-05 -5.61336120e-06
 1.62452107e+01 6.35497781e-05 -5.57964397e-06
 1.62662549e+01 6.34423460e-05 -5.53437542e-06
 1.62872995e+01 6.33343258e-05 -5.48552861e-06
 1.63083416e+01 6.32259475e-05 -5.43233047e-06
 1.63293852e+01 6.31180176e-05 -5.37059041e-06
 1.63504342e+01 6.30103961e-05 -5.30140399e-06
 1.63714900e+01 6.29041351e-05 -5.22481978e-06
 1.63925499e+01 6.27994252e-05 -5.14065854e-06
 1.64136138e+01 6.26958739e-05 -5.05158499e-06
 1.64346819e+01 6.25939385e-05 -4.95204371e-06
 1.64557540e+01 6.24936685e-05 -4.84717876e-06
 1.64768276e+01 6.23950655e-05 -4.74300760e-06
 1.64979015e+01 6.22985588e-05 -4.63420035e-06
 1.65189755e+01 6.22041010e-05 -4.51711654e-06
 1.65400497e+01 6.21122655e-05 -4.39190226e-06
 1.65611255e+01 6.20206718e-05 -4.27578870e-06
 1.65822067e+01 6.19273708e-05 -4.17360726e-06
 1.66032893e+01 6.18358101e-05 -4.07085785e-06
 1.66243748e+01 6.17451586e-05 -3.97223367e-06
 1.66454631e+01 6.16554335e-05 -3.87867696e-06
 1.66665568e+01 6.15675136e-05 -3.78323097e-06
 1.66876559e+01 6.14809601e-05 -3.69343155e-06
 1.67087615e+01 6.13969277e-05 -3.61499429e-06
 1.67298673e+01 6.13147140e-05 -3.54223269e-06
 1.67509759e+01 6.12346771e-05 -3.47570682e-06
 1.67720847e+01 6.11559218e-05 -3.41423457e-06
 1.67931937e+01 6.10790573e-05 -3.36400585e-06
 1.68143041e+01 6.10037835e-05 -3.31524390e-06
 1.68354173e+01 6.09300565e-05 -3.27288124e-06
 1.68565307e+01 6.08575611e-05 -3.22959885e-06
 1.68776443e+01 6.07862055e-05 -3.18475921e-06
 1.68987579e+01 6.07152404e-05 -3.14763613e-06
 1.69198718e+01 6.06443695e-05 -3.11306919e-06
 1.69409859e+01 6.05747952e-05 -3.08180728e-06
 1.69621013e+01 6.05067870e-05 -3.05464581e-06
 1.69832156e+01 6.04395765e-05 -3.03445652e-06
 1.70043313e+01 6.03728049e-05 -3.01614715e-06
 1.70254472e+01 6.03076732e-05 -3.00482243e-06
 1.70465633e+01 6.02438811e-05 -2.99538033e-06
 1.70676782e+01 6.01804208e-05 -2.99019061e-06
 1.70887906e+01 6.01186521e-05 -2.98101928e-06
 1.71099006e+01 6.00577718e-05 -2.97420767e-06
 1.71310068e+01 5.99963342e-05 -2.97104481e-06
 1.71521092e+01 5.99348171e-05 -2.96840975e-06
 1.71732104e+01 5.98724285e-05 -2.96415753e-06
 1.71943106e+01 5.98094804e-05 -2.96256029e-06
 1.72154095e+01 5.97464662e-05 -2.96481996e-06
 1.72365099e+01 5.96827799e-05 -2.96813351e-06
 1.72576131e+01 5.96176709e-05 -2.97425723e-06
 1.72787163e+01 5.95529748e-05 -2.97759877e-06
 1.72998198e+01 5.94885977e-05 -2.98168482e-06
 1.73209234e+01 5.94242156e-05 -2.98725283e-06
 1.73420259e+01 5.93607838e-05 -2.98920807e-06
 1.73631271e+01 5.92981577e-05 -2.99338419e-06
 1.73842285e+01 5.92368449e-05 -3.00623319e-06
 1.74053300e+01 5.91760132e-05 -3.01607306e-06
 1.74264278e+01 5.91141773e-05 -3.02258486e-06
 1.74475217e+01 5.90516077e-05 -3.02300517e-06
 1.74686145e+01 5.89886130e-05 -3.02398956e-06
 1.74897049e+01 5.89259075e-05 -3.02299430e-06
 1.75107928e+01 5.88633347e-05 -3.00919386e-06
 1.75318783e+01 5.88018578e-05 -2.98959503e-06
 1.75529626e+01 5.87415667e-05 -2.96919422e-06
 1.75740483e+01 5.86818873e-05 -2.94029430e-06
 1.75951355e+01 5.86238085e-05 -2.90820683e-06
 1.76162229e+01 5.85668221e-05 -2.87206494e-06
 1.76373077e+01 5.85107813e-05 -2.83785844e-06
 1.76583822e+01 5.84562386e-05 -2.80616942e-06
 1.76794542e+01 5.84028643e-05 -2.76654588e-06
 1.77005211e+01 5.83498016e-05 -2.72725975e-06
 1.77215829e+01 5.82974605e-05 -2.68339281e-06
 1.77426383e+01 5.82460330e-05 -2.63140991e-06
 1.77636874e+01 5.81950904e-05 -2.57675109e-06
 1.77847303e+01 5.81441882e-05 -2.51934780e-06
 1.78057706e+01 5.80948473e-05 -2.46042568e-06
 1.78268072e+01 5.80462102e-05 -2.40027269e-06
 1.78478413e+01 5.79976568e-05 -2.34439935e-06
 1.78688741e+01 5.79496559e-05 -2.29288339e-06
 1.78899032e+01 5.79017842e-05 -2.24167412e-06
 1.79109285e+01 5.78536422e-05 -2.19726366e-06
 1.79319539e+01 5.78040024e-05 -2.16081317e-06
 1.79529768e+01 5.77552893e-05 -2.12178689e-06
 1.79739947e+01 5.77064284e-05 -2.08476376e-06
 1.79950074e+01 5.76584680e-05 -2.05008724e-06
 1.80160177e+01 5.76111899e-05 -2.01800398e-06
 1.80370243e+01 5.75653106e-05 -1.98420753e-06
 1.80580283e+01 5.75206086e-05 -1.95479776e-06
 1.80790285e+01 5.74764494e-05 -1.92818526e-06
 1.81000276e+01 5.74321946e-05 -1.90233497e-06
 1.81210241e+01 5.73882685e-05 -1.87890005e-06
 1.81420181e+01 5.73451300e-05 -1.85388763e-06
 1.81630123e+01 5.73025787e-05 -1.83067438e-06
 1.81840066e+01 5.72602456e-05 -1.80845340e-06
 1.82050010e+01 5.72194110e-05 -1.78908440e-06
 1.82259943e+01 5.71793753e-05 -1.77051348e-06
 1.82469850e+01 5.71392388e-05 -1.75874652e-06
 1.82679732e+01 5.70989587e-05 -1.75105357e-06
 1.82889576e+01 5.70602246e-05 -1.75207414e-06
 1.83099369e+01 5.70219572e-05 -1.75833753e-06
 1.83309085e+01 5.69838552e-05 -1.76679096e-06
 1.83518775e+01 5.69451682e-05 -1.77476326e-06
 1.83728441e+01 5.69069282e-05 -1.78064342e-06
 1.83938081e+01 5.68688440e-05 -1.78601030e-06
 1.84147722e+01 5.68302126e-05 -1.78927450e-06
 1.84357364e+01 5.67921190e-05 -1.80043726e-06
 1.84567008e+01 5.67543369e-05 -1.81813134e-06
 1.84776626e+01 5.67170448e-05 -1.83366542e-06
 1.84986232e+01 5.66799864e-05 -1.85541826e-06
 1.85195814e+01 5.66430440e-05 -1.87656189e-06
 1.85405357e+01 5.66065469e-05 -1.89179040e-06
 1.85614887e+01 5.65701694e-05 -1.90599792e-06
 1.85824405e+01 5.65329992e-05 -1.91633616e-06
 1.86033924e+01 5.64942016e-05 -1.92961732e-06
 1.86243431e+01 5.64554615e-05 -1.93946345e-06
 1.86452900e+01 5.64164649e-05 -1.94005110e-06
 1.86662331e+01 5.63765064e-05 -1.92839380e-06
 1.86871748e+01 5.63348407e-05 -1.90463354e-06
 1.87081167e+01 5.62938364e-05 -1.88649085e-06
 1.87290639e+01 5.62550440e-05 -1.88204017e-06
 1.87500112e+01 5.62165286e-05 -1.86914149e-06
 1.87709600e+01 5.61784900e-05 -1.85935340e-06
 1.87919101e+01 5.61411590e-05 -1.85152323e-06
 1.88128603e+01 5.61038500e-05 -1.83701456e-06
 1.88338118e+01 5.60663930e-05 -1.82851258e-06
 1.88547633e+01 5.60291767e-05 -1.82261620e-06
 1.88757136e+01 5.59917973e-05 -1.81639095e-06
 1.88966627e+01 5.59549069e-05 -1.80535801e-06
 1.89176106e+01 5.59184536e-05 -1.79599597e-06
 1.89385547e+01 5.58815175e-05 -1.79492967e-06
 1.89594976e+01 5.58445053e-05 -1.79183139e-06
 1.89804393e+01 5.58075500e-05 -1.79135581e-06
 1.90013759e+01 5.57698861e-05 -1.79552537e-06
 1.90223126e+01 5.57307461e-05 -1.80150236e-06
 1.90432506e+01 5.56916252e-05 -1.81616230e-06
 1.90641889e+01 5.56526977e-05 -1.83271015e-06
 1.90851258e+01 5.56128609e-05 -1.85142009e-06
 1.91060616e+01 5.55718941e-05 -1.86973189e-06
 1.91269948e+01 5.55312844e-05 -1.88579463e-06
 1.91479257e+01 5.54903534e-05 -1.90288655e-06
 1.91688527e+01 5.54490732e-05 -1.91958414e-06
 1.91897784e+01 5.54069483e-05 -1.93386501e-06
 1.92107030e+01 5.53641711e-05 -1.95187894e-06
 1.92316251e+01 5.53194391e-05 -1.96406093e-06
 1.92525446e+01 5.52731298e-05 -1.97908583e-06
 1.92734642e+01 5.52240433e-05 -2.01210322e-06
 1.92943827e+01 5.51739197e-05 -2.04665438e-06
 1.93152987e+01 5.51238102e-05 -2.08155947e-06
 1.93362121e+01 5.50736861e-05 -2.12009225e-06
 1.93571256e+01 5.50226809e-05 -2.16168208e-06
 1.93780379e+01 5.49720816e-05 -2.20226211e-06
 1.93989504e+01 5.49225352e-05 -2.24674072e-06
 1.94198602e+01 5.48727808e-05 -2.28884389e-06
 1.94407677e+01 5.48228265e-05 -2.33031825e-06
 1.94616726e+01 5.47729353e-05 -2.37386507e-06
 1.94825725e+01 5.47228842e-05 -2.41151066e-06
 1.95034672e+01 5.46728307e-05 -2.44585950e-06
 1.95243568e+01 5.46223258e-05 -2.48313517e-06
 1.95452453e+01 5.45710062e-05 -2.51861870e-06
 1.95661314e+01 5.45195118e-05 -2.55895334e-06
 1.95870176e+01 5.44678717e-05 -2.60053488e-06
 1.96079039e+01 5.44161874e-05 -2.64779665e-06
 1.96287877e+01 5.43649801e-05 -2.69189161e-06
 1.96496691e+01 5.43140408e-05 -2.72729741e-06
 1.96705454e+01 5.42624537e-05 -2.76271443e-06
 1.96914179e+01 5.42105762e-05 -2.79514281e-06
 1.97122892e+01 5.41586626e-05 -2.81990219e-06
 1.97331593e+01 5.41065232e-05 -2.83902429e-06
 1.97540270e+01 5.40539961e-05 -2.85822428e-06
 1.97748923e+01 5.40011073e-05 -2.87790981e-06
 1.97957526e+01 5.39474038e-05 -2.89236350e-06
 1.98166104e+01 5.38931354e-05 -2.89510588e-06
 1.98374656e+01 5.38389941e-05 -2.89513543e-06
 1.98583183e+01 5.37847884e-05 -2.88505230e-06
 1.98791712e+01 5.37298880e-05 -2.86550038e-06
 1.99000217e+01 5.36749573e-05 -2.84048493e-06
 1.99208723e+01 5.36193514e-05 -2.81594417e-06
 1.99417230e+01 5.35626610e-05 -2.78578206e-06
 1.99625725e+01 5.35061850e-05 -2.74518038e-06
 1.99834197e+01 5.34507764e-05 -2.69895637e-06
 2.00042656e+01 5.33961937e-05 -2.64869664e-06
 2.00251090e+01 5.33428928e-05 -2.58955749e-06
 2.00459500e+01 5.32913433e-05 -2.52856900e-06
 2.00667899e+01 5.32420034e-05 -2.47629061e-06
 2.00876258e+01 5.31923595e-05 -2.42627285e-06
 2.01084580e+01 5.31435069e-05 -2.37899033e-06
 2.01292890e+01 5.30954524e-05 -2.32741602e-06
 2.01501187e+01 5.30477828e-05 -2.27910616e-06
 2.01709473e+01 5.29998343e-05 -2.22963091e-06
 2.01917759e+01 5.29522161e-05 -2.17803089e-06
 2.02126045e+01 5.29047566e-05 -2.12994319e-06
 2.02334334e+01 5.28579391e-05 -2.08486531e-06
 2.02542598e+01 5.28117785e-05 -2.04373633e-06
 2.02750837e+01 5.27656309e-05 -2.00326338e-06
 2.02959053e+01 5.27203689e-05 -1.96589845e-06
 2.03167243e+01 5.26755384e-05 -1.93579253e-06
 2.03375357e+01 5.26306611e-05 -1.91186004e-06
 2.03583444e+01 5.25857430e-05 -1.89039540e-06
 2.03791533e+01 5.25416471e-05 -1.87491130e-06
 2.03999624e+01 5.24984107e-05 -1.86330426e-06
 2.04207702e+01 5.24547425e-05 -1.85956487e-06
 2.04415795e+01 5.24110936e-05 -1.86033758e-06
 2.04623889e+01 5.23680876e-05 -1.85845804e-06
 2.04831971e+01 5.23258815e-05 -1.85873407e-06
 2.05040041e+01 5.22838075e-05 -1.85703171e-06
 2.05248100e+01 5.22418402e-05 -1.85575132e-06
 2.05456173e+01 5.22004304e-05 -1.85567781e-06
 2.05664247e+01 5.21595463e-05 -1.85992476e-06
 2.05872335e+01 5.21188447e-05 -1.87221155e-06
 2.06080397e+01 5.20772668e-05 -1.89019133e-06
 2.06288447e+01 5.20360360e-05 -1.91349725e-06
 2.06496471e+01 5.19947422e-05 -1.93824548e-06
 2.06704469e+01 5.19526582e-05 -1.96001440e-06
 2.06912456e+01 5.19113965e-05 -1.97266199e-06
 2.07120430e+01 5.18700784e-05 -1.98617277e-06
 2.07328393e+01 5.18303639e-05 -2.00560673e-06
 2.07536358e+01 5.17901088e-05 -2.02721742e-06
 2.07744311e+01 5.17484916e-05 -2.05137778e-06
 2.07952252e+01 5.17070258e-05 -2.06985698e-06
 2.08160166e+01 5.16662429e-05 -2.08504285e-06
 2.08368055e+01 5.16262917e-05 -2.09779837e-06
 2.08575943e+01 5.15862477e-05 -2.11263546e-06
 2.08783807e+01 5.15456243e-05 -2.12188448e-06
 2.08991646e+01 5.15054665e-05 -2.12646189e-06
 2.09199459e+01 5.14646617e-05 -2.13114042e-06
 2.09407233e+01 5.14230215e-05 -2.13414394e-06
 2.09614970e+01 5.13825736e-05 -2.13417152e-06
 2.09822656e+01 5.13424321e-05 -2.13296896e-06
 2.10030290e+01 5.13020857e-05 -2.13454267e-06
 2.10237887e+01 5.12616097e-05 -2.12528629e-06
 2.10445471e+01 5.12207538e-05 -2.11060518e-06
 2.10653030e+01 5.11809794e-05 -2.09441710e-06
 2.10860577e+01 5.11399897e-05 -2.07780018e-06
 2.11068112e+01 5.10989203e-05 -2.05497828e-06
 2.11275634e+01 5.10577666e-05 -2.03148788e-06
 2.11483143e+01 5.10173809e-05 -2.01081155e-06
 2.11690641e+01 5.09775027e-05 -1.98900061e-06
 2.11898100e+01 5.09380761e-05 -1.95851263e-06
 2.12105522e+01 5.08981875e-05 -1.93429356e-06
 2.12312907e+01 5.08584796e-05 -1.91310039e-06
 2.12520267e+01 5.08174459e-05 -1.89126260e-06
 2.12727602e+01 5.07757000e-05 -1.87205017e-06
 2.12934899e+01 5.07329089e-05 -1.85443672e-06
 2.13142171e+01 5.06900555e-05 -1.83254044e-06
 2.13349416e+01 5.06470859e-05 -1.81333093e-06
 2.13556636e+01 5.06044239e-05 -1.79148182e-06
 2.13763817e+01 5.05623906e-05 -1.77297034e-06
 2.13970986e+01 5.05234751e-05 -1.76716060e-06
 2.14178131e+01 5.04852485e-05 -1.76623689e-06
 2.14385238e+01 5.04466406e-05 -1.76711046e-06
 2.14592307e+01 5.04080686e-05 -1.77003523e-06
 2.14799325e+01 5.03707399e-05 -1.77619852e-06
 2.15006279e+01 5.03324399e-05 -1.78634741e-06
 2.15213182e+01 5.02943851e-05 -1.79054892e-06
 2.15420060e+01 5.02563158e-05 -1.79195224e-06
 2.15626898e+01 5.02183459e-05 -1.79338516e-06
 2.15833698e+01 5.01806697e-05 -1.79486857e-06
 2.16040446e+01 5.01422028e-05 -1.79568508e-06
 2.16247156e+01 5.01034763e-05 -1.79328307e-06
 2.16453802e+01 5.00657322e-05 -1.78962430e-06
 2.16660397e+01 5.00288172e-05 -1.78674862e-06
 2.16866954e+01 4.99924763e-05 -1.78597940e-06
 2.17073461e+01 4.99567987e-05 -1.78445624e-06
 2.17279917e+01 4.99215210e-05 -1.79048134e-06
 2.17486323e+01 4.98859663e-05 -1.79229347e-06
 2.17692676e+01 4.98503081e-05 -1.78650554e-06
 2.17898991e+01 4.98161286e-05 -1.77311911e-06
 2.18105254e+01 4.97829552e-05 -1.75606595e-06
 2.18311465e+01 4.97497740e-05 -1.73781678e-06
 2.18517626e+01 4.97164835e-05 -1.71822018e-06
 2.18723749e+01 4.96840904e-05 -1.69675682e-06
 2.18929834e+01 4.96521542e-05 -1.67718626e-06
 2.19135870e+01 4.96207067e-05 -1.65997952e-06
 2.19341972e+01 4.95860449e-05 -1.66356582e-06
 2.19548036e+01 4.95507269e-05 -1.67140177e-06
 2.19754062e+01 4.95149398e-05 -1.67892356e-06
 2.19960051e+01 4.94788267e-05 -1.69062570e-06
 2.20166015e+01 4.94429402e-05 -1.69700304e-06
 2.20371952e+01 4.94083732e-05 -1.70438250e-06
 2.20577852e+01 4.93747683e-05 -1.71465044e-06
 2.20783726e+01 4.93414918e-05 -1.71883250e-06
 2.20989561e+01 4.93083398e-05 -1.71786619e-06
 2.21195384e+01 4.92750428e-05 -1.71226341e-06
 2.21401156e+01 4.92416368e-05 -1.69905326e-06
 2.21606890e+01 4.92078645e-05 -1.67954787e-06
 2.21812573e+01 4.91746555e-05 -1.65413952e-06
 2.22018206e+01 4.91417162e-05 -1.63300583e-06
 2.22223787e+01 4.91096640e-05 -1.60583218e-06
 2.22429329e+01 4.90779164e-05 -1.56951778e-06
 2.22634833e+01 4.90463791e-05 -1.53736171e-06
 2.22840285e+01 4.90157417e-05 -1.50304521e-06
 2.23045673e+01 4.89859475e-05 -1.46619046e-06
 2.23250996e+01 4.89572902e-05 -1.43027799e-06
 2.23456267e+01 4.89299728e-05 -1.39133340e-06
 2.23661488e+01 4.89029752e-05 -1.35457260e-06
 2.23866670e+01 4.88765123e-05 -1.31978380e-06
 2.24071814e+01 4.88498278e-05 -1.28714373e-06
 2.24276933e+01 4.88242977e-05 -1.25360208e-06
 2.24482028e+01 4.87989523e-05 -1.22099648e-06
 2.24687070e+01 4.87745833e-05 -1.18632759e-06
 2.24892060e+01 4.87504046e-05 -1.15534613e-06
 2.25096985e+01 4.87268619e-05 -1.12114532e-06
 2.25301872e+01 4.87040655e-05 -1.09268196e-06
 2.25506720e+01 4.86821474e-05 -1.06925170e-06
 2.25711530e+01 4.86603142e-05 -1.04147756e-06
 2.25916303e+01 4.86379595e-05 -1.01752279e-06
 2.26121037e+01 4.86154819e-05 -9.94201228e-07
 2.26325734e+01 4.85938653e-05 -9.66840595e-07
 2.26530406e+01 4.85723652e-05 -9.40941434e-07
 2.26735053e+01 4.85515039e-05 -9.14980176e-07
 2.26939674e+01 4.85316802e-05 -8.89328312e-07
 2.27144269e+01 4.85132621e-05 -8.67868030e-07
 2.27348826e+01 4.84953480e-05 -8.49462201e-07
 2.27553357e+01 4.84779809e-05 -8.32580756e-07
 2.27757850e+01 4.84609561e-05 -8.19931156e-07
 2.27962317e+01 4.84441813e-05 -7.95980183e-07
 2.28166745e+01 4.84283068e-05 -7.72198728e-07
 2.28371149e+01 4.84129054e-05 -7.41151692e-07
 2.28575527e+01 4.83983394e-05 -7.13010588e-07
 2.28779880e+01 4.83849910e-05 -6.95714712e-07
 2.28984195e+01 4.83717885e-05 -6.78596067e-07
 2.29188483e+01 4.83586748e-05 -6.57477274e-07
 2.29392731e+01 4.83458535e-05 -6.31139156e-07
 2.29596928e+01 4.83341822e-05 -6.04523230e-07
 2.29800877e+01 4.83238188e-05 -5.83066559e-07
 2.30004786e+01 4.83135982e-05 -5.59403614e-07
 2.30208644e+01 4.83038729e-05 -5.43204889e-07
 2.30412450e+01 4.82942481e-05 -5.36725516e-07
 2.30616217e+01 4.82839827e-05 -5.27237920e-07
 2.30819946e+01 4.82726807e-05 -5.21199498e-07
 2.31023649e+01 4.82619020e-05 -5.16138139e-07
 2.31227313e+01 4.82506685e-05 -5.05594902e-07
 2.31430939e+01 4.82387878e-05 -4.98483124e-07
 2.31634513e+01 4.82266240e-05 -4.86159384e-07
 2.31838062e+01 4.82151772e-05 -4.79455459e-07
 2.32041559e+01 4.82034098e-05 -4.73075776e-07
 2.32245018e+01 4.81912957e-05 -4.70266280e-07
 2.32448451e+01 4.81776500e-05 -4.76806971e-07
 2.32651820e+01 4.81636470e-05 -4.79717062e-07
 2.32855137e+01 4.81496690e-05 -4.70249687e-07
 2.33058403e+01 4.81368274e-05 -4.62701135e-07
 2.33261642e+01 4.81240640e-05 -4.54997792e-07
 2.33464843e+01 4.81124782e-05 -4.47368084e-07
 2.33668005e+01 4.81019333e-05 -4.40260221e-07
 2.33871128e+01 4.80923110e-05 -4.36637501e-07
 2.34074225e+01 4.80826649e-05 -4.33587977e-07
 2.34277258e+01 4.80736208e-05 -4.33853538e-07
 2.34480212e+01 4.80649066e-05 -4.33129918e-07
 2.34683101e+01 4.80559556e-05 -4.34996550e-07
 2.34885913e+01 4.80469615e-05 -4.32159787e-07
 2.35088660e+01 4.80389799e-05 -4.23269818e-07
 2.35291343e+01 4.80324708e-05 -4.12176904e-07
 2.35493987e+01 4.80259002e-05 -4.05961083e-07
 2.35696566e+01 4.80190981e-05 -3.97837165e-07
 2.35899080e+01 4.80132049e-05 -3.95801921e-07
 2.36101529e+01 4.80075992e-05 -3.88259180e-07
 2.36303886e+01 4.80020401e-05 -3.83341473e-07
 2.36506178e+01 4.79962754e-05 -3.83548137e-07
 2.36708392e+01 4.79914027e-05 -3.77657469e-07
 2.36910488e+01 4.79875664e-05 -3.74409438e-07
 2.37112481e+01 4.79842199e-05 -3.70406352e-07
 2.37314396e+01 4.79813899e-05 -3.57425749e-07
 2.37516220e+01 4.79789773e-05 -3.37511908e-07
 2.37717953e+01 4.79765091e-05 -3.18817507e-07
 2.37919609e+01 4.79736259e-05 -2.99392808e-07
 2.38121198e+01 4.79715926e-05 -2.81447899e-07
 2.38322697e+01 4.79706773e-05 -2.57041580e-07
 2.38524131e+01 4.79697849e-05 -2.27504579e-07
 2.38725487e+01 4.79676575e-05 -1.90194697e-07
 2.38926752e+01 4.79646318e-05 -1.47590983e-07
 2.39127913e+01 4.79614832e-05 -1.01862347e-07
 2.39328996e+01 4.79586430e-05 -5.33496372e-08
 2.39529975e+01 4.79556544e-05 2.50256892e-09
 2.39730877e+01 4.79524991e-05 5.92347231e-08
 2.39931727e+01 4.79496846e-05 1.22328157e-07
 2.40132604e+01 4.79502940e-05 1.68555097e-07
 2.40333404e+01 4.79514061e-05 2.02850611e-07
 2.40534152e+01 4.79526454e-05 2.28584348e-07
 2.40734821e+01 4.79552287e-05 2.48638567e-07
 2.40935400e+01 4.79587863e-05 2.71204265e-07
 2.41135888e+01 4.79618703e-05 2.86727757e-07
 2.41336286e+01 4.79654215e-05 3.02006413e-07
 2.41536581e+01 4.79688846e-05 3.15206335e-07
 2.41736771e+01 4.79726974e-05 3.26291814e-07
 2.41936857e+01 4.79763600e-05 3.30122382e-07
 2.42136839e+01 4.79801490e-05 3.34667155e-07
 2.42336717e+01 4.79840685e-05 3.33851719e-07
 2.42536504e+01 4.79874986e-05 3.29847581e-07
 2.42736173e+01 4.79910281e-05 3.11218397e-07
 2.42935789e+01 4.79943233e-05 2.94289877e-07
 2.43135328e+01 4.79976050e-05 2.80914001e-07
 2.43334790e+01 4.80010885e-05 2.61112162e-07
 2.43534149e+01 4.80041338e-05 2.39212862e-07
 2.43733416e+01 4.80073479e-05 2.23153501e-07
 2.43932593e+01 4.80104762e-05 2.10131386e-07
 2.44131679e+01 4.80127967e-05 2.01961964e-07
 2.44330661e+01 4.80145649e-05 1.86027891e-07
 2.44529565e+01 4.80162957e-05 1.69586809e-07
 2.44728419e+01 4.80177529e-05 1.44556847e-07
 2.44927194e+01 4.80182707e-05 1.18181759e-07
 2.45125918e+01 4.80178276e-05 8.25531784e-08
 2.45324617e+01 4.80148443e-05 3.91124737e-08
 2.45523251e+01 4.80110266e-05 -1.00304607e-08
 2.45721793e+01 4.80064244e-05 -5.78709726e-08
 2.45920270e+01 4.80014664e-05 -1.10009824e-07
 2.46118683e+01 4.79952643e-05 -1.67112034e-07
 2.46317032e+01 4.79883086e-05 -2.22883397e-07
 2.46515329e+01 4.79810076e-05 -2.88554632e-07
 2.46713562e+01 4.79734778e-05 -3.58200060e-07
 2.46911744e+01 4.79654343e-05 -4.18414947e-07
 2.47109912e+01 4.79570525e-05 -4.78508914e-07
 2.47308042e+01 4.79481410e-05 -5.35709860e-07
 2.47506120e+01 4.79386085e-05 -5.87776905e-07
 2.47704160e+01 4.79284430e-05 -6.36298851e-07
 2.47902160e+01 4.79172420e-05 -6.90465468e-07
 2.48100095e+01 4.79059687e-05 -7.42510291e-07
 2.48297979e+01 4.78942756e-05 -7.95506963e-07
 2.48495837e+01 4.78808704e-05 -8.41466676e-07
 2.48693645e+01 4.78667421e-05 -8.83251396e-07
 2.48891388e+01 4.78518293e-05 -9.20048941e-07
 2.49089078e+01 4.78374374e-05 -9.50082857e-07
 2.49286730e+01 4.78239571e-05 -9.74569908e-07
 2.49484331e+01 4.78101447e-05 -9.97880450e-07
 2.49681893e+01 4.77964520e-05 -1.01471861e-06
 2.49879402e+01 4.77816213e-05 -1.03089543e-06
 2.50076834e+01 4.77659236e-05 -1.04116406e-06
 2.50274215e+01 4.77496614e-05 -1.03805490e-06
 2.50471530e+01 4.77331989e-05 -1.02573210e-06
 2.50668755e+01 4.77169638e-05 -1.00929330e-06
 2.50865928e+01 4.77009108e-05 -9.91072186e-07
 2.51063050e+01 4.76846876e-05 -9.67423538e-07
 2.51260107e+01 4.76692097e-05 -9.46961892e-07
 2.51457098e+01 4.76524733e-05 -9.27476007e-07
 2.51654051e+01 4.76356995e-05 -9.02465166e-07
 2.51850952e+01 4.76204845e-05 -8.71359389e-07
 2.52047789e+01 4.76051695e-05 -8.36486057e-07
 2.52244574e+01 4.75896610e-05 -8.01719489e-07
 2.52441321e+01 4.75750971e-05 -7.61754376e-07
 2.52638003e+01 4.75622085e-05 -7.18140019e-07
 2.52834634e+01 4.75507201e-05 -6.87410436e-07
 2.53031186e+01 4.75397709e-05 -6.56604868e-07
 2.53227675e+01 4.75286559e-05 -6.18750055e-07
 2.53424085e+01 4.75189289e-05 -5.69094424e-07
 2.53620429e+01 4.75098030e-05 -5.20811638e-07
 2.53816736e+01 4.75008942e-05 -4.67598652e-07
 2.54012979e+01 4.74923267e-05 -4.10909918e-07
 2.54209170e+01 4.74849665e-05 -3.51288095e-07
 2.54405296e+01 4.74789852e-05 -2.91411029e-07
 2.54601357e+01 4.74741855e-05 -2.30296084e-07
 2.54797339e+01 4.74700035e-05 -1.70276305e-07
 2.54993257e+01 4.74670649e-05 -1.17509161e-07
 2.55189084e+01 4.74647048e-05 -6.83739199e-08
 2.55384767e+01 4.74631166e-05 -1.63860997e-08
 2.55580386e+01 4.74612575e-05 3.68172675e-08
 2.55775954e+01 4.74604162e-05 8.18147735e-08
 2.55971458e+01 4.74602643e-05 1.22527433e-07
 2.56166896e+01 4.74607908e-05 1.56297512e-07
 2.56362270e+01 4.74610781e-05 1.85868897e-07
 2.56557565e+01 4.74614778e-05 2.05015805e-07
 2.56752782e+01 4.74629582e-05 2.16047805e-07
 2.56947935e+01 4.74638136e-05 2.25886489e-07
 2.57142984e+01 4.74646945e-05 2.32179760e-07
 2.57337955e+01 4.74663199e-05 2.39194461e-07
 2.57532835e+01 4.74672072e-05 2.45607645e-07
 2.57727638e+01 4.74674449e-05 2.50099732e-07
 2.57922363e+01 4.74672253e-05 2.41505657e-07
 2.58117012e+01 4.74666389e-05 2.22772757e-07
 2.58311556e+01 4.74666768e-05 2.07124075e-07
 2.58505983e+01 4.74662103e-05 1.94162114e-07
 2.58700307e+01 4.74657811e-05 1.81851202e-07
 2.58894539e+01 4.74662184e-05 1.68840662e-07
 2.59088681e+01 4.74663848e-05 1.50094267e-07
 2.59282745e+01 4.74657660e-05 1.26556126e-07
 2.59476719e+01 4.74647878e-05 1.01142831e-07
 2.59670602e+01 4.74641668e-05 8.19101138e-08
 2.59864395e+01 4.74640891e-05 5.97878192e-08
 2.60058109e+01 4.74637194e-05 3.94727094e-08
 2.60251720e+01 4.74632775e-05 2.27036733e-08
 2.60445240e+01 4.74636339e-05 1.28229121e-09
 2.60638682e+01 4.74647548e-05 -2.37224316e-08
 2.60832046e+01 4.74656630e-05 -4.69597236e-08
 2.61025318e+01 4.74657851e-05 -6.62008057e-08
 2.61218513e+01 4.74668802e-05 -8.61843074e-08
 2.61411631e+01 4.74681626e-05 -1.03897202e-07
 2.61604657e+01 4.74694320e-05 -1.22659850e-07
 2.61797605e+01 4.74701406e-05 -1.37879617e-07
 2.61990488e+01 4.74716373e-05 -1.53545880e-07
 2.62183280e+01 4.74729269e-05 -1.66492583e-07
 2.62375981e+01 4.74739925e-05 -1.79055255e-07
 2.62568618e+01 4.74748879e-05 -1.90847872e-07
 2.62761177e+01 4.74764693e-05 -2.03635294e-07
 2.62953672e+01 4.74773780e-05 -2.14361992e-07
 2.63146101e+01 4.74771185e-05 -2.24113432e-07
 2.63338480e+01 4.74761406e-05 -2.33478872e-07
 2.63530806e+01 4.74744920e-05 -2.44428013e-07
 2.63723028e+01 4.74723917e-05 -2.42874721e-07
 2.63915184e+01 4.74685097e-05 -2.41396203e-07
 2.64107263e+01 4.74634558e-05 -2.35683536e-07
 2.64299265e+01 4.74589568e-05 -2.24117437e-07
 2.64491202e+01 4.74527775e-05 -2.11424409e-07
 2.64683062e+01 4.74462784e-05 -1.99262563e-07
 2.64874844e+01 4.74399585e-05 -1.79649007e-07
 2.65066573e+01 4.74342785e-05 -1.60188830e-07
 2.65258263e+01 4.74304285e-05 -1.44291317e-07
 2.65449876e+01 4.74268766e-05 -1.34139486e-07
 2.65641410e+01 4.74231845e-05 -1.21740942e-07
 2.65832854e+01 4.74197279e-05 -1.08045025e-07
 2.66024194e+01 4.74169068e-05 -9.83451612e-08
 2.66215443e+01 4.74138995e-05 -9.17927960e-08
 2.66406615e+01 4.74115526e-05 -9.04230582e-08
 2.66597709e+01 4.74084551e-05 -9.45246345e-08
 2.66788685e+01 4.74052542e-05 -9.23176303e-08
 2.66979597e+01 4.74014240e-05 -9.39714655e-08
 2.67170418e+01 4.73970132e-05 -9.56378277e-08
 2.67361149e+01 4.73935100e-05 -8.99542638e-08
 2.67551776e+01 4.73904713e-05 -8.23072286e-08
 2.67742286e+01 4.73882391e-05 -8.31533868e-08
 2.67932717e+01 4.73851926e-05 -8.84423705e-08
 2.68123084e+01 4.73824559e-05 -9.32530315e-08
 2.68313373e+01 4.73806864e-05 -9.92019153e-08
 2.68503584e+01 4.73789622e-05 -1.08363724e-07
 2.68693717e+01 4.73773408e-05 -1.18300764e-07
 2.68883772e+01 4.73748673e-05 -1.27011666e-07
 2.69073723e+01 4.73719546e-05 -1.29914289e-07
 2.69263583e+01 4.73693964e-05 -1.33821720e-07
 2.69453365e+01 4.73658645e-05 -1.37341912e-07
 2.69643057e+01 4.73627476e-05 -1.46230196e-07
 2.69832657e+01 4.73593992e-05 -1.61311295e-07
 2.70022193e+01 4.73551562e-05 -1.77187913e-07
 2.70211703e+01 4.73466822e-05 -2.16043126e-07
 2.70401136e+01 4.73374114e-05 -2.53680972e-07
 2.70590465e+01 4.73276196e-05 -2.93561693e-07
 2.70779704e+01 4.73179836e-05 -3.32066326e-07
 2.70968853e+01 4.73085583e-05 -3.66055134e-07
 2.71157924e+01 4.72994895e-05 -4.11015407e-07
 2.71346905e+01 4.72903640e-05 -4.55682476e-07
 2.71535794e+01 4.72792938e-05 -5.01656051e-07
 2.71724593e+01 4.72687485e-05 -5.41730911e-07
 2.71913301e+01 4.72590597e-05 -5.82477978e-07
 2.72101918e+01 4.72498123e-05 -6.13164842e-07
 2.72290432e+01 4.72401339e-05 -6.34868436e-07
 2.72478855e+01 4.72311498e-05 -6.56199713e-07
 2.72667160e+01 4.72226884e-05 -6.75712981e-07
 2.72855348e+01 4.72145354e-05 -6.94990584e-07
 2.73043420e+01 4.72045019e-05 -7.10267289e-07
 2.73231375e+01 4.71952362e-05 -7.21304494e-07
 2.73419239e+01 4.71863428e-05 -7.27541673e-07
 2.73606999e+01 4.71786484e-05 -7.28027978e-07
 2.73794643e+01 4.71703062e-05 -7.27984724e-07
 2.73982195e+01 4.71620791e-05 -7.17315412e-07
 2.74169630e+01 4.71541826e-05 -7.00822975e-07
 2.74356961e+01 4.71467020e-05 -6.80152471e-07
 2.74544201e+01 4.71390473e-05 -6.59436692e-07
 2.74731326e+01 4.71310459e-05 -6.39445693e-07
 2.74918347e+01 4.71224315e-05 -6.09013499e-07
 2.75105251e+01 4.71147999e-05 -5.70197190e-07
 2.75292051e+01 4.71072682e-05 -5.30582455e-07
 2.75478760e+01 4.70997775e-05 -4.87604995e-07
 2.75665391e+01 4.70917643e-05 -4.46409291e-07
 2.75851918e+01 4.70837498e-05 -4.09644993e-07
 2.76038356e+01 4.70758977e-05 -3.77642667e-07
 2.76224702e+01 4.70672708e-05 -3.51061895e-07
 2.76410983e+01 4.70596791e-05 -3.21045826e-07
 2.76597161e+01 4.70520180e-05 -2.95390723e-07
 2.76783248e+01 4.70439695e-05 -2.65596351e-07
 2.76969270e+01 4.70365526e-05 -2.33067006e-07
 2.77155213e+01 4.70297488e-05 -2.01071808e-07
 2.77341093e+01 4.70242680e-05 -1.74526365e-07
 2.77526882e+01 4.70191495e-05 -1.63178892e-07
 2.77712567e+01 4.70139108e-05 -1.45668248e-07
 2.77898161e+01 4.70089795e-05 -1.25809885e-07
 2.78083665e+01 4.70044140e-05 -1.03956784e-07
 2.78269078e+01 4.69992503e-05 -8.13275762e-08
 2.78454388e+01 4.69953737e-05 -6.16262089e-08
 2.78639607e+01 4.69932436e-05 -4.52320695e-08
 2.78824735e+01 4.69922070e-05 -2.98621858e-08
 2.79009746e+01 4.69915603e-05 -1.08717200e-08
 2.79194654e+01 4.69914456e-05 9.49894275e-09
 2.79379457e+01 4.69916135e-05 2.61877221e-08
 2.79564131e+01 4.69923006e-05 4.24073622e-08
 2.79748596e+01 4.69936731e-05 4.77393729e-08
 2.79932957e+01 4.69952655e-05 5.13768038e-08
 2.80117228e+01 4.69966883e-05 4.98514743e-08
 2.80301407e+01 4.69979518e-05 4.31842932e-08
 2.80485496e+01 4.69983644e-05 3.58684759e-08
 2.80669468e+01 4.69984104e-05 3.06624658e-08
 2.80853323e+01 4.69988093e-05 2.73609943e-08
 2.81037062e+01 4.70002365e-05 2.55436011e-08
 2.81220697e+01 4.70010059e-05 2.72621178e-08
 2.81404241e+01 4.70017715e-05 3.48193201e-08
 2.81587707e+01 4.70013976e-05 3.61673333e-08
 2.81771083e+01 4.70011042e-05 3.82889697e-08
 2.81954367e+01 4.70001659e-05 4.48263309e-08
 2.82137587e+01 4.69978223e-05 4.30019176e-08
 2.82320717e+01 4.69956653e-05 3.87086504e-08
 2.82503755e+01 4.69939258e-05 2.88822847e-08
 2.82686703e+01 4.69918896e-05 1.38852798e-08
 2.82869560e+01 4.69883811e-05 7.98550837e-10
 2.83052328e+01 4.69852012e-05 -1.90690295e-08
 2.83235017e+01 4.69823148e-05 -4.36287193e-08
 2.83417616e+01 4.69778901e-05 -6.86194270e-08
 2.83600138e+01 4.69743893e-05 -9.87730757e-08
 2.83782569e+01 4.69708188e-05 -1.33561890e-07
 2.83964884e+01 4.69672208e-05 -1.61852448e-07
 2.84147093e+01 4.69629491e-05 -1.92451208e-07
 2.84329213e+01 4.69576230e-05 -2.22053696e-07
 2.84511255e+01 4.69527098e-05 -2.49038509e-07
 2.84693195e+01 4.69477512e-05 -2.74734836e-07
 2.84875030e+01 4.69425296e-05 -2.98673993e-07
 2.85056762e+01 4.69372877e-05 -3.22666968e-07
 2.85238389e+01 4.69320506e-05 -3.50168872e-07
 2.85419887e+01 4.69265784e-05 -3.77275271e-07
 2.85601254e+01 4.69215915e-05 -4.13088316e-07
 2.85782504e+01 4.69164694e-05 -4.38951927e-07
 2.85963651e+01 4.69110810e-05 -4.74205667e-07
 2.86144682e+01 4.69061269e-05 -5.10903837e-07
 2.86325597e+01 4.68993411e-05 -5.41807409e-07
 2.86506394e+01 4.68915391e-05 -5.68459061e-07
 2.86687073e+01 4.68832328e-05 -5.91820402e-07
 2.86867623e+01 4.68748110e-05 -6.19926363e-07
 2.87048082e+01 4.68653787e-05 -6.46358207e-07
 2.87228437e+01 4.68548565e-05 -6.65660094e-07
 2.87408689e+01 4.68429961e-05 -6.88131705e-07
 2.87588837e+01 4.68300961e-05 -7.10895642e-07
 2.87768908e+01 4.68162065e-05 -7.32786591e-07
 2.87948901e+01 4.67998860e-05 -7.53937780e-07
 2.88128804e+01 4.67821159e-05 -7.68311119e-07
 2.88308616e+01 4.67647804e-05 -7.73491728e-07
 2.88488338e+01 4.67474312e-05 -7.67799924e-07
 2.88667970e+01 4.67300877e-05 -7.58063657e-07
 2.88847524e+01 4.67127106e-05 -7.44135659e-07
 2.89027039e+01 4.66983110e-05 -7.55221180e-07
 2.89206451e+01 4.66846751e-05 -7.62305128e-07
 2.89385759e+01 4.66715840e-05 -7.70820707e-07
 2.89564950e+01 4.66582207e-05 -7.77827319e-07
 2.89744024e+01 4.66453643e-05 -7.75798142e-07
 2.89922995e+01 4.66326830e-05 -7.81668759e-07
 2.90101887e+01 4.66205596e-05 -7.82796406e-07
 2.90280689e+01 4.66107667e-05 -7.83240309e-07
 2.90459374e+01 4.66011295e-05 -7.78647520e-07
 2.90637969e+01 4.65916856e-05 -7.71026325e-07
 2.90816434e+01 4.65815911e-05 -7.61477916e-07
 2.90994770e+01 4.65721729e-05 -7.44401490e-07
 2.91172977e+01 4.65637256e-05 -7.20407268e-07
 2.91351028e+01 4.65554760e-05 -6.97499370e-07
 2.91528962e+01 4.65475378e-05 -6.72909615e-07
 2.91706779e+01 4.65402415e-05 -6.58522241e-07
 2.91884481e+01 4.65329090e-05 -6.39959068e-07
 2.92062065e+01 4.65262890e-05 -6.17614562e-07
