 -1.98530000e+01 -2.65214616e-06
 -1.98349000e+01 -1.56292655e-06
 -1.98134000e+01 -6.75735541e-07
 -1.97885000e+01 -4.90574968e-07
 -1.97635000e+01 -3.05479211e-07
 -1.97419000e+01 2.81639308e-07
 -1.97135000e+01 2.64696592e-07
 -1.96919000e+01 2.51806049e-07
 -1.96669000e+01 3.68815429e-08
 -1.96419000e+01 2.19517784e-08
 -1.96170000e+01 4.07076500e-07
 -1.95919000e+01 1.92076449e-07
 -1.95670000e+01 3.77190665e-07
 -1.95454000e+01 5.64273451e-07
 -1.95170000e+01 7.47283698e-07
 -1.94920000e+01 5.32322276e-07
 -1.94670000e+01 5.17355551e-07
 -1.94420000e+01 5.02383520e-07
 -1.94170000e+01 4.87406175e-07
 -1.93920000e+01 6.72423511e-07
 -1.93670000e+01 6.57435520e-07
 -1.93420000e+01 6.42442198e-07
 -1.93170000e+01 6.27443538e-07
 -1.92920000e+01 6.12439533e-07
 -1.92670000e+01 3.97430178e-07
 -1.92420000e+01 3.82415466e-07
 -1.92170000e+01 3.67395391e-07
 -1.91920000e+01 3.52369947e-07
 -1.91670000e+01 6.37339127e-07
 -1.91454000e+01 6.24348166e-07
 -1.91170000e+01 5.07261337e-07
 -1.90920000e+01 4.92214353e-07
 -1.90670000e+01 7.71619689e-08
 -1.90317000e+01 -5.44101206e-07
 -1.90204000e+01 2.49089887e-07
 -1.89920000e+01 2.31972349e-07
 -1.89704000e+01 2.18948689e-07
 -1.89454000e+01 4.03869946e-07
 -1.89170000e+01 3.86733896e-07
 -1.88920000e+01 4.71643530e-07
 -1.88670000e+01 6.56547713e-07
 -1.88420000e+01 6.41446437e-07
 -1.88204000e+01 4.28394536e-07
 -1.87920000e+01 8.11227487e-07
 -1.87670000e+01 3.96109799e-07
 -1.87454000e+01 7.83043702e-07
 -1.87204000e+01 2.67915787e-07
 -1.86920000e+01 2.50723808e-07
 -1.86670000e+01 5.35584146e-07
 -1.86420000e+01 2.04389753e-08
 -1.86204000e+01 5.07349106e-07
 -1.85920000e+01 6.90132078e-07
 -1.85670000e+01 1.74970338e-07
 -1.85454000e+01 4.61866137e-07
 -1.85170000e+01 4.44630244e-07
 -1.84920000e+01 6.29451877e-07
 -1.84670000e+01 4.14267954e-07
 -1.84454000e+01 4.01144566e-07
 -1.84204000e+01 1.85950270e-07
 -1.83920000e+01 5.68682785e-07
 -1.83670000e+01 1.53476573e-07
 -1.83420000e+01 5.38264772e-07
 -1.83170000e+01 5.23047375e-07
 -1.82920000e+01 3.07824376e-07
 -1.82670000e+01 4.92595768e-07
 -1.82420000e+01 2.77361543e-07
 -1.82205000e+01 6.64255614e-07
 -1.81920000e+01 4.46876221e-07
 -1.81670000e+01 4.31625108e-07
 -1.81420000e+01 4.16368353e-07
 -1.81170000e+01 4.01105948e-07
 -1.80954000e+01 3.87914676e-07
 -1.80670000e+01 3.70564162e-07
 -1.80421000e+01 5.55345896e-07
 -1.80205000e+01 5.42139947e-07
 -1.79921000e+01 7.24770113e-07
 -1.79704000e+01 3.11493143e-07
 -1.79454000e+01 2.96191774e-07
 -1.79170000e+01 2.78802498e-07
 -1.78955000e+01 6.65633179e-07
 -1.78704000e+01 2.50253416e-07
 -1.78454000e+01 2.34929190e-07
 -1.78205000e+01 4.19660564e-07
 -1.77955000e+01 6.04324891e-07
 -1.77671000e+01 5.86896595e-07
 -1.77420000e+01 1.71487238e-07
 -1.77170000e+01 1.56133501e-07
 -1.76955000e+01 3.42924674e-07
 -1.76704000e+01 1.27498734e-07
 -1.76421000e+01 5.10099151e-07
 -1.76171000e+01 4.94722324e-07
 -1.75955000e+01 2.81432079e-07
 -1.75705000e+01 4.66044443e-07
 -1.75455000e+01 4.50650998e-07
 -1.75171000e+01 8.33156987e-07
 -1.74921000e+01 4.17751110e-07
 -1.74671000e+01 2.02339401e-07
 -1.74421000e+01 1.86921853e-07
 -1.74205000e+01 5.73596385e-07
 -1.73955000e+01 5.58167934e-07
 -1.73705000e+01 5.42733624e-07
 -1.73455000e+01 7.27293448e-07
 -1.73205000e+01 3.11847397e-07
 -1.72921000e+01 4.94293548e-07
 -1.72705000e+01 4.80937645e-07
 -1.72455000e+01 4.65473928e-07
 -1.72205000e+01 4.50004309e-07
 -1.71955000e+01 4.34528778e-07
 -1.71671000e+01 4.16941396e-07
 -1.71456000e+01 8.03621918e-07
 -1.71205000e+01 5.88066651e-07
 -1.70955000e+01 3.72567405e-07
 -1.70671000e+01 3.54953045e-07
 -1.70421000e+01 5.39441086e-07
 -1.70205000e+01 5.26033952e-07
 -1.69955000e+01 5.10510871e-07
 -1.69705000e+01 4.94981813e-07
 -1.69455000e+01 7.94467697e-08
 -1.69205000e+01 2.63905734e-07
 -1.68955000e+01 4.48358699e-07
 -1.68706000e+01 6.32867880e-07
 -1.68456000e+01 8.17308847e-07
 -1.68206000e+01 6.01743790e-07
 -1.67955000e+01 3.86110408e-07
 -1.67671000e+01 3.68414300e-07
 -1.67455000e+01 3.54950065e-07
 -1.67172000e+01 5.37302585e-07
 -1.66955000e+01 3.23765511e-07
 -1.66705000e+01 3.08164135e-07
 -1.66421000e+01 2.90433599e-07
 -1.66206000e+01 4.77005613e-07
 -1.65955000e+01 2.61323519e-07
 -1.65706000e+01 6.45760308e-07
 -1.65456000e+01 4.30128498e-07
 -1.65206000e+01 4.14490574e-07
 -1.64955000e+01 1.98783939e-07
 -1.64672000e+01 5.81067452e-07
 -1.64456000e+01 3.67540034e-07
 -1.64206000e+01 3.51877573e-07
 -1.63956000e+01 3.36208957e-07
 -1.63706000e+01 7.20534180e-07
 -1.63456000e+01 5.04853233e-07
 -1.63206000e+01 2.89166108e-07
 -1.62922000e+01 6.71338029e-07
 -1.62706000e+01 6.57773294e-07
 -1.62456000e+01 6.42067588e-07
 -1.62206000e+01 6.26355674e-07
 -1.61956000e+01 4.10637541e-07
 -1.61706000e+01 1.94913184e-07
 -1.61456000e+01 3.79182592e-07
 -1.61206000e+01 5.63445759e-07
 -1.60922000e+01 5.45561134e-07
 -1.60706000e+01 3.31953337e-07
 -1.60456000e+01 3.16197731e-07
 -1.60206000e+01 1.00435850e-07
 -1.59956000e+01 2.84667688e-07
 -1.59706000e+01 4.68893236e-07
 -1.59456000e+01 5.53112485e-07
 -1.59172000e+01 2.35177900e-07
 -1.58956000e+01 4.21532055e-07
 -1.58706000e+01 5.05732360e-07
 -1.58387000e+01 -2.14437247e-07
 -1.58206000e+01 4.74113966e-07
 -1.57956000e+01 3.58295252e-07
 -1.57706000e+01 3.42470182e-07
 -1.57456000e+01 4.26638747e-07
 -1.57206000e+01 3.10800939e-07
 -1.56956000e+01 9.49567497e-08
 -1.56706000e+01 2.79106171e-07
 -1.56456000e+01 2.63249194e-07
 -1.56206000e+01 3.47385811e-07
 -1.55956000e+01 3.31516013e-07
 -1.55706000e+01 3.15639792e-07
 -1.55456000e+01 1.99757139e-07
 -1.55206000e+01 2.83868046e-07
 -1.54956000e+01 2.67972504e-07
 -1.54706000e+01 2.52070504e-07
 -1.54456000e+01 2.36162039e-07
 -1.54206000e+01 2.20247099e-07
 -1.53956000e+01 2.04325677e-07
 -1.53706000e+01 3.88397762e-07
 -1.53456000e+01 1.72463348e-07
 -1.53206000e+01 3.56522425e-07
 -1.52956000e+01 1.40574984e-07
 -1.52706000e+01 1.24621016e-07
 -1.52456000e+01 3.08660514e-07
 -1.52206000e+01 4.92693468e-07
 -1.51956000e+01 2.76719870e-07
 -1.51706000e+01 6.07397109e-08
 -1.51457000e+01 6.44816942e-07
 -1.51206000e+01 4.28759673e-07
 -1.50956000e+01 1.27597778e-08
 -1.50706000e+01 1.96753286e-07
 -1.50422000e+01 1.78561896e-07
 -1.50206000e+01 1.64720477e-07
 -1.49956000e+01 3.48694142e-07
 -1.49706000e+01 1.32661176e-07
 -1.49457000e+01 5.16685740e-07
 -1.49206000e+01 3.00575311e-07
 -1.48956000e+01 2.84522394e-07
 -1.48706000e+01 6.84628101e-08
 -1.48456000e+01 5.23965489e-08
 -1.48206000e+01 2.36323602e-07
 -1.47956000e+01 2.20243960e-07
 -1.47706000e+01 2.04157613e-07
 -1.47456000e+01 1.88064554e-07
 -1.47207000e+01 3.72029185e-07
 -1.46956000e+01 1.55858259e-07
 -1.46706000e+01 1.39745005e-07
 -1.46456000e+01 1.23625001e-07
 -1.46207000e+01 3.07562758e-07
 -1.45957000e+01 2.91429254e-07
 -1.45706000e+01 7.52243972e-08
 -1.45457000e+01 2.59141903e-07
 -1.45207000e+01 2.42988038e-07
 -1.44956000e+01 2.67627118e-08
 -1.44707000e+01 4.10659883e-07
 -1.44457000e+01 1.94485574e-07
 -1.44207000e+01 3.78304431e-07
 -1.43957000e+01 3.62116445e-07
 -1.43707000e+01 1.45921607e-07
 -1.43456000e+01 -2.70344913e-07
 -1.43207000e+01 3.13511336e-07
 -1.42957000e+01 2.97295884e-07
 -1.42707000e+01 8.10735414e-08
 -1.42423000e+01 6.26365886e-08
 -1.42207000e+01 2.48608147e-07
 -1.41957000e+01 6.32365076e-07
 -1.41707000e+01 2.16115077e-07
 -1.41457000e+01 1.99858139e-07
 -1.41207000e+01 -1.64057464e-08
 -1.40957000e+01 1.67323410e-07
 -1.40707000e+01 1.51045600e-07
 -1.40457000e+01 1.34760812e-07
 -1.40207000e+01 1.18469038e-07
 -1.39957000e+01 1.02170267e-07
 -1.39707000e+01 2.85864490e-07
 -1.39457000e+01 4.69551696e-07
 -1.39207000e+01 2.53231877e-07
 -1.38991000e+01 2.39125888e-07
 -1.38707000e+01 2.20571121e-07
 -1.38457000e+01 2.04230164e-07
 -1.38207000e+01 3.87882142e-07
 -1.37957000e+01 1.71527044e-07
 -1.37707000e+01 -4.48351394e-08
 -1.37457000e+01 1.38795582e-07
 -1.37207000e+01 1.22419197e-07
 -1.36957000e+01 1.06035697e-07
 -1.36707000e+01 2.89645072e-07
 -1.36457000e+01 7.32473103e-08
 -1.36207000e+01 5.68424029e-08
 -1.35957000e+01 4.04303395e-08
 -1.35707000e+01 2.24011110e-07
 -1.35458000e+01 4.07650424e-07
 -1.35207000e+01 1.91151111e-07
 -1.34958000e+01 3.74776099e-07
 -1.34707000e+01 -4.17376753e-08
 -1.34457000e+01 1.41807110e-07
 -1.34208000e+01 3.25410533e-07
 -1.33957000e+01 1.08874988e-07
 -1.33708000e+01 2.92463982e-07
 -1.33458000e+01 4.75979823e-07
 -1.33207000e+01 5.94224149e-08
 -1.32957000e+01 4.29236782e-08
 -1.32707000e+01 2.64176512e-08
 -1.32492000e+01 2.12216629e-07
 -1.32208000e+01 1.93449782e-07
 -1.31958000e+01 3.76921850e-07
 -1.31707000e+01 -3.96795695e-08
 -1.31492000e+01 1.46094206e-07
 -1.31208000e+01 1.27294019e-07
 -1.30958000e+01 1.10736694e-07
 -1.30741000e+01 -3.03641042e-07
 -1.30458000e+01 2.77599910e-07
 -1.30208000e+01 6.10204280e-08
 -1.29958000e+01 2.44433539e-07
 -1.29708000e+01 2.78392328e-08
 -1.29458000e+01 3.11237497e-07
 -1.29208000e+01 1.94628323e-07
 -1.28958000e+01 -2.19883027e-08
 -1.28742000e+01 -3.63510747e-08
 -1.28458000e+01 1.44756052e-07
 -1.28208000e+01 2.28117010e-07
 -1.27958000e+01 1.11470474e-07
 -1.27742000e+01 9.70818234e-08
 -1.27492000e+01 8.04212887e-08
 -1.27208000e+01 6.14857902e-08
 -1.26958000e+01 4.48091671e-08
 -1.26708000e+01 2.81249946e-08
 -1.26355000e+01 -7.95445934e-07
 -1.26207000e+01 -4.05332856e-07
 -1.25958000e+01 -2.21972931e-07
 -1.25708000e+01 -3.86874129e-08
 -1.25458000e+01 4.45904998e-08
 -1.25208000e+01 -7.21392042e-08
 -1.24958000e+01 4.11123464e-07
 -1.24708000e+01 -5.62150748e-09
 -1.24458000e+01 -2.23741295e-08
 -1.24208000e+01 -3.91344136e-08
 -1.23958000e+01 -5.59023712e-08
 -1.23708000e+01 1.27321986e-07
 -1.23492000e+01 3.12821634e-07
 -1.23208000e+01 -1.06252400e-07
 -1.22958000e+01 7.69488339e-08
 -1.22708000e+01 -1.39857664e-07
 -1.22458000e+01 -1.56671904e-07
 -1.22242000e+01 2.87943490e-08
 -1.21958000e+01 9.67634146e-09
 -1.21708000e+01 1.92838803e-07
 -1.21492000e+01 3.78284899e-07
 -1.21208000e+01 -2.40859652e-07
 -1.20992000e+01 -5.54270459e-08
 -1.20708000e+01 3.25410641e-07
 -1.20458000e+01 1.08534038e-07
 -1.20242000e+01 9.39463345e-08
 -1.19958000e+01 2.74757277e-07
 -1.19742000e+01 6.01559813e-08
 -1.19458000e+01 -1.59050974e-07
 -1.19208000e+01 -3.75966937e-07
 -1.18958000e+01 7.10919118e-09
 -1.18708000e+01 1.90177399e-07
 -1.18458000e+01 -2.26762325e-07
 -1.18208000e+01 -4.37099931e-08
 -1.17992000e+01 1.41640815e-07
 -1.17708000e+01 1.22370788e-07
 -1.17492000e+01 1.07707817e-07
 -1.17208000e+01 -1.11580354e-07
 -1.16958000e+01 7.14320729e-08
 -1.16708000e+01 -1.45563518e-07
 -1.16458000e+01 -1.62567139e-07
 -1.16242000e+01 2.27352569e-08
 -1.15992000e+01 -1.94283365e-07
 -1.15708000e+01 -1.36263059e-08
 -1.15493000e+01 3.71723337e-07
 -1.15209000e+01 3.52362064e-07
 -1.14959000e+01 1.35310034e-07
 -1.14742000e+01 -7.94977082e-08
 -1.14458000e+01 -9.88866793e-08
 -1.14208000e+01 -1.15963131e-07
 -1.13993000e+01 4.69344598e-07
 -1.13743000e+01 5.22529676e-08
 -1.13492000e+01 -1.64915258e-07
 -1.13209000e+01 1.57178354e-08
 -1.12959000e+01 -1.39948678e-09
 -1.12708000e+01 -2.18593547e-07
 -1.12493000e+01 -3.33281237e-08
 -1.12242000e+01 -2.50537599e-07
 -1.11993000e+01 -6.76181708e-08
 -1.11709000e+01 1.12890360e-07
 -1.11493000e+01 9.80587067e-08
 -1.11208000e+01 -3.21520313e-07
 -1.10993000e+01 -1.36297595e-07
 -1.10709000e+01 4.41732100e-08
 -1.10425000e+01 -1.75366742e-07
 -1.10243000e+01 2.12105511e-07
 -1.09959000e+01 1.92547866e-07
 -1.09709000e+01 1.75322684e-07
 -1.09493000e+01 1.60433372e-07
 -1.09209000e+01 -5.91528593e-08
 -1.08959000e+01 -7.64032475e-08
 -1.08743000e+01 -9.13143699e-08
 -1.08459000e+01 8.90706758e-08
 -1.08243000e+01 7.41449551e-08
 -1.07993000e+01 5.68619231e-08
 -1.07709000e+01 3.72181084e-08
 -1.07493000e+01 2.22270403e-07
 -1.07243000e+01 4.96188686e-09
 -1.06959000e+01 1.85289073e-07
 -1.06709000e+01 -3.20376616e-08
 -1.06459000e+01 -2.49372948e-07
 -1.06209000e+01 -2.66716798e-07
 -1.05959000e+01 -8.40692276e-08
 -1.05744000e+01 3.01000811e-07
 -1.05493000e+01 8.35628981e-08
 -1.05243000e+01 -1.33814177e-07
 -1.04959000e+01 -1.53565008e-07
 -1.04709000e+01 -1.70960539e-07
 -1.04493000e+01 -1.85997252e-07
 -1.04243000e+01 -2.03408940e-07
 -1.03959000e+01 -2.23199160e-07
 -1.03709000e+01 -2.40629424e-07
 -1.03460000e+01 1.42001367e-07
 -1.03243000e+01 -2.73142718e-07
 -1.02993000e+01 -2.90597990e-07
 -1.02744000e+01 9.20078521e-08
 -1.02459000e+01 -3.27911807e-07
 -1.02244000e+01 5.70535240e-08
 -1.01994000e+01 2.39563163e-07
 -1.01744000e+01 2.20639860e-08
 -1.01494000e+01 4.55597701e-09
 -1.01244000e+01 1.87039122e-07
 -1.00959000e+01 -2.32940901e-07
 -1.00744000e+01 -4.80211839e-08
 -1.00494000e+01 1.34435336e-07
 -1.00244000e+01 1.16882951e-07
 -9.99937000e+00 9.93005679e-08
 -9.97437000e+00 8.17303191e-08
 -9.94935000e+00 -1.35862945e-07
 -9.92437000e+00 4.65629602e-08
 -9.89937000e+00 2.89658204e-08
 -9.87093000e+00 -3.91063622e-07
 -9.84937000e+00 -6.25545489e-09
 -9.82438000e+00 7.61274312e-08
 -9.79938000e+00 5.84942308e-08
 -9.77438000e+00 4.08519768e-08
 -9.74937000e+00 -7.68064085e-08
 -9.72437000e+00 -9.44668191e-08
 -9.69937000e+00 -1.12136329e-07
 -9.67437000e+00 -1.29814953e-07
 -9.64937000e+00 -1.47502708e-07
 -9.62438000e+00 -6.51925268e-08
 -9.59937000e+00 -1.82905668e-07
 -9.57438000e+00 -1.00613816e-07
 -9.54937000e+00 -2.18345332e-07
 -9.52100000e+00 6.15298333e-08
 -9.49937000e+00 -2.53821826e-07
 -9.47437000e+00 -2.71573922e-07
 -9.43913000e+00 -6.96612997e-07
 -9.42438000e+00 -2.07098783e-07
 -9.39940000e+00 -2.48644576e-08
 -9.37438000e+00 -2.42667889e-07
 -9.34940000e+00 -6.04521672e-08
 -9.32438000e+00 -2.78274264e-07
 -9.29941000e+00 -9.60700808e-08
 -9.27440000e+00 -1.13903770e-07
 -9.24940000e+00 -1.31739712e-07
 -9.22438000e+00 -3.49599332e-07
 -9.19940000e+00 -1.67439804e-07
 -9.17441000e+00 -1.85296839e-07
 -9.14940000e+00 -2.03177615e-07
 -9.12440000e+00 -2.21060705e-07
 -9.09943000e+00 -3.89317965e-08
 -9.07443000e+00 -5.68338484e-08
 -9.04945000e+00 1.25268921e-07
 -9.02443000e+00 -9.26665024e-08
 -8.99940000e+00 -3.10618660e-07
 -8.97443000e+00 -1.28537333e-07
 -8.94943000e+00 -1.46487106e-07
 -8.92443000e+00 -1.64446474e-07
 -8.89940000e+00 -3.82437020e-07
 -8.87440000e+00 -4.00415637e-07
 -8.84940000e+00 -4.18403899e-07
 -8.82445000e+00 -3.63658159e-08
 -8.79945000e+00 -5.43733974e-08
 -8.77445000e+00 -7.23906739e-08
 -8.74945000e+00 -9.04176626e-08
 -8.72445000e+00 -1.08454380e-07
 -8.69947000e+00 7.35135966e-08
 -8.67443000e+00 -3.44571521e-07
 -8.64605000e+00 -1.65080814e-07
 -8.62445000e+00 -1.80698886e-07
 -8.59945000e+00 -1.98784508e-07
 -8.57443000e+00 -4.16894442e-07
 -8.54947000e+00 -3.49707779e-08
 -8.52445000e+00 -2.53100438e-07
 -8.49949000e+00 1.28803514e-07
 -8.47445000e+00 -2.89360454e-07
 -8.44945000e+00 -3.07505334e-07
 -8.42447000e+00 -1.25645623e-07
 -8.39945000e+00 -3.43824925e-07
 -8.37445000e+00 -3.61999672e-07
 -8.34947000e+00 -1.80169858e-07
 -8.32449000e+00 1.64996202e-09
 -8.29947000e+00 -2.16569365e-07
 -8.27447000e+00 -2.34784177e-07
 -8.24949000e+00 -5.29944682e-08
 -8.22447000e+00 -2.71244009e-07
 -8.19947000e+00 -2.89489065e-07
 -8.17447000e+00 -3.07744240e-07
 -8.14951000e+00 7.40196824e-08
 -8.12445000e+00 -5.44299640e-07
 -8.09947000e+00 -3.62570653e-07
 -8.07449000e+00 -1.80851842e-07
 -8.04951000e+00 8.56776391e-10
 -8.02449000e+00 -2.17474132e-07
 -7.99951000e+00 -3.57859731e-08
 -7.97449000e+00 -2.54137411e-07
 -7.94953000e+00 1.27544896e-07
 -7.92447000e+00 -4.90856517e-07
 -7.89949000e+00 -3.09209510e-07
 -7.87453000e+00 7.24418803e-08
 -7.84607000e+00 -5.48492254e-07
 -7.82449000e+00 -3.64374679e-07
 -7.79953000e+00 1.72456235e-08
 -7.77453000e+00 -1.17393786e-09
 -7.74953000e+00 -1.96039358e-08
 -7.72453000e+00 -3.80443896e-08
 -7.69953000e+00 -5.64953186e-08
 -7.67451000e+00 -2.74971516e-07
 -7.64951000e+00 -2.93443462e-07
 -7.62453000e+00 -1.11911151e-07
 -7.59951000e+00 -3.30418974e-07
 -7.57455000e+00 5.11070348e-08
 -7.54955000e+00 3.25928538e-08
 -7.52455000e+00 1.40680604e-08
 -7.49953000e+00 -2.04482198e-07
 -7.47113000e+00 -2.25551375e-07
 -7.45293000e+00 -2.39060695e-07
 -7.42453000e+00 -2.60152491e-07
 -7.39955000e+00 -7.87157862e-08
 -7.37453000e+00 -2.97319547e-07
 -7.35295000e+00 -1.13374126e-07
 -7.32457000e+00 6.55001726e-08
 -7.29955000e+00 -1.53135924e-07
 -7.27455000e+00 -1.71767941e-07
 -7.24953000e+00 -3.90425710e-07
 -7.22795000e+00 -2.06526954e-07
 -7.19955000e+00 -2.27729077e-07
 -7.17457000e+00 -4.63896081e-08
 -7.14957000e+00 -6.50759918e-08
 -7.12797000e+00 -8.12298338e-08
 -7.09955000e+00 -3.02496563e-07
 -7.07457000e+00 -1.21200850e-07
 -7.04957000e+00 -1.39931108e-07
 -7.02797000e+00 -1.56122925e-07
 -6.99957000e+00 -1.77424709e-07
 -6.97457000e+00 -1.96188093e-07
 -6.95300000e+00 8.76139510e-08
 -6.92458000e+00 -1.33740622e-07
 -6.89958000e+00 -1.52537321e-07
 -6.87458000e+00 -1.71345169e-07
 -6.84957000e+00 -2.90171717e-07
 -6.82457000e+00 -3.09001932e-07
 -6.79958000e+00 -2.27835823e-07
 -6.77458000e+00 -2.46688483e-07
 -6.75300000e+00 -6.29711509e-08
 -6.72798000e+00 -2.81859907e-07
 -6.69960000e+00 -1.03298982e-07
 -6.67458000e+00 -3.22211918e-07
 -6.64958000e+00 -3.41121085e-07
 -6.62460000e+00 -1.60026480e-07
 -6.60300000e+00 -1.76382985e-07
 -6.57460000e+00 -1.97901725e-07
 -6.55303000e+00 -1.42552174e-08
 -6.52458000e+00 -4.35837887e-07
 -6.50300000e+00 -2.52218768e-07
 -6.47463000e+00 -7.37668202e-08
 -6.44960000e+00 -2.92790343e-07
 -6.42803000e+00 -1.09193451e-07
 -6.40303000e+00 -1.28215711e-07
 -6.37460000e+00 -3.49861910e-07
 -6.34965000e+00 3.11291362e-08
 -6.32460000e+00 -3.87967669e-07
 -6.29960000e+00 -4.07038031e-07
 -6.27800000e+00 -4.23524234e-07
 -6.23933000e+00 -1.15306095e-06
 -6.22460000e+00 -4.64319332e-07
 -6.19960000e+00 -4.83436582e-07
 -6.17458000e+00 -7.02580920e-07
 -6.15305000e+00 -1.19064308e-07
 -6.12463000e+00 -3.40836118e-07
 -6.09960000e+00 -5.60023622e-07
 -6.07465000e+00 -1.79161646e-07
 -6.04962000e+00 -3.98372945e-07
 -6.02467000e+00 -1.75347355e-08
 -6.00305000e+00 -2.34148684e-07
 -5.97805000e+00 -2.53371163e-07
 -5.95305000e+00 -2.72605635e-07
 -5.92465000e+00 -2.94470577e-07
 -5.89967000e+00 -1.13715335e-07
 -5.87465000e+00 -3.33002989e-07
 -5.84965000e+00 -3.52287325e-07
 -5.82807000e+00 -1.68943309e-07
 -5.79969000e+00 9.13852437e-09
 -5.77465000e+00 -4.10213147e-07
 -5.75307000e+00 -2.26900639e-07
 -5.72807000e+00 -2.46244147e-07
 -5.70307000e+00 -2.65599897e-07
 -5.67467000e+00 -2.87602911e-07
 -5.65307000e+00 -3.04348218e-07
 -5.62807000e+00 -3.23740842e-07
 -5.59969000e+00 -1.45770308e-07
 -5.57807000e+00 -3.62563142e-07
 -5.55311000e+00 1.80382276e-08
 -5.52469000e+00 -2.04064550e-07
 -5.49971000e+00 -2.35052574e-08
 -5.47467000e+00 -4.43005160e-07
 -5.44967000e+00 -4.62486423e-07
 -5.42807000e+00 -4.79328321e-07
 -5.40311000e+00 -9.88017388e-08
 -5.37469000e+00 -3.20989861e-07
 -5.35311000e+00 -1.37848724e-07
 -5.32809000e+00 -3.57406786e-07
 -5.30311000e+00 -1.76946226e-07
 -5.27811000e+00 -1.96513987e-07
 -5.25311000e+00 -2.16094458e-07
 -5.22813000e+00 -3.56719850e-08
 -5.20313000e+00 -5.52779449e-08
 -5.17813000e+00 -7.48966953e-08
 -5.15313000e+00 -9.45282632e-08
 -5.12815000e+00 8.58430448e-08
 -5.10313000e+00 -1.33829961e-07
 -5.07811000e+00 -3.53515887e-07
 -5.05313000e+00 -1.73183258e-07
 -5.02815000e+00 7.13643684e-09
 -5.00313000e+00 -2.12588375e-07
 -4.97813000e+00 -2.32310436e-07
 -4.95313000e+00 -2.52045536e-07
 -4.92813000e+00 -2.71793703e-07
 -4.90315000e+00 -9.15391502e-08
 -4.87813000e+00 -3.11329350e-07
 -4.85315000e+00 -1.31101051e-07
 -4.82813000e+00 -3.50917604e-07
 -4.80315000e+00 -1.70715674e-07
 -4.77816000e+00 -9.05348943e-08
 -4.75316000e+00 -1.10375309e-07
 -4.72813000e+00 -4.30252852e-07
 -4.70316000e+00 -1.50096054e-07
 -4.67816000e+00 -1.69976443e-07
 -4.64636000e+00 -1.95283639e-07
 -4.62816000e+00 -2.09777398e-07
 -4.60318000e+00 -2.96820822e-08
 -4.57818000e+00 -4.96161685e-08
 -4.55318000e+00 -6.95637560e-08
 -4.52818000e+00 -8.95248744e-08
 -4.50316000e+00 -3.09515539e-07
 -4.47818000e+00 -1.29487824e-07
 -4.45318000e+00 -1.49489715e-07
 -4.42818000e+00 -1.69505258e-07
 -4.40320000e+00 1.04815468e-08
 -4.37816000e+00 -4.09593458e-07
 -4.35320000e+00 -2.96180471e-08
 -4.32818000e+00 -2.49704551e-07
 -4.30320000e+00 -6.97727352e-08
 -4.27820000e+00 -8.98708168e-08
 -4.25318000e+00 -3.09998860e-07
 -4.22820000e+00 -1.30108610e-07
 -4.20322000e+00 4.97677326e-08
 -4.17820000e+00 -1.70402120e-07
 -4.15320000e+00 -1.90569847e-07
 -4.12820000e+00 -2.10751597e-07
 -4.10322000e+00 -3.09312405e-08
 -4.07820000e+00 -2.51157296e-07
 -4.05322000e+00 -7.13651235e-08
 -4.02820000e+00 -2.91619472e-07
 -4.00322000e+00 -1.11855613e-07
 -3.97822000e+00 -1.32122165e-07
 -3.95325000e+00 4.76213787e-08
 -3.92822000e+00 -1.72698050e-07
 -3.90322000e+00 -1.93007447e-07
 -3.87825000e+00 -1.33067940e-08
 -3.85325000e+00 -3.36449012e-08
 -3.82825000e+00 -5.39974218e-08
 -3.80325000e+00 -7.43643890e-08
 -3.77822000e+00 -2.94770303e-07
 -3.75327000e+00 8.48745253e-08
 -3.72827000e+00 6.44640286e-08
 -3.70325000e+00 -1.55977395e-07
 -3.67827000e+00 2.35992577e-08
 -3.65325000e+00 -1.96871454e-07
 -3.62827000e+00 -1.73241104e-08
 -3.60329000e+00 1.62208539e-07
 -3.57827000e+00 -5.83063501e-08
 -3.55669000e+00 1.23987458e-07
 -3.52827000e+00 -9.93477381e-08
 -3.50325000e+00 -3.19907140e-07
 -3.47829000e+00 5.95678989e-08
 -3.45329000e+00 3.89951303e-08
 -3.42829000e+00 1.84073994e-08
 -3.40331000e+00 1.97821159e-07
 -3.37829000e+00 -2.28130915e-08
 -3.35331000e+00 1.56570589e-07
 -3.32827000e+00 -2.64110384e-07
 -3.30331000e+00 1.15259599e-07
 -3.27829000e+00 -1.05435193e-07
 -3.25331000e+00 7.38878991e-08
 -3.22831000e+00 5.31791919e-08
 -3.20331000e+00 3.24551978e-08
 -3.17831000e+00 1.17158800e-08
 -3.15335000e+00 3.90994421e-07
 -3.12833000e+00 1.70207747e-07
 -3.10331000e+00 -5.05943861e-08
 -3.07831000e+00 -7.13953699e-08
 -3.04645000e+00 -6.97926626e-07
 -3.03171000e+00 -1.10209833e-07
 -3.00331000e+00 -1.33891532e-07
 -2.97831000e+00 -1.54754783e-07
 -2.95673000e+00 2.72234657e-08
 -2.92833000e+00 3.48841354e-09
 -2.90333000e+00 -1.74219253e-08
 -2.87835000e+00 1.61668706e-07
 -2.85336000e+00 2.40735166e-07
 -2.83176000e+00 2.22628587e-07
 -2.80676000e+00 2.01657089e-07
 -2.77833000e+00 -1.22211058e-07
 -2.75675000e+00 5.96578627e-08
 -2.72836000e+00 1.35786988e-07
 -2.70333000e+00 -1.85275901e-07
 -2.67833000e+00 -2.06329647e-07
 -2.65676000e+00 7.54922180e-08
 -2.62836000e+00 5.15397356e-08
 -2.60338000e+00 2.30454378e-07
 -2.57838000e+00 2.09335891e-07
 -2.55678000e+00 1.91076399e-07
 -2.52836000e+00 -3.29669351e-08
 -2.50336000e+00 -5.41344428e-08
 -2.47838000e+00 1.24698585e-07
 -2.45676000e+00 -9.36345340e-08
 -2.42838000e+00 8.22813372e-08
 -2.40338000e+00 6.10479190e-08
 -2.37836000e+00 -1.60219092e-07
 -2.35680000e+00 2.21441542e-07
 -2.32838000e+00 -2.75201876e-09
 -2.30338000e+00 -2.40520338e-08
 -2.27840000e+00 1.54648255e-07
 -2.25338000e+00 -6.67023743e-08
 -2.23180000e+00 1.14868946e-07
 -2.20336000e+00 -3.09437183e-07
 -2.18182000e+00 2.72139167e-07
 -2.15680000e+00 5.07231808e-08
 -2.13182000e+00 2.29324436e-07
 -2.10682000e+00 2.07891510e-07
 -2.07842000e+00 1.83522960e-07
 -2.05680000e+00 -3.50428622e-08
 -2.03182000e+00 1.43489963e-07
 -2.00344000e+00 3.19080034e-07
 -1.98182000e+00 1.00469507e-07
 -1.95682000e+00 7.89333166e-08
 -1.93182000e+00 5.73797575e-08
 -1.90684000e+00 2.35826048e-07
 -1.87844000e+00 2.11300251e-07
 -1.85344000e+00 1.89691940e-07
 -1.83187000e+00 3.71034180e-07
 -1.80689000e+00 5.49410443e-07
 -1.78184000e+00 1.27708418e-07
 -1.75687000e+00 3.06058023e-07
 -1.73184000e+00 8.43378425e-08
 -1.70347000e+00 2.59697764e-07
 -1.67844000e+00 3.79394862e-08
 -1.65689000e+00 4.19191967e-07
 -1.62849000e+00 3.94464905e-07
 -1.60347000e+00 1.72661483e-07
 -1.57847000e+00 1.50857448e-07
 -1.55689000e+00 3.32021666e-07
 -1.52849000e+00 3.07212561e-07
 -1.50349000e+00 2.85354146e-07
 -1.48189000e+00 2.66453797e-07
 -1.45004000e+00 -1.61440363e-07
 -1.43189000e+00 2.22650602e-07
 -1.40691000e+00 4.00739021e-07
 -1.37851000e+00 3.75805189e-07
 -1.35691000e+00 3.56825467e-07
 -1.33193000e+00 5.34858524e-07
 -1.30351000e+00 3.09843955e-07
 -1.28191000e+00 2.90816076e-07
 -1.25689000e+00 6.87580188e-08
 -1.23194000e+00 5.46742994e-07
 -1.20694000e+00 5.24665088e-07
 -1.18191000e+00 2.02541821e-07
 -1.15693000e+00 3.80443873e-07
 -1.13193000e+00 3.58309302e-07
 -1.10356000e+00 6.33167983e-07
 -1.08194000e+00 4.13992004e-07
 -1.05691000e+00 9.17736638e-08
 -1.03194000e+00 3.69589455e-07
 -1.00694000e+00 3.47359400e-07
 -9.81939000e-01 3.25109194e-07
 -9.56939000e-01 3.02840563e-07
 -9.31929000e-01 1.80543644e-07
 -9.06960000e-01 4.58263886e-07
 -8.81981000e-01 6.35955763e-07
 -8.56981000e-01 6.13609358e-07
 -8.31960000e-01 3.91224568e-07
 -8.06981000e-01 5.68857722e-07
 -7.81981000e-01 5.46452378e-07
 -7.57002000e-01 7.24046120e-07
 -7.31981000e-01 5.01582356e-07
 -7.06960000e-01 2.79098684e-07
 -6.82002000e-01 6.56651736e-07
 -6.53602000e-01 6.31084855e-07
 -6.31960000e-01 2.11584442e-07
 -6.10423000e-01 7.92163681e-07
 -5.82023000e-01 7.66531410e-07
 -5.57002000e-01 5.43927217e-07
 -5.32023000e-01 7.21340703e-07
 -5.06981000e-01 2.98676840e-07
 -4.82002000e-01 4.76049602e-07
 -4.57023000e-01 6.53401939e-07
 -4.32002000e-01 4.30695658e-07
 -4.07023000e-01 6.08006928e-07
 -3.82065000e-01 9.85316691e-07
 -3.57023000e-01 5.62529349e-07
 -3.32065000e-01 9.39797714e-07
 -3.07044000e-01 7.16987864e-07
 -2.78644000e-01 6.91072266e-07
 -2.57044000e-01 6.71343707e-07
 -2.32044000e-01 6.48490139e-07
 -2.07044000e-01 6.25615494e-07
 -1.82065000e-01 8.02738950e-07
 -1.57065000e-01 7.79821978e-07
 -1.32044000e-01 5.56864461e-07
 -1.07044000e-01 5.33904871e-07
 -8.20651000e-02 7.10943288e-07
 -6.04651000e-02 6.91070450e-07
 -3.21070000e-02 1.06495550e-06
 -1.04651000e-02 6.45006810e-07
 1.79139000e-02 8.18823517e-07
 4.29139000e-02 7.95734596e-07
 6.78930000e-02 9.72643213e-07
 9.29139000e-02 7.49491311e-07
 1.17914000e-01 7.26336718e-07
 2.11024000e-01 -1.36009396e-06
 1.75134000e-01 -3.32674219e-06
 1.96492000e-01 -1.04658419e-06
 2.18019000e-01 -3.66599583e-07
 2.42977000e-01 1.01742666e-08
 2.67935000e-01 3.86925852e-07
 2.92914000e-01 5.63635513e-07
 3.17914000e-01 5.40303123e-07
 3.42872000e-01 9.16987438e-07
 3.67872000e-01 8.93609914e-07
 3.89441000e-01 1.17342249e-06
 4.17861000e-01 9.46797025e-07
 4.39461000e-01 9.26541190e-07
 4.64440000e-01 1.10309531e-06
 4.89461000e-01 8.79587019e-07
 5.14461000e-01 8.56075400e-07
 5.39461000e-01 8.32540661e-07
 5.64420000e-01 1.20902138e-06
 5.89440000e-01 9.85421343e-07
 6.14441000e-01 9.61815871e-07
 6.39399000e-01 1.33822764e-06
 6.67841000e-01 9.11318067e-07
 6.89440000e-01 8.90862416e-07
 7.14378000e-01 1.46722256e-06
 7.39420000e-01 1.04346036e-06
 7.64378000e-01 1.41975410e-06
 7.89420000e-01 9.95944138e-07
 8.14399000e-01 1.17217013e-06
 8.39399000e-01 1.14835210e-06
 8.64399000e-01 1.12450996e-06
 8.89399000e-01 1.10064362e-06
 9.14399000e-01 1.07675300e-06
 9.42799000e-01 1.04958370e-06
 9.64399000e-01 1.02889861e-06
 9.85978000e-01 1.20821536e-06
 1.01436000e+00 1.38098359e-06
 1.03936000e+00 1.35697041e-06
 1.06438000e+00 1.13291322e-06
 1.08934000e+00 1.50888893e-06
 1.11434000e+00 1.48480122e-06
 1.13936000e+00 1.26066919e-06
 1.16434000e+00 1.43655066e-06
 1.18934000e+00 1.41238763e-06
 1.21434000e+00 1.38819934e-06
 1.23934000e+00 1.36398568e-06
 1.26434000e+00 1.33974658e-06
 1.28931000e+00 1.51551107e-06
 1.31431000e+00 1.49122085e-06
 1.33931000e+00 1.46690490e-06
 1.36431000e+00 1.44256316e-06
 1.38931000e+00 1.41819554e-06
 1.41427000e+00 1.79384098e-06
 1.43929000e+00 1.56940180e-06
 1.46429000e+00 1.54495598e-06
 1.48927000e+00 1.72050350e-06
 1.51429000e+00 1.49598551e-06
 1.53929000e+00 1.47146066e-06
 1.56427000e+00 1.64692894e-06
 1.58587000e+00 1.62569513e-06
 1.61427000e+00 1.59774627e-06
 1.63926000e+00 1.67312462e-06
 1.66427000e+00 1.54845635e-06
 1.68584000e+00 1.82715937e-06
 1.71426000e+00 1.59906831e-06
 1.74267000e+00 1.47095200e-06
 1.76426000e+00 1.54956161e-06
 1.78586000e+00 1.52814088e-06
 1.81082000e+00 1.90336247e-06
 1.83922000e+00 1.87513566e-06
 1.86422000e+00 1.85025854e-06
 1.88582000e+00 1.82874234e-06
 1.91424000e+00 1.60040088e-06
 1.93922000e+00 1.77546004e-06
 1.96422000e+00 1.75047115e-06
 1.98580000e+00 1.92887806e-06
 2.01420000e+00 1.90042870e-06
 2.03918000e+00 2.07537499e-06
 2.06420000e+00 1.85025262e-06
 2.08578000e+00 2.02856130e-06
 2.11418000e+00 1.99998219e-06
 2.13916000e+00 2.17481390e-06
 2.16418000e+00 1.94957634e-06
 2.18578000e+00 1.92776511e-06
 2.21076000e+00 2.10251371e-06
 2.23576000e+00 2.07721284e-06
 2.26074000e+00 2.25190289e-06
 2.28912000e+00 2.42311230e-06
 2.31072000e+00 2.40117425e-06
 2.33572000e+00 2.37575530e-06
 2.36074000e+00 2.15028617e-06
 2.38569000e+00 2.52485844e-06
 2.41069000e+00 2.49934974e-06
 2.43572000e+00 2.27378022e-06
 2.46072000e+00 2.24821105e-06
 2.48569000e+00 2.42264223e-06
 2.51072000e+00 2.19698142e-06
 2.53912000e+00 2.16782849e-06
 2.56068000e+00 2.44567041e-06
 2.58229000e+00 2.32343789e-06
 2.61068000e+00 2.39419488e-06
 2.63226000e+00 2.57193966e-06
 2.66066000e+00 2.54261558e-06
 2.68568000e+00 2.31674795e-06
 2.71066000e+00 2.49089022e-06
 2.73564000e+00 2.66500094e-06
 2.76066000e+00 2.43903844e-06
 2.78564000e+00 2.61308561e-06
 2.81066000e+00 2.38705922e-06
 2.83224000e+00 2.56458536e-06
 2.86062000e+00 2.73499326e-06
 2.88560000e+00 2.90891186e-06
 2.90724000e+00 2.48629150e-06
 2.93560000e+00 2.85660968e-06
 2.95718000e+00 3.03399562e-06
 2.98222000e+00 2.60772504e-06
 3.01060000e+00 2.77791026e-06
 3.03218000e+00 2.95521066e-06
 3.06058000e+00 2.92529940e-06
 3.08218000e+00 2.90252110e-06
 3.10718000e+00 2.87612604e-06
 3.13556000e+00 3.04612149e-06
 3.15716000e+00 3.02325581e-06
 3.18212000e+00 3.39680164e-06
 3.21054000e+00 3.16663890e-06
 3.23214000e+00 3.14368474e-06
 3.25712000e+00 3.31710662e-06
 3.28214000e+00 3.09045135e-06
 3.30712000e+00 3.26380400e-06
 3.34578000e+00 2.62249488e-06
 3.35712000e+00 3.21036192e-06
 3.38210000e+00 3.38360965e-06
 3.41052000e+00 3.15313043e-06
 3.43210000e+00 3.32995619e-06
 3.46046000e+00 3.59946071e-06
 3.48204000e+00 3.77622490e-06
 3.51050000e+00 3.24554025e-06
 3.53548000e+00 3.31856907e-06
 3.55706000e+00 3.49523976e-06
 3.58206000e+00 3.46817931e-06
 3.60704000e+00 3.64110398e-06
 3.63202000e+00 3.81399199e-06
 3.65706000e+00 3.38677792e-06
 3.68204000e+00 3.55959202e-06
 3.70702000e+00 3.73236897e-06
 3.73204000e+00 3.50506491e-06
 3.75700000e+00 3.87778886e-06
 3.78200000e+00 3.85043141e-06
 3.80700000e+00 3.82303608e-06
 3.83198000e+00 3.99562464e-06
 3.85698000e+00 3.96815304e-06
 3.88196000e+00 4.14066507e-06
 3.90698000e+00 3.91309446e-06
 3.93194000e+00 4.28555129e-06
 3.95696000e+00 4.05790296e-06
 3.98196000e+00 4.03023760e-06
 4.00692000e+00 4.40257731e-06
 4.03192000e+00 4.37483324e-06
 4.05696000e+00 3.94700502e-06
 4.08190000e+00 4.51924820e-06
 4.10694000e+00 4.09134001e-06
 4.13532000e+00 4.25966045e-06
 4.15692000e+00 4.23551424e-06
 4.17856000e+00 4.71129293e-06
 4.20686000e+00 4.67957107e-06
 4.22856000e+00 4.65521167e-06
 4.25359000e+00 4.42707566e-06
 4.27854000e+00 4.79898831e-06
 4.30356000e+00 4.57078060e-06
 4.33182000e+00 4.93886979e-06
 4.35356000e+00 4.51428478e-06
 4.37850000e+00 5.08604172e-06
 4.40354000e+00 4.65764301e-06
 4.42850000e+00 5.02929252e-06
 4.45680000e+00 4.99709674e-06
 4.47850000e+00 4.97237218e-06
 4.50348000e+00 5.14387015e-06
 4.53178000e+00 5.11152764e-06
 4.55348000e+00 5.08669001e-06
 4.57844000e+00 5.45808016e-06
 4.60344000e+00 5.42938042e-06
 4.62841000e+00 5.70067090e-06
 4.65344000e+00 5.37184783e-06
 4.67844000e+00 5.34301454e-06
 4.70341000e+00 5.61417096e-06
 4.72841000e+00 5.58524755e-06
 4.75341000e+00 5.55627872e-06
 4.77499000e+00 5.73123611e-06
 4.80336000e+00 5.89826200e-06
 4.82839000e+00 5.66912061e-06
 4.85336000e+00 5.84000275e-06
 4.87832000e+00 6.21085009e-06
 4.90332000e+00 6.18160388e-06
 4.93162000e+00 6.14844032e-06
 4.95330000e+00 6.32299340e-06
 4.97826000e+00 6.69365223e-06
 5.00328000e+00 6.46419266e-06
 5.02824000e+00 6.83475573e-06
 5.04984000e+00 6.80924255e-06
 5.07824000e+00 6.77564223e-06
 5.10321000e+00 7.04604787e-06
 5.12821000e+00 7.01636883e-06
 5.14979000e+00 7.19071016e-06
 5.17474000e+00 7.56099842e-06
 5.19977000e+00 7.33114146e-06
 5.22474000e+00 7.50130594e-06
 5.24972000e+00 7.67140810e-06
 5.27468000e+00 8.04148358e-06
 5.29966000e+00 8.21148417e-06
 5.32466000e+00 8.18140944e-06
 5.34968000e+00 7.95125899e-06
 5.37461000e+00 8.62116531e-06
 5.39959000e+00 8.79095923e-06
 5.42119000e+00 8.76479806e-06
 5.44617000e+00 8.93449405e-06
 5.47110000e+00 9.50419791e-06
 5.49948000e+00 9.66964459e-06
 5.52106000e+00 9.84332416e-06
 5.54604000e+00 1.00128067e-05
 5.57099000e+00 1.04822717e-05
 5.59597000e+00 1.06516456e-05
 5.62093000e+00 1.10209893e-05
 5.64593000e+00 1.09902287e-05
 5.66746000e+00 1.15636931e-05
 5.69244000e+00 1.17328536e-05
 5.72081000e+00 1.19977609e-05
 5.74233000e+00 1.27710929e-05
 5.76726000e+00 1.33401464e-05
 5.79226000e+00 1.33090560e-05
 5.81722000e+00 1.36779580e-05
 5.84220000e+00 1.38467773e-05
 5.86712000e+00 1.46156136e-05
 5.88867000e+00 1.49886174e-05
 5.91360000e+00 1.56573324e-05
 5.93856000e+00 1.60259507e-05
 5.96012000e+00 1.63987960e-05
 5.98849000e+00 1.66629962e-05
 6.01342000e+00 1.72314732e-05
 6.03496000e+00 1.78041881e-05
 6.05989000e+00 1.84725522e-05
 6.08487000e+00 1.86407916e-05
 6.10976000e+00 1.96090841e-05
 6.13469000e+00 2.02772639e-05
 6.15620000e+00 2.10497588e-05
 6.18120000e+00 2.10177325e-05
 6.20611000e+00 2.18857585e-05
 6.23102000e+00 2.26537212e-05
 6.25596000e+00 2.32215815e-05
 6.27749000e+00 2.38937845e-05
 6.30240000e+00 2.46615635e-05
 6.32731000e+00 2.55292776e-05
 6.35223000e+00 2.62969134e-05
 6.37716000e+00 2.68644704e-05
 6.39871000e+00 2.73363725e-05
 6.42358000e+00 2.85038839e-05
 6.44849000e+00 2.93712761e-05
 6.47345000e+00 2.97385352e-05
 6.50523000e+00 2.98967494e-05
 6.51989000e+00 3.11774362e-05
 6.54476000e+00 3.23446178e-05
 6.56967000e+00 3.32116774e-05
 6.59461000e+00 3.37786274e-05
 6.61607000e+00 3.50501327e-05
 6.64099000e+00 3.58169779e-05
 6.66589000e+00 3.66837786e-05
 6.69079000e+00 3.76505078e-05
 6.71225000e+00 3.89217756e-05
 6.73374000e+00 3.99929492e-05
 6.75865000e+00 4.07594672e-05
 6.78352000e+00 4.20259656e-05
 6.80843000e+00 4.27923360e-05
 6.82987000e+00 4.42633314e-05
 6.85478000e+00 4.51295625e-05
 6.87967000e+00 4.60957453e-05
 6.90126000e+00 4.71663500e-05
 6.92270000e+00 4.86371019e-05
 6.94762000e+00 4.94030347e-05
 6.96908000e+00 5.06736351e-05
 6.99398000e+00 5.16394501e-05
 7.01540000e+00 5.33099797e-05
 7.04033000e+00 5.39756062e-05
 7.06178000e+00 5.53459668e-05
 7.08666000e+00 5.64115132e-05
 7.10808000e+00 5.80817862e-05
 7.13297000e+00 5.91471676e-05
 7.15444000e+00 6.03172398e-05
 7.17589000e+00 6.17872785e-05
 7.20075000e+00 6.30524767e-05
 7.22219000e+00 6.45223954e-05
 7.25047000e+00 6.56826214e-05
 7.26851000e+00 6.71571920e-05
 7.29337000e+00 6.84220750e-05
 7.31482000e+00 6.98917058e-05
 7.33966000e+00 7.13564563e-05
 7.36115000e+00 7.23258901e-05
 7.38260000e+00 7.37953152e-05
 7.40740000e+00 7.56598829e-05
 7.42884000e+00 7.71291794e-05
 7.45369000e+00 7.84935087e-05
 7.47511000e+00 8.01626887e-05
 7.49998000e+00 8.14268196e-05
 7.51814000e+00 8.27005697e-05
 7.54294000e+00 8.45646419e-05
 7.56432000e+00 8.66335939e-05
 7.58923000e+00 8.74973317e-05
 7.61061000e+00 8.95661322e-05
 7.63205000e+00 9.10347739e-05
 7.65345000e+00 9.29034026e-05
 7.67828000e+00 9.44669127e-05
 7.69968000e+00 9.63353851e-05
 7.72115000e+00 9.76036808e-05
 7.74251000e+00 9.98720652e-05
 7.76737000e+00 1.01135176e-04
 7.78881000e+00 1.02603280e-04
 7.81019000e+00 1.04671398e-04
 7.83157000e+00 1.06739440e-04
 7.85639000e+00 1.08402244e-04
 7.87777000e+00 1.10470120e-04
 7.90262000e+00 1.11932684e-04
 7.92402000e+00 1.13800360e-04
 7.94554000e+00 1.15467775e-04
 7.97366000e+00 1.17125074e-04
 7.98832000e+00 1.19402757e-04
 8.00970000e+00 1.21470142e-04
 8.03452000e+00 1.23132176e-04
 8.05249000e+00 1.25304619e-04
 8.07729000e+00 1.27166491e-04
 8.09531000e+00 1.28838717e-04
 8.12007000e+00 1.31100455e-04
 8.14147000e+00 1.32967293e-04
 8.16285000e+00 1.35034076e-04
 8.18419000e+00 1.37500835e-04
 8.20561000e+00 1.39167381e-04
 8.23038000e+00 1.41328584e-04
 8.25176000e+00 1.43395001e-04
 8.27312000e+00 1.45661359e-04
 8.29792000e+00 1.47522185e-04
 8.31938000e+00 1.49788188e-04
 8.34073000e+00 1.52154272e-04
 8.36211000e+00 1.54220215e-04
 8.38348000e+00 1.56286079e-04
 8.40482000e+00 1.58751897e-04
 8.42615000e+00 1.61317635e-04
 8.44751000e+00 1.63583229e-04
 8.46893000e+00 1.65248627e-04
 8.49029000e+00 1.67514024e-04
 8.51162000e+00 1.70079371e-04
 8.52949000e+00 1.73150261e-04
 8.55431000e+00 1.74809713e-04
 8.57564000e+00 1.77374756e-04
 8.59700000e+00 1.79639646e-04
 8.61844000e+00 1.82104301e-04
 8.64318000e+00 1.84463383e-04
 8.66794000e+00 1.86722288e-04
 8.68584000e+00 1.89592490e-04
 8.70714000e+00 1.92356932e-04
 8.73188000e+00 1.94815494e-04
 8.74983000e+00 1.97185335e-04
 8.77119000e+00 1.99449345e-04
 8.79248000e+00 2.02413360e-04
 8.81043000e+00 2.04682932e-04
 8.83170000e+00 2.07846771e-04
 8.85301000e+00 2.10510426e-04
 8.87094000e+00 2.13079755e-04
 8.89238000e+00 2.15542970e-04
 8.91370000e+00 2.18206271e-04
 8.93500000e+00 2.20969486e-04
 8.95630000e+00 2.23832579e-04
 8.98103000e+00 2.26389575e-04
 8.99893000e+00 2.29158342e-04
 9.02016000e+00 2.32621184e-04
 9.04151000e+00 2.34983689e-04
 9.05941000e+00 2.37852152e-04
 9.08067000e+00 2.41014577e-04
 9.10200000e+00 2.43576746e-04
 9.11990000e+00 2.46444896e-04
 9.13786000e+00 2.49612844e-04
 9.15915000e+00 2.52574725e-04
 9.18046000e+00 2.55236432e-04
 9.20171000e+00 2.58598108e-04
 9.22299000e+00 2.61559591e-04
 9.24429000e+00 2.64420895e-04
 9.26559000e+00 2.67182056e-04
 9.28685000e+00 2.70443144e-04
 9.30469000e+00 2.73810379e-04
 9.33284000e+00 2.76158465e-04
 9.34384000e+00 2.79938107e-04
 9.36178000e+00 2.83304819e-04
 9.38306000e+00 2.86365190e-04
 9.40094000e+00 2.89331774e-04
 9.42219000e+00 2.92691914e-04
 9.44343000e+00 2.96051915e-04
 9.46471000e+00 2.99111678e-04
 9.48255000e+00 3.02477820e-04
 9.50379000e+00 3.05837358e-04
 9.52164000e+00 3.09203225e-04
 9.54290000e+00 3.12362415e-04
 9.56084000e+00 3.15727844e-04
 9.57530000e+00 3.18999890e-04
 9.59652000e+00 3.22558720e-04
 9.61780000e+00 3.25517256e-04
 9.63563000e+00 3.29082376e-04
 9.65687000e+00 3.32440657e-04
 9.68151000e+00 3.35792028e-04
 9.70277000e+00 3.39049868e-04
 9.72059000e+00 3.42614382e-04
 9.74183000e+00 3.45971908e-04
 9.75978000e+00 3.49335861e-04
 9.77758000e+00 3.53099976e-04
 9.79540000e+00 3.56663908e-04
 9.81326000e+00 3.59827617e-04
 9.83107000e+00 3.63591281e-04
 9.85233000e+00 3.66747715e-04
 9.87353000e+00 3.70504060e-04
 9.89135000e+00 3.74067199e-04
 9.91262000e+00 3.77223001e-04
 9.93052000e+00 3.80985633e-04
 9.95176000e+00 3.84341085e-04
 9.96279000e+00 3.87917861e-04
 9.98059000e+00 3.91680251e-04
 1.00018000e+01 3.95235221e-04
 1.00196000e+01 3.98997248e-04
 1.00408000e+01 4.02551799e-04
 1.00588000e+01 4.06113019e-04
 1.00766000e+01 4.09674494e-04
 1.00944000e+01 4.13035790e-04
 1.01088000e+01 4.16823577e-04
 1.01266000e+01 4.20423577e-04
 1.01444000e+01 4.24223577e-04
 1.01657000e+01 4.27823577e-04
 1.01869000e+01 4.31623577e-04
 1.02082000e+01 4.35223577e-04
 1.02260000e+01 4.38623577e-04
 1.02438000e+01 4.42423577e-04
 1.02617000e+01 4.46023577e-04
 1.02760000e+01 4.50023577e-04
 1.02939000e+01 4.53623577e-04
 1.03117000e+01 4.57223577e-04
 1.03330000e+01 4.60623577e-04
 1.03543000e+01 4.64023577e-04
 1.03755000e+01 4.67823577e-04
 1.03933000e+01 4.71323577e-04
 1.04145000e+01 4.74923577e-04
 1.04323000e+01 4.78623577e-04
 1.04502000e+01 4.81523577e-04
 1.04681000e+01 4.85123577e-04
 1.04859000e+01 4.88323577e-04
 1.05039000e+01 4.91723577e-04
 1.05252000e+01 4.94623577e-04
 1.05464000e+01 4.97623577e-04
 1.05643000e+01 5.01223577e-04
 1.05855000e+01 5.04623577e-04
 1.06034000e+01 5.07723577e-04
 1.06213000e+01 5.10723577e-04
 1.06357000e+01 5.14323577e-04
 1.06570000e+01 5.17523577e-04
 1.06750000e+01 5.20423577e-04
 1.06928000e+01 5.23423577e-04
 1.07141000e+01 5.26823577e-04
 1.07320000e+01 5.29823577e-04
 1.07532000e+01 5.32923577e-04
 1.07711000e+01 5.35723577e-04
 1.07890000e+01 5.38923577e-04
 1.08103000e+01 5.42223577e-04
 1.08283000e+01 5.45023577e-04
 1.08462000e+01 5.48023577e-04
 1.08640000e+01 5.51323577e-04
 1.08819000e+01 5.54323577e-04
 1.09066000e+01 5.57323577e-04
 1.09245000e+01 5.60423577e-04
 1.09423000e+01 5.63423577e-04
 1.09636000e+01 5.66623577e-04
 1.09815000e+01 5.69523577e-04
 1.09961000e+01 5.72123577e-04
 1.10174000e+01 5.75523577e-04
 1.10353000e+01 5.78423577e-04
 1.10565000e+01 5.81623577e-04
 1.10744000e+01 5.84623577e-04
 1.10991000e+01 5.87523577e-04
 1.11204000e+01 5.90323577e-04
 1.11383000e+01 5.93023577e-04
 1.11596000e+01 5.95823577e-04
 1.11742000e+01 5.98923577e-04
 1.11921000e+01 6.01923577e-04
 1.12100000e+01 6.04723577e-04
 1.12313000e+01 6.07823577e-04
 1.12492000e+01 6.10623577e-04
 1.12705000e+01 6.13423577e-04
 1.12883000e+01 6.16923577e-04
 1.13097000e+01 6.19323577e-04
 1.13277000e+01 6.22423577e-04
 1.13455000e+01 6.25423577e-04
 1.13635000e+01 6.28023577e-04
 1.13813000e+01 6.31123577e-04
 1.13992000e+01 6.33923577e-04
 1.14171000e+01 6.36823577e-04
 1.14385000e+01 6.39423577e-04
 1.14597000e+01 6.42523577e-04
 1.14777000e+01 6.45323577e-04
 1.14956000e+01 6.48323577e-04
 1.15136000e+01 6.51023577e-04
 1.15315000e+01 6.53823577e-04
 1.15494000e+01 6.56723577e-04
 1.15672000e+01 6.59723577e-04
 1.15885000e+01 6.62623577e-04
 1.16064000e+01 6.65423577e-04
 1.16278000e+01 6.68123577e-04
 1.16458000e+01 6.70923577e-04
 1.16671000e+01 6.73723577e-04
 1.16850000e+01 6.76423577e-04
 1.16995000e+01 6.79423577e-04
 1.17174000e+01 6.82323577e-04
 1.17387000e+01 6.84723577e-04
 1.17669000e+01 6.86623577e-04
 1.17746000e+01 6.90423577e-04
 1.17959000e+01 6.93123577e-04
 1.18172000e+01 6.95923577e-04
 1.18385000e+01 6.99023577e-04
 1.18564000e+01 7.01823577e-04
 1.18743000e+01 7.04523577e-04
 1.18923000e+01 7.07123577e-04
 1.19102000e+01 7.10123577e-04
 1.19281000e+01 7.12823577e-04
 1.19461000e+01 7.15623577e-04
 1.19674000e+01 7.18323577e-04
 1.19853000e+01 7.21123577e-04
 1.20066000e+01 7.23823577e-04
 1.20245000e+01 7.26623577e-04
 1.20425000e+01 7.29123577e-04
 1.20604000e+01 7.31923577e-04
 1.20782000e+01 7.35023577e-04
 1.20962000e+01 7.37823577e-04
 1.21142000e+01 7.40523577e-04
 1.21355000e+01 7.43523577e-04
 1.21534000e+01 7.46023577e-04
 1.21747000e+01 7.48823577e-04
 1.21926000e+01 7.51723577e-04
 1.22105000e+01 7.54323577e-04
 1.22284000e+01 7.57223577e-04
 1.22464000e+01 7.60223577e-04
 1.22643000e+01 7.63023577e-04
 1.22823000e+01 7.65323577e-04
 1.23001000e+01 7.68423577e-04
 1.23215000e+01 7.71023577e-04
 1.23394000e+01 7.73723577e-04
 1.23573000e+01 7.76323577e-04
 1.23753000e+01 7.79323577e-04
 1.23898000e+01 7.82023577e-04
 1.24077000e+01 7.84723577e-04
 1.24290000e+01 7.87723577e-04
 1.24504000e+01 7.90023577e-04
 1.24683000e+01 7.93023577e-04
 1.24896000e+01 7.95823577e-04
 1.25075000e+01 7.98123577e-04
 1.25288000e+01 8.01023577e-04
 1.25434000e+01 8.03823577e-04
 1.25613000e+01 8.06623577e-04
 1.25792000e+01 8.09323577e-04
 1.25972000e+01 8.11823577e-04
 1.26151000e+01 8.14623577e-04
 1.26364000e+01 8.17523577e-04
 1.26543000e+01 8.19923577e-04
 1.26690000e+01 8.22623577e-04
 1.26869000e+01 8.25423577e-04
 1.27047000e+01 8.28523577e-04
 1.27227000e+01 8.30523577e-04
 1.27406000e+01 8.33823577e-04
 1.27585000e+01 8.36223577e-04
 1.27798000e+01 8.39123577e-04
 1.27979000e+01 8.41723577e-04
 1.28158000e+01 8.44023577e-04
 1.28303000e+01 8.46823577e-04
 1.28516000e+01 8.49523577e-04
 1.28661000e+01 8.52223577e-04
 1.28841000e+01 8.54823577e-04
 1.29020000e+01 8.57723577e-04
 1.29234000e+01 8.59923577e-04
 1.29448000e+01 8.62223577e-04
 1.29627000e+01 8.65223577e-04
 1.29772000e+01 8.68123577e-04
 1.29951000e+01 8.70523577e-04
 1.30096000e+01 8.73223577e-04
 1.30310000e+01 8.76023577e-04
 1.30490000e+01 8.78323577e-04
 1.30704000e+01 8.80623577e-04
 1.30883000e+01 8.83423577e-04
 1.31096000e+01 8.86323577e-04
 1.31241000e+01 8.88923577e-04
 1.31454000e+01 8.91423577e-04
 1.31600000e+01 8.93923577e-04
 1.31779000e+01 8.96323577e-04
 1.31960000e+01 8.98823577e-04
 1.32139000e+01 9.01423577e-04
 1.32352000e+01 9.03923577e-04
 1.32531000e+01 9.06623577e-04
 1.32677000e+01 9.09223577e-04
 1.32856000e+01 9.11523577e-04
 1.33035000e+01 9.14223577e-04
 1.33216000e+01 9.16423577e-04
 1.33395000e+01 9.19123577e-04
 1.33575000e+01 9.21723577e-04
 1.33788000e+01 9.23823577e-04
 1.33933000e+01 9.26723577e-04
 1.34113000e+01 9.29323577e-04
 1.34292000e+01 9.31423577e-04
 1.34473000e+01 9.34123577e-04
 1.34652000e+01 9.36323577e-04
 1.34832000e+01 9.38623577e-04
 1.35011000e+01 9.40923577e-04
 1.35225000e+01 9.43223577e-04
 1.35370000e+01 9.46023577e-04
 1.35549000e+01 9.48723577e-04
 1.35730000e+01 9.50923577e-04
 1.35910000e+01 9.53223577e-04
 1.36089000e+01 9.55723577e-04
 1.36268000e+01 9.58123577e-04
 1.36448000e+01 9.60423577e-04
 1.36661000e+01 9.63323577e-04
 1.36841000e+01 9.65523577e-04
 1.37020000e+01 9.67823577e-04
 1.37201000e+01 9.70123577e-04
 1.37381000e+01 9.72223577e-04
 1.37560000e+01 9.74823577e-04
 1.37705000e+01 9.77323577e-04
 1.37919000e+01 9.79423577e-04
 1.38098000e+01 9.82223577e-04
 1.38245000e+01 9.84123577e-04
 1.38424000e+01 9.86823577e-04
 1.38604000e+01 9.89023577e-04
 1.38784000e+01 9.91323577e-04
 1.38929000e+01 9.93623577e-04
 1.39109000e+01 9.95923577e-04
 1.39288000e+01 9.98323577e-04
 1.39469000e+01 1.00062358e-03
 1.39649000e+01 1.00272358e-03
 1.39794000e+01 1.00522358e-03
 1.39974000e+01 1.00712358e-03
 1.40153000e+01 1.00992358e-03
 1.40333000e+01 1.01202358e-03
 1.40547000e+01 1.01412358e-03
 1.40693000e+01 1.01632358e-03
 1.40942000e+01 1.01752358e-03
 1.41053000e+01 1.02032358e-03
 1.41199000e+01 1.02282358e-03
 1.41412000e+01 1.02492358e-03
 1.41558000e+01 1.02752358e-03
 1.41738000e+01 1.02962358e-03
 1.41952000e+01 1.03172358e-03
 1.42132000e+01 1.03422358e-03
 1.42345000e+01 1.03642358e-03
 1.42491000e+01 1.03832358e-03
 1.42637000e+01 1.04062358e-03
 1.42817000e+01 1.04252358e-03
 1.42997000e+01 1.04542358e-03
 1.43211000e+01 1.04742358e-03
 1.43391000e+01 1.04932358e-03
 1.43570000e+01 1.05162358e-03
 1.43716000e+01 1.05412358e-03
 1.43896000e+01 1.05602358e-03
 1.44041000e+01 1.05842358e-03
 1.44222000e+01 1.06052358e-03
 1.44402000e+01 1.06242358e-03
 1.44582000e+01 1.06452358e-03
 1.44761000e+01 1.06702358e-03
 1.44975000e+01 1.06892358e-03
 1.45121000e+01 1.07092358e-03
 1.45301000e+01 1.07302358e-03
 1.45447000e+01 1.07532358e-03
 1.45627000e+01 1.07742358e-03
 1.45807000e+01 1.07952358e-03
 1.45987000e+01 1.08162358e-03
 1.46167000e+01 1.08382358e-03
 1.46313000e+01 1.08572358e-03
 1.46494000e+01 1.08742358e-03
 1.46639000e+01 1.08992358e-03
 1.46819000e+01 1.09222358e-03
 1.47033000e+01 1.09412358e-03
 1.47213000e+01 1.09622358e-03
 1.47392000e+01 1.09832358e-03
 1.47572000e+01 1.10032358e-03
 1.47753000e+01 1.10242358e-03
 1.47933000e+01 1.10432358e-03
 1.48079000e+01 1.10642358e-03
 1.48258000e+01 1.10872358e-03
 1.48438000e+01 1.11062358e-03
 1.48584000e+01 1.11272358e-03
 1.48765000e+01 1.11462358e-03
 1.48911000e+01 1.11662358e-03
 1.49091000e+01 1.11852358e-03
 1.49271000e+01 1.12042358e-03
 1.49417000e+01 1.12292358e-03
 1.49597000e+01 1.12482358e-03
 1.49778000e+01 1.12652358e-03
 1.49924000e+01 1.12862358e-03
 1.50104000e+01 1.13052358e-03
 1.50249000e+01 1.13262358e-03
 1.50429000e+01 1.13482358e-03
 1.50609000e+01 1.13672358e-03
 1.50756000e+01 1.13862358e-03
 1.50936000e+01 1.14072358e-03
 1.51082000e+01 1.14242358e-03
 1.51262000e+01 1.14452358e-03
 1.51442000e+01 1.14662358e-03
 1.51588000e+01 1.14852358e-03
 1.51803000e+01 1.15022358e-03
 1.52017000e+01 1.15192358e-03
 1.52163000e+01 1.15422358e-03
 1.52308000e+01 1.15632358e-03
 1.52489000e+01 1.15802358e-03
 1.52635000e+01 1.15992358e-03
 1.52815000e+01 1.16212358e-03
 1.52995000e+01 1.16402358e-03
 1.53176000e+01 1.16562358e-03
 1.53322000e+01 1.16752358e-03
 1.53501000e+01 1.16972358e-03
 1.53647000e+01 1.17182358e-03
 1.53828000e+01 1.17352358e-03
 1.53975000e+01 1.17502358e-03
 1.54189000e+01 1.17712358e-03
 1.54335000e+01 1.17882358e-03
 1.54515000e+01 1.18052358e-03
 1.54661000e+01 1.18242358e-03
 1.54808000e+01 1.18452358e-03
 1.54988000e+01 1.18662358e-03
 1.55168000e+01 1.18852358e-03
 1.55348000e+01 1.19042358e-03
 1.55494000e+01 1.19172358e-03
 1.55640000e+01 1.19402358e-03
 1.55821000e+01 1.19572358e-03
 1.55967000e+01 1.19762358e-03
 1.56147000e+01 1.19952358e-03
 1.56327000e+01 1.20142358e-03
 1.56508000e+01 1.20272358e-03
 1.56688000e+01 1.20482358e-03
 1.56868000e+01 1.20672358e-03
 1.57015000e+01 1.20842358e-03
 1.57195000e+01 1.20972358e-03
 1.57375000e+01 1.21162358e-03
 1.57521000e+01 1.21352358e-03
 1.57667000e+01 1.21562358e-03
 1.57848000e+01 1.21752358e-03
 1.57995000e+01 1.21922358e-03
 1.58141000e+01 1.22092358e-03
 1.58321000e+01 1.22242358e-03
 1.58467000e+01 1.22452358e-03
 1.58647000e+01 1.22602358e-03
 1.58828000e+01 1.22792358e-03
 1.58975000e+01 1.22962358e-03
 1.59121000e+01 1.23152358e-03
 1.59301000e+01 1.23322358e-03
 1.59447000e+01 1.23482358e-03
 1.59628000e+01 1.23672358e-03
 1.59809000e+01 1.23822358e-03
 1.59921000e+01 1.24012358e-03
 1.60101000e+01 1.24142358e-03
 1.60247000e+01 1.24312358e-03
 1.60427000e+01 1.24502358e-03
 1.60574000e+01 1.24712358e-03
 1.60755000e+01 1.24862358e-03
 1.60935000e+01 1.25012358e-03
 1.61081000e+01 1.25182358e-03
 1.61228000e+01 1.25352358e-03
 1.61408000e+01 1.25542358e-03
 1.61555000e+01 1.25712358e-03
 1.61735000e+01 1.25872358e-03
 1.61881000e+01 1.26042358e-03
 1.62062000e+01 1.26212358e-03
 1.62208000e+01 1.26362358e-03
 1.62389000e+01 1.26532358e-03
 1.62639000e+01 1.26572358e-03
 1.62683000e+01 1.26782358e-03
 1.62828000e+01 1.27002358e-03
 1.63009000e+01 1.27152358e-03
 1.63156000e+01 1.27332358e-03
 1.63336000e+01 1.27502358e-03
 1.63482000e+01 1.27692358e-03
 1.63663000e+01 1.27822358e-03
 1.63775000e+01 1.27992358e-03
 1.63922000e+01 1.28142358e-03
 1.64068000e+01 1.28312358e-03
 1.64249000e+01 1.28442358e-03
 1.64429000e+01 1.28612358e-03
 1.64610000e+01 1.28782358e-03
 1.64756000e+01 1.28942358e-03
 1.64903000e+01 1.29112358e-03
 1.65084000e+01 1.29242358e-03
 1.65230000e+01 1.29392358e-03
 1.65376000e+01 1.29562358e-03
 1.65557000e+01 1.29732358e-03
 1.65670000e+01 1.29872358e-03
 1.65851000e+01 1.30022358e-03
 1.65963000e+01 1.30212358e-03
 1.66144000e+01 1.30302358e-03
 1.66324000e+01 1.30472358e-03
 1.66470000e+01 1.30622358e-03
 1.66583000e+01 1.30812358e-03
 1.66764000e+01 1.30952358e-03
 1.66910000e+01 1.31122358e-03
 1.67057000e+01 1.31252358e-03
 1.67237000e+01 1.31382358e-03
 1.67385000e+01 1.31532358e-03
 1.67565000e+01 1.31692358e-03
 1.67677000e+01 1.31842358e-03
 1.67857000e+01 1.32032358e-03
 1.68005000e+01 1.32122358e-03
 1.68186000e+01 1.32312358e-03
 1.68332000e+01 1.32442358e-03
 1.68479000e+01 1.32582358e-03
 1.68625000e+01 1.32712358e-03
 1.68772000e+01 1.32882358e-03
 1.68953000e+01 1.33012358e-03
 1.69100000e+01 1.33162358e-03
 1.69246000e+01 1.33302358e-03
 1.69392000e+01 1.33512358e-03
 1.69539000e+01 1.33582358e-03
 1.69687000e+01 1.33732358e-03
 1.69833000e+01 1.33872358e-03
 1.69979000e+01 1.34042358e-03
 1.70126000e+01 1.34172358e-03
 1.70273000e+01 1.34322358e-03
 1.70420000e+01 1.34452358e-03
 1.70566000e+01 1.34622358e-03
 1.70713000e+01 1.34742358e-03
 1.70894000e+01 1.34852358e-03
 1.71007000e+01 1.35022358e-03
 1.71154000e+01 1.35172358e-03
 1.71334000e+01 1.35312358e-03
 1.71481000e+01 1.35442358e-03
 1.71661000e+01 1.35572358e-03
 1.71808000e+01 1.35742358e-03
 1.71921000e+01 1.35842358e-03
 1.72068000e+01 1.35952358e-03
 1.72249000e+01 1.36082358e-03
 1.72430000e+01 1.36202358e-03
 1.72509000e+01 1.36372358e-03
 1.72621000e+01 1.36542358e-03
 1.72802000e+01 1.36652358e-03
 1.72949000e+01 1.36792358e-03
 1.73095000e+01 1.36922358e-03
 1.73209000e+01 1.37072358e-03
 1.73355000e+01 1.37202358e-03
 1.73502000e+01 1.37302358e-03
 1.73649000e+01 1.37452358e-03
 1.73796000e+01 1.37562358e-03
 1.73943000e+01 1.37702358e-03
 1.74056000e+01 1.37812358e-03
 1.74202000e+01 1.37962358e-03
 1.74383000e+01 1.38112358e-03
 1.74531000e+01 1.38212358e-03
 1.74677000e+01 1.38342358e-03
 1.74790000e+01 1.38492358e-03
 1.74970000e+01 1.38612358e-03
 1.75118000e+01 1.38742358e-03
 1.75265000e+01 1.38852358e-03
 1.75411000e+01 1.38992358e-03
 1.75525000e+01 1.39082358e-03
 1.75637000e+01 1.39232358e-03
 1.75818000e+01 1.39382358e-03
 1.75965000e+01 1.39502358e-03
 1.76078000e+01 1.39612358e-03
 1.76225000e+01 1.39742358e-03
 1.76372000e+01 1.39882358e-03
 1.76485000e+01 1.39952358e-03
 1.76666000e+01 1.40082358e-03
 1.76779000e+01 1.40182358e-03
 1.76926000e+01 1.40292358e-03
 1.77039000e+01 1.40452358e-03
 1.77186000e+01 1.40582358e-03
 1.77367000e+01 1.40672358e-03
 1.77479000e+01 1.40822358e-03
 1.77627000e+01 1.40942358e-03
 1.77740000e+01 1.41032358e-03
 1.77887000e+01 1.41172358e-03
 1.78034000e+01 1.41242358e-03
 1.78181000e+01 1.41392358e-03
 1.78294000e+01 1.41532358e-03
 1.78407000e+01 1.41622358e-03
 1.78554000e+01 1.41732358e-03
 1.78667000e+01 1.41852358e-03
 1.78780000e+01 1.41942358e-03
 1.78927000e+01 1.42062358e-03
 1.79074000e+01 1.42172358e-03
 1.79188000e+01 1.42272358e-03
 1.79300000e+01 1.42422358e-03
 1.79413000e+01 1.42552358e-03
 1.79594000e+01 1.42642358e-03
 1.79741000e+01 1.42742358e-03
 1.79889000e+01 1.42892358e-03
 1.80002000e+01 1.42932358e-03
 1.80115000e+01 1.43062358e-03
 1.80261000e+01 1.43182358e-03
 1.80409000e+01 1.43312358e-03
 1.80556000e+01 1.43382358e-03
 1.80669000e+01 1.43542358e-03
 1.80782000e+01 1.43652358e-03
 1.80930000e+01 1.43712358e-03
 1.81077000e+01 1.43802358e-03
 1.81259000e+01 1.43842358e-03
 1.81303000e+01 1.43992358e-03
 1.81417000e+01 1.44122358e-03
 1.81598000e+01 1.44222358e-03
 1.81710000e+01 1.44332358e-03
 1.81823000e+01 1.44452358e-03
 1.81937000e+01 1.44562358e-03
 1.82084000e+01 1.44652358e-03
 1.82231000e+01 1.44752358e-03
 1.82378000e+01 1.44882358e-03
 1.82492000e+01 1.44962358e-03
 1.82639000e+01 1.45052358e-03
 1.82786000e+01 1.45152358e-03
 1.82899000e+01 1.45262358e-03
 1.83013000e+01 1.45342358e-03
 1.83126000e+01 1.45452358e-03
 1.83273000e+01 1.45562358e-03
 1.83385000e+01 1.45662358e-03
 1.83534000e+01 1.45752358e-03
 1.83612000e+01 1.45872358e-03
 1.83759000e+01 1.45982358e-03
 1.83872000e+01 1.46042358e-03
 1.84021000e+01 1.46132358e-03
 1.84133000e+01 1.46252358e-03
 1.84247000e+01 1.46322358e-03
 1.84393000e+01 1.46462358e-03
 1.84508000e+01 1.46512358e-03
 1.84654000e+01 1.46632358e-03
 1.84767000e+01 1.46722358e-03
 1.84881000e+01 1.46822358e-03
 1.85029000e+01 1.46872358e-03
 1.85141000e+01 1.47012358e-03
 1.85289000e+01 1.47042358e-03
 1.85369000e+01 1.47142358e-03
 1.85515000e+01 1.47292358e-03
 1.85663000e+01 1.47352358e-03
 1.85742000e+01 1.47422358e-03
 1.85855000e+01 1.47572358e-03
 1.86003000e+01 1.47632358e-03
 1.86150000e+01 1.47692358e-03
 1.86229000e+01 1.47802358e-03
 1.86343000e+01 1.47862358e-03
 1.86490000e+01 1.47972358e-03
 1.86637000e+01 1.48072358e-03
 1.86750000e+01 1.48142358e-03
 1.86864000e+01 1.48242358e-03
 1.86977000e+01 1.48332358e-03
 1.87125000e+01 1.48392358e-03
 1.87238000e+01 1.48502358e-03
 1.87318000e+01 1.48582358e-03
 1.87431000e+01 1.48652358e-03
 1.87578000e+01 1.48752358e-03
 1.87692000e+01 1.48842358e-03
 1.87805000e+01 1.48922358e-03
 1.87918000e+01 1.49002358e-03
 1.88032000e+01 1.49072358e-03
 1.88180000e+01 1.49172358e-03
 1.88259000e+01 1.49262358e-03
 1.88372000e+01 1.49322358e-03
 1.88519000e+01 1.49382358e-03
 1.88633000e+01 1.49492358e-03
 1.88747000e+01 1.49562358e-03
 1.88860000e+01 1.49622358e-03
 1.89008000e+01 1.49702358e-03
 1.89155000e+01 1.49772358e-03
 1.89235000e+01 1.49852358e-03
 1.89314000e+01 1.49942358e-03
 1.89462000e+01 1.50022358e-03
 1.89575000e+01 1.50112358e-03
 1.89688000e+01 1.50212358e-03
 1.89802000e+01 1.50292358e-03
 1.89916000e+01 1.50322358e-03
 1.90063000e+01 1.50402358e-03
 1.90142000e+01 1.50472358e-03
 1.90256000e+01 1.50592358e-03
 1.90369000e+01 1.50652358e-03
 1.90516000e+01 1.50742358e-03
 1.90630000e+01 1.50762358e-03
 1.90710000e+01 1.50892358e-03
 1.90857000e+01 1.50912358e-03
 1.90971000e+01 1.50992358e-03
 1.91084000e+01 1.51122358e-03
 1.91163000e+01 1.51202358e-03
 1.91277000e+01 1.51232358e-03
 1.91424000e+01 1.51312358e-03
 1.91504000e+01 1.51402358e-03
 1.91618000e+01 1.51442358e-03
 1.91731000e+01 1.51522358e-03
 1.91845000e+01 1.51592358e-03
 1.91924000e+01 1.51672358e-03
 1.92037000e+01 1.51762358e-03
 1.92185000e+01 1.51822358e-03
 1.92299000e+01 1.51882358e-03
 1.92413000e+01 1.51932358e-03
 1.92526000e+01 1.52032358e-03
 1.92640000e+01 1.52092358e-03
 1.92754000e+01 1.52122358e-03
 1.92832000e+01 1.52242358e-03
 1.92947000e+01 1.52302358e-03
 1.93094000e+01 1.52352358e-03
 1.93207000e+01 1.52452358e-03
 1.93287000e+01 1.52522358e-03
 1.93401000e+01 1.52602358e-03
 1.93514000e+01 1.52642358e-03
 1.93628000e+01 1.52692358e-03
 1.93708000e+01 1.52772358e-03
 1.93821000e+01 1.52842358e-03
 1.93969000e+01 1.52902358e-03
 1.94048000e+01 1.52962358e-03
 1.94162000e+01 1.53052358e-03
 1.94275000e+01 1.53132358e-03
 1.94389000e+01 1.53152358e-03
 1.94503000e+01 1.53212358e-03
 1.94582000e+01 1.53322358e-03
 1.94695000e+01 1.53382358e-03
 1.94776000e+01 1.53452358e-03
 1.94889000e+01 1.53492358e-03
 1.95002000e+01 1.53572358e-03
 1.95082000e+01 1.53622358e-03
 1.95197000e+01 1.53662358e-03
 1.95276000e+01 1.53742358e-03
 1.95389000e+01 1.53812358e-03
 1.95503000e+01 1.53892358e-03
 1.95617000e+01 1.53932358e-03
 1.95696000e+01 1.54022358e-03
 1.95811000e+01 1.54022358e-03
 1.95958000e+01 1.54122358e-03
 1.96037000e+01 1.54152358e-03
 1.96288000e+01 1.54127358e-03
 1.96199000e+01 1.54102358e-03
 1.96312000e+01 1.54232358e-03
 1.96425000e+01 1.54292358e-03
 1.96505000e+01 1.54382358e-03
 1.96652000e+01 1.54442358e-03
 1.96732000e+01 1.54492358e-03
 1.96846000e+01 1.54572358e-03
 1.96959000e+01 1.54672358e-03
 1.97073000e+01 1.54702358e-03
 1.97186000e+01 1.54762358e-03
 1.97267000e+01 1.54802358e-03
 1.97380000e+01 1.54872358e-03
 1.97493000e+01 1.54972358e-03
 1.97608000e+01 1.54992358e-03
 1.97687000e+01 1.55032358e-03
 1.97800000e+01 1.55102358e-03
 1.97881000e+01 1.55182358e-03
 1.97994000e+01 1.55272358e-03
 1.98073000e+01 1.55292358e-03
 1.98188000e+01 1.55372358e-03
 1.98301000e+01 1.55392358e-03
 1.98381000e+01 1.55422358e-03
 1.98494000e+01 1.55542358e-03
 1.98608000e+01 1.55582358e-03
 1.98722000e+01 1.55612358e-03
 1.98801000e+01 1.55692358e-03
 1.98916000e+01 1.55732358e-03
 1.98995000e+01 1.55782358e-03
 1.99109000e+01 1.55842358e-03
 1.99223000e+01 1.55882358e-03
 1.99337000e+01 1.55942358e-03
 1.99450000e+01 1.55972358e-03
 1.99497000e+01 1.56012358e-03
 1.99610000e+01 1.56092358e-03
 1.99690000e+01 1.56122358e-03
 1.99804000e+01 1.56222358e-03
 1.99883000e+01 1.56242358e-03
 1.99997000e+01 1.56282358e-03
 2.00110000e+01 1.56352358e-03
 2.00224000e+01 1.56432358e-03
 2.00304000e+01 1.56452358e-03
 2.00418000e+01 1.56502358e-03
 2.00533000e+01 1.56522358e-03
 2.00612000e+01 1.56602358e-03
 2.00725000e+01 1.56642358e-03
 2.00840000e+01 1.56692358e-03
 2.00953000e+01 1.56732358e-03
 2.01033000e+01 1.56792358e-03
 2.01146000e+01 1.56852358e-03
 2.01261000e+01 1.56902358e-03
 2.01374000e+01 1.56942358e-03
 2.01454000e+01 1.56982358e-03
 2.01568000e+01 1.57042358e-03
 2.01682000e+01 1.57092358e-03
 2.01795000e+01 1.57112358e-03
 2.01876000e+01 1.57172358e-03
 2.01955000e+01 1.57222358e-03
 2.02103000e+01 1.57282358e-03
 2.02183000e+01 1.57322358e-03
 2.02263000e+01 1.57362358e-03
 2.02376000e+01 1.57402358e-03
 2.02456000e+01 1.57472358e-03
 2.02570000e+01 1.57512358e-03
 2.02684000e+01 1.57512358e-03
 2.02763000e+01 1.57582358e-03
 2.02810000e+01 1.57642358e-03
 2.02957000e+01 1.57702358e-03
 2.03071000e+01 1.57742358e-03
 2.03151000e+01 1.57792358e-03
 2.03231000e+01 1.57812358e-03
 2.03344000e+01 1.57872358e-03
 2.03459000e+01 1.57932358e-03
 2.03539000e+01 1.57952358e-03
 2.03618000e+01 1.58042358e-03
 2.03733000e+01 1.58022358e-03
 2.03812000e+01 1.58102358e-03
 2.03891000e+01 1.58152358e-03
 2.04006000e+01 1.58172358e-03
 2.04086000e+01 1.58212358e-03
 2.04165000e+01 1.58252358e-03
 2.04280000e+01 1.58322358e-03
 2.04359000e+01 1.58342358e-03
 2.04439000e+01 1.58382358e-03
 2.04553000e+01 1.58492358e-03
 2.04667000e+01 1.58492358e-03
 2.04746000e+01 1.58532358e-03
 2.04827000e+01 1.58572358e-03
 2.04941000e+01 1.58612358e-03
 2.05020000e+01 1.58672358e-03
 2.05101000e+01 1.58682358e-03
 2.05180000e+01 1.58722358e-03
 2.05294000e+01 1.58802358e-03
 2.05407000e+01 1.58822358e-03
 2.05488000e+01 1.58822358e-03
 2.05602000e+01 1.58862358e-03
 2.05681000e+01 1.58912358e-03
 2.05762000e+01 1.58972358e-03
 2.05841000e+01 1.59032358e-03
 2.05955000e+01 1.59042358e-03
 2.06036000e+01 1.59082358e-03
 2.06115000e+01 1.59142358e-03
 2.06194000e+01 1.59222358e-03
 2.06275000e+01 1.59222358e-03
 2.06355000e+01 1.59252358e-03
 2.06468000e+01 1.59312358e-03
 2.06549000e+01 1.59352358e-03
 2.06629000e+01 1.59372358e-03
 2.06709000e+01 1.59422358e-03
 2.06822000e+01 1.59482358e-03
 2.06936000e+01 1.59502358e-03
 2.07016000e+01 1.59522358e-03
 2.07131000e+01 1.59562358e-03
 2.07176000e+01 1.59632358e-03
 2.07257000e+01 1.59672358e-03
 2.07371000e+01 1.59652358e-03
 2.07450000e+01 1.59732358e-03
 2.07563000e+01 1.59772358e-03
 2.07610000e+01 1.59822358e-03
 2.07724000e+01 1.59822358e-03
 2.07803000e+01 1.59862358e-03
 2.07884000e+01 1.59922358e-03
 2.07998000e+01 1.59952358e-03
 2.08111000e+01 1.59992358e-03
 2.08158000e+01 1.60032358e-03
 2.08271000e+01 1.60072358e-03
 2.08351000e+01 1.60112358e-03
 2.08466000e+01 1.60112358e-03
 2.08581000e+01 1.60052358e-03
 2.08593000e+01 1.60142358e-03
 2.08706000e+01 1.60242358e-03
 2.08786000e+01 1.60242358e-03
 2.08866000e+01 1.60322358e-03
 2.08946000e+01 1.60302358e-03
 2.09059000e+01 1.60372358e-03
 2.09140000e+01 1.60392358e-03
 2.09219000e+01 1.60452358e-03
 2.09299000e+01 1.60452358e-03
 2.09379000e+01 1.60542358e-03
 2.09493000e+01 1.60542358e-03
 2.09573000e+01 1.60562358e-03
 2.09654000e+01 1.60582358e-03
 2.09767000e+01 1.60642358e-03
 2.09847000e+01 1.60682358e-03
 2.09927000e+01 1.60732358e-03
 2.10007000e+01 1.60772358e-03
 2.10121000e+01 1.60772358e-03
 2.10167000e+01 1.60832358e-03
 2.10281000e+01 1.60882358e-03
 2.10395000e+01 1.60862358e-03
 2.10476000e+01 1.60902358e-03
 2.10555000e+01 1.60942358e-03
 2.10635000e+01 1.60982358e-03
 2.10750000e+01 1.61002358e-03
 2.10795000e+01 1.61092358e-03
 2.10909000e+01 1.61072358e-03
 2.10989000e+01 1.61152358e-03
 2.11069000e+01 1.61152358e-03
 2.11149000e+01 1.61192358e-03
 2.11230000e+01 1.61172358e-03
 2.11343000e+01 1.61232358e-03
 2.11388000e+01 1.61302358e-03
 2.11503000e+01 1.61302358e-03
 2.11583000e+01 1.61342358e-03
 2.11662000e+01 1.61402358e-03
 2.11777000e+01 1.61412358e-03
 2.11857000e+01 1.61432358e-03
 2.11937000e+01 1.61452358e-03
 2.12017000e+01 1.61512358e-03
 2.12131000e+01 1.61572358e-03
 2.12211000e+01 1.61572358e-03
 2.12291000e+01 1.61602358e-03
 2.12371000e+01 1.61642358e-03
 2.12451000e+01 1.61662358e-03
 2.12531000e+01 1.61702358e-03
 2.12611000e+01 1.61702358e-03
 2.12724000e+01 1.61772358e-03
 2.12805000e+01 1.61792358e-03
 2.12885000e+01 1.61832358e-03
 2.12964000e+01 1.61872358e-03
 2.13079000e+01 1.61912358e-03
 2.13125000e+01 1.61892358e-03
 2.13205000e+01 1.61952358e-03
 2.13319000e+01 1.62002358e-03
 2.13399000e+01 1.62022358e-03
 2.13479000e+01 1.62042358e-03
 2.13525000e+01 1.62062358e-03
 2.13639000e+01 1.62082358e-03
 2.13719000e+01 1.62172358e-03
 2.13799000e+01 1.62152358e-03
 2.13913000e+01 1.62172358e-03
 2.13960000e+01 1.62232358e-03
 2.14074000e+01 1.62232358e-03
 2.14153000e+01 1.62272358e-03
 2.14234000e+01 1.62322358e-03
 2.14314000e+01 1.62322358e-03
 2.14393000e+01 1.62402358e-03
 2.14508000e+01 1.62402358e-03
 2.14553000e+01 1.62442358e-03
 2.14667000e+01 1.62462358e-03
 2.14748000e+01 1.62462358e-03
 2.14828000e+01 1.62512358e-03
 2.14907000e+01 1.62552358e-03
 2.15022000e+01 1.62612358e-03
 2.15068000e+01 1.62612358e-03
 2.15147000e+01 1.62652358e-03
 2.15262000e+01 1.62672358e-03
 2.15308000e+01 1.62692358e-03
 2.15388000e+01 1.62722358e-03
 2.15468000e+01 1.62762358e-03
 2.15548000e+01 1.62782358e-03
 2.15628000e+01 1.62782358e-03
 2.15708000e+01 1.62842358e-03
 2.15788000e+01 1.62892358e-03
 2.15869000e+01 1.62912358e-03
 2.15949000e+01 1.62892358e-03
 2.16028000e+01 1.62932358e-03
 2.16109000e+01 1.62992358e-03
 2.16188000e+01 1.63052358e-03
 2.16302000e+01 1.63052358e-03
 2.16349000e+01 1.63082358e-03
 2.16463000e+01 1.63082358e-03
 2.16542000e+01 1.63122358e-03
 2.16589000e+01 1.63142358e-03
 2.16703000e+01 1.63162358e-03
 2.16783000e+01 1.63182358e-03
 2.16829000e+01 1.63222358e-03
 2.16943000e+01 1.63272358e-03
 2.17056000e+01 1.63312358e-03
 2.17137000e+01 1.63332358e-03
 2.17217000e+01 1.63312358e-03
 2.17297000e+01 1.63352358e-03
 2.17343000e+01 1.63392358e-03
 2.17457000e+01 1.63442358e-03
 2.17537000e+01 1.63462358e-03
 2.17618000e+01 1.63482358e-03
 2.17663000e+01 1.63502358e-03
 2.17744000e+01 1.63522358e-03
 2.17824000e+01 1.63542358e-03
 2.17903000e+01 1.63582358e-03
 2.17984000e+01 1.63602358e-03
 2.18064000e+01 1.63652358e-03
 2.18177000e+01 1.63692358e-03
 2.18259000e+01 1.63672358e-03
 2.18338000e+01 1.63732358e-03
 2.18418000e+01 1.63752358e-03
 2.18499000e+01 1.63772358e-03
 2.18578000e+01 1.63802358e-03
 2.18658000e+01 1.63782358e-03
 2.18739000e+01 1.63822358e-03
 2.18819000e+01 1.63862358e-03
 2.18898000e+01 1.63902358e-03
 2.18979000e+01 1.63942358e-03
 2.19059000e+01 1.63962358e-03
 2.19139000e+01 1.63992358e-03
 2.19219000e+01 1.63992358e-03
 2.19369000e+01 1.63862358e-03
 2.19346000e+01 1.63972358e-03
 2.19460000e+01 1.64012358e-03
 2.19506000e+01 1.64052358e-03
 2.19620000e+01 1.64072358e-03
 2.19700000e+01 1.64112358e-03
 2.19780000e+01 1.64132358e-03
 2.19861000e+01 1.64142358e-03
 2.19940000e+01 1.64182358e-03
 2.20020000e+01 1.64202358e-03
 2.20100000e+01 1.64262358e-03
 2.20214000e+01 1.64282358e-03
 2.20294000e+01 1.64282358e-03
 2.20375000e+01 1.64302358e-03
 2.20455000e+01 1.64332358e-03
 2.20534000e+01 1.64352358e-03
 2.20615000e+01 1.64372358e-03
 2.20695000e+01 1.64412358e-03
 2.20742000e+01 1.64412358e-03
 2.20821000e+01 1.64452358e-03
 2.20901000e+01 1.64492358e-03
 2.20982000e+01 1.64492358e-03
 2.21062000e+01 1.64522358e-03
 2.21175000e+01 1.64542358e-03
 2.21222000e+01 1.64582358e-03
 2.21336000e+01 1.64582358e-03
 2.21415000e+01 1.64642358e-03
 2.21496000e+01 1.64662358e-03
 2.21542000e+01 1.64692358e-03
 2.21655000e+01 1.64732358e-03
 2.21737000e+01 1.64712358e-03
 2.21783000e+01 1.64692358e-03
 2.21896000e+01 1.64732358e-03
 2.21943000e+01 1.64792358e-03
 2.22023000e+01 1.64812358e-03
 2.22104000e+01 1.64812358e-03
 2.22183000e+01 1.64872358e-03
 2.22297000e+01 1.64882358e-03
 2.22344000e+01 1.64882358e-03
 2.22423000e+01 1.64922358e-03
 2.22503000e+01 1.64922358e-03
 2.22584000e+01 1.64982358e-03
 2.22663000e+01 1.65022358e-03
 2.22777000e+01 1.65042358e-03
 2.22824000e+01 1.65072358e-03
 2.22904000e+01 1.65042358e-03
 2.22985000e+01 1.65072358e-03
 2.23064000e+01 1.65112358e-03
 2.23144000e+01 1.65152358e-03
 2.23225000e+01 1.65152358e-03
 2.23305000e+01 1.65192358e-03
 2.23385000e+01 1.65172358e-03
 2.23465000e+01 1.65242358e-03
 2.23545000e+01 1.65232358e-03
 2.23590000e+01 1.65302358e-03
 2.23672000e+01 1.65262358e-03
 2.23751000e+01 1.65302358e-03
 2.23798000e+01 1.65362358e-03
 2.23912000e+01 1.65382358e-03
 2.23958000e+01 1.65362358e-03
 2.24038000e+01 1.65422358e-03
 2.24118000e+01 1.65402358e-03
 2.24198000e+01 1.65432358e-03
 2.24279000e+01 1.65432358e-03
 2.24393000e+01 1.65432358e-03
 2.24438000e+01 1.65512358e-03
 2.24519000e+01 1.65552358e-03
 2.24599000e+01 1.65552358e-03
 2.24679000e+01 1.65532358e-03
 2.24759000e+01 1.65592358e-03
 2.24805000e+01 1.65622358e-03
 2.24886000e+01 1.65642358e-03
 2.24966000e+01 1.65642358e-03
 2.25045000e+01 1.65702358e-03
 2.25160000e+01 1.65762358e-03
 2.25240000e+01 1.65742358e-03
 2.25319000e+01 1.65782358e-03
 2.25400000e+01 1.65782358e-03
 2.25480000e+01 1.65832358e-03
 2.25560000e+01 1.65812358e-03
 2.25641000e+01 1.65832358e-03
 2.25687000e+01 1.65852358e-03
 2.25766000e+01 1.65892358e-03
 2.25847000e+01 1.65912358e-03
 2.25893000e+01 1.65952358e-03
 2.25973000e+01 1.65972358e-03
 2.26053000e+01 1.65972358e-03
 2.26133000e+01 1.65972358e-03
 2.26214000e+01 1.66002358e-03
 2.26328000e+01 1.66022358e-03
 2.26407000e+01 1.66082358e-03
 2.26454000e+01 1.66082358e-03
 2.26534000e+01 1.66102358e-03
 2.26614000e+01 1.66082358e-03
 2.26695000e+01 1.66142358e-03
 2.26775000e+01 1.66142358e-03
 2.26854000e+01 1.66172358e-03
 2.26902000e+01 1.66152358e-03
 2.26981000e+01 1.66232358e-03
 2.27095000e+01 1.66252358e-03
 2.27175000e+01 1.66272358e-03
 2.27255000e+01 1.66252358e-03
 2.27302000e+01 1.66332358e-03
 2.27382000e+01 1.66332358e-03
 2.27461000e+01 1.66362358e-03
 2.27542000e+01 1.66362358e-03
 2.27622000e+01 1.66362358e-03
 2.27702000e+01 1.66362358e-03
 2.27783000e+01 1.66422358e-03
 2.27828000e+01 1.66442358e-03
 2.27909000e+01 1.66502358e-03
 2.28023000e+01 1.66482358e-03
 2.28103000e+01 1.66502358e-03
 2.28183000e+01 1.66552358e-03
 2.28263000e+01 1.66572358e-03
 2.28343000e+01 1.66572358e-03
 2.28390000e+01 1.66592358e-03
 2.28470000e+01 1.66612358e-03
 2.28550000e+01 1.66632358e-03
 2.28664000e+01 1.66652358e-03
