 1.23946774e+00 7.63145534e-07 -4.14854891e-07
 1.26438598e+00 7.54999851e-07 -3.71009360e-07
 1.28930422e+00 7.45893150e-07 -3.22678121e-07
 1.31422245e+00 7.36014344e-07 -2.64661408e-07
 1.33913936e+00 7.25183783e-07 -1.98639004e-07
 1.36405626e+00 7.13196269e-07 -1.22187763e-07
 1.38897183e+00 7.00762850e-07 -3.60322472e-08
 1.41388738e+00 6.87851981e-07 5.88397668e-08
 1.43882914e+00 6.77766674e-07 1.41659896e-07
 1.46377367e+00 6.74671992e-07 1.88730215e-07
 1.48871957e+00 6.74977308e-07 2.21334104e-07
 1.51366553e+00 6.77146997e-07 2.42871529e-07
 1.53861149e+00 6.80876337e-07 2.56705635e-07
 1.56355746e+00 6.85091408e-07 2.63300743e-07
 1.58850213e+00 6.89813561e-07 2.66345700e-07
 1.61344942e+00 6.95393600e-07 2.66449370e-07
 1.63839667e+00 7.01444287e-07 2.68319876e-07
 1.66334262e+00 7.07221200e-07 2.67296172e-07
 1.68828722e+00 7.12848441e-07 2.69151132e-07
 1.71323311e+00 7.19023701e-07 2.74009771e-07
 1.73817638e+00 7.24980085e-07 2.75890380e-07
 1.76311568e+00 7.30656643e-07 2.77442834e-07
 1.78805234e+00 7.36724841e-07 2.78084980e-07
 1.81299028e+00 7.43112845e-07 2.76519238e-07
 1.83792821e+00 7.49808076e-07 2.73219966e-07
 1.86286352e+00 7.56069545e-07 2.71214900e-07
 1.88779750e+00 7.62580790e-07 2.69401559e-07
 1.91273147e+00 7.69326066e-07 2.66672088e-07
 1.93766276e+00 7.76236988e-07 2.69156576e-07
 1.96259403e+00 7.83589090e-07 2.70193083e-07
 1.98752267e+00 7.91343415e-07 2.68561940e-07
 2.01245126e+00 7.98720694e-07 2.72160567e-07
 2.03737722e+00 8.06029085e-07 2.73843808e-07
 2.06230055e+00 8.12871055e-07 2.79576579e-07
 2.08722649e+00 8.18791087e-07 2.77108002e-07
 2.11215241e+00 8.24572875e-07 2.75064607e-07
 2.13707570e+00 8.30542878e-07 2.74315551e-07
 2.16199768e+00 8.36299588e-07 2.72423906e-07
 2.18691702e+00 8.42200152e-07 2.69581012e-07
 2.21183763e+00 8.48723648e-07 2.67462022e-07
 2.23675951e+00 8.56198457e-07 2.67378593e-07
 2.26168270e+00 8.63660154e-07 2.62783163e-07
 2.28660587e+00 8.70908873e-07 2.56509164e-07
 2.31152642e+00 8.77957929e-07 2.52416221e-07
 2.33644697e+00 8.84802292e-07 2.49477664e-07
 2.36136751e+00 8.92161351e-07 2.46445600e-07
 2.38628800e+00 8.99627300e-07 2.47298241e-07
 2.41120850e+00 9.06438519e-07 2.48569433e-07
 2.43612901e+00 9.13328997e-07 2.49235580e-07
 2.46104948e+00 9.20276236e-07 2.51353024e-07
 2.48596994e+00 9.26874793e-07 2.51785056e-07
 2.51089038e+00 9.33814775e-07 2.54244320e-07
 2.53581078e+00 9.41046629e-07 2.56560205e-07
 2.56072852e+00 9.48507609e-07 2.57372400e-07
 2.58564624e+00 9.56137176e-07 2.60706391e-07
 2.61056654e+00 9.63878963e-07 2.64896767e-07
 2.63548681e+00 9.72032381e-07 2.71007051e-07
 2.66040968e+00 9.80194358e-07 2.76504002e-07
 2.68533252e+00 9.89053509e-07 2.84023652e-07
 2.71025531e+00 9.97448752e-07 2.93492984e-07
 2.73517807e+00 1.00567290e-06 3.02605001e-07
 2.76010081e+00 1.01440080e-06 3.14916796e-07
 2.78502350e+00 1.02319824e-06 3.30237078e-07
 2.80994617e+00 1.03164732e-06 3.42053266e-07
 2.83486880e+00 1.04077957e-06 3.54308620e-07
 2.85979401e+00 1.04943517e-06 3.64459412e-07
 2.88471921e+00 1.05790796e-06 3.74171555e-07
 2.90964440e+00 1.06620239e-06 3.83097533e-07
 2.93457087e+00 1.07500073e-06 3.94441640e-07
 2.95949732e+00 1.08439648e-06 4.07112405e-07
 2.98442378e+00 1.09381241e-06 4.23672665e-07
 3.00935156e+00 1.10321098e-06 4.37028787e-07
 3.03427933e+00 1.11344571e-06 4.49439649e-07
 3.05920844e+00 1.12392724e-06 4.59150436e-07
 3.08413621e+00 1.13531823e-06 4.68502749e-07
 3.10906399e+00 1.14613379e-06 4.76200176e-07
 3.13399306e+00 1.15739918e-06 4.86969636e-07
 3.15892084e+00 1.16832548e-06 4.96130974e-07
 3.18384862e+00 1.17957901e-06 5.06464254e-07
 3.20877901e+00 1.19148912e-06 5.15785218e-07
 3.23370811e+00 1.20369209e-06 5.23744690e-07
 3.25863852e+00 1.21650934e-06 5.30787125e-07
 3.28357022e+00 1.22950960e-06 5.38111969e-07
 3.30850323e+00 1.24266915e-06 5.43463663e-07
 3.33343754e+00 1.25628178e-06 5.52209424e-07
 3.35836265e+00 1.27060739e-06 5.58001417e-07
 3.38328774e+00 1.28567702e-06 5.66749543e-07
 3.40821414e+00 1.30088123e-06 5.74479460e-07
 3.43313922e+00 1.31578488e-06 5.80958711e-07
 3.45806561e+00 1.33121266e-06 5.86540911e-07
 3.48298941e+00 1.34710130e-06 5.90722153e-07
 3.50791324e+00 1.36307016e-06 5.94770747e-07
 3.53283313e+00 1.37944109e-06 5.97138519e-07
 3.55775039e+00 1.39608763e-06 6.00533823e-07
 3.58266895e+00 1.41219502e-06 6.04291949e-07
 3.60758749e+00 1.42802220e-06 6.09216567e-07
 3.63250602e+00 1.44419806e-06 6.18657081e-07
 3.65742455e+00 1.46100584e-06 6.29574652e-07
 3.68234431e+00 1.47759973e-06 6.42635651e-07
 3.70726404e+00 1.49422788e-06 6.59275899e-07
 3.73218374e+00 1.51185976e-06 6.80487992e-07
 3.75710342e+00 1.53000726e-06 7.01390886e-07
 3.78202306e+00 1.54891598e-06 7.27784511e-07
 3.80694139e+00 1.56885872e-06 7.55606550e-07
 3.83186100e+00 1.58972367e-06 7.82549571e-07
 3.85678059e+00 1.61139646e-06 8.13469291e-07
 3.88169885e+00 1.63393581e-06 8.45254046e-07
 3.90661578e+00 1.65745079e-06 8.79660641e-07
 3.93153004e+00 1.68215879e-06 9.19752441e-07
 3.95644297e+00 1.70757045e-06 9.62853396e-07
 3.98135455e+00 1.73429650e-06 1.00587105e-06
 4.00626478e+00 1.76219420e-06 1.05046762e-06
 4.03117364e+00 1.79147732e-06 1.10193866e-06
 4.05608116e+00 1.82272781e-06 1.15760487e-06
 4.08098729e+00 1.85540320e-06 1.21516298e-06
 4.10589208e+00 1.88934290e-06 1.27043761e-06
 4.13079417e+00 1.92528825e-06 1.32825785e-06
 4.15569225e+00 1.96302187e-06 1.39056558e-06
 4.18058762e+00 2.00197680e-06 1.45686142e-06
 4.20548157e+00 2.04304836e-06 1.52437432e-06
 4.23037281e+00 2.08641520e-06 1.60012201e-06
 4.25526388e+00 2.13181464e-06 1.68502942e-06
 4.28015345e+00 2.18010671e-06 1.77297059e-06
 4.30504285e+00 2.23105151e-06 1.86615914e-06
 4.32993073e+00 2.28491384e-06 1.96736904e-06
 4.35481589e+00 2.34176616e-06 2.07654939e-06
 4.37969950e+00 2.40202190e-06 2.19232357e-06
 4.40458162e+00 2.46537276e-06 2.31321102e-06
 4.42946218e+00 2.53225178e-06 2.44188658e-06
 4.45433989e+00 2.60266085e-06 2.57788263e-06
 4.47921350e+00 2.67601523e-06 2.72413978e-06
 4.50408552e+00 2.75376304e-06 2.88263256e-06
 4.52895464e+00 2.83655726e-06 3.05534884e-06
 4.55381830e+00 2.92357463e-06 3.23934321e-06
 4.57867905e+00 3.01544650e-06 3.43170204e-06
 4.60353688e+00 3.11171642e-06 3.63307814e-06
 4.62839703e+00 3.21444687e-06 3.84040837e-06
 4.65325294e+00 3.32285968e-06 4.05899613e-06
 4.67810455e+00 3.43732637e-06 4.29091989e-06
 4.70295316e+00 3.55832645e-06 4.53214444e-06
 4.72779616e+00 3.68566823e-06 4.78379440e-06
 4.75263614e+00 3.81866752e-06 5.04580110e-06
 4.77747174e+00 3.95737716e-06 5.32012133e-06
 4.80230561e+00 4.10314744e-06 5.60244026e-06
 4.82713511e+00 4.25635177e-06 5.89464886e-06
 4.85195891e+00 4.41624786e-06 6.19275917e-06
 4.87677697e+00 4.58386237e-06 6.50051161e-06
 4.90158931e+00 4.75928637e-06 6.82108343e-06
 4.92639456e+00 4.94281806e-06 7.15710420e-06
 4.95119021e+00 5.13426063e-06 7.49632185e-06
 4.97597876e+00 5.33401251e-06 7.84269182e-06
 5.00076021e+00 5.54224129e-06 8.19963490e-06
 5.02553453e+00 5.75942257e-06 8.56156190e-06
 5.05030038e+00 5.98518256e-06 8.93288248e-06
 5.07506037e+00 6.21995805e-06 9.31282021e-06
 5.09981183e+00 6.46425560e-06 9.70100914e-06
 5.12455475e+00 6.71801158e-06 1.00992044e-05
 5.14928911e+00 6.98110953e-06 1.05036464e-05
 5.17401619e+00 7.25298881e-06 1.09131282e-05
 5.19873601e+00 7.53496478e-06 1.13293463e-05
 5.22344847e+00 7.82663864e-06 1.17542523e-05
 5.24815360e+00 8.12770555e-06 1.21800393e-05
 5.27285403e+00 8.43687623e-06 1.25976088e-05
 5.29754578e+00 8.75481099e-06 1.30177502e-05
 5.32222883e+00 9.08225717e-06 1.34426766e-05
 5.34690315e+00 9.42006496e-06 1.38658472e-05
 5.37156869e+00 9.76664693e-06 1.42871874e-05
 5.39622416e+00 1.01236329e-05 1.47077467e-05
 5.42087083e+00 1.04904378e-05 1.51268860e-05
 5.44550997e+00 1.08670851e-05 1.55411516e-05
 5.47014028e+00 1.12527878e-05 1.59539255e-05
 5.49476171e+00 1.16482685e-05 1.63698263e-05
 5.51936905e+00 1.20538746e-05 1.67881208e-05
 5.54396489e+00 1.24695980e-05 1.72024162e-05
 5.56854920e+00 1.28951860e-05 1.76174147e-05
 5.59312198e+00 1.33304963e-05 1.80273678e-05
 5.61768312e+00 1.37757171e-05 1.84402423e-05
 5.64223138e+00 1.42311975e-05 1.88476506e-05
 5.66676669e+00 1.46955747e-05 1.92515802e-05
 5.69129041e+00 1.51697010e-05 1.96481913e-05
 5.71580119e+00 1.56536585e-05 2.00439906e-05
 5.74029766e+00 1.61465538e-05 2.04334369e-05
 5.76477988e+00 1.66488488e-05 2.08187968e-05
 5.78924785e+00 1.71597713e-05 2.11992824e-05
 5.81370146e+00 1.76803456e-05 2.15782208e-05
 5.83813946e+00 1.82094898e-05 2.19475497e-05
 5.86256047e+00 1.87468795e-05 2.23118707e-05
 5.88696450e+00 1.92920622e-05 2.26693672e-05
 5.91135283e+00 1.98454695e-05 2.30275097e-05
 5.93572548e+00 2.04071392e-05 2.33800714e-05
 5.96008112e+00 2.09770227e-05 2.37250262e-05
 5.98442102e+00 2.15551147e-05 2.40668063e-05
 6.00874254e+00 2.21410884e-05 2.44015230e-05
 6.03304435e+00 2.27353066e-05 2.47302709e-05
 6.05732907e+00 2.33366733e-05 2.50493236e-05
 6.08159537e+00 2.39454540e-05 2.53643970e-05
 6.10584323e+00 2.45615910e-05 2.56680802e-05
 6.13007135e+00 2.51850042e-05 2.59644185e-05
 6.15427970e+00 2.58149077e-05 2.62563653e-05
 6.17846963e+00 2.64506841e-05 2.65399783e-05
 6.20264103e+00 2.70925277e-05 2.68128652e-05
 6.22679263e+00 2.77406770e-05 2.70797150e-05
 6.25092310e+00 2.83945530e-05 2.73449376e-05
 6.27503245e+00 2.90540683e-05 2.76019840e-05
 6.29912194e+00 2.97190613e-05 2.78568864e-05
 6.32319030e+00 3.03888432e-05 2.81042287e-05
 6.34723627e+00 3.10635038e-05 2.83438327e-05
 6.37125982e+00 3.17429802e-05 2.85797142e-05
 6.39525961e+00 3.24284616e-05 2.88154075e-05
 6.41923695e+00 3.31180393e-05 2.90409703e-05
 6.44319052e+00 3.38121737e-05 2.92668845e-05
 6.46711905e+00 3.45112035e-05 2.94884149e-05
 6.49102115e+00 3.52154783e-05 2.97068107e-05
 6.51489156e+00 3.59240447e-05 2.99151767e-05
 6.53873681e+00 3.66369760e-05 3.01222459e-05
 6.56255564e+00 3.73533494e-05 3.03257257e-05
 6.58634673e+00 3.80745813e-05 3.05299793e-05
 6.61011007e+00 3.87999453e-05 3.07214186e-05
 6.63384699e+00 3.95280919e-05 3.09055162e-05
 6.65755616e+00 4.02596537e-05 3.10855124e-05
 6.68123494e+00 4.09955213e-05 3.12618809e-05
 6.70488334e+00 4.17349635e-05 3.14300919e-05
 6.72850266e+00 4.24779277e-05 3.15993742e-05
 6.75209685e+00 4.32234405e-05 3.17636278e-05
 6.77566327e+00 4.39716140e-05 3.19219470e-05
 6.79920068e+00 4.47222133e-05 3.20728396e-05
 6.82271032e+00 4.54734031e-05 3.22099392e-05
 6.84619096e+00 4.62273433e-05 3.23459704e-05
 6.86964125e+00 4.69842126e-05 3.24830686e-05
 6.89306121e+00 4.77435197e-05 3.26109413e-05
 6.91644943e+00 4.85057955e-05 3.27393702e-05
 6.93980855e+00 4.92706945e-05 3.28647516e-05
 6.96313726e+00 5.00383856e-05 3.29841448e-05
 6.98643684e+00 5.08081016e-05 3.31042377e-05
 7.00970595e+00 5.15791383e-05 3.32255714e-05
 7.03294597e+00 5.23524503e-05 3.33472680e-05
 7.05615551e+00 5.31289269e-05 3.34712772e-05
 7.07933594e+00 5.39082629e-05 3.35914977e-05
 7.10248721e+00 5.46893788e-05 3.37088088e-05
 7.12560937e+00 5.54723208e-05 3.38256883e-05
 7.14870106e+00 5.62569959e-05 3.39458845e-05
 7.17176493e+00 5.70424743e-05 3.40622660e-05
 7.19480100e+00 5.78291737e-05 3.41775989e-05
 7.21780929e+00 5.86181093e-05 3.42905918e-05
 7.24079110e+00 5.94090731e-05 3.44020171e-05
 7.26374120e+00 6.02014566e-05 3.45096339e-05
 7.28666349e+00 6.09957391e-05 3.46204038e-05
 7.30955668e+00 6.17933282e-05 3.47322310e-05
 7.33242204e+00 6.25935815e-05 3.48508243e-05
 7.35525829e+00 6.33950592e-05 3.49700510e-05
 7.37806540e+00 6.41972555e-05 3.50916544e-05
 7.40084468e+00 6.50019907e-05 3.52113460e-05
 7.42359351e+00 6.58110368e-05 3.53457694e-05
 7.44631453e+00 6.66220938e-05 3.54842298e-05
 7.46900641e+00 6.74357393e-05 3.56265302e-05
 7.49166917e+00 6.82516156e-05 3.57732175e-05
 7.51430152e+00 6.90696440e-05 3.59237474e-05
 7.53690857e+00 6.98887908e-05 3.60754280e-05
 7.55949036e+00 7.07078437e-05 3.62235536e-05
 7.58204691e+00 7.15289136e-05 3.63787622e-05
 7.60457554e+00 7.23528876e-05 3.65371821e-05
 7.62707890e+00 7.31782412e-05 3.67013328e-05
 7.64955696e+00 7.40053540e-05 3.68747497e-05
 7.67201108e+00 7.48346304e-05 3.70497255e-05
 7.69444258e+00 7.56687770e-05 3.72176919e-05
 7.71684754e+00 7.65065093e-05 3.73889351e-05
 7.73922718e+00 7.73485222e-05 3.75715312e-05
 7.76158286e+00 7.81950535e-05 3.77678120e-05
 7.78391193e+00 7.90473501e-05 3.79722747e-05
 7.80621441e+00 7.99040162e-05 3.81857241e-05
 7.82849163e+00 8.07653857e-05 3.84062644e-05
 7.85074493e+00 8.16318746e-05 3.86337984e-05
 7.87297296e+00 8.25037706e-05 3.88664705e-05
 7.89517706e+00 8.33791016e-05 3.91024221e-05
 7.91735326e+00 8.42582382e-05 3.93453638e-05
 7.93950284e+00 8.51431259e-05 3.95992026e-05
 7.96162702e+00 8.60323323e-05 3.98588622e-05
 7.98372065e+00 8.69270825e-05 4.01205780e-05
 8.00578887e+00 8.78270884e-05 4.03986653e-05
 8.02783301e+00 8.87321346e-05 4.06855450e-05
 8.04985044e+00 8.96432038e-05 4.09796769e-05
 8.07184255e+00 9.05616099e-05 4.12909846e-05
 8.09380670e+00 9.14862616e-05 4.16216878e-05
 8.11574681e+00 9.24173495e-05 4.19605414e-05
 8.13766025e+00 9.33550159e-05 4.23129944e-05
 8.15954832e+00 9.42995494e-05 4.26720508e-05
 8.18141102e+00 9.52492663e-05 4.30418311e-05
 8.20324971e+00 9.62046650e-05 4.34111008e-05
 8.22506433e+00 9.71655504e-05 4.37816417e-05
 8.24685226e+00 9.81337062e-05 4.41562873e-05
 8.26861613e+00 9.91042266e-05 4.45176956e-05
 8.29035331e+00 1.00081968e-04 4.48887033e-05
 8.31205987e+00 1.01067965e-04 4.52712904e-05
 8.33373575e+00 1.02061066e-04 4.56649894e-05
 8.35538096e+00 1.03061742e-04 4.60694851e-05
 8.37699547e+00 1.04069476e-04 4.64860996e-05
 8.39858190e+00 1.05085101e-04 4.69064715e-05
 8.42013894e+00 1.06106988e-04 4.73310557e-05
 8.44166662e+00 1.07136507e-04 4.77634701e-05
 8.46316492e+00 1.08173100e-04 4.82032459e-05
 8.48463378e+00 1.09217613e-04 4.86502266e-05
 8.50607323e+00 1.10269861e-04 4.90922668e-05
 8.52748199e+00 1.11330245e-04 4.95346893e-05
 8.54886142e+00 1.12400015e-04 4.99962160e-05
 8.57020885e+00 1.13478679e-04 5.04692831e-05
 8.59152559e+00 1.14565157e-04 5.09408911e-05
 8.61281033e+00 1.15659839e-04 5.14180256e-05
 8.63406430e+00 1.16762672e-04 5.18893395e-05
 8.65528493e+00 1.17871268e-04 5.23375401e-05
 8.67647089e+00 1.18983847e-04 5.27543729e-05
 8.69762349e+00 1.20100032e-04 5.31575727e-05
 8.71874410e+00 1.21220468e-04 5.35297300e-05
 8.73982881e+00 1.22344016e-04 5.38771031e-05
 8.76087891e+00 1.23471927e-04 5.42064906e-05
 8.78189304e+00 1.24603968e-04 5.45240384e-05
 8.80287126e+00 1.25740084e-04 5.48262431e-05
 8.82381484e+00 1.26880651e-04 5.51232188e-05
 8.84472384e+00 1.28024414e-04 5.54013820e-05
 8.86559825e+00 1.29169519e-04 5.56677719e-05
 8.88644069e+00 1.30317731e-04 5.59181288e-05
 8.90725109e+00 1.31467366e-04 5.61356181e-05
 8.92802816e+00 1.32618329e-04 5.63308433e-05
 8.94877191e+00 1.33768126e-04 5.65005112e-05
 8.96947974e+00 1.34920441e-04 5.66616112e-05
 8.99014770e+00 1.36074824e-04 5.68192301e-05
 9.01077974e+00 1.37230997e-04 5.69594067e-05
 9.03137460e+00 1.38389214e-04 5.70907568e-05
 9.05193229e+00 1.39548111e-04 5.71992318e-05
 9.07245678e+00 1.40709143e-04 5.72768927e-05
 9.09294419e+00 1.41870130e-04 5.73398019e-05
 9.11339320e+00 1.43029909e-04 5.73870304e-05
 9.13380512e+00 1.44191461e-04 5.74261596e-05
 9.15417988e+00 1.45353575e-04 5.74699225e-05
 9.17451750e+00 1.46517225e-04 5.75155132e-05
 9.19481671e+00 1.47680367e-04 5.75504074e-05
 9.21507884e+00 1.48841629e-04 5.75698545e-05
 9.23530393e+00 1.49999264e-04 5.75611634e-05
 9.25549069e+00 1.51152272e-04 5.75217370e-05
 9.27563777e+00 1.52299700e-04 5.74607586e-05
 9.29574395e+00 1.53441718e-04 5.73734068e-05
 9.31581053e+00 1.54581126e-04 5.72774583e-05
 9.33583096e+00 1.55716803e-04 5.71591916e-05
 9.35581185e+00 1.56848160e-04 5.70340424e-05
 9.37575712e+00 1.57973957e-04 5.68814145e-05
 9.39566685e+00 1.59091281e-04 5.66871661e-05
 9.41554365e+00 1.60198234e-04 5.64485429e-05
 9.43538625e+00 1.61294444e-04 5.61635996e-05
 9.45519467e+00 1.62378074e-04 5.58197270e-05
 9.47496761e+00 1.63448476e-04 5.54226303e-05
 9.49470642e+00 1.64503002e-04 5.49729365e-05
 9.51440988e+00 1.65541277e-04 5.44736798e-05
 9.53407933e+00 1.66563551e-04 5.39142814e-05
 9.55371356e+00 1.67569088e-04 5.32912386e-05
 9.57331516e+00 1.68553761e-04 5.25917114e-05
 9.59288804e+00 1.69512159e-04 5.18267483e-05
 9.61243231e+00 1.70446866e-04 5.09852077e-05
 9.63194794e+00 1.71355285e-04 5.00580223e-05
 9.65143634e+00 1.72236938e-04 4.90473441e-05
 9.67089628e+00 1.73090608e-04 4.79517493e-05
 9.69032387e+00 1.73919577e-04 4.67785945e-05
 9.70972048e+00 1.74722655e-04 4.55003941e-05
 9.72908619e+00 1.75496763e-04 4.41312907e-05
 9.74841972e+00 1.76240348e-04 4.26739346e-05
 9.76772496e+00 1.76952900e-04 4.11131662e-05
 9.78700201e+00 1.77633190e-04 3.94592779e-05
 9.80625353e+00 1.78279902e-04 3.76994495e-05
 9.82548084e+00 1.78891486e-04 3.58397297e-05
 9.84468405e+00 1.79467969e-04 3.38940775e-05
 9.86386316e+00 1.80006769e-04 3.18636942e-05
 9.88301700e+00 1.80507173e-04 2.97507167e-05
 9.90214563e+00 1.80968214e-04 2.75725989e-05
 9.92124779e+00 1.81391169e-04 2.53326182e-05
 9.94032479e+00 1.81776183e-04 2.30396203e-05
 9.95937798e+00 1.82119657e-04 2.06711443e-05
 9.97841395e+00 1.82422214e-04 1.82508577e-05
 9.99743537e+00 1.82686557e-04 1.57751810e-05
 1.00164410e+01 1.82910937e-04 1.32501089e-05
 1.00354322e+01 1.83094543e-04 1.06980201e-05
 1.00544065e+01 1.83240122e-04 8.12115539e-06
 1.00733651e+01 1.83346431e-04 5.53469052e-06
 1.00923094e+01 1.83413571e-04 2.95221286e-06
 1.01112420e+01 1.83442401e-04 3.67216856e-07
 1.01301657e+01 1.83432855e-04 -2.19256211e-06
 1.01490832e+01 1.83380822e-04 -4.72311925e-06
 1.01679970e+01 1.83285955e-04 -7.22289538e-06
 1.01869061e+01 1.83150192e-04 -9.69217778e-06
 1.02058103e+01 1.82972622e-04 -1.21276255e-05
 1.02247071e+01 1.82757159e-04 -1.45079867e-05
 1.02435980e+01 1.82506220e-04 -1.68273193e-05
 1.02624842e+01 1.82222173e-04 -1.90846070e-05
 1.02813684e+01 1.81905694e-04 -2.12779310e-05
 1.03002533e+01 1.81556343e-04 -2.33763445e-05
 1.03191442e+01 1.81180546e-04 -2.54303498e-05
 1.03380385e+01 1.80775588e-04 -2.73713746e-05
 1.03569348e+01 1.80339150e-04 -2.91998322e-05
 1.03758320e+01 1.79874521e-04 -3.09139639e-05
 1.03947275e+01 1.79383259e-04 -3.24990817e-05
 1.04136226e+01 1.78866762e-04 -3.39547138e-05
 1.04325160e+01 1.78327882e-04 -3.52762976e-05
 1.04514092e+01 1.77769542e-04 -3.64676523e-05
 1.04703021e+01 1.77192387e-04 -3.75173429e-05
 1.04891973e+01 1.76597123e-04 -3.84378743e-05
 1.05080962e+01 1.75984029e-04 -3.92201478e-05
 1.05270001e+01 1.75356249e-04 -3.98708242e-05
 1.05459062e+01 1.74715220e-04 -4.03838929e-05
 1.05648109e+01 1.74059842e-04 -4.07444693e-05
 1.05837153e+01 1.73392109e-04 -4.09513999e-05
 1.06026183e+01 1.72716026e-04 -4.10202118e-05
 1.06215197e+01 1.72032430e-04 -4.09384032e-05
 1.06404222e+01 1.71343216e-04 -4.07221079e-05
 1.06593311e+01 1.70652970e-04 -4.03886755e-05
 1.06782463e+01 1.69963817e-04 -3.99653870e-05
 1.06971678e+01 1.69276570e-04 -3.94503175e-05
 1.07160983e+01 1.68593231e-04 -3.88646141e-05
 1.07350352e+01 1.67915093e-04 -3.82133940e-05
 1.07539771e+01 1.67243995e-04 -3.74810140e-05
 1.07729214e+01 1.66580994e-04 -3.66680226e-05
 1.07918696e+01 1.65925792e-04 -3.57960514e-05
 1.08108254e+01 1.65273352e-04 -3.48955898e-05
 1.08297836e+01 1.64632650e-04 -3.39455033e-05
 1.08487467e+01 1.64004170e-04 -3.29643956e-05
 1.08677161e+01 1.63387521e-04 -3.19592773e-05
 1.08866944e+01 1.62785555e-04 -3.09483769e-05
 1.09056815e+01 1.62198581e-04 -2.99292409e-05
 1.09246736e+01 1.61629111e-04 -2.89266849e-05
 1.09436680e+01 1.61074212e-04 -2.79229329e-05
 1.09626648e+01 1.60534347e-04 -2.69103530e-05
 1.09816627e+01 1.60011231e-04 -2.59034958e-05
 1.10006616e+01 1.59504722e-04 -2.48995133e-05
 1.10196666e+01 1.59015222e-04 -2.39165057e-05
 1.10386752e+01 1.58543257e-04 -2.29554403e-05
 1.10576887e+01 1.58087841e-04 -2.20254538e-05
 1.10767044e+01 1.57649817e-04 -2.11309527e-05
 1.10957211e+01 1.57226823e-04 -2.02615304e-05
 1.11147334e+01 1.56818999e-04 -1.94216619e-05
 1.11337388e+01 1.56426492e-04 -1.86034526e-05
 1.11527386e+01 1.56050317e-04 -1.78152650e-05
 1.11717313e+01 1.55690706e-04 -1.70662697e-05
 1.11907223e+01 1.55347858e-04 -1.63620019e-05
 1.12097114e+01 1.55021190e-04 -1.57066906e-05
 1.12287000e+01 1.54708750e-04 -1.51007881e-05
 1.12476853e+01 1.54410442e-04 -1.45393992e-05
 1.12666661e+01 1.54122982e-04 -1.40028036e-05
 1.12856397e+01 1.53846011e-04 -1.34853139e-05
 1.13046062e+01 1.53579240e-04 -1.29702150e-05
 1.13235641e+01 1.53323704e-04 -1.24692094e-05
 1.13425149e+01 1.53079102e-04 -1.19941220e-05
 1.13614597e+01 1.52846170e-04 -1.15353443e-05
 1.13803998e+01 1.52622614e-04 -1.10988328e-05
 1.13993366e+01 1.52408607e-04 -1.06833487e-05
 1.14182700e+01 1.52202579e-04 -1.02798788e-05
 1.14372001e+01 1.52005777e-04 -9.88600047e-06
 1.14561228e+01 1.51818169e-04 -9.48993540e-06
 1.14750356e+01 1.51639327e-04 -9.09060998e-06
 1.14939398e+01 1.51467911e-04 -8.68481584e-06
 1.15128379e+01 1.51303297e-04 -8.29764975e-06
 1.15317313e+01 1.51147553e-04 -7.93399788e-06
 1.15506211e+01 1.50998457e-04 -7.59008745e-06
 1.15695088e+01 1.50855437e-04 -7.27317677e-06
 1.15883955e+01 1.50717754e-04 -6.98353532e-06
 1.16072776e+01 1.50586971e-04 -6.71270216e-06
 1.16261536e+01 1.50460690e-04 -6.43668666e-06
 1.16450221e+01 1.50339602e-04 -6.16306331e-06
 1.16638831e+01 1.50223346e-04 -5.89509966e-06
 1.16827341e+01 1.50111980e-04 -5.63154943e-06
 1.17015775e+01 1.50004865e-04 -5.37714445e-06
 1.17204161e+01 1.49901150e-04 -5.12837044e-06
 1.17392498e+01 1.49802890e-04 -4.88017881e-06
 1.17580760e+01 1.49710652e-04 -4.63824162e-06
 1.17768869e+01 1.49624569e-04 -4.40667024e-06
 1.17956915e+01 1.49542893e-04 -4.18055930e-06
 1.18144873e+01 1.49467327e-04 -3.95440528e-06
 1.18332717e+01 1.49396766e-04 -3.73401146e-06
 1.18520433e+01 1.49329312e-04 -3.51595449e-06
 1.18708023e+01 1.49264180e-04 -3.29729764e-06
 1.18895511e+01 1.49202405e-04 -3.09952081e-06
 1.19082885e+01 1.49144790e-04 -2.90733982e-06
 1.19270158e+01 1.49089654e-04 -2.72278459e-06
 1.19457328e+01 1.49038533e-04 -2.53842600e-06
 1.19644396e+01 1.48990950e-04 -2.35338900e-06
 1.19831323e+01 1.48946663e-04 -2.16165780e-06
 1.20018135e+01 1.48902911e-04 -1.97700744e-06
 1.20204820e+01 1.48857159e-04 -1.81428777e-06
 1.20391391e+01 1.48810322e-04 -1.66503357e-06
 1.20577833e+01 1.48763543e-04 -1.51093118e-06
 1.20764173e+01 1.48718118e-04 -1.37082819e-06
 1.20950411e+01 1.48676454e-04 -1.24051954e-06
 1.21136561e+01 1.48637788e-04 -1.12779901e-06
 1.21322634e+01 1.48602360e-04 -1.04834721e-06
 1.21508606e+01 1.48566133e-04 -1.00373652e-06
 1.21694477e+01 1.48528944e-04 -9.86070125e-07
 1.21880233e+01 1.48490019e-04 -9.99773783e-07
 1.22065874e+01 1.48450843e-04 -1.03549494e-06
 1.22251414e+01 1.48409641e-04 -1.10271976e-06
 1.22436852e+01 1.48368393e-04 -1.19963337e-06
 1.22622189e+01 1.48324751e-04 -1.31187444e-06
 1.22807437e+01 1.48280455e-04 -1.45525619e-06
 1.22992597e+01 1.48234725e-04 -1.62505721e-06
 1.23177682e+01 1.48185452e-04 -1.82177353e-06
 1.23362666e+01 1.48133302e-04 -2.04787001e-06
 1.23547534e+01 1.48078592e-04 -2.28428217e-06
 1.23732289e+01 1.48020345e-04 -2.53279075e-06
 1.23916928e+01 1.47958385e-04 -2.78257960e-06
 1.24101492e+01 1.47893302e-04 -3.04671150e-06
 1.24285993e+01 1.47825850e-04 -3.32276239e-06
 1.24470408e+01 1.47756041e-04 -3.60865662e-06
 1.24654720e+01 1.47680806e-04 -3.92061028e-06
 1.24838918e+01 1.47602353e-04 -4.23793932e-06
 1.25022977e+01 1.47520502e-04 -4.55866187e-06
 1.25206895e+01 1.47433533e-04 -4.88700312e-06
 1.25390648e+01 1.47340854e-04 -5.21274184e-06
 1.25574274e+01 1.47242219e-04 -5.53975351e-06
 1.25757772e+01 1.47136730e-04 -5.86525866e-06
 1.25941158e+01 1.47025127e-04 -6.19930795e-06
 1.26124443e+01 1.46905442e-04 -6.55053649e-06
 1.26307627e+01 1.46780743e-04 -6.90735744e-06
 1.26490685e+01 1.46651571e-04 -7.26524070e-06
 1.26673604e+01 1.46515030e-04 -7.61219887e-06
 1.26856410e+01 1.46370005e-04 -7.93883437e-06
 1.27039115e+01 1.46218561e-04 -8.25508495e-06
 1.27221759e+01 1.46066517e-04 -8.60323147e-06
 1.27404303e+01 1.45907129e-04 -8.93795130e-06
 1.27586774e+01 1.45741697e-04 -9.26120743e-06
 1.27769184e+01 1.45570774e-04 -9.58481141e-06
 1.27951521e+01 1.45394511e-04 -9.91279053e-06
 1.28133784e+01 1.45212430e-04 -1.02436588e-05
 1.28315972e+01 1.45023814e-04 -1.05828496e-05
 1.28498114e+01 1.44829578e-04 -1.09206212e-05
 1.28680169e+01 1.44630560e-04 -1.12409218e-05
 1.28862177e+01 1.44424912e-04 -1.15509301e-05
 1.29044138e+01 1.44213661e-04 -1.18378918e-05
 1.29226052e+01 1.43998211e-04 -1.21085116e-05
 1.29407893e+01 1.43779291e-04 -1.23599475e-05
 1.29589647e+01 1.43557772e-04 -1.26111827e-05
 1.29771314e+01 1.43333215e-04 -1.28577434e-05
 1.29952908e+01 1.43107230e-04 -1.30898171e-05
 1.30134430e+01 1.42879546e-04 -1.33080652e-05
 1.30315905e+01 1.42649420e-04 -1.34981616e-05
 1.30497307e+01 1.42416652e-04 -1.36608339e-05
 1.30678637e+01 1.42180769e-04 -1.38019795e-05
 1.30859867e+01 1.41943917e-04 -1.39200196e-05
 1.31040997e+01 1.41705458e-04 -1.40251100e-05
 1.31222016e+01 1.41467689e-04 -1.41182117e-05
 1.31402948e+01 1.41229548e-04 -1.41964509e-05
 1.31583783e+01 1.40989713e-04 -1.42783455e-05
 1.31764531e+01 1.40748552e-04 -1.43501888e-05
 1.31945221e+01 1.40500403e-04 -1.44436688e-05
 1.32125825e+01 1.40248706e-04 -1.45272646e-05
 1.32306331e+01 1.39996153e-04 -1.45954454e-05
 1.32486725e+01 1.39740185e-04 -1.46543755e-05
 1.32667007e+01 1.39484224e-04 -1.47003524e-05
 1.32847205e+01 1.39227807e-04 -1.47327108e-05
 1.33027330e+01 1.38969719e-04 -1.47662452e-05
 1.33207384e+01 1.38709946e-04 -1.47883371e-05
 1.33387366e+01 1.38446019e-04 -1.47983643e-05
 1.33567262e+01 1.38178166e-04 -1.47904347e-05
 1.33747072e+01 1.37908176e-04 -1.47569264e-05
 1.33926785e+01 1.37637459e-04 -1.47289292e-05
 1.34106426e+01 1.37366937e-04 -1.46804286e-05
 1.34286021e+01 1.37095992e-04 -1.46313826e-05
 1.34465571e+01 1.36824879e-04 -1.45987837e-05
 1.34645087e+01 1.36554723e-04 -1.45853882e-05
 1.34824543e+01 1.36286002e-04 -1.45683814e-05
 1.35003940e+01 1.36017637e-04 -1.45534315e-05
 1.35183265e+01 1.35751164e-04 -1.45298816e-05
 1.35362491e+01 1.35486658e-04 -1.45099115e-05
 1.35541645e+01 1.35222923e-04 -1.44911506e-05
 1.35720741e+01 1.34960424e-04 -1.44792964e-05
 1.35899777e+01 1.34700703e-04 -1.44766465e-05
 1.36078753e+01 1.34440719e-04 -1.44887143e-05
 1.36257657e+01 1.34180772e-04 -1.45070888e-05
 1.36436488e+01 1.33919515e-04 -1.45233727e-05
 1.36615235e+01 1.33659969e-04 -1.45411372e-05
 1.36793870e+01 1.33400309e-04 -1.45484047e-05
 1.36972393e+01 1.33140870e-04 -1.45525731e-05
 1.37150819e+01 1.32881964e-04 -1.45601878e-05
 1.37329146e+01 1.32623759e-04 -1.45726217e-05
 1.37507361e+01 1.32367357e-04 -1.45964040e-05
 1.37685453e+01 1.32109779e-04 -1.46251013e-05
 1.37863446e+01 1.31853934e-04 -1.46472664e-05
 1.38041301e+01 1.31598689e-04 -1.46541731e-05
 1.38219033e+01 1.31342242e-04 -1.46545938e-05
 1.38396666e+01 1.31083612e-04 -1.46417249e-05
 1.38574213e+01 1.30824951e-04 -1.46304820e-05
 1.38751688e+01 1.30567962e-04 -1.46411168e-05
 1.38929091e+01 1.30311604e-04 -1.46670788e-05
 1.39106435e+01 1.30053345e-04 -1.46923176e-05
 1.39283707e+01 1.29794710e-04 -1.47119288e-05
 1.39460894e+01 1.29534701e-04 -1.47074289e-05
 1.39638007e+01 1.29273440e-04 -1.46875059e-05
 1.39815034e+01 1.29012644e-04 -1.46511709e-05
 1.39992016e+01 1.28753707e-04 -1.46134587e-05
 1.40168938e+01 1.28496896e-04 -1.45679163e-05
 1.40345815e+01 1.28242144e-04 -1.45179695e-05
 1.40522632e+01 1.27987761e-04 -1.44584667e-05
 1.40699364e+01 1.27737177e-04 -1.43901973e-05
 1.40876023e+01 1.27488794e-04 -1.43067818e-05
 1.41052556e+01 1.27241830e-04 -1.42353599e-05
 1.41229004e+01 1.26997169e-04 -1.41584354e-05
 1.41405392e+01 1.26754108e-04 -1.40733341e-05
 1.41581695e+01 1.26514974e-04 -1.39879942e-05
 1.41757937e+01 1.26279601e-04 -1.38918595e-05
 1.41934107e+01 1.26046183e-04 -1.37794973e-05
 1.42110164e+01 1.25815719e-04 -1.36568637e-05
 1.42286109e+01 1.25587668e-04 -1.35180382e-05
 1.42461903e+01 1.25362799e-04 -1.33743559e-05
 1.42637572e+01 1.25140456e-04 -1.32210819e-05
 1.42813142e+01 1.24920316e-04 -1.30519859e-05
 1.42988613e+01 1.24704969e-04 -1.28847493e-05
 1.43163985e+01 1.24490185e-04 -1.27112485e-05
 1.43339244e+01 1.24273691e-04 -1.25483138e-05
 1.43514378e+01 1.24057968e-04 -1.23923290e-05
 1.43689374e+01 1.23843481e-04 -1.22288380e-05
 1.43864258e+01 1.23629793e-04 -1.20645382e-05
 1.44039017e+01 1.23417906e-04 -1.19008184e-05
 1.44213677e+01 1.23208575e-04 -1.17330703e-05
 1.44388251e+01 1.23002987e-04 -1.15794437e-05
 1.44562727e+01 1.22797933e-04 -1.14353263e-05
 1.44737089e+01 1.22593360e-04 -1.12901772e-05
 1.44911340e+01 1.22390333e-04 -1.11428625e-05
 1.45085439e+01 1.22190316e-04 -1.09937073e-05
 1.45259414e+01 1.21992001e-04 -1.08467908e-05
 1.45433251e+01 1.21794886e-04 -1.07064692e-05
 1.45606988e+01 1.21598365e-04 -1.05770085e-05
 1.45780627e+01 1.21402463e-04 -1.04561251e-05
 1.45954166e+01 1.21206838e-04 -1.03550337e-05
 1.46127593e+01 1.21012450e-04 -1.02704400e-05
 1.46300895e+01 1.20820793e-04 -1.01956090e-05
 1.46474098e+01 1.20632798e-04 -1.01352324e-05
 1.46647201e+01 1.20447543e-04 -1.00924050e-05
 1.46820218e+01 1.20263303e-04 -1.00514206e-05
 1.46993148e+01 1.20081073e-04 -1.00332540e-05
 1.47165952e+01 1.19901614e-04 -1.00211029e-05
 1.47338617e+01 1.19724118e-04 -1.00237787e-05
 1.47511131e+01 1.19548372e-04 -1.00287762e-05
 1.47683495e+01 1.19374365e-04 -1.00431059e-05
 1.47855706e+01 1.19201837e-04 -1.00707025e-05
 1.48027753e+01 1.19027726e-04 -1.01189045e-05
 1.48199661e+01 1.18852303e-04 -1.01813901e-05
 1.48371430e+01 1.18675088e-04 -1.02549247e-05
 1.48543048e+01 1.18496365e-04 -1.03387117e-05
 1.48714542e+01 1.18314818e-04 -1.04467037e-05
 1.48885898e+01 1.18128687e-04 -1.05653782e-05
 1.49057127e+01 1.17939872e-04 -1.06916016e-05
 1.49228218e+01 1.17748442e-04 -1.08026708e-05
 1.49399169e+01 1.17554591e-04 -1.09039578e-05
 1.49570008e+01 1.17360190e-04 -1.09989367e-05
 1.49740709e+01 1.17164735e-04 -1.10783969e-05
 1.49911298e+01 1.16972071e-04 -1.11991056e-05
 1.50081760e+01 1.16780187e-04 -1.13176272e-05
 1.50252083e+01 1.16586202e-04 -1.14295816e-05
 1.50422306e+01 1.16391549e-04 -1.15444933e-05
 1.50592405e+01 1.16194699e-04 -1.16403274e-05
 1.50762366e+01 1.15997022e-04 -1.17138625e-05
 1.50932227e+01 1.15799472e-04 -1.17810132e-05
 1.51101976e+01 1.15601650e-04 -1.18351484e-05
 1.51271651e+01 1.15404786e-04 -1.18873635e-05
 1.51441240e+01 1.15207705e-04 -1.19450668e-05
 1.51610704e+01 1.15011250e-04 -1.19820062e-05
 1.51780068e+01 1.14814799e-04 -1.20169391e-05
 1.51949293e+01 1.14617147e-04 -1.20376711e-05
 1.52118366e+01 1.14419975e-04 -1.20654298e-05
 1.52287301e+01 1.14225559e-04 -1.20915257e-05
 1.52456123e+01 1.14032612e-04 -1.21202748e-05
 1.52624820e+01 1.13838313e-04 -1.21473714e-05
 1.52793404e+01 1.13643996e-04 -1.21737385e-05
 1.52961849e+01 1.13448560e-04 -1.21795696e-05
 1.53130156e+01 1.13252416e-04 -1.21675021e-05
 1.53298311e+01 1.13056808e-04 -1.21448502e-05
 1.53466340e+01 1.12861217e-04 -1.21177975e-05
 1.53634231e+01 1.12665367e-04 -1.20733549e-05
 1.53802023e+01 1.12470728e-04 -1.20280112e-05
 1.53969689e+01 1.12276845e-04 -1.19807156e-05
 1.54137255e+01 1.12083558e-04 -1.19391660e-05
 1.54304709e+01 1.11883556e-04 -1.19410438e-05
 1.54472025e+01 1.11681837e-04 -1.19469035e-05
 1.54639189e+01 1.11480575e-04 -1.19452310e-05
 1.54806227e+01 1.11278939e-04 -1.19431183e-05
 1.54973153e+01 1.11077739e-04 -1.19291166e-05
 1.55139953e+01 1.10876341e-04 -1.19018850e-05
 1.55306615e+01 1.10677258e-04 -1.18651332e-05
 1.55473125e+01 1.10477077e-04 -1.18140945e-05
 1.55639484e+01 1.10276966e-04 -1.17353443e-05
 1.55805717e+01 1.10078729e-04 -1.16386341e-05
 1.55971812e+01 1.09883208e-04 -1.15246124e-05
 1.56137795e+01 1.09689129e-04 -1.14044288e-05
 1.56303664e+01 1.09496716e-04 -1.12857806e-05
 1.56469422e+01 1.09305929e-04 -1.11744906e-05
 1.56635054e+01 1.09117844e-04 -1.10810667e-05
 1.56800535e+01 1.08932197e-04 -1.09926643e-05
 1.56965864e+01 1.08747077e-04 -1.09182508e-05
 1.57131054e+01 1.08563222e-04 -1.08619687e-05
 1.57296078e+01 1.08380324e-04 -1.08164927e-05
 1.57460938e+01 1.08198572e-04 -1.07909606e-05
 1.57625621e+01 1.08017928e-04 -1.07704283e-05
 1.57790153e+01 1.07838073e-04 -1.07625456e-05
 1.57954508e+01 1.07661860e-04 -1.07567332e-05
 1.58118697e+01 1.07484686e-04 -1.07541226e-05
 1.58282748e+01 1.07306902e-04 -1.07595173e-05
 1.58446647e+01 1.07129813e-04 -1.07855677e-05
 1.58610383e+01 1.06954701e-04 -1.08008069e-05
 1.58773954e+01 1.06780972e-04 -1.08236635e-05
 1.58937334e+01 1.06608280e-04 -1.08390686e-05
 1.59100536e+01 1.06435843e-04 -1.08464466e-05
 1.59263586e+01 1.06262830e-04 -1.08572316e-05
 1.59426458e+01 1.06088932e-04 -1.08664880e-05
 1.59589179e+01 1.05913648e-04 -1.08756843e-05
 1.59751709e+01 1.05738172e-04 -1.08740665e-05
 1.59914048e+01 1.05562789e-04 -1.08609288e-05
 1.60076234e+01 1.05385844e-04 -1.08401363e-05
 1.60238256e+01 1.05207145e-04 -1.08066447e-05
 1.60400140e+01 1.05028366e-04 -1.07796507e-05
 1.60561886e+01 1.04851510e-04 -1.07785925e-05
 1.60723494e+01 1.04674791e-04 -1.07859236e-05
 1.60884937e+01 1.04497971e-04 -1.07874155e-05
 1.61046215e+01 1.04320735e-04 -1.08057939e-05
 1.61207328e+01 1.04142751e-04 -1.08305523e-05
 1.61368290e+01 1.03963651e-04 -1.08549757e-05
 1.61529087e+01 1.03785919e-04 -1.08652011e-05
 1.61689732e+01 1.03608759e-04 -1.08879280e-05
 1.61850200e+01 1.03431890e-04 -1.09174848e-05
 1.62010504e+01 1.03254933e-04 -1.09468704e-05
 1.62170616e+01 1.03077624e-04 -1.09578938e-05
 1.62330550e+01 1.02900561e-04 -1.09607344e-05
 1.62490280e+01 1.02724481e-04 -1.09582179e-05
 1.62649754e+01 1.02549791e-04 -1.09822441e-05
 1.62809048e+01 1.02376783e-04 -1.10082562e-05
 1.62968178e+01 1.02205733e-04 -1.10427878e-05
 1.63127130e+01 1.02034175e-04 -1.10974339e-05
 1.63285891e+01 1.01862769e-04 -1.11413381e-05
 1.63444448e+01 1.01691559e-04 -1.11699214e-05
 1.63602827e+01 1.01519955e-04 -1.11876845e-05
 1.63761016e+01 1.01347989e-04 -1.12035710e-05
 1.63919052e+01 1.01175430e-04 -1.12286875e-05
 1.64076937e+01 1.01001497e-04 -1.12352525e-05
 1.64234669e+01 1.00826952e-04 -1.12287234e-05
 1.64392224e+01 1.00650256e-04 -1.12113826e-05
 1.64549601e+01 1.00470516e-04 -1.11932647e-05
 1.64706800e+01 1.00286555e-04 -1.11863263e-05
 1.64863809e+01 1.00103252e-04 -1.11811441e-05
 1.65020627e+01 9.99222901e-05 -1.11562828e-05
 1.65177253e+01 9.97421361e-05 -1.11332497e-05
 1.65333689e+01 9.95626431e-05 -1.11079937e-05
 1.65489947e+01 9.93855189e-05 -1.10973453e-05
 1.65646001e+01 9.92123595e-05 -1.10949594e-05
 1.65801877e+01 9.90422294e-05 -1.10930676e-05
 1.65957548e+01 9.88727065e-05 -1.10903994e-05
 1.66113054e+01 9.87045093e-05 -1.10763986e-05
 1.66268369e+01 9.85366155e-05 -1.10633381e-05
 1.66423467e+01 9.83688374e-05 -1.10465490e-05
 1.66578348e+01 9.82025355e-05 -1.10356814e-05
 1.66733039e+01 9.80368412e-05 -1.10035687e-05
 1.66887538e+01 9.78725616e-05 -1.09693773e-05
 1.67041860e+01 9.77088724e-05 -1.09401041e-05
 1.67196004e+01 9.75454882e-05 -1.09140060e-05
 1.67349932e+01 9.73829537e-05 -1.08740204e-05
 1.67503667e+01 9.72205197e-05 -1.08358315e-05
 1.67657186e+01 9.70579621e-05 -1.07998930e-05
 1.67810527e+01 9.68946643e-05 -1.07670826e-05
 1.67963679e+01 9.67321988e-05 -1.07445094e-05
 1.68116614e+01 9.65682630e-05 -1.07201105e-05
 1.68269304e+01 9.64060935e-05 -1.06958182e-05
 1.68421765e+01 9.62448726e-05 -1.06715778e-05
 1.68574008e+01 9.60842064e-05 -1.06502204e-05
 1.68726021e+01 9.59227852e-05 -1.06136024e-05
 1.68877817e+01 9.57616524e-05 -1.05690013e-05
 1.69029383e+01 9.56021291e-05 -1.05297496e-05
 1.69180705e+01 9.54427405e-05 -1.04980822e-05
 1.69331798e+01 9.52820374e-05 -1.04761311e-05
 1.69482661e+01 9.51200622e-05 -1.04534758e-05
 1.69633294e+01 9.49557324e-05 -1.04359936e-05
 1.69783696e+01 9.47916925e-05 -1.04127418e-05
 1.69933869e+01 9.46274043e-05 -1.03770593e-05
 1.70083837e+01 9.44611797e-05 -1.03472619e-05
 1.70233589e+01 9.42947871e-05 -1.03089847e-05
 1.70383137e+01 9.41284420e-05 -1.02674835e-05
 1.70532507e+01 9.39680009e-05 -1.02901435e-05
 1.70681662e+01 9.38096530e-05 -1.03277917e-05
 1.70830600e+01 9.36496859e-05 -1.03769187e-05
 1.70979308e+01 9.34898497e-05 -1.04476746e-05
 1.71127799e+01 9.33307535e-05 -1.05121651e-05
 1.71276072e+01 9.31726372e-05 -1.05750857e-05
 1.71424103e+01 9.30138679e-05 -1.06311905e-05
 1.71571891e+01 9.28567296e-05 -1.06910086e-05
 1.71719384e+01 9.26993979e-05 -1.07437117e-05
 1.71866582e+01 9.25416065e-05 -1.07854062e-05
 1.72013511e+01 9.23821504e-05 -1.08120192e-05
 1.72160171e+01 9.22225545e-05 -1.08406700e-05
 1.72306535e+01 9.20648055e-05 -1.08645079e-05
 1.72452578e+01 9.19101036e-05 -1.08851499e-05
 1.72598364e+01 9.17557775e-05 -1.09051879e-05
 1.72743920e+01 9.16004698e-05 -1.09155503e-05
 1.72889233e+01 9.14464869e-05 -1.09314492e-05
 1.73034290e+01 9.12919448e-05 -1.09669306e-05
 1.73179079e+01 9.11373574e-05 -1.10045262e-05
 1.73323637e+01 9.09830144e-05 -1.10423386e-05
 1.73467952e+01 9.08284448e-05 -1.10695716e-05
 1.73612038e+01 9.06727674e-05 -1.11142285e-05
 1.73755867e+01 9.05159928e-05 -1.11278716e-05
 1.73899441e+01 9.03611769e-05 -1.11373141e-05
 1.74042772e+01 9.02064576e-05 -1.11631990e-05
 1.74185885e+01 9.00506777e-05 -1.12117636e-05
 1.74328782e+01 8.98879683e-05 -1.12847629e-05
 1.74471411e+01 8.97235516e-05 -1.13577085e-05
 1.74613757e+01 8.95578786e-05 -1.14130839e-05
 1.74755834e+01 8.93896544e-05 -1.14677381e-05
 1.74897668e+01 8.92209645e-05 -1.15236601e-05
 1.75039221e+01 8.90526788e-05 -1.15754420e-05
 1.75180491e+01 8.88858390e-05 -1.16238423e-05
 1.75321466e+01 8.87182008e-05 -1.16662655e-05
 1.75462158e+01 8.85486137e-05 -1.17004440e-05
 1.75602594e+01 8.83789581e-05 -1.17412995e-05
 1.75742801e+01 8.82084647e-05 -1.17803920e-05
 1.75882752e+01 8.80366005e-05 -1.18304274e-05
 1.76022448e+01 8.78629069e-05 -1.18976024e-05
 1.76161900e+01 8.76885277e-05 -1.19769021e-05
 1.76301097e+01 8.75123863e-05 -1.20605344e-05
 1.76440038e+01 8.73366448e-05 -1.21550943e-05
 1.76578750e+01 8.71608713e-05 -1.22636920e-05
 1.76717192e+01 8.69855404e-05 -1.23866263e-05
 1.76855391e+01 8.68075240e-05 -1.25069012e-05
 1.76993321e+01 8.66309445e-05 -1.26319927e-05
 1.77131007e+01 8.64553618e-05 -1.27532412e-05
 1.77268438e+01 8.62798345e-05 -1.28792586e-05
 1.77405586e+01 8.61024845e-05 -1.30153630e-05
 1.77542465e+01 8.59247623e-05 -1.31460553e-05
 1.77679062e+01 8.57457157e-05 -1.32732339e-05
 1.77815403e+01 8.55665329e-05 -1.33913256e-05
 1.77951474e+01 8.53848692e-05 -1.34976188e-05
 1.78087276e+01 8.52014726e-05 -1.36014817e-05
 1.78222809e+01 8.50182890e-05 -1.37197833e-05
 1.78358072e+01 8.48338484e-05 -1.38184389e-05
 1.78493093e+01 8.46455284e-05 -1.39115250e-05
 1.78627870e+01 8.44562223e-05 -1.39911338e-05
 1.78762431e+01 8.42632724e-05 -1.40815715e-05
 1.78896787e+01 8.40694423e-05 -1.41824601e-05
 1.79030940e+01 8.38752410e-05 -1.42685826e-05
 1.79164876e+01 8.36790319e-05 -1.43592904e-05
 1.79298594e+01 8.34821366e-05 -1.44589793e-05
 1.79432121e+01 8.32883027e-05 -1.45533291e-05
 1.79565498e+01 8.30975484e-05 -1.46746517e-05
 1.79698671e+01 8.29053301e-05 -1.48138489e-05
 1.79831601e+01 8.27115162e-05 -1.49292733e-05
 1.79964288e+01 8.25171529e-05 -1.50454753e-05
 1.80096757e+01 8.23221625e-05 -1.51669864e-05
 1.80229035e+01 8.21264663e-05 -1.52920155e-05
 1.80361097e+01 8.19282686e-05 -1.54051671e-05
 1.80492928e+01 8.17284056e-05 -1.54979133e-05
 1.80624516e+01 8.15282744e-05 -1.55866349e-05
 1.80755887e+01 8.13257434e-05 -1.56700077e-05
 1.80887054e+01 8.11228487e-05 -1.57428351e-05
 1.81017991e+01 8.09202991e-05 -1.58031795e-05
 1.81148671e+01 8.07174358e-05 -1.58554185e-05
 1.81279068e+01 8.05133378e-05 -1.59088902e-05
 1.81409261e+01 8.03084607e-05 -1.59479610e-05
 1.81539262e+01 8.01039337e-05 -1.59797720e-05
 1.81669032e+01 7.98998603e-05 -1.60119941e-05
 1.81798572e+01 7.96942497e-05 -1.60247364e-05
 1.81927922e+01 7.94883467e-05 -1.60305137e-05
 1.82057080e+01 7.92836478e-05 -1.60152106e-05
 1.82186034e+01 7.90802400e-05 -1.59991918e-05
 1.82314784e+01 7.88763158e-05 -1.59967751e-05
 1.82443304e+01 7.86735370e-05 -1.59995436e-05
 1.82571593e+01 7.84699684e-05 -1.59914781e-05
 1.82699651e+01 7.82652800e-05 -1.59863900e-05
 1.82827479e+01 7.80589595e-05 -1.59974880e-05
 1.82955090e+01 7.78495094e-05 -1.60265832e-05
 1.83082484e+01 7.76379160e-05 -1.60625770e-05
 1.83209659e+01 7.74252228e-05 -1.60822011e-05
 1.83336605e+01 7.72116527e-05 -1.61043148e-05
 1.83463347e+01 7.69987072e-05 -1.61333167e-05
 1.83589858e+01 7.67873251e-05 -1.61648408e-05
 1.83716178e+01 7.65783256e-05 -1.61975300e-05
 1.83842282e+01 7.63681115e-05 -1.62240453e-05
 1.83968195e+01 7.61559714e-05 -1.62527880e-05
 1.84093904e+01 7.59448701e-05 -1.63080948e-05
 1.84219408e+01 7.57348856e-05 -1.63465668e-05
 1.84344721e+01 7.55257167e-05 -1.63801499e-05
 1.84469830e+01 7.53174871e-05 -1.64102129e-05
 1.84594748e+01 7.51076704e-05 -1.64576687e-05
 1.84719448e+01 7.49012734e-05 -1.65153688e-05
 1.84843958e+01 7.46946331e-05 -1.66034185e-05
 1.84968277e+01 7.44867256e-05 -1.66980573e-05
 1.85092378e+01 7.42799876e-05 -1.67890426e-05
 1.85216261e+01 7.40760658e-05 -1.68638238e-05
 1.85339901e+01 7.38723594e-05 -1.69428879e-05
 1.85463335e+01 7.36683675e-05 -1.70270442e-05
 1.85586539e+01 7.34658564e-05 -1.70959826e-05
 1.85709500e+01 7.32639986e-05 -1.71774207e-05
 1.85832243e+01 7.30629095e-05 -1.72647691e-05
 1.85954769e+01 7.28607284e-05 -1.73213073e-05
 1.86077038e+01 7.26573935e-05 -1.73240345e-05
 1.86199049e+01 7.24555517e-05 -1.73001909e-05
 1.86320856e+01 7.22545589e-05 -1.72640355e-05
 1.86442472e+01 7.20529743e-05 -1.72112578e-05
 1.86563870e+01 7.18518294e-05 -1.71733117e-05
 1.86685025e+01 7.16510914e-05 -1.71223453e-05
 1.86805950e+01 7.14502490e-05 -1.70643251e-05
 1.86926657e+01 7.12473643e-05 -1.70074092e-05
 1.87047147e+01 7.10470852e-05 -1.69433060e-05
 1.87167393e+01 7.08465731e-05 -1.68536198e-05
 1.87287408e+01 7.06434661e-05 -1.67386189e-05
 1.87407232e+01 7.04410625e-05 -1.66074453e-05
 1.87526864e+01 7.02412384e-05 -1.64677568e-05
 1.87646305e+01 7.00481772e-05 -1.63692291e-05
 1.87765529e+01 6.98569370e-05 -1.62752887e-05
 1.87884535e+01 6.96654590e-05 -1.61761197e-05
 1.88003337e+01 6.94766342e-05 -1.60802167e-05
 1.88121935e+01 6.92898516e-05 -1.59809482e-05
 1.88240314e+01 6.91029019e-05 -1.58772891e-05
 1.88358488e+01 6.89156866e-05 -1.57469220e-05
 1.88476471e+01 6.87300354e-05 -1.55962021e-05
 1.88594249e+01 6.85469548e-05 -1.54363291e-05
 1.88711835e+01 6.83639567e-05 -1.52762948e-05
 1.88829230e+01 6.81811001e-05 -1.51253883e-05
 1.88946432e+01 6.80018479e-05 -1.49727506e-05
 1.89063429e+01 6.78263559e-05 -1.48356660e-05
 1.89180182e+01 6.76546399e-05 -1.47034832e-05
 1.89296716e+01 6.74856947e-05 -1.45906535e-05
 1.89413058e+01 6.73192080e-05 -1.44761401e-05
 1.89529182e+01 6.71553568e-05 -1.43662229e-05
 1.89645087e+01 6.69924644e-05 -1.42651854e-05
 1.89760774e+01 6.68328135e-05 -1.41673517e-05
 1.89876230e+01 6.66744362e-05 -1.40419527e-05
 1.89991466e+01 6.65177713e-05 -1.38929664e-05
 1.90106458e+01 6.63624979e-05 -1.37495536e-05
 1.90221231e+01 6.62110749e-05 -1.36026085e-05
 1.90335787e+01 6.60594426e-05 -1.34570194e-05
 1.90450137e+01 6.59087752e-05 -1.33173003e-05
 1.90564256e+01 6.57573069e-05 -1.31758108e-05
 1.90678196e+01 6.55987756e-05 -1.31423993e-05
 1.90791918e+01 6.54345786e-05 -1.31710575e-05
 1.90905397e+01 6.52672935e-05 -1.32404737e-05
 1.91018631e+01 6.50960958e-05 -1.33405362e-05
 1.91131621e+01 6.49251369e-05 -1.34685856e-05
 1.91244406e+01 6.47514412e-05 -1.35993591e-05
 1.91356986e+01 6.45781895e-05 -1.37792971e-05
 1.91469323e+01 6.44046673e-05 -1.39839709e-05
 1.91581454e+01 6.42308778e-05 -1.41647610e-05
 1.91693393e+01 6.40570599e-05 -1.43695551e-05
 1.91805127e+01 6.38826973e-05 -1.45919709e-05
 1.91916643e+01 6.37050963e-05 -1.47953043e-05
 1.92027980e+01 6.35263381e-05 -1.49925631e-05
 1.92139151e+01 6.33499222e-05 -1.51868899e-05
 1.92250117e+01 6.31720751e-05 -1.53779954e-05
 1.92360865e+01 6.29935205e-05 -1.55803333e-05
 1.92471406e+01 6.28144098e-05 -1.57911982e-05
 1.92581743e+01 6.26365521e-05 -1.59898318e-05
 1.92691873e+01 6.24615705e-05 -1.61719330e-05
 1.92801784e+01 6.22875773e-05 -1.63491178e-05
 1.92911503e+01 6.21149615e-05 -1.64926054e-05
 1.93021042e+01 6.19435778e-05 -1.66513834e-05
 1.93130362e+01 6.17717446e-05 -1.68248624e-05
 1.93239451e+01 6.16012067e-05 -1.69627519e-05
 1.93348334e+01 6.14313216e-05 -1.70763741e-05
 1.93457024e+01 6.12608893e-05 -1.71808222e-05
 1.93565509e+01 6.10912296e-05 -1.72564833e-05
 1.93673787e+01 6.09212442e-05 -1.73168465e-05
 1.93781873e+01 6.07511886e-05 -1.73493222e-05
 1.93889765e+01 6.05814065e-05 -1.73579098e-05
 1.93997453e+01 6.04110807e-05 -1.73604880e-05
 1.94104947e+01 6.02387505e-05 -1.73306652e-05
 1.94212249e+01 6.00637984e-05 -1.72860336e-05
 1.94319346e+01 5.98886668e-05 -1.72384232e-05
 1.94426236e+01 5.97130784e-05 -1.71676481e-05
 1.94532908e+01 5.95367292e-05 -1.70850652e-05
 1.94639388e+01 5.93621732e-05 -1.69649263e-05
 1.94745676e+01 5.91893552e-05 -1.68339015e-05
 1.94851810e+01 5.90187838e-05 -1.67162643e-05
 1.94957778e+01 5.88501805e-05 -1.65990277e-05
 1.95063567e+01 5.86832115e-05 -1.64470669e-05
 1.95169202e+01 5.85177857e-05 -1.62843016e-05
 1.95274684e+01 5.83530441e-05 -1.61135650e-05
 1.95380038e+01 5.81863879e-05 -1.59325122e-05
 1.95485252e+01 5.80196758e-05 -1.57139494e-05
 1.95590326e+01 5.78542108e-05 -1.54915836e-05
 1.95695272e+01 5.76905515e-05 -1.52876419e-05
 1.95800105e+01 5.75275986e-05 -1.50926415e-05
 1.95904809e+01 5.73645947e-05 -1.48832077e-05
 1.96009359e+01 5.72024338e-05 -1.46622484e-05
 1.96113795e+01 5.70411001e-05 -1.44415619e-05
 1.96218011e+01 5.68823486e-05 -1.43037664e-05
 1.96322137e+01 5.67220341e-05 -1.41971895e-05
 1.96426187e+01 5.65633694e-05 -1.41508175e-05
 1.96530161e+01 5.64058074e-05 -1.41679606e-05
 1.96634084e+01 5.62453730e-05 -1.42238518e-05
 1.96737906e+01 5.60818756e-05 -1.42899092e-05
 1.96841638e+01 5.59176130e-05 -1.43821966e-05
 1.96945307e+01 5.57526447e-05 -1.45119522e-05
 1.97048887e+01 5.55855805e-05 -1.46438712e-05
 1.97152366e+01 5.54180010e-05 -1.48030439e-05
 1.97255742e+01 5.52489880e-05 -1.49921926e-05
 1.97359029e+01 5.50801024e-05 -1.51941958e-05
 1.97462213e+01 5.49094113e-05 -1.53954822e-05
 1.97565296e+01 5.47337368e-05 -1.56024711e-05
 1.97668276e+01 5.45561303e-05 -1.58219626e-05
 1.97771153e+01 5.43787743e-05 -1.60385793e-05
 1.97873943e+01 5.42021969e-05 -1.62691598e-05
 1.97976669e+01 5.40245870e-05 -1.64943017e-05
 1.98079319e+01 5.38472033e-05 -1.67056432e-05
 1.98181907e+01 5.36712807e-05 -1.69447283e-05
 1.98284418e+01 5.34942627e-05 -1.71580159e-05
 1.98386854e+01 5.33170538e-05 -1.73564586e-05
 1.98489241e+01 5.31407082e-05 -1.75785080e-05
 1.98591564e+01 5.29664465e-05 -1.77615748e-05
 1.98693813e+01 5.27902978e-05 -1.79388703e-05
 1.98795972e+01 5.26138572e-05 -1.80839132e-05
 1.98898056e+01 5.24390431e-05 -1.81977648e-05
 1.99000064e+01 5.22654432e-05 -1.83168382e-05
 1.99101996e+01 5.20919586e-05 -1.84174325e-05
 1.99203839e+01 5.19188397e-05 -1.84958036e-05
 1.99305607e+01 5.17482984e-05 -1.85653767e-05
 1.99407271e+01 5.15791910e-05 -1.86290678e-05
 1.99508821e+01 5.14107858e-05 -1.86789406e-05
 1.99610307e+01 5.12450151e-05 -1.86695911e-05
 1.99711730e+01 5.10817588e-05 -1.86566102e-05
 1.99813103e+01 5.09216219e-05 -1.86481402e-05
 1.99914399e+01 5.07622099e-05 -1.85932481e-05
 2.00015645e+01 5.06034540e-05 -1.85062120e-05
 2.00116815e+01 5.04455289e-05 -1.83616829e-05
 2.00217896e+01 5.02884721e-05 -1.81882754e-05
 2.00318875e+01 5.01320752e-05 -1.79680909e-05
 2.00419765e+01 4.99776390e-05 -1.76844769e-05
 2.00520566e+01 4.98250805e-05 -1.73742157e-05
 2.00621251e+01 4.96713176e-05 -1.70446047e-05
 2.00721846e+01 4.95157794e-05 -1.66843574e-05
 2.00822339e+01 4.93586465e-05 -1.62752341e-05
 2.00922716e+01 4.92021738e-05 -1.58183917e-05
 2.01022952e+01 4.90456002e-05 -1.52704838e-05
 2.01123072e+01 4.88898520e-05 -1.46915114e-05
 2.01223077e+01 4.87345287e-05 -1.40654986e-05
 2.01322940e+01 4.85815246e-05 -1.33875334e-05
 2.01422701e+01 4.84396618e-05 -1.27413845e-05
 2.01522295e+01 4.83067104e-05 -1.21556053e-05
 2.01621709e+01 4.81797737e-05 -1.15957150e-05
 2.01720941e+01 4.80595668e-05 -1.10651195e-05
 2.01819968e+01 4.79444040e-05 -1.05468430e-05
 2.01918813e+01 4.78342936e-05 -1.00629417e-05
 2.02017478e+01 4.77297547e-05 -9.60401680e-06
 2.02115937e+01 4.76305779e-05 -9.15954787e-06
 2.02214214e+01 4.75336194e-05 -8.72458936e-06
 2.02312323e+01 4.74393745e-05 -8.33176149e-06
 2.02410265e+01 4.73473191e-05 -7.99446721e-06
 2.02508027e+01 4.72601979e-05 -7.67984736e-06
 2.02605595e+01 4.71778229e-05 -7.38722458e-06
 2.02702969e+01 4.70948751e-05 -7.14971318e-06
 2.02800164e+01 4.70152114e-05 -6.95865634e-06
 2.02897216e+01 4.69385305e-05 -6.81616852e-06
 2.02994075e+01 4.68659595e-05 -6.70257789e-06
 2.03090727e+01 4.67934435e-05 -6.63035266e-06
 2.03187185e+01 4.67200077e-05 -6.56921810e-06
 2.03283448e+01 4.66477535e-05 -6.52261651e-06
 2.03379519e+01 4.65747760e-05 -6.48606812e-06
 2.03475395e+01 4.65021979e-05 -6.49033628e-06
 2.03571064e+01 4.64315635e-05 -6.53727587e-06
 2.03666552e+01 4.63599495e-05 -6.57351272e-06
 2.03761845e+01 4.62882662e-05 -6.62681455e-06
 2.03856970e+01 4.62151240e-05 -6.73767992e-06
 2.03951942e+01 4.61333130e-05 -6.94352018e-06
 2.04046720e+01 4.60484523e-05 -7.19938805e-06
 2.04141317e+01 4.59628865e-05 -7.46079520e-06
 2.04235747e+01 4.58747470e-05 -7.74489128e-06
 2.04329996e+01 4.57873288e-05 -8.02707943e-06
 2.04424077e+01 4.56977345e-05 -8.34477018e-06
 2.04518017e+01 4.56084046e-05 -8.70124648e-06
 2.04611776e+01 4.55182797e-05 -9.07782180e-06
 2.04705341e+01 4.54278564e-05 -9.45156418e-06
 2.04798713e+01 4.53359036e-05 -9.84970710e-06
 2.04891904e+01 4.52434976e-05 -1.01966307e-05
 2.04984900e+01 4.51489693e-05 -1.05388867e-05
 2.05077715e+01 4.50525049e-05 -1.08879431e-05
 2.05170363e+01 4.49528345e-05 -1.12455864e-05
 2.05262868e+01 4.48496259e-05 -1.15768096e-05
 2.05355205e+01 4.47442667e-05 -1.18768579e-05
 2.05447362e+01 4.46379923e-05 -1.21435945e-05
 2.05539351e+01 4.45327810e-05 -1.24108728e-05
 2.05631159e+01 4.44241924e-05 -1.26786878e-05
 2.05722787e+01 4.43149769e-05 -1.29221782e-05
 2.05814259e+01 4.42055840e-05 -1.31343506e-05
 2.05905603e+01 4.40933755e-05 -1.33655642e-05
 2.05996793e+01 4.39778651e-05 -1.35999200e-05
 2.06087840e+01 4.38592631e-05 -1.38209763e-05
 2.06178759e+01 4.37383328e-05 -1.40157050e-05
 2.06269577e+01 4.36147031e-05 -1.41972084e-05
 2.06360278e+01 4.34922100e-05 -1.43193983e-05
 2.06450890e+01 4.33673085e-05 -1.44261818e-05
 2.06541401e+01 4.32429613e-05 -1.44801460e-05
 2.06631821e+01 4.31193406e-05 -1.45318686e-05
 2.06722151e+01 4.29960417e-05 -1.45624153e-05
 2.06812393e+01 4.28699783e-05 -1.45932424e-05
 2.06902557e+01 4.27428865e-05 -1.46152393e-05
 2.06992607e+01 4.26175708e-05 -1.45966160e-05
 2.07082554e+01 4.24917109e-05 -1.45726744e-05
 2.07172384e+01 4.23665926e-05 -1.45505813e-05
 2.07262125e+01 4.22422878e-05 -1.44658004e-05
 2.07351801e+01 4.21179526e-05 -1.43531249e-05
 2.07441400e+01 4.19958292e-05 -1.42875160e-05
 2.07530922e+01 4.18739919e-05 -1.42375422e-05
 2.07620329e+01 4.17523094e-05 -1.41501622e-05
 2.07709686e+01 4.16323190e-05 -1.40105883e-05
 2.07798978e+01 4.15132100e-05 -1.38698998e-05
 2.07888208e+01 4.13944456e-05 -1.37157520e-05
 2.07977373e+01 4.12775829e-05 -1.35471370e-05
 2.08066462e+01 4.11619231e-05 -1.33728931e-05
 2.08155461e+01 4.10478102e-05 -1.31831459e-05
 2.08244396e+01 4.09346870e-05 -1.30094241e-05
 2.08333255e+01 4.08215754e-05 -1.27866862e-05
 2.08422050e+01 4.07117364e-05 -1.25821868e-05
 2.08510755e+01 4.06036925e-05 -1.23697852e-05
 2.08599343e+01 4.04971799e-05 -1.21653198e-05
 2.08687891e+01 4.03932181e-05 -1.19719778e-05
 2.08776362e+01 4.02898054e-05 -1.18012255e-05
 2.08864755e+01 4.01884242e-05 -1.16375748e-05
 2.08953097e+01 4.00887205e-05 -1.14451565e-05
 2.09041388e+01 3.99910091e-05 -1.12635278e-05
 2.09129602e+01 3.98947000e-05 -1.10908172e-05
 2.09217738e+01 3.97969816e-05 -1.08788597e-05
 2.09305823e+01 3.96993609e-05 -1.06755361e-05
 2.09393857e+01 3.96048165e-05 -1.04406116e-05
 2.09481841e+01 3.95107378e-05 -1.01923738e-05
 2.09569774e+01 3.94166887e-05 -9.97077246e-06
 2.09657642e+01 3.93236991e-05 -9.72482099e-06
 2.09745460e+01 3.92308904e-05 -9.51302994e-06
 2.09833201e+01 3.91387064e-05 -9.31698674e-06
 2.09920877e+01 3.90467595e-05 -9.09135732e-06
 2.10008503e+01 3.89550897e-05 -8.87699219e-06
 2.10096077e+01 3.88683942e-05 -8.66245458e-06
 2.10183601e+01 3.87850676e-05 -8.50815017e-06
 2.10271086e+01 3.87057722e-05 -8.37340673e-06
 2.10358520e+01 3.86283947e-05 -8.25580771e-06
 2.10445877e+01 3.85501920e-05 -8.17873563e-06
 2.10533169e+01 3.84742299e-05 -8.15464153e-06
 2.10620396e+01 3.84009274e-05 -8.16973176e-06
 2.10707573e+01 3.83300393e-05 -8.18594478e-06
 2.10794658e+01 3.82583038e-05 -8.18585203e-06
 2.10881678e+01 3.81881269e-05 -8.16424600e-06
 2.10968621e+01 3.81186516e-05 -8.16348970e-06
 2.11055487e+01 3.80495231e-05 -8.15323482e-06
 2.11142275e+01 3.79805998e-05 -8.13669752e-06
 2.11228986e+01 3.79132359e-05 -8.11325804e-06
 2.11315619e+01 3.78460518e-05 -8.09281266e-06
 2.11402161e+01 3.77768174e-05 -8.07917032e-06
 2.11488652e+01 3.77086760e-05 -8.05055280e-06
 2.11575066e+01 3.76434771e-05 -8.01755560e-06
 2.11661416e+01 3.75811193e-05 -7.99357459e-06
 2.11747689e+01 3.75165695e-05 -7.96275560e-06
 2.11833859e+01 3.74501997e-05 -7.91641081e-06
 2.11919939e+01 3.73870435e-05 -7.89105996e-06
 2.12005928e+01 3.73263445e-05 -7.82530254e-06
 2.12091852e+01 3.72662042e-05 -7.74759284e-06
 2.12177660e+01 3.72058354e-05 -7.61260328e-06
 2.12263378e+01 3.71454259e-05 -7.50354015e-06
 2.12349004e+01 3.70852886e-05 -7.40262341e-06
 2.12434527e+01 3.70242606e-05 -7.27795718e-06
 2.12519972e+01 3.69620721e-05 -7.16126111e-06
 2.12605353e+01 3.68986296e-05 -7.05801222e-06
 2.12690644e+01 3.68341624e-05 -6.93716797e-06
 2.12775845e+01 3.67695165e-05 -6.78261232e-06
 2.12860967e+01 3.67043104e-05 -6.58776554e-06
 2.12946026e+01 3.66403873e-05 -6.39626450e-06
 2.13031034e+01 3.65805522e-05 -6.34185079e-06
 2.13115940e+01 3.65216848e-05 -6.34710908e-06
 2.13200768e+01 3.64623841e-05 -6.35391869e-06
 2.13285532e+01 3.64049099e-05 -6.37105151e-06
 2.13370205e+01 3.63464866e-05 -6.35786810e-06
 2.13454789e+01 3.62893739e-05 -6.37113371e-06
 2.13539282e+01 3.62325944e-05 -6.38735461e-06
 2.13623711e+01 3.61763644e-05 -6.42293803e-06
 2.13708050e+01 3.61188069e-05 -6.46404634e-06
 2.13792298e+01 3.60624273e-05 -6.50578499e-06
 2.13876455e+01 3.60038146e-05 -6.51566238e-06
 2.13960509e+01 3.59464421e-05 -6.52111553e-06
 2.14044498e+01 3.58909959e-05 -6.51683271e-06
 2.14128397e+01 3.58353924e-05 -6.57163380e-06
 2.14212218e+01 3.57806991e-05 -6.63696751e-06
 2.14295961e+01 3.57260990e-05 -6.70335859e-06
 2.14379627e+01 3.56701588e-05 -6.76813054e-06
 2.14463215e+01 3.56126677e-05 -6.79769477e-06
 2.14546712e+01 3.55533328e-05 -6.88653206e-06
 2.14630132e+01 3.54908205e-05 -6.97032370e-06
 2.14713463e+01 3.54256105e-05 -7.03375118e-06
 2.14796715e+01 3.53617458e-05 -7.13280055e-06
 2.14879890e+01 3.52995001e-05 -7.24175223e-06
 2.14962988e+01 3.52380237e-05 -7.35445897e-06
 2.15045982e+01 3.51771118e-05 -7.45228488e-06
 2.15128912e+01 3.51166090e-05 -7.58737979e-06
 2.15211792e+01 3.50426207e-05 -7.84391255e-06
 2.15294569e+01 3.49657435e-05 -8.16375016e-06
 2.15377281e+01 3.48836245e-05 -8.49068756e-06
 2.15459916e+01 3.47994124e-05 -8.82338302e-06
 2.15542487e+01 3.47117772e-05 -9.15882855e-06
 2.15624994e+01 3.46244296e-05 -9.53256024e-06
 2.15707450e+01 3.45362487e-05 -9.94293115e-06
 2.15789842e+01 3.44435933e-05 -1.03359796e-05
 2.15872183e+01 3.43498679e-05 -1.07271921e-05
 2.15954471e+01 3.42544750e-05 -1.11118798e-05
 2.16036708e+01 3.41577261e-05 -1.14429631e-05
 2.16118919e+01 3.40605264e-05 -1.17598183e-05
 2.16201105e+01 3.39621696e-05 -1.20811798e-05
 2.16283266e+01 3.38632686e-05 -1.24069751e-05
 2.16365376e+01 3.37627602e-05 -1.27149393e-05
 2.16447474e+01 3.36596512e-05 -1.29838908e-05
 2.16529533e+01 3.35554323e-05 -1.32572947e-05
 2.16611555e+01 3.34510837e-05 -1.35134072e-05
 2.16693551e+01 3.33452971e-05 -1.37527576e-05
 2.16775496e+01 3.32396098e-05 -1.39748777e-05
 2.16857390e+01 3.31343246e-05 -1.41570835e-05
 2.16939258e+01 3.30297255e-05 -1.43414753e-05
 2.17021088e+01 3.29248278e-05 -1.44910621e-05
 2.17102868e+01 3.28196450e-05 -1.46246068e-05
 2.17184583e+01 3.27151698e-05 -1.47106810e-05
 2.17266246e+01 3.26089813e-05 -1.47845493e-05
 2.17347872e+01 3.25032328e-05 -1.48077743e-05
 2.17429472e+01 3.23996707e-05 -1.48102042e-05
 2.17511008e+01 3.22975852e-05 -1.47452023e-05
 2.17592505e+01 3.21970401e-05 -1.46007049e-05
 2.17673964e+01 3.20961099e-05 -1.44295641e-05
 2.17755399e+01 3.19934951e-05 -1.42688005e-05
 2.17836807e+01 3.18896179e-05 -1.41058036e-05
 2.17918191e+01 3.17883514e-05 -1.39222666e-05
 2.17999549e+01 3.16862082e-05 -1.36559269e-05
 2.18080883e+01 3.15846777e-05 -1.33776030e-05
 2.18162205e+01 3.14872186e-05 -1.30663735e-05
 2.18243489e+01 3.13904474e-05 -1.27007749e-05
 2.18324734e+01 3.12959757e-05 -1.23543136e-05
 2.18405942e+01 3.12042893e-05 -1.19886216e-05
 2.18487111e+01 3.11131416e-05 -1.16080783e-05
 2.18568241e+01 3.10263391e-05 -1.12102142e-05
 2.18649334e+01 3.09420920e-05 -1.07297857e-05
 2.18730414e+01 3.08619307e-05 -1.02375255e-05
 2.18811456e+01 3.07853695e-05 -9.69528670e-06
 2.18892471e+01 3.07105442e-05 -9.16925836e-06
 2.18973463e+01 3.06395930e-05 -8.67723912e-06
 2.19054429e+01 3.05725478e-05 -8.18028318e-06
 2.19135369e+01 3.05098963e-05 -7.65668595e-06
 2.19216298e+01 3.04493655e-05 -7.10938867e-06
 2.19297201e+01 3.03929506e-05 -6.55047929e-06
 2.19378026e+01 3.03374764e-05 -6.07902021e-06
 2.19458864e+01 3.02859142e-05 -5.62478461e-06
 2.19539676e+01 3.02361394e-05 -5.21764266e-06
 2.19620474e+01 3.01911457e-05 -4.79511259e-06
 2.19701235e+01 3.01465964e-05 -4.41276503e-06
 2.19781957e+01 3.01038647e-05 -4.05556389e-06
 2.19862627e+01 3.00670366e-05 -3.71355555e-06
 2.19943258e+01 3.00334921e-05 -3.37676252e-06
 2.20023837e+01 2.99999856e-05 -3.04869535e-06
 2.20104365e+01 2.99689062e-05 -2.70366437e-06
 2.20184842e+01 2.99404625e-05 -2.41764102e-06
 2.20265242e+01 2.99144374e-05 -2.17930999e-06
 2.20345564e+01 2.98877182e-05 -1.98743345e-06
 2.20425822e+01 2.98564903e-05 -1.83712216e-06
 2.20506014e+01 2.98265762e-05 -1.69344674e-06
 2.20586130e+01 2.97980759e-05 -1.52912096e-06
 2.20666180e+01 2.97715440e-05 -1.40597391e-06
 2.20746166e+01 2.97437354e-05 -1.34501216e-06
 2.20826100e+01 2.97165810e-05 -1.31145402e-06
 2.20905982e+01 2.96919248e-05 -1.29967438e-06
 2.20985812e+01 2.96699689e-05 -1.31571776e-06
 2.21065578e+01 2.96480751e-05 -1.36874936e-06
 2.21145292e+01 2.96275996e-05 -1.40545784e-06
 2.21224954e+01 2.96097434e-05 -1.40152765e-06
 2.21304590e+01 2.95922113e-05 -1.39620622e-06
 2.21384174e+01 2.95784187e-05 -1.43409675e-06
 2.21463707e+01 2.95662251e-05 -1.51298993e-06
 2.21543175e+01 2.95559544e-05 -1.58458633e-06
 2.21622617e+01 2.95443343e-05 -1.67020491e-06
 2.21702008e+01 2.95315787e-05 -1.77288289e-06
 2.21781335e+01 2.95184626e-05 -1.90671942e-06
 2.21860609e+01 2.95055410e-05 -2.06160657e-06
 2.21939805e+01 2.94927555e-05 -2.24314576e-06
 2.22018937e+01 2.94818909e-05 -2.41233374e-06
 2.22098003e+01 2.94718751e-05 -2.55874161e-06
 2.22177003e+01 2.94615114e-05 -2.71963210e-06
 2.22255938e+01 2.94480621e-05 -2.87281013e-06
 2.22334796e+01 2.94316355e-05 -3.01067865e-06
 2.22413614e+01 2.94138872e-05 -3.19447014e-06
 2.22492394e+01 2.93950916e-05 -3.33985726e-06
 2.22571122e+01 2.93745338e-05 -3.47186558e-06
 2.22649799e+01 2.93522764e-05 -3.58015699e-06
 2.22728423e+01 2.93255420e-05 -3.68935535e-06
 2.22806971e+01 2.92991576e-05 -3.80997902e-06
 2.22885467e+01 2.92711075e-05 -3.94119310e-06
 2.22963911e+01 2.92410258e-05 -4.07732756e-06
 2.23042290e+01 2.92059903e-05 -4.22647374e-06
 2.23120604e+01 2.91685395e-05 -4.30114041e-06
 2.23198866e+01 2.91281484e-05 -4.30549804e-06
 2.23277077e+01 2.90842778e-05 -4.23941814e-06
 2.23355235e+01 2.90357400e-05 -4.15802298e-06
 2.23433354e+01 2.89965080e-05 -4.19392457e-06
 2.23511397e+01 2.89589408e-05 -4.24332497e-06
 2.23589374e+01 2.89232793e-05 -4.30847970e-06
 2.23667301e+01 2.88868082e-05 -4.36185653e-06
 2.23745188e+01 2.88491314e-05 -4.46640782e-06
 2.23823037e+01 2.88081153e-05 -4.61740113e-06
 2.23900873e+01 2.87664700e-05 -4.75778529e-06
 2.23978657e+01 2.87256698e-05 -4.90039252e-06
 2.24056416e+01 2.86870309e-05 -5.00528148e-06
 2.24134162e+01 2.86478729e-05 -5.11492521e-06
 2.24211895e+01 2.86060343e-05 -5.20735778e-06
 2.24289629e+01 2.85639835e-05 -5.26323580e-06
 2.24367362e+01 2.85229057e-05 -5.31974181e-06
 2.24445069e+01 2.84816768e-05 -5.41852960e-06
 2.24522764e+01 2.84402793e-05 -5.51762565e-06
 2.24600446e+01 2.83989587e-05 -5.61547029e-06
 2.24678115e+01 2.83579832e-05 -5.72808740e-06
 2.24755785e+01 2.83157609e-05 -5.86671005e-06
