LECROYWR6100A 18520 Waveform
Segments 1 SegmentSize 1252
Segment TrigTime TimeSinceSegment1
#1 23-Feb-2012 08:45:51 0                 
Time Ampl
-1.252e-007 -0.0732591
-1.25e-007 -0.0713745
-1.248e-007 -0.0706892
-1.246e-007 -0.0698326
-1.244e-007 -0.0683249
-1.242e-007 -0.0674512
-1.24e-007 -0.0658921
-1.238e-007 -0.0648127
-1.236e-007 -0.0637505
-1.234e-007 -0.0627226
-1.232e-007 -0.0616946
-1.23e-007 -0.0608037
-1.228e-007 -0.060067
-1.226e-007 -0.0592446
-1.224e-007 -0.0582167
-1.222e-007 -0.0575485
-1.22e-007 -0.057223
-1.218e-007 -0.0568803
-1.216e-007 -0.0561779
-1.214e-007 -0.0559038
-1.212e-007 -0.0553898
-1.21e-007 -0.054773
-1.208e-007 -0.0534024
-1.206e-007 -0.0524772
-1.204e-007 -0.0519461
-1.202e-007 -0.0507297
-1.2e-007 -0.0489479
-1.198e-007 -0.0467035
-1.196e-007 -0.0453158
-1.194e-007 -0.0431742
-1.192e-007 -0.0408785
-1.19e-007 -0.0389425
-1.188e-007 -0.0368352
-1.186e-007 -0.0334943
-1.184e-007 -0.0312328
-1.182e-007 -0.0288171
-1.18e-007 -0.0253734
-1.178e-007 -0.0228378
-1.176e-007 -0.0198396
-1.174e-007 -0.0163788
-1.172e-007 -0.0129523
-1.17e-007 -0.00918309
-1.168e-007 -0.00579083
-1.166e-007 -0.00243283
-1.164e-007 0.00128495
-1.162e-007 0.00489993
-1.16e-007 0.00839499
-1.158e-007 0.0119072
-1.156e-007 0.0151452
-1.154e-007 0.0186232
-1.152e-007 0.0223409
-1.15e-007 0.025322
-1.148e-007 0.0284402
-1.146e-007 0.0313698
-1.144e-007 0.0348478
-1.142e-007 0.0385827
-1.14e-007 0.0419921
-1.138e-007 0.0448704
-1.136e-007 0.0474916
-1.134e-007 0.0504042
-1.132e-007 0.0532311
-1.13e-007 0.0564691
-1.128e-007 0.0585251
-1.126e-007 0.0609579
-1.124e-007 0.0633051
-1.122e-007 0.065104
-1.12e-007 0.0668515
-1.118e-007 0.0673141
-1.116e-007 0.0676739
-1.114e-007 0.0676567
-1.112e-007 0.068205
-1.11e-007 0.0681193
-1.108e-007 0.0682735
-1.106e-007 0.0681365
-1.104e-007 0.0672627
-1.102e-007 0.0672284
-1.1e-007 0.0674512
-1.098e-007 0.0673998
-1.096e-007 0.0673655
-1.094e-007 0.0682564
-1.092e-007 0.0684962
-1.09e-007 0.0686847
-1.088e-007 0.0700553
-1.086e-007 0.0700382
-1.084e-007 0.0709462
-1.082e-007 0.0713231
-1.08e-007 0.0716144
-1.078e-007 0.0720084
-1.076e-007 0.0725567
-1.074e-007 0.0725053
-1.072e-007 0.0728479
-1.07e-007 0.0730193
-1.068e-007 0.0728993
-1.066e-007 0.0725567
-1.064e-007 0.0728137
-1.062e-007 0.0729336
-1.06e-007 0.0728479
-1.058e-007 0.0728308
-1.056e-007 0.0726081
-1.054e-007 0.0722654
-1.052e-007 0.0727451
-1.05e-007 0.072728
-1.048e-007 0.0733962
-1.046e-007 0.073756
-1.044e-007 0.0737217
-1.042e-007 0.074013
-1.04e-007 0.0748696
-1.038e-007 0.0754692
-1.036e-007 0.0756577
-1.034e-007 0.0764115
-1.032e-007 0.0769598
-1.03e-007 0.0775423
-1.028e-007 0.0783989
-1.026e-007 0.0785702
-1.024e-007 0.0787758
-1.022e-007 0.0797181
-1.02e-007 0.0803863
-1.018e-007 0.0808489
-1.016e-007 0.0811059
-1.014e-007 0.0809859
-1.012e-007 0.0817398
-1.01e-007 0.082545
-1.008e-007 0.0826307
-1.006e-007 0.0826649
-1.004e-007 0.083573
-1.002e-007 0.0837443
-1e-007 0.0836586
-9.98e-008 0.083967
-9.96e-008 0.0844981
-9.94e-008 0.0852177
-9.92e-008 0.0860572
-9.9e-008 0.0860401
-9.88e-008 0.0861943
-9.86e-008 0.086674
-9.84e-008 0.0869824
-9.82e-008 0.0869995
-9.8e-008 0.0874107
-9.78e-008 0.0880274
-9.76e-008 0.0883187
-9.74e-008 0.0887813
-9.72e-008 0.0888155
-9.7e-008 0.0888841
-9.68e-008 0.0891753
-9.66e-008 0.0894323
-9.64e-008 0.0895009
-9.62e-008 0.0895522
-9.6e-008 0.0895351
-9.58e-008 0.0897064
-9.56e-008 0.0901005
-9.54e-008 0.0903061
-9.52e-008 0.0908543
-9.5e-008 0.0918138
-9.48e-008 0.0910942
-9.46e-008 0.0917966
-9.44e-008 0.0919679
-9.42e-008 0.0920879
-9.4e-008 0.0924305
-9.38e-008 0.0922078
-9.36e-008 0.0924991
-9.34e-008 0.0926704
-9.32e-008 0.0928246
-9.3e-008 0.0925847
-9.28e-008 0.0928588
-9.26e-008 0.0935955
-9.24e-008 0.0930644
-9.22e-008 0.0934071
-9.2e-008 0.0933386
-9.18e-008 0.093133
-9.16e-008 0.0929616
-9.14e-008 0.0935613
-9.12e-008 0.0936469
-9.1e-008 0.0938697
-9.08e-008 0.0932529
-9.06e-008 0.093527
-9.04e-008 0.0933557
-9.02e-008 0.0939211
-9e-008 0.0937326
-8.98e-008 0.0942637
-8.96e-008 0.0936469
-8.94e-008 0.0931501
-8.92e-008 0.093133
-8.9e-008 0.0931672
-8.88e-008 0.0928417
-8.86e-008 0.0929445
-8.84e-008 0.093133
-8.82e-008 0.0922249
-8.8e-008 0.0920879
-8.78e-008 0.0916424
-8.76e-008 0.0911113
-8.74e-008 0.0913854
-8.72e-008 0.0907001
-8.7e-008 0.0901862
-8.68e-008 0.0895865
-8.66e-008 0.0895009
-8.64e-008 0.0888498
-8.62e-008 0.0885414
-8.6e-008 0.0885243
-8.58e-008 0.0879932
-8.56e-008 0.0872565
-8.54e-008 0.0868453
-8.52e-008 0.0862628
-8.5e-008 0.0856803
-8.48e-008 0.0857488
-8.46e-008 0.0848922
-8.44e-008 0.0846352
-8.42e-008 0.0836758
-8.4e-008 0.0828191
-8.38e-008 0.0819625
-8.36e-008 0.0812943
-8.34e-008 0.0803692
-8.32e-008 0.0790157
-8.3e-008 0.0784332
-8.28e-008 0.0766856
-8.26e-008 0.0755035
-8.24e-008 0.0742699
-8.22e-008 0.0729165
-8.2e-008 0.0720427
-8.18e-008 0.0702952
-8.16e-008 0.0688389
-8.14e-008 0.068205
-8.12e-008 0.0670571
-8.1e-008 0.0653781
-8.08e-008 0.0640589
-8.06e-008 0.0637162
-8.04e-008 0.0631337
-8.02e-008 0.0622942
-8e-008 0.0614376
-7.98e-008 0.0609922
-7.96e-008 0.0600499
-7.94e-008 0.059553
-7.92e-008 0.0588334
-7.9e-008 0.0579597
-7.88e-008 0.0576856
-7.86e-008 0.0562293
-7.84e-008 0.0548415
-7.82e-008 0.054002
-7.8e-008 0.0529912
-7.78e-008 0.0515863
-7.76e-008 0.0500444
-7.74e-008 0.0487766
-7.72e-008 0.0470462
-7.7e-008 0.04547
-7.68e-008 0.0433284
-7.66e-008 0.0415466
-7.64e-008 0.0388397
-7.62e-008 0.0365953
-7.6e-008 0.0342995
-7.58e-008 0.0326548
-7.56e-008 0.0297594
-7.54e-008 0.0272066
-7.52e-008 0.0242427
-7.5e-008 0.0217927
-7.48e-008 0.0186746
-7.46e-008 0.0151966
-7.44e-008 0.0122156
-7.42e-008 0.00908029
-7.4e-008 0.00537965
-7.38e-008 0.0015248
-7.36e-008 -0.00210731
-7.34e-008 -0.00649327
-7.32e-008 -0.0111019
-7.3e-008 -0.0146998
-7.28e-008 -0.0191371
-7.26e-008 -0.0240885
-7.24e-008 -0.0283888
-7.22e-008 -0.0336485
-7.2e-008 -0.0380516
-7.18e-008 -0.0429515
-7.16e-008 -0.0485025
-7.14e-008 -0.0543276
-7.12e-008 -0.0598443
-7.1e-008 -0.0660463
-7.08e-008 -0.0714945
-7.06e-008 -0.0773024
-7.04e-008 -0.0833845
-7.02e-008 -0.08861
-7e-008 -0.0941952
-6.98e-008 -0.0994206
-6.96e-008 -0.104697
-6.94e-008 -0.110745
-6.92e-008 -0.115097
-6.9e-008 -0.120083
-6.88e-008 -0.125908
-6.86e-008 -0.130945
-6.84e-008 -0.137455
-6.82e-008 -0.143314
-6.8e-008 -0.149722
-6.78e-008 -0.154965
-6.76e-008 -0.159984
-6.74e-008 -0.164662
-6.72e-008 -0.169682
-6.7e-008 -0.174359
-6.68e-008 -0.179344
-6.66e-008 -0.18385
-6.64e-008 -0.188048
-6.62e-008 -0.192879
-6.6e-008 -0.196049
-6.58e-008 -0.200589
-6.56e-008 -0.20393
-6.54e-008 -0.206945
-6.52e-008 -0.209652
-6.5e-008 -0.211537
-6.48e-008 -0.212462
-6.46e-008 -0.212308
-6.44e-008 -0.211691
-6.42e-008 -0.20996
-6.4e-008 -0.20787
-6.38e-008 -0.205266
-6.36e-008 -0.201908
-6.34e-008 -0.198447
-6.32e-008 -0.194867
-6.3e-008 -0.19144
-6.28e-008 -0.187894
-6.26e-008 -0.184981
-6.24e-008 -0.181315
-6.22e-008 -0.1771
-6.2e-008 -0.174119
-6.18e-008 -0.170315
-6.16e-008 -0.167095
-6.14e-008 -0.164028
-6.12e-008 -0.161372
-6.1e-008 -0.158991
-6.08e-008 -0.156952
-6.06e-008 -0.155204
-6.04e-008 -0.153388
-6.02e-008 -0.15123
-6e-008 -0.14878
-5.98e-008 -0.147392
-5.96e-008 -0.146056
-5.94e-008 -0.144599
-5.92e-008 -0.143057
-5.9e-008 -0.140933
-5.88e-008 -0.138963
-5.86e-008 -0.137249
-5.84e-008 -0.135365
-5.82e-008 -0.133566
-5.8e-008 -0.131493
-5.78e-008 -0.129368
-5.76e-008 -0.127107
-5.74e-008 -0.125085
-5.72e-008 -0.122327
-5.7e-008 -0.119603
-5.68e-008 -0.116913
-5.66e-008 -0.114566
-5.64e-008 -0.112853
-5.62e-008 -0.110386
-5.6e-008 -0.108724
-5.58e-008 -0.107593
-5.56e-008 -0.106137
-5.54e-008 -0.104766
-5.52e-008 -0.103875
-5.5e-008 -0.102505
-5.48e-008 -0.101494
-5.46e-008 -0.100003
-5.44e-008 -0.097913
-5.42e-008 -0.0960455
-5.4e-008 -0.0944008
-5.38e-008 -0.0923449
-5.36e-008 -0.0899292
-5.34e-008 -0.087976
-5.32e-008 -0.0867425
-5.3e-008 -0.0850464
-5.28e-008 -0.0830418
-5.26e-008 -0.0817569
-5.24e-008 -0.080095
-5.22e-008 -0.0778678
-5.2e-008 -0.0771654
-5.18e-008 -0.0756234
-5.16e-008 -0.0740815
-5.14e-008 -0.0725738
-5.12e-008 -0.0717172
-5.1e-008 -0.0709462
-5.08e-008 -0.0695242
-5.06e-008 -0.0685134
-5.04e-008 -0.0675368
-5.02e-008 -0.0658064
-5e-008 -0.0643502
-4.98e-008 -0.0633222
-4.96e-008 -0.0628425
-4.94e-008 -0.0613519
-4.92e-008 -0.0606324
-4.9e-008 -0.059553
-4.88e-008 -0.0592618
-4.86e-008 -0.0585765
-4.84e-008 -0.0577198
-4.82e-008 -0.0570859
-4.8e-008 -0.0569489
-4.78e-008 -0.0559552
-4.76e-008 -0.055938
-4.74e-008 -0.0557667
-4.72e-008 -0.0544304
-4.7e-008 -0.0538307
-4.68e-008 -0.0530084
-4.66e-008 -0.0517919
-4.64e-008 -0.0505927
-4.62e-008 -0.0480913
-4.6e-008 -0.0462581
-4.58e-008 -0.0446819
-4.56e-008 -0.0425746
-4.54e-008 -0.0403473
-4.52e-008 -0.0386683
-4.5e-008 -0.0362355
-4.48e-008 -0.0326719
-4.46e-008 -0.0304447
-4.44e-008 -0.0282174
-4.42e-008 -0.0249108
-4.4e-008 -0.0223067
-4.38e-008 -0.0188288
-4.36e-008 -0.0158134
-4.34e-008 -0.012524
-4.32e-008 -0.00885757
-4.3e-008 -0.00476287
-4.28e-008 -0.00197025
-4.26e-008 0.00215871
-4.24e-008 0.00585936
-4.22e-008 0.00964567
-4.2e-008 0.0124726
-4.18e-008 0.0158134
-4.16e-008 0.0196169
-4.14e-008 0.0225979
-4.12e-008 0.0261615
-4.1e-008 0.0293482
-4.08e-008 0.0327919
-4.06e-008 0.0358929
-4.04e-008 0.0394564
-4.02e-008 0.0421463
-4e-008 0.0451787
-3.98e-008 0.0482969
-3.96e-008 0.0507982
-3.94e-008 0.0540363
-3.92e-008 0.0574286
-3.9e-008 0.0599299
-3.88e-008 0.0615747
-3.86e-008 0.0636134
-3.84e-008 0.065361
-3.82e-008 0.0664061
-3.8e-008 0.0674683
-3.78e-008 0.0678281
-3.76e-008 0.0675197
-3.74e-008 0.0681365
-3.72e-008 0.0679651
-3.7e-008 0.0681193
-3.68e-008 0.0679137
-3.66e-008 0.0676739
-3.64e-008 0.0679137
-3.62e-008 0.0673826
-3.6e-008 0.0670057
-3.58e-008 0.0669543
-3.56e-008 0.0682735
-3.54e-008 0.0685305
-3.52e-008 0.0691302
-3.5e-008 0.0697641
-3.48e-008 0.0702438
-3.46e-008 0.0705693
-3.44e-008 0.0716829
-3.42e-008 0.0720427
-3.4e-008 0.0726252
-3.38e-008 0.0732077
-3.36e-008 0.0729507
-3.34e-008 0.0730193
-3.32e-008 0.0734304
-3.3e-008 0.0728308
-3.28e-008 0.0725738
-3.26e-008 0.0726423
-3.24e-008 0.0727794
-3.22e-008 0.0726595
-3.2e-008 0.0728137
-3.18e-008 0.0729165
-3.16e-008 0.0726595
-3.14e-008 0.0731221
-3.12e-008 0.0724882
-3.1e-008 0.072728
-3.08e-008 0.0732591
-3.06e-008 0.0738416
-3.04e-008 0.0743042
-3.02e-008 0.0749381
-3e-008 0.0752808
-2.98e-008 0.0760517
-2.96e-008 0.0767028
-2.94e-008 0.0769084
-2.92e-008 0.0777993
-2.9e-008 0.0786559
-2.88e-008 0.0786216
-2.86e-008 0.0792555
-2.84e-008 0.0801636
-2.82e-008 0.080352
-2.8e-008 0.0804377
-2.78e-008 0.0816198
-2.76e-008 0.0814828
-2.74e-008 0.0816027
-2.72e-008 0.0824251
-2.7e-008 0.0826649
-2.68e-008 0.0831446
-2.66e-008 0.0836244
-2.64e-008 0.0835216
-2.62e-008 0.0839327
-2.6e-008 0.0846694
-2.58e-008 0.0848236
-2.56e-008 0.0850635
-2.54e-008 0.0861257
-2.52e-008 0.0857488
-2.5e-008 0.0863142
-2.48e-008 0.0870852
-2.46e-008 0.0872565
-2.44e-008 0.0876677
-2.42e-008 0.0881988
-2.4e-008 0.087976
-2.38e-008 0.0883016
-2.36e-008 0.0887299
-2.34e-008 0.0887813
-2.32e-008 0.0888498
-2.3e-008 0.0893124
-2.28e-008 0.0898435
-2.26e-008 0.0894495
-2.24e-008 0.0897064
-2.22e-008 0.0895351
-2.2e-008 0.0898264
-2.18e-008 0.0904089
-2.16e-008 0.0903746
-2.14e-008 0.0909743
-2.12e-008 0.0913512
-2.1e-008 0.0911798
-2.08e-008 0.0916767
-2.06e-008 0.0922592
-2.04e-008 0.0924477
-2.02e-008 0.0924134
-2e-008 0.0928931
-1.98e-008 0.0921221
-1.96e-008 0.0925162
-1.94e-008 0.0929445
-1.92e-008 0.0930302
-1.9e-008 0.093133
-1.88e-008 0.0934242
-1.86e-008 0.092876
-1.84e-008 0.0925162
-1.82e-008 0.09327
-1.8e-008 0.0935955
-1.78e-008 0.0935784
-1.76e-008 0.0941267
-1.74e-008 0.0938011
-1.72e-008 0.0938354
-1.7e-008 0.0934756
-1.68e-008 0.0934414
-1.66e-008 0.0939211
-1.64e-008 0.0941609
-1.62e-008 0.0939039
-1.6e-008 0.0938183
-1.58e-008 0.0938697
-1.56e-008 0.0932872
-1.54e-008 0.092876
-1.52e-008 0.0936127
-1.5e-008 0.0926019
-1.48e-008 0.0927218
-1.46e-008 0.0924134
-1.44e-008 0.0925162
-1.42e-008 0.0915396
-1.4e-008 0.0918994
-1.38e-008 0.0913683
-1.36e-008 0.0907001
-1.34e-008 0.0903746
-1.32e-008 0.0903746
-1.3e-008 0.090032
-1.28e-008 0.0898606
-1.26e-008 0.0887127
-1.24e-008 0.088353
-1.22e-008 0.0885757
-1.2e-008 0.0876334
-1.18e-008 0.0868796
-1.16e-008 0.0863313
-1.14e-008 0.0862285
-1.12e-008 0.0855432
-1.1e-008 0.0852006
-1.08e-008 0.0848236
-1.06e-008 0.0836929
-1.04e-008 0.0834016
-1.02e-008 0.0825964
-1e-008 0.0816541
-9.8e-009 0.0809174
-9.6e-009 0.0797181
-9.4e-009 0.0790671
-9.2e-009 0.0777479
-9e-009 0.076737
-8.8e-009 0.075315
-8.6e-009 0.0740986
-8.4e-009 0.0726595
-8.2e-009 0.0718542
-8e-009 0.070655
-7.8e-009 0.0684791
-7.6e-009 0.0674169
-7.4e-009 0.0664917
-7.2e-009 0.0652924
-7e-009 0.06459
-6.8e-009 0.0634079
-6.6e-009 0.0625512
-6.4e-009 0.0612834
-6.2e-009 0.0613177
-6e-009 0.0606495
-5.8e-009 0.0599813
-5.6e-009 0.0596215
-5.4e-009 0.0592104
-5.2e-009 0.0580111
-5e-009 0.0576342
-4.8e-009 0.0561094
-4.6e-009 0.0550471
-4.4e-009 0.0541048
-4.2e-009 0.0524601
-4e-009 0.0508839
-3.8e-009 0.0496675
-3.6e-009 0.0481941
-3.4e-009 0.046892
-3.2e-009 0.04547
-3e-009 0.0425232
-2.8e-009 0.0406557
-2.6e-009 0.0388054
-2.4e-009 0.0360813
-2.2e-009 0.0341796
-2e-009 0.0316782
-1.8e-009 0.0294681
-1.6e-009 0.0268297
-1.4e-009 0.0243283
-1.2e-009 0.0216042
-1e-009 0.0180235
-8e-010 0.0145799
-6e-010 0.011496
-4e-010 0.00820653
-2e-010 0.00442022
3.27615e-022 0.00051398
2e-010 -0.00373491
4e-010 -0.00750409
6e-010 -0.0121128
8e-010 -0.0158648
1e-009 -0.0204221
1.2e-009 -0.0251678
1.4e-009 -0.0290227
1.6e-009 -0.0340768
1.8e-009 -0.0390281
2e-009 -0.0437396
2.2e-009 -0.0495818
2.4e-009 -0.0555097
2.6e-009 -0.0609922
2.8e-009 -0.0671428
3e-009 -0.0724539
3.2e-009 -0.078673
3.4e-009 -0.0846694
3.6e-009 -0.0902376
3.8e-009 -0.0952231
4e-009 -0.100397
4.2e-009 -0.106119
4.4e-009 -0.111225
4.6e-009 -0.116193
4.8e-009 -0.121213
5e-009 -0.127038
5.2e-009 -0.132384
5.4e-009 -0.139014
5.6e-009 -0.144839
5.8e-009 -0.150596
6e-009 -0.156061
6.2e-009 -0.160653
6.4e-009 -0.16581
6.6e-009 -0.170367
6.8e-009 -0.175352
7e-009 -0.179875
7.2e-009 -0.185067
7.4e-009 -0.189675
7.6e-009 -0.193462
7.8e-009 -0.197454
8e-009 -0.201463
8.2e-009 -0.205026
8.4e-009 -0.207699
8.6e-009 -0.21032
8.8e-009 -0.211005
9e-009 -0.212599
9.2e-009 -0.21241
9.4e-009 -0.211502
9.6e-009 -0.209498
9.8e-009 -0.207253
1e-008 -0.204478
1.02e-008 -0.201103
1.04e-008 -0.198053
1.06e-008 -0.193924
1.08e-008 -0.190669
1.1e-008 -0.187225
1.12e-008 -0.183696
1.14e-008 -0.180475
1.16e-008 -0.17698
1.18e-008 -0.172697
1.2e-008 -0.169202
1.22e-008 -0.166255
1.24e-008 -0.163171
1.26e-008 -0.160773
1.28e-008 -0.15846
1.3e-008 -0.156592
1.32e-008 -0.154502
1.34e-008 -0.152789
1.36e-008 -0.150801
1.38e-008 -0.148471
1.4e-008 -0.146724
1.42e-008 -0.145439
1.44e-008 -0.144085
1.46e-008 -0.142749
1.48e-008 -0.14059
1.5e-008 -0.139048
1.52e-008 -0.137387
1.54e-008 -0.134817
1.56e-008 -0.133155
1.58e-008 -0.131219
1.6e-008 -0.129266
1.62e-008 -0.127158
1.64e-008 -0.124331
1.66e-008 -0.121847
1.68e-008 -0.1195
1.7e-008 -0.116485
1.72e-008 -0.114566
1.74e-008 -0.112219
1.76e-008 -0.11018
1.78e-008 -0.107987
1.8e-008 -0.107147
1.82e-008 -0.105606
1.84e-008 -0.104458
1.86e-008 -0.103138
1.88e-008 -0.102402
1.9e-008 -0.101185
1.92e-008 -0.0998147
1.94e-008 -0.0979815
1.96e-008 -0.0958228
1.98e-008 -0.0943151
2e-008 -0.0920022
2.02e-008 -0.0899634
2.04e-008 -0.087976
2.06e-008 -0.0863313
2.08e-008 -0.0844296
2.1e-008 -0.0828877
2.12e-008 -0.0811915
2.14e-008 -0.0795125
2.16e-008 -0.0780391
2.18e-008 -0.0764115
2.2e-008 -0.075058
2.22e-008 -0.0734818
2.24e-008 -0.0720427
2.26e-008 -0.0714945
2.28e-008 -0.0700553
2.3e-008 -0.0685305
2.32e-008 -0.0676567
2.34e-008 -0.0663889
2.36e-008 -0.0652068
2.38e-008 -0.0643844
2.4e-008 -0.063682
2.42e-008 -0.062397
2.44e-008 -0.0615061
2.46e-008 -0.0603754
2.48e-008 -0.0593474
2.5e-008 -0.0586107
2.52e-008 -0.0582338
2.54e-008 -0.0573086
2.56e-008 -0.0568632
2.58e-008 -0.0569146
2.6e-008 -0.0562293
2.62e-008 -0.0555268
2.64e-008 -0.0554412
2.66e-008 -0.0541391
2.68e-008 -0.0537451
2.7e-008 -0.0523059
2.72e-008 -0.0507982
2.74e-008 -0.0496332
2.76e-008 -0.0484853
2.78e-008 -0.045727
2.8e-008 -0.044699
2.82e-008 -0.0423005
2.84e-008 -0.0395592
2.86e-008 -0.0376918
2.88e-008 -0.0353103
2.9e-008 -0.0323978
2.92e-008 -0.0297765
2.94e-008 -0.0273951
2.96e-008 -0.0243283
2.98e-008 -0.0211074
3e-008 -0.0176123
3.02e-008 -0.0141858
3.04e-008 -0.0110334
3.06e-008 -0.00801807
3.08e-008 -0.00443735
3.1e-008 -0.00106222
3.12e-008 0.00286115
3.14e-008 0.00633907
3.16e-008 0.0097656
3.18e-008 0.0134834
3.2e-008 0.0169099
3.22e-008 0.0201137
3.24e-008 0.0230605
3.26e-008 0.026487
3.28e-008 0.0299136
3.3e-008 0.0331688
3.32e-008 0.0367495
3.34e-008 0.0399019
3.36e-008 0.0429344
3.38e-008 0.0458812
3.4e-008 0.0486567
3.42e-008 0.051672
3.44e-008 0.0548929
3.46e-008 0.0581481
3.48e-008 0.0599128
3.5e-008 0.062397
3.52e-008 0.0641103
3.54e-008 0.0657208
3.56e-008 0.066526
3.58e-008 0.0673312
3.6e-008 0.0674854
3.62e-008 0.0675026
3.64e-008 0.0682393
3.66e-008 0.0678795
3.68e-008 0.0681365
3.7e-008 0.0678109
3.72e-008 0.0673998
3.74e-008 0.0672798
3.76e-008 0.067554
3.78e-008 0.0674854
3.8e-008 0.0673826
3.82e-008 0.0685648
3.84e-008 0.0688732
3.86e-008 0.0689246
3.88e-008 0.0699868
3.9e-008 0.0704836
3.92e-008 0.0716658
3.94e-008 0.0721455
3.96e-008 0.0721284
3.98e-008 0.0729336
4e-008 0.0728479
4.02e-008 0.0731735
4.04e-008 0.0728137
4.06e-008 0.0731906
4.08e-008 0.0728137
4.1e-008 0.0729165
4.12e-008 0.0727451
4.14e-008 0.0722312
4.16e-008 0.072471
4.18e-008 0.072334
4.2e-008 0.0721112
4.22e-008 0.0724025
4.24e-008 0.0729336
4.26e-008 0.0727109
4.28e-008 0.0731049
4.3e-008 0.0735332
4.32e-008 0.0738245
4.34e-008 0.0739958
4.36e-008 0.074664
4.38e-008 0.0755549
4.4e-008 0.0760689
4.42e-008 0.0760689
4.44e-008 0.0771311
4.46e-008 0.077371
4.48e-008 0.0784503
4.5e-008 0.0788615
4.52e-008 0.0793412
4.54e-008 0.0799922
4.56e-008 0.0804377
4.58e-008 0.0808489
4.6e-008 0.0812943
4.62e-008 0.0813457
4.64e-008 0.0820824
4.66e-008 0.0826307
4.68e-008 0.0825964
4.7e-008 0.0828191
4.72e-008 0.0831789
4.74e-008 0.0836929
4.76e-008 0.0841726
4.78e-008 0.084738
4.8e-008 0.0849607
4.82e-008 0.085132
4.84e-008 0.0857317
4.86e-008 0.0858345
4.88e-008 0.0863142
4.9e-008 0.0868796
4.92e-008 0.0869824
4.94e-008 0.0874963
4.96e-008 0.0880788
4.98e-008 0.088233
5e-008 0.0884558
5.02e-008 0.0890383
5.04e-008 0.0885243
5.06e-008 0.08861
5.08e-008 0.0893638
5.1e-008 0.0894323
5.12e-008 0.0894323
5.14e-008 0.0897236
5.16e-008 0.0900148
5.18e-008 0.0901519
5.2e-008 0.0904945
5.22e-008 0.0900834
5.24e-008 0.0907687
5.26e-008 0.0911798
5.28e-008 0.0909571
5.3e-008 0.0916596
5.32e-008 0.0918309
5.34e-008 0.0919851
5.36e-008 0.0921393
5.38e-008 0.0926704
5.4e-008 0.0927047
5.42e-008 0.0927561
5.44e-008 0.0931844
5.46e-008 0.0929274
5.48e-008 0.0931158
5.5e-008 0.0936469
5.52e-008 0.0931501
5.54e-008 0.0932186
5.56e-008 0.0932872
5.58e-008 0.0933214
5.6e-008 0.0938011
5.62e-008 0.0935784
5.64e-008 0.0935784
5.66e-008 0.0934414
5.68e-008 0.0940753
5.7e-008 0.0936469
5.72e-008 0.0934414
5.74e-008 0.0940753
5.76e-008 0.093784
5.78e-008 0.0933557
5.8e-008 0.0934928
5.82e-008 0.0933557
5.84e-008 0.0935613
5.86e-008 0.0931844
5.88e-008 0.0928074
5.9e-008 0.0931672
5.92e-008 0.0926704
5.94e-008 0.0919851
5.96e-008 0.0919508
5.98e-008 0.0915568
6e-008 0.0912141
6.02e-008 0.0909743
6.04e-008 0.0906316
6.06e-008 0.0902718
6.08e-008 0.0894666
6.1e-008 0.0893981
6.12e-008 0.0888669
6.14e-008 0.0883358
6.16e-008 0.0880617
6.18e-008 0.0876163
6.2e-008 0.0870338
6.22e-008 0.0873935
6.24e-008 0.0859544
6.26e-008 0.0857659
6.28e-008 0.0853376
6.3e-008 0.0847551
6.32e-008 0.0841726
6.34e-008 0.0836244
6.36e-008 0.0823908
6.38e-008 0.0819111
6.4e-008 0.0808317
6.42e-008 0.0794783
6.44e-008 0.0787416
6.46e-008 0.0779535
6.48e-008 0.0765143
6.5e-008 0.0748525
6.52e-008 0.0736532
6.54e-008 0.0725738
6.56e-008 0.071049
6.58e-008 0.0702609
6.6e-008 0.0685648
6.62e-008 0.06704
6.64e-008 0.0664061
6.66e-008 0.0646757
6.68e-008 0.0638019
6.7e-008 0.0635449
6.72e-008 0.0623285
6.74e-008 0.0615747
6.76e-008 0.0613519
6.78e-008 0.0603069
6.8e-008 0.0596729
6.82e-008 0.0596901
6.84e-008 0.0585936
6.86e-008 0.0580282
6.88e-008 0.0572915
6.9e-008 0.055938
6.92e-008 0.0547559
6.94e-008 0.0535395
6.96e-008 0.0521346
6.98e-008 0.0503185
7e-008 0.0497189
7.02e-008 0.0479371
7.04e-008 0.046241
7.06e-008 0.0444078
7.08e-008 0.0420435
7.1e-008 0.0402103
7.12e-008 0.0380858
7.14e-008 0.035396
7.16e-008 0.0338198
7.18e-008 0.0315412
7.2e-008 0.0292625
7.22e-008 0.0262986
7.24e-008 0.0235745
7.26e-008 0.0203536
7.28e-008 0.0177323
7.3e-008 0.0138946
7.32e-008 0.0106222
7.34e-008 0.0072471
7.36e-008 0.00332373
7.38e-008 -0.000548243
7.4e-008 -0.00448875
7.42e-008 -0.00846352
7.44e-008 -0.0127981
7.46e-008 -0.0166872
7.48e-008 -0.0214329
7.5e-008 -0.0261787
7.52e-008 -0.030359
7.54e-008 -0.0354988
7.56e-008 -0.0401246
7.58e-008 -0.0446134
7.6e-008 -0.0509353
7.62e-008 -0.0566233
7.64e-008 -0.0621743
7.66e-008 -0.067948
7.68e-008 -0.0734304
7.7e-008 -0.079958
7.72e-008 -0.0857317
7.74e-008 -0.0910257
7.76e-008 -0.0969021
7.78e-008 -0.101888
7.8e-008 -0.106873
7.82e-008 -0.111927
7.84e-008 -0.117341
7.86e-008 -0.12255
7.88e-008 -0.127621
7.9e-008 -0.133549
7.92e-008 -0.139665
7.94e-008 -0.146381
7.96e-008 -0.151761
7.98e-008 -0.157209
8e-008 -0.161955
8.02e-008 -0.166752
8.04e-008 -0.171823
8.06e-008 -0.176586
8.08e-008 -0.181383
8.1e-008 -0.185649
8.12e-008 -0.190292
8.14e-008 -0.194507
8.16e-008 -0.198122
8.18e-008 -0.201857
8.2e-008 -0.205437
8.22e-008 -0.208007
8.24e-008 -0.210183
8.26e-008 -0.211365
8.28e-008 -0.212427
8.3e-008 -0.212153
8.32e-008 -0.210731
8.34e-008 -0.209069
8.36e-008 -0.206842
8.38e-008 -0.203484
8.4e-008 -0.200555
8.42e-008 -0.197385
8.44e-008 -0.193667
8.46e-008 -0.190172
8.48e-008 -0.18666
8.5e-008 -0.183559
8.52e-008 -0.179447
8.54e-008 -0.175609
8.56e-008 -0.172783
8.58e-008 -0.168534
8.6e-008 -0.16533
8.62e-008 -0.162503
8.64e-008 -0.159796
8.66e-008 -0.158083
8.68e-008 -0.15613
8.7e-008 -0.153954
8.72e-008 -0.152326
8.74e-008 -0.149739
8.76e-008 -0.148249
8.78e-008 -0.146672
8.8e-008 -0.145199
8.82e-008 -0.143743
8.84e-008 -0.141927
8.86e-008 -0.139905
8.88e-008 -0.138055
8.9e-008 -0.136222
8.92e-008 -0.134337
8.94e-008 -0.132298
8.96e-008 -0.131047
8.98e-008 -0.128803
9e-008 -0.126507
9.02e-008 -0.124057
9.04e-008 -0.121213
9.06e-008 -0.118849
9.08e-008 -0.116485
9.1e-008 -0.114189
9.12e-008 -0.111945
9.14e-008 -0.109906
9.16e-008 -0.108175
9.18e-008 -0.106548
9.2e-008 -0.105657
9.22e-008 -0.104526
9.24e-008 -0.103018
9.26e-008 -0.102076
9.28e-008 -0.10062
9.3e-008 -0.0990095
9.32e-008 -0.0974333
9.34e-008 -0.0954287
9.36e-008 -0.0934756
9.38e-008 -0.0918994
9.4e-008 -0.0894666
9.42e-008 -0.0872051
9.44e-008 -0.0859373
9.46e-008 -0.0842069
9.48e-008 -0.0825621
9.5e-008 -0.0810373
9.52e-008 -0.0794097
9.54e-008 -0.0775594
9.56e-008 -0.0762745
9.58e-008 -0.0746126
9.6e-008 -0.0736189
9.62e-008 -0.0723511
9.64e-008 -0.0707406
9.66e-008 -0.0702438
9.68e-008 -0.0682393
9.7e-008 -0.0671942
9.72e-008 -0.0668001
9.74e-008 -0.0654124
9.76e-008 -0.0644872
9.78e-008 -0.0633051
9.8e-008 -0.06226
9.82e-008 -0.0610093
9.84e-008 -0.0601355
9.86e-008 -0.0593474
9.88e-008 -0.058902
9.9e-008 -0.0584051
9.92e-008 -0.057103
9.94e-008 -0.0570859
9.96e-008 -0.0565205
9.98e-008 -0.0562978
1e-007 -0.0557153
1.002e-007 -0.0551328
1.004e-007 -0.054122
1.006e-007 -0.0535566
1.008e-007 -0.0521689
1.01e-007 -0.0504385
1.012e-007 -0.049479
1.014e-007 -0.0476972
1.016e-007 -0.0459154
1.018e-007 -0.0437567
1.02e-007 -0.0416837
1.022e-007 -0.0393879
1.024e-007 -0.0372292
1.026e-007 -0.0345222
1.028e-007 -0.0318496
1.03e-007 -0.029194
1.032e-007 -0.0269496
1.034e-007 -0.0233004
1.036e-007 -0.0207133
1.038e-007 -0.0175609
1.04e-007 -0.0135348
1.042e-007 -0.010845
1.044e-007 -0.00743556
1.046e-007 -0.00344366
1.048e-007 -0.000188458
1.05e-007 0.00363212
1.052e-007 0.0066132
1.054e-007 0.0104852
1.056e-007 0.0136033
1.058e-007 0.0175267
1.06e-007 0.0210046
1.062e-007 0.0237801
1.064e-007 0.0276178
1.066e-007 0.0308216
1.068e-007 0.0338027
1.07e-007 0.0376918
1.072e-007 0.0406557
1.074e-007 0.0435511
1.076e-007 0.046635
1.078e-007 0.0493077
1.08e-007 0.0519804
1.082e-007 0.0550643
1.084e-007 0.0582509
1.086e-007 0.0606324
1.088e-007 0.0622942
1.09e-007 0.0648641
1.092e-007 0.0660805
1.094e-007 0.0668173
1.096e-007 0.0677595
1.098e-007 0.0676739
1.1e-007 0.0681365
1.102e-007 0.0682393
1.104e-007 0.0678966
1.106e-007 0.0674683
1.108e-007 0.0677253
1.11e-007 0.0671256
1.112e-007 0.067434
1.114e-007 0.0678623
1.116e-007 0.0674683
1.118e-007 0.0674683
1.12e-007 0.0686162
1.122e-007 0.0687018
1.124e-007 0.0691816
1.126e-007 0.0703466
1.128e-007 0.0707749
1.13e-007 0.0715459
1.132e-007 0.0721112
1.134e-007 0.0719228
1.136e-007 0.0722654
1.138e-007 0.0731392
1.14e-007 0.0731221
1.142e-007 0.0732763
1.144e-007 0.0727965
1.146e-007 0.0726937
1.148e-007 0.0728137
1.15e-007 0.0731392
1.152e-007 0.0726252
1.154e-007 0.071957
1.156e-007 0.0725738
1.158e-007 0.0721284
1.16e-007 0.0725738
1.162e-007 0.0731221
1.164e-007 0.0730707
1.166e-007 0.073379
1.168e-007 0.0738588
1.17e-007 0.0744241
1.172e-007 0.0745612
1.174e-007 0.0751094
1.176e-007 0.0752465
1.178e-007 0.0762573
1.18e-007 0.077251
1.182e-007 0.0771996
1.184e-007 0.0775937
1.186e-007 0.0787073
1.188e-007 0.0791356
1.19e-007 0.0798038
1.192e-007 0.0802835
1.194e-007 0.0804891
1.196e-007 0.0808831
1.198e-007 0.0820139
1.2e-007 0.0815513
1.202e-007 0.0815342
1.204e-007 0.0826992
1.206e-007 0.0826821
1.208e-007 0.0828363
1.21e-007 0.0836758
1.212e-007 0.0835558
1.214e-007 0.0846352
1.216e-007 0.0846694
1.218e-007 0.0848922
1.22e-007 0.0849607
1.222e-007 0.0866568
1.224e-007 0.0859201
1.226e-007 0.0864512
1.228e-007 0.086931
1.23e-007 0.0872736
1.232e-007 0.0872393
1.234e-007 0.087976
1.236e-007 0.0881474
1.238e-007 0.0884044
1.24e-007 0.0884044
1.242e-007 0.0891753
1.244e-007 0.0894323
1.246e-007 0.0896722
1.248e-007 0.0890897
1.25e-007 0.0892781
