5.489
5.455
5.480
5.188
3.189
0.469
1.521
1.438
0.591
1.591
2.092
0.134
1.586
0.559
1.778
1.955
1.993
2.143
1.393
1.358
1.208
1.093
1.042
1.094
1.079
1.153
1.250
1.329
1.402
1.427
1.395
1.424
1.392
1.356
1.361
1.360
1.362
1.372
1.357
1.381
1.387
1.366
1.352
1.387
1.378
1.369
1.371
1.361
1.351
1.354
1.346
1.351
1.335
1.340
1.347
1.332
1.357
1.379
1.377
1.380
1.380
1.380
1.380
1.393
1.389
1.390
1.387
1.378
1.393
1.389
1.406
1.390
1.379
1.375
1.380
1.376
1.371
1.371
1.368
1.350
1.340
1.357
1.358
1.362
1.370
1.380
1.371
1.390
1.445
1.464
1.465
1.472
1.477
1.491
1.487
1.487
1.511
1.517
1.554
1.576
1.575
1.609
1.588
1.605
1.588
1.590
1.601
1.597
1.800
1.729
1.793
1.920
1.913
1.965
1.943
1.965
1.813
1.880
1.959
1.887
1.864
1.896
1.910
2.027
1.792
1.847
2.112
2.071
1.933
2.021
2.033
1.963
2.035
2.112
2.042
2.054
1.984
2.129
2.020
2.149
2.079
2.052
2.079
2.070
1.889
1.770
1.782
1.801
1.771
1.766
1.718
1.805
1.849
1.730
1.882
1.977
1.959
2.031
2.120
2.023
1.973
1.912
1.853
1.971
2.021
2.047
1.984
1.964
2.040
2.009
2.032
1.994
2.012
2.016
2.024
2.036
2.027
2.026
2.003
2.030
2.014
2.008
2.111
2.045
2.047
2.030
2.013
2.006
2.005
2.008
2.015
2.003
1.996
1.990
2.018
2.015
2.016
2.002
2.031
1.998
2.021
1.976
1.994
2.006
2.017
2.002
2.007
2.029
1.990
2.014
1.975
1.968
1.968
1.962
1.951
1.943
1.941
1.934
1.940
1.932
1.928
1.938
1.927
1.914
1.908
1.918
1.912
1.914
1.924
1.935
1.946
1.951
1.928
1.932
1.950
1.923
1.910
1.958
1.932
1.948
1.985
1.963
1.990
1.962
1.944
1.971
1.968
1.980
1.976
1.951
1.896
1.870
1.863
1.878
1.896
1.909
1.913
1.919
1.915
1.943
1.949
1.970
1.972
1.975
1.975
1.996
2.007
2.014
2.040
2.070
2.084
2.037
2.066
2.106
2.052
2.147
2.063
2.053
2.076
2.045
2.022
2.009
2.033
2.032
2.031
2.014
2.018
2.027
1.991
1.995
2.000
2.011
2.011
2.012
2.019
2.011
2.015
2.020
2.046
2.045
2.059
2.058
2.057
2.099
2.107
2.109
2.119
2.119
2.111
2.110
2.114
2.129
2.117
2.122
2.113
2.117
2.135
2.116
2.123
2.093
2.068
2.041
2.024
2.030
2.049
2.052
2.048
2.057
2.054
2.072
2.064
2.086
2.090
2.113
2.159
2.091
2.054
2.060
2.076
2.098
2.065
2.045
2.036
2.042
2.043
2.039
2.020
2.007
2.024
2.038
2.026
2.016
2.015
2.040
2.021
2.011
2.015
2.010
2.010
2.011
2.002
1.998
1.991
1.986
1.992
1.997
1.999
1.994
1.994
1.981
1.984
1.983
1.981
1.983
1.980
1.979
1.973
1.975
1.980
1.974
1.969
1.965
1.962
1.963
1.975
1.994
1.990
1.989
1.990
1.987
1.994
1.987
1.982
1.983
1.981
1.983
1.995
2.002
2.001
1.991
2.009
2.014
2.019
2.025
2.020
2.025
2.021
2.011
2.043
2.028
2.018
2.015
2.018
2.020
2.018
2.020
2.009
2.008
2.017
2.028
2.037
2.021
2.029
2.032
2.062
2.044
2.048
2.050
2.061
2.064
2.062
2.068
2.061
2.056
2.043
2.048
2.045
2.036
2.046
2.046
2.057
2.056
2.056
2.043
2.044
2.045
2.044
2.048
2.041
2.041
2.041
2.041
2.047
2.049
2.045
2.040
2.045
2.042
2.032
2.055
2.051
2.057
2.057
2.074
2.056
2.051
2.058
2.049
2.070
2.083
2.089
2.068
2.065
2.071
2.074
2.069
2.066
2.064
2.066
2.064
2.063
2.059
2.061
2.056
2.076
2.082
2.081
2.082
2.085
2.088
2.084
2.086
2.077
2.078
2.077
2.079
2.077
2.081
2.083
2.080
2.075
2.063
2.065
2.056
2.054
2.061
2.059
2.063
2.063
2.063
2.062
2.059
2.063
2.066
2.069
2.070
2.072
2.079
2.077
2.082
2.085
2.082
2.082
2.088
2.085
2.098
2.098
2.091
2.100
2.100
2.115
2.127
2.121
2.113
2.129
2.117
2.118
2.123
2.151
2.137
2.133
2.133
2.135
2.132
2.127
2.129
2.135
2.128
2.127
2.122
2.125
2.119
2.116
2.121
2.116
2.116
2.116
2.118
2.113
2.113
2.113
2.114
2.112
2.106
2.119
2.107
2.102
2.099
2.098
2.097
2.098
2.098
2.093
2.092
2.091
2.099
2.107
2.112
2.111
2.110
2.107
2.114
2.112
2.115
2.113
2.112
2.117
2.112
2.112
2.115
2.115
2.113
2.115
2.112
2.108
2.107
2.112
2.114
2.116
2.116
2.125
2.124
2.122
2.116
2.114
2.114
2.114
2.117
2.125
2.124
2.123
2.120
2.137
2.138
2.132
2.132
2.132
2.133
2.132
2.130
2.135
2.130
2.129
2.129
2.129
2.129
2.128
2.129
2.129
2.131
2.131
2.129
2.131
2.132
2.136
2.138
2.136
2.136
2.136
2.136
2.136
2.134
2.132
2.131
2.128
2.129
2.132
2.130
2.132
2.130
2.130
2.129
2.128
2.129
2.132
2.135
2.139
2.137
2.139
2.142
2.142
2.142
2.142
2.142
2.144
2.142
2.140
2.141
2.142
2.143
2.144
2.144
2.147
2.142
2.141
2.144
2.145
2.144
2.141
2.141
2.144
2.142
2.139
2.139
2.137
2.136
2.136
2.135
2.135
2.134
2.135
2.134
2.131
2.133
2.132
2.132
2.136
2.136
2.137
2.139
2.142
2.145
2.141
2.144
2.146
2.146
2.147
2.147
2.152
2.144
2.147
2.151
2.153
2.154
2.156
2.153
2.152
2.153
2.158
2.157
2.165
2.169
2.170
2.170
2.176
2.175
2.174
2.174
2.177
2.174
2.181
2.184
2.183
2.184
2.186
2.184
2.183
2.183
2.183
2.187
2.188
2.188
2.184
2.186
2.186
2.186
2.186
2.187
2.186
2.185
2.187
2.185
2.184
2.192
2.188
2.186
2.187
2.190
2.190
2.190
2.193
2.193
2.194
2.193
2.191
2.198
2.200
2.203
2.207
2.203
2.203
2.201
2.199
2.204
2.202
2.204
2.207
2.209
2.211
2.211
2.207
2.213
2.210
2.211
2.212
2.211
2.208
2.209
2.210
2.211
2.212
2.213
2.216
2.211
2.210
2.210
2.210
2.209
2.209
2.210
2.209
2.209
2.211
2.210
2.213
2.219
2.223
2.221
2.224
2.233
2.226
2.222
2.223
2.226
2.226
2.225
2.230
2.229
2.230
2.225
2.221
2.227
2.228
2.227
2.227
2.227
2.227
2.227
2.227
2.227
2.227
2.227
2.228
2.227
2.227
2.227
2.226
2.226
2.227
2.223
2.225
2.228
2.229
2.228
2.226
2.228
2.228
2.229
2.230
2.230
2.229
2.229
2.229
2.229
2.228
2.230
2.230
2.231
2.232
2.232
2.232
2.233
2.233
2.232
2.232
2.232
2.232
2.231
2.231
2.231
2.231
2.231
2.231
2.231
2.231
2.231
2.230
2.233
2.237
2.238
2.238
2.239
2.244
2.250
2.253
2.258
2.256
2.260
2.258
2.260
2.258
2.256
2.257
2.258
2.267
2.270
2.271
2.267
2.267
2.267
2.267
2.267
2.266
2.262
2.265
2.259
2.260
2.261
2.261
2.264
2.262
2.262
2.261
2.261
2.261
2.261
2.262
2.262
2.264
2.261
2.261
2.260
2.261
2.261
2.264
2.261
2.261
2.264
2.266
2.266
2.269
2.270
2.269
2.265
2.263
2.264
2.264
2.263
2.263
2.265
2.261
2.262
2.264
2.263
2.261
2.261
2.261
2.261
2.260
2.257
2.258
2.256
2.259
2.253
2.254
2.256
2.258
2.262
2.260
2.261
2.263
2.259
2.262
2.262
2.263
2.266
2.266
2.268
2.267
2.264
2.268
2.267
2.272
2.273
2.272
2.270
2.268
2.269
2.269
2.271
2.271
2.269
2.267
2.273
2.268
2.269
2.271
2.268
2.267
2.267
2.264
2.267
2.267
2.266
2.267
2.268
2.264
2.271
2.267
2.270
2.273
2.272
2.271
2.280
2.276
2.274
2.264
2.274
2.251
2.279
2.278
2.275
2.273
2.272
2.269
2.268
2.269
2.269
2.270
2.270
2.270
2.274
2.280
2.280
2.281
2.280
2.280
2.282
2.281
2.283
2.282
2.282
2.288
2.287
2.288
2.290
2.293
2.294
2.292
2.296
2.292
2.294
2.295
2.296
2.296
2.297
2.297
2.297
2.297
2.299
2.297
2.297
2.299
2.298
2.299
2.300
2.300
2.300
2.300
2.299
2.299
2.299
2.299
2.297
2.301
2.300
2.300
2.299
2.299
2.299
2.298
2.298
2.299
2.297
2.300
2.301
2.302
2.304
2.306
2.313
2.313
2.311
2.306
2.311
2.308
2.310
2.307
2.308
2.311
2.302
2.306
2.303
2.308
2.304
2.304
2.307
2.307
2.305
2.305
2.306
2.305
2.305
2.304
2.303
2.303
2.301
2.303
2.301
2.301
2.301
2.302
2.299
2.299
2.299
2.303
2.305
2.302
2.301
2.297
2.304
2.304
2.298
2.302
2.297
2.290
2.303
2.298
2.293
2.303
2.300
2.302
2.303
2.303
2.304
2.303
2.303
2.300
2.303
2.303
2.303
2.303
2.303
2.303
2.304
2.302
2.302
2.302
2.302
2.303
2.303
2.305
2.306
2.306
2.306
2.306
2.310
2.310
2.311
2.312
2.312
2.311
2.311
2.311
2.308
2.310
2.309
2.308
2.308
2.309
2.309
2.309
2.309
2.309
2.308
2.308
2.310
2.310
2.310
2.310
2.310
2.309
2.309
2.309
2.309
2.310
2.310
2.310
2.310
2.310
2.310
2.310
2.308
2.307
2.311
2.311
2.311
2.311
2.316
2.315
2.314
2.316
2.303
2.308
2.286
2.292
2.260
2.244
2.317
2.319
2.304
2.323
2.322
2.311
2.314
2.303
2.324
2.323
2.323
2.323
2.322
2.324
2.322
2.324
2.322
2.321
2.323
2.330
2.326
2.324
2.326
2.326
2.326
2.326
2.325
2.326
2.329
2.329
2.322
2.317
2.321
2.310
2.280
2.278
2.324
2.322
2.333
2.340
2.335
2.329
2.325
2.333
2.332
2.339
2.324
2.317
2.308
2.327
2.331
2.328
2.344
2.338
2.340
2.341
2.339
2.343
2.343
2.339
2.344
2.342
2.344
2.344
2.345
2.345
2.345
2.346
2.345
2.345
2.345
2.344
2.348
2.350
2.346
2.346
2.346
2.345
2.343
2.344
2.344
2.347
2.347
2.347
2.347
2.349
2.348
2.345
2.344
2.346
2.338
2.339
2.340
2.344
2.344
2.343
2.342
2.348
2.345
2.345
2.344
2.344
2.343
2.342
2.331
2.335
2.344
2.343
2.344
2.344
2.343
2.344
2.345
2.344
2.339
2.345
2.346
2.338
2.341
2.343
2.344
2.345
2.345
2.345
2.343
2.343
2.343
2.346
2.347
2.346
2.346
2.347
2.349
2.348
2.349
2.353
2.350
2.354
2.354
2.360
2.355
2.357
2.360
2.358
2.361
2.362
2.361
2.363
2.363
2.364
2.365
2.367
2.367
2.367
2.367
2.368
2.367
2.368
2.367
2.367
2.369
2.369
2.370
2.368
2.368
2.368
2.369
2.368
2.365
2.365
2.366
2.365
2.362
2.365
2.364
2.364
2.365
2.365
2.368
2.369
2.370
2.368
2.369
2.368
2.368
2.366
2.366
2.366
2.368
2.366
2.365
2.364
2.365
2.365
2.364
2.364
2.364
2.364
2.363
2.363
2.364
2.364
2.364
2.363
2.362
2.363
2.363
2.366
2.366
2.367
2.367
2.366
2.367
2.367
2.368
2.368
2.369
2.367
2.368
2.367
2.368
2.368
2.368
2.367
2.367
2.367
2.368
2.366
2.367
2.367
2.367
2.368
2.368
2.368
2.368
2.368
2.368
2.368
2.368
2.368
2.368
2.368
2.367
2.367
2.366
2.366
2.366
2.368
2.369
2.370
2.371
2.373
2.378
2.380
2.380
2.382
2.382
2.385
2.385
2.382
2.382
2.383
2.384
2.384
2.385
2.384
2.383
2.384
2.385
2.388
2.390
2.389
2.390
2.389
2.390
2.387
2.388
2.389
2.390
2.390
2.390
2.390
2.390
2.390
2.389
2.390
2.390
2.389
2.389
2.388
2.390
2.390
2.390
2.388
2.388
2.391
2.394
2.395
2.396
2.395
2.396
2.398
2.397
2.398
2.396
2.398
2.399
2.399
2.399
2.399
2.400
2.400
2.398
2.398
2.398
2.400
2.401
2.401
2.403
2.403
2.403
2.403
2.405
2.405
2.406
2.406
2.407
2.406
2.409
2.410
2.412
2.413
2.412
2.413
2.414
2.414
2.413
2.413
2.413
2.414
2.413
2.413
2.412
2.412
2.412
2.412
2.412
2.411
2.412
2.412
2.412
2.411
2.410
2.411
2.412
2.412
2.412
2.412
2.412
2.412
2.413
2.413
2.413
2.413
2.413
2.412
2.413
2.414
2.413
2.414
2.414
2.414
2.415
2.415
2.415
2.415
2.417
2.416
2.416
2.414
2.414
2.413
2.413
2.413
2.414
2.414
2.413
2.414
2.416
2.416
2.416
2.415
2.418
2.416
2.417
2.417
2.417
2.417
2.417
2.417
2.418
2.418
2.417
2.415
2.416
2.416
2.415
2.416
2.417
2.418
2.419
2.420
2.420
2.420
2.420
2.419
2.419
2.419
2.419
2.419
2.419
2.418
2.418
2.418
2.418
2.418
2.418
2.418
2.417
2.417
2.417
2.418
2.418
2.419
2.418
2.418
2.418
2.419
2.419
2.419
2.419
2.418
2.419
2.418
2.417
2.418
2.416
2.415
2.415
2.414
2.414
2.415
2.415
2.416
2.415
2.415
2.415
2.415
2.415
2.415
2.415
2.415
2.415
2.415
2.414
2.414
2.414
2.415
2.414
2.414
2.415
2.416
2.415
2.415
2.415
2.415
2.415
2.416
2.415
2.415
2.415
2.415
2.416
2.416
2.416
2.417
2.416
2.416
2.417
2.417
2.417
2.417
2.418
2.418
2.418
2.419
2.422
2.423
2.423
2.425
2.425
2.425
2.425
2.425
2.425
2.426
2.426
2.426
2.427
2.428
2.428
2.428
2.428
2.428
2.428
2.428
2.428
2.428
2.428
2.428
2.428
2.428
2.428
2.428
2.429
2.428
2.428
2.428
2.428
2.428
2.428
2.428
2.428
2.428
2.429
2.428
2.428
2.429
2.430
2.430
2.430
2.431
2.430
2.432
2.432
2.431
2.434
2.433
2.432
2.432
2.432
2.432
2.432
2.432
2.433
2.433
2.432
2.433
2.434
2.434
2.435
2.437
2.438
2.438
2.439
2.439
2.439
2.439
2.438
2.440
2.440
2.441
2.441
2.441
2.441
2.441
2.441
2.441
2.441
2.441
2.442
2.442
2.441
2.441
2.441
2.441
2.440
2.440
2.441
2.443
2.442
2.442
2.443
2.443
2.443
2.442
2.442
2.442
2.442
2.443
2.443
2.443
2.442
2.442
2.442
2.442
2.442
2.442
2.442
2.442
2.442
2.442
2.442
2.442
2.442
2.443
2.443
2.443
2.442
2.443
2.442
2.442
2.442
2.442
2.442
2.442
2.442
