20001	190.000000	6.000000	0.610269	0.000000	0.000000	1.512637e+01
20001	191.000000	6.000000	0.617208	0.000000	0.000000	3.617807e+01
20001	192.000000	6.000000	0.605747	0.000000	0.000000	1.015762e+02
20001	193.000000	6.000000	0.622291	0.000000	0.000000	2.128607e+02
20001	194.000000	6.000000	0.609355	0.000000	0.000000	1.850679e+02
20001	195.000000	6.000000	0.629585	0.000000	0.000000	3.132045e+02
20001	196.000000	6.000000	0.620400	0.000000	0.000000	4.231856e+02
20001	197.000000	6.000000	0.643766	0.000000	0.000000	3.294441e+02
20001	198.000000	6.000000	0.670885	0.000000	0.000000	3.553060e+02
20001	199.000000	6.000000	0.655281	0.000000	0.000000	1.076392e+03
20001	200.000000	6.000000	0.657736	0.000000	0.000000	2.282772e+03
20001	201.000000	6.000000	0.655077	0.000000	0.000000	2.040445e+03
20001	202.000000	6.000000	0.662237	0.000000	0.000000	1.483832e+03
20001	203.000000	6.000000	0.668593	0.000000	0.000000	2.639062e+03
20001	204.000000	6.000000	0.663722	0.000000	0.000000	1.941592e+03
20001	205.000000	6.000000	0.661865	0.000000	0.000000	2.804914e+03
20001	206.000000	6.000000	0.662636	0.000000	0.000000	2.479038e+03
20001	207.000000	6.000000	0.646620	0.000000	0.000000	3.959331e+03
20001	208.000000	6.000000	0.650185	0.000000	0.000000	4.935148e+03
20001	209.000000	6.000000	0.653583	0.000000	0.000000	2.461329e+04
20001	210.000000	6.000000	0.644392	0.000000	0.000000	1.456993e+04
20001	211.000000	6.000000	0.637623	0.000000	0.000000	1.100629e+04
20001	212.000000	6.000000	0.636075	0.000000	0.000000	7.388645e+03
20001	213.000000	6.000000	0.630133	0.000000	0.000000	4.909770e+03
20001	214.000000	6.000000	0.620627	0.000000	0.000000	1.019970e+04
20001	215.000000	6.000000	0.612555	0.000000	0.000000	5.215687e+03
20001	216.000000	6.000000	0.606832	0.000000	0.000000	2.067906e+04
20001	217.000000	6.000000	0.597806	0.000000	0.000000	2.373829e+04
20001	218.000000	6.000000	0.591482	0.000000	0.000000	2.089254e+04
20001	219.000000	6.000000	0.585058	0.000000	0.000000	3.085867e+04
20001	220.000000	6.000000	0.577533	0.000000	0.000000	3.137442e+04
20001	221.000000	6.000000	0.564478	0.000000	0.000000	2.238426e+04
20001	222.000000	6.000000	0.554622	0.000000	0.000000	1.228813e+04
20001	223.000000	6.000000	0.543668	0.000000	0.000000	1.614472e+04
20001	224.000000	6.000000	0.533649	0.000000	0.000000	1.484895e+04
20001	225.000000	6.000000	0.526690	0.000000	0.000000	2.053817e+04
20001	226.000000	6.000000	0.515683	0.000000	0.000000	3.255689e+04
20001	227.000000	6.000000	0.501475	0.000000	0.000000	2.650758e+04
20001	228.000000	6.000000	0.488808	0.000000	0.000000	2.045847e+04
20001	229.000000	6.000000	0.477953	0.000000	0.000000	2.763859e+04
20001	230.000000	6.000000	0.464667	0.000000	0.000000	3.235504e+04
20001	231.000000	6.000000	0.452152	0.000000	0.000000	2.706624e+04
20001	232.000000	6.000000	0.441007	0.000000	0.000000	2.865577e+04
20001	233.000000	6.000000	0.430740	0.000000	0.000000	2.647558e+04
20001	234.000000	6.000000	0.421291	0.000000	0.000000	2.827013e+04
20001	235.000000	6.000000	0.415307	0.000000	0.000000	3.413261e+04
20001	236.000000	6.000000	0.408830	0.000000	0.000000	2.840485e+04
20001	237.000000	6.000000	0.403427	0.000000	0.000000	2.523988e+04
20001	238.000000	6.000000	0.398698	0.000000	0.000000	2.739866e+04
20001	239.000000	6.000000	0.395269	0.000000	0.000000	4.046383e+04
20001	240.000000	6.000000	0.392582	0.000000	0.000000	3.961554e+04
20001	241.000000	6.000000	0.390856	0.000000	0.000000	3.527271e+04
20001	242.000000	6.000000	0.391260	0.000000	0.000000	4.348924e+04
20001	243.000000	6.000000	0.392112	0.000000	0.000000	5.609611e+04
20001	244.000000	6.000000	0.393600	0.000000	0.000000	8.908823e+04
20001	245.000000	6.000000	0.395456	0.000000	0.000000	5.762223e+04
20001	246.000000	6.000000	0.397648	0.000000	0.000000	5.544360e+04
20001	247.000000	6.000000	0.400794	0.000000	0.000000	8.190698e+04
20001	248.000000	6.000000	0.403939	0.000000	0.000000	1.085751e+05
20001	249.000000	6.000000	0.407821	0.000000	0.000000	1.074887e+05
20001	250.000000	6.000000	0.412379	0.000000	0.000000	1.083362e+05
20001	251.000000	6.000000	0.416726	0.000000	0.000000	1.313519e+05
20001	252.000000	6.000000	0.423685	0.000000	0.000000	5.583147e+04
20001	253.000000	6.000000	0.431272	0.000000	0.000000	7.137323e+04
20001	254.000000	6.000000	0.437637	0.000000	0.000000	8.227230e+04
20001	255.000000	6.000000	0.444054	0.000000	0.000000	5.976066e+04
20001	256.000000	6.000000	0.450891	0.000000	0.000000	5.316924e+04
20001	257.000000	6.000000	0.458136	0.000000	0.000000	6.982905e+04
20001	258.000000	6.000000	0.466795	0.000000	0.000000	7.609348e+04
20001	259.000000	6.000000	0.474699	0.000000	0.000000	4.646233e+04
20001	260.000000	6.000000	0.484923	0.000000	0.000000	2.874768e+04
20001	261.000000	6.000000	0.493785	0.000000	0.000000	3.456283e+04
20001	262.000000	6.000000	0.501203	0.000000	0.000000	4.796569e+04
20001	263.000000	6.000000	0.508802	0.000000	0.000000	3.061238e+04
20001	264.000000	6.000000	0.518819	0.000000	0.000000	3.654781e+04
20001	265.000000	6.000000	0.526992	0.000000	0.000000	3.798353e+04
20001	266.000000	6.000000	0.535522	0.000000	0.000000	3.358414e+04
20001	267.000000	6.000000	0.543425	0.000000	0.000000	3.270239e+04
20001	268.000000	6.000000	0.551192	0.000000	0.000000	3.202190e+04
20001	269.000000	6.000000	0.558728	0.000000	0.000000	3.369505e+04
20001	270.000000	6.000000	0.567470	0.000000	0.000000	2.802753e+04
20001	271.000000	6.000000	0.573625	0.000000	0.000000	2.311002e+04
20001	272.000000	6.000000	0.578749	0.000000	0.000000	2.584440e+04
20001	273.000000	6.000000	0.584606	0.000000	0.000000	3.056201e+04
20001	274.000000	6.000000	0.590853	0.000000	0.000000	3.782258e+04
20001	275.000000	6.000000	0.594745	0.000000	0.000000	3.000998e+04
20001	276.000000	6.000000	0.597144	0.000000	0.000000	3.512400e+04
20001	277.000000	6.000000	0.600491	0.000000	0.000000	3.542858e+04
20001	278.000000	6.000000	0.604232	0.000000	0.000000	3.678352e+04
20001	279.000000	6.000000	0.607695	0.000000	0.000000	3.290008e+04
20001	280.000000	6.000000	0.610086	0.000000	0.000000	2.632687e+04
20001	281.000000	6.000000	0.612455	0.000000	0.000000	3.139800e+04
20001	282.000000	6.000000	0.614252	0.000000	0.000000	2.554841e+04
20001	283.000000	6.000000	0.615451	0.000000	0.000000	2.651826e+04
20001	284.000000	6.000000	0.615511	0.000000	0.000000	3.623354e+04
20001	285.000000	6.000000	0.616809	0.000000	0.000000	2.958064e+04
20001	286.000000	6.000000	0.617159	0.000000	0.000000	3.137907e+04
20001	287.000000	6.000000	0.617509	0.000000	0.000000	3.431117e+04
20001	288.000000	6.000000	0.618135	0.000000	0.000000	3.040265e+04
20001	289.000000	6.000000	0.615751	0.000000	0.000000	3.523853e+04
20001	290.000000	6.000000	0.612076	0.000000	0.000000	2.831459e+04
20001	291.000000	6.000000	0.609435	0.000000	0.000000	3.735380e+04
20001	292.000000	6.000000	0.605148	0.000000	0.000000	3.249251e+04
20001	293.000000	6.000000	0.601276	0.000000	0.000000	2.483610e+04
20001	294.000000	6.000000	0.597032	0.000000	0.000000	2.879394e+04
20001	295.000000	6.000000	0.593090	0.000000	0.000000	2.779684e+04
20001	296.000000	6.000000	0.589631	0.000000	0.000000	2.790115e+04
20001	297.000000	6.000000	0.587349	0.000000	0.000000	3.232653e+04
20001	298.000000	6.000000	0.583753	0.000000	0.000000	2.795448e+04
20001	299.000000	6.000000	0.581255	0.000000	0.000000	2.945557e+04
20001	300.000000	6.000000	0.578776	0.000000	0.000000	3.359408e+04
20001	301.000000	6.000000	0.577246	0.000000	0.000000	2.882135e+04
20001	302.000000	6.000000	0.575290	0.000000	0.000000	3.310389e+04
20001	303.000000	6.000000	0.574246	0.000000	0.000000	2.580277e+04
20001	304.000000	6.000000	0.575134	0.000000	0.000000	3.056176e+04
20001	305.000000	6.000000	0.572821	0.000000	0.000000	2.753634e+04
20001	306.000000	6.000000	0.570895	0.000000	0.000000	3.443169e+04
20001	307.000000	6.000000	0.569688	0.000000	0.000000	5.281616e+04
20001	308.000000	6.000000	0.569391	0.000000	0.000000	2.682383e+04
20001	309.000000	6.000000	0.569519	0.000000	0.000000	3.489145e+04
20001	310.000000	6.000000	0.568268	0.000000	0.000000	3.060183e+04
20001	311.000000	6.000000	0.567860	0.000000	0.000000	3.272382e+04
20001	312.000000	6.000000	0.567976	0.000000	0.000000	5.022704e+04
20001	313.000000	6.000000	0.567223	0.000000	0.000000	3.648811e+04
20001	314.000000	6.000000	0.566583	0.000000	0.000000	4.690326e+04
20001	315.000000	6.000000	0.566180	0.000000	0.000000	3.894401e+04
20001	316.000000	6.000000	0.566216	0.000000	0.000000	2.749941e+04
20001	317.000000	6.000000	0.565216	0.000000	0.000000	3.719264e+04
20001	318.000000	6.000000	0.565279	0.000000	0.000000	4.102068e+04
20001	319.000000	6.000000	0.566132	0.000000	0.000000	3.996646e+04
20001	320.000000	6.000000	0.566521	0.000000	0.000000	4.487319e+04
20001	321.000000	6.000000	0.565556	0.000000	0.000000	5.453345e+04
20001	322.000000	6.000000	0.564779	0.000000	0.000000	3.773532e+04
20001	323.000000	6.000000	0.565745	0.000000	0.000000	3.853405e+04
20001	324.000000	6.000000	0.564901	0.000000	0.000000	3.977230e+04
20001	325.000000	6.000000	0.565600	0.000000	0.000000	3.795708e+04
20001	326.000000	6.000000	0.567215	0.000000	0.000000	3.408146e+04
20001	327.000000	6.000000	0.567723	0.000000	0.000000	2.629067e+04
20001	328.000000	6.000000	0.568023	0.000000	0.000000	1.292313e+04
20001	329.000000	6.000000	0.568659	0.000000	0.000000	3.687327e+04
20001	330.000000	6.000000	0.567706	0.000000	0.000000	3.464571e+04
20001	331.000000	6.000000	0.567504	0.000000	0.000000	2.275039e+04
20001	332.000000	6.000000	0.566502	0.000000	0.000000	1.642428e+04
20001	333.000000	6.000000	0.568889	0.000000	0.000000	1.571632e+04
20001	334.000000	6.000000	0.568570	0.000000	0.000000	1.168192e+04
20001	335.000000	6.000000	0.565469	0.000000	0.000000	1.406005e+04
20001	336.000000	6.000000	0.565944	0.000000	0.000000	1.968700e+04
20001	337.000000	6.000000	0.567006	0.000000	0.000000	2.212942e+04
20001	338.000000	6.000000	0.565719	0.000000	0.000000	2.839501e+04
20001	339.000000	6.000000	0.563216	0.000000	0.000000	4.975039e+04
20001	340.000000	6.000000	0.562911	0.000000	0.000000	2.259417e+04
20001	341.000000	6.000000	0.564618	0.000000	0.000000	1.764883e+04
20001	342.000000	6.000000	0.565154	0.000000	0.000000	3.077457e+04
20001	343.000000	6.000000	0.564318	0.000000	0.000000	2.370719e+04
20001	344.000000	6.000000	0.564572	0.000000	0.000000	1.779950e+04
20001	345.000000	6.000000	0.568568	0.000000	0.000000	2.629702e+04
20001	346.000000	6.000000	0.568455	0.000000	0.000000	5.435325e+04
20001	347.000000	6.000000	0.568917	0.000000	0.000000	3.049146e+04
20001	348.000000	6.000000	0.568757	0.000000	0.000000	2.206132e+04
20001	349.000000	6.000000	0.568262	0.000000	0.000000	2.557725e+04
20001	350.000000	6.000000	0.569489	0.000000	0.000000	2.613275e+04
20001	351.000000	6.000000	0.570966	0.000000	0.000000	3.742839e+04
20001	352.000000	6.000000	0.572318	0.000000	0.000000	1.814155e+04
20001	353.000000	6.000000	0.575355	0.000000	0.000000	3.313788e+04
20001	354.000000	6.000000	0.576100	0.000000	0.000000	3.947698e+04
20001	355.000000	6.000000	0.579360	0.000000	0.000000	3.487862e+04
20001	356.000000	6.000000	0.579319	0.000000	0.000000	3.177705e+04
20001	357.000000	6.000000	0.580945	0.000000	0.000000	4.395758e+04
20001	358.000000	6.000000	0.583345	0.000000	0.000000	4.058605e+04
20001	359.000000	6.000000	0.586252	0.000000	0.000000	4.957399e+04
20001	360.000000	6.000000	0.589106	0.000000	0.000000	6.435348e+04
20001	361.000000	6.000000	0.590888	0.000000	0.000000	5.201543e+04
20001	362.000000	6.000000	0.591828	0.000000	0.000000	4.752517e+04
20001	363.000000	6.000000	0.590091	0.000000	0.000000	4.373924e+04
20001	364.000000	6.000000	0.589968	0.000000	0.000000	5.366281e+04
20001	365.000000	6.000000	0.590669	0.000000	0.000000	3.402512e+04
20001	366.000000	6.000000	0.589333	0.000000	0.000000	2.580449e+04
20001	367.000000	6.000000	0.588036	0.000000	0.000000	2.847689e+04
20001	368.000000	6.000000	0.586387	0.000000	0.000000	2.714339e+04
20001	369.000000	6.000000	0.583193	0.000000	0.000000	3.118981e+04
20001	370.000000	6.000000	0.580337	0.000000	0.000000	4.557902e+04
20001	371.000000	6.000000	0.576079	0.000000	0.000000	5.369917e+04
20001	372.000000	6.000000	0.572037	0.000000	0.000000	5.752228e+04
20001	373.000000	6.000000	0.567087	0.000000	0.000000	4.612595e+04
20001	374.000000	6.000000	0.562041	0.000000	0.000000	4.077074e+04
20001	375.000000	6.000000	0.557214	0.000000	0.000000	3.239432e+04
20001	376.000000	6.000000	0.551375	0.000000	0.000000	2.617764e+04
20001	377.000000	6.000000	0.547799	0.000000	0.000000	3.177255e+04
20001	378.000000	6.000000	0.542222	0.000000	0.000000	5.704277e+04
20001	379.000000	6.000000	0.536708	0.000000	0.000000	3.101661e+04
20001	380.000000	6.000000	0.534731	0.000000	0.000000	2.969059e+04
20001	381.000000	6.000000	0.528004	0.000000	0.000000	2.145197e+04
20001	382.000000	6.000000	0.522508	0.000000	0.000000	7.055477e+04
20001	383.000000	6.000000	0.518689	0.000000	0.000000	6.360984e+04
20001	384.000000	6.000000	0.514246	0.000000	0.000000	4.501086e+04
20001	385.000000	6.000000	0.509062	0.000000	0.000000	4.508803e+04
20001	386.000000	6.000000	0.503257	0.000000	0.000000	5.837700e+04
20001	387.000000	6.000000	0.499122	0.000000	0.000000	5.190694e+04
20001	388.000000	6.000000	0.494896	0.000000	0.000000	7.926265e+04
20001	389.000000	6.000000	0.491542	0.000000	0.000000	7.722484e+04
20001	390.000000	6.000000	0.487017	0.000000	0.000000	8.660001e+04
20001	391.000000	6.000000	0.482158	0.000000	0.000000	8.017876e+04
20001	392.000000	6.000000	0.477994	0.000000	0.000000	6.365880e+04
20001	393.000000	6.000000	0.474777	0.000000	0.000000	5.510451e+04
20001	394.000000	6.000000	0.470334	0.000000	0.000000	6.856482e+04
20001	395.000000	6.000000	0.466604	0.000000	0.000000	9.056908e+04
20001	396.000000	6.000000	0.463057	0.000000	0.000000	8.636484e+04
20001	397.000000	6.000000	0.458575	0.000000	0.000000	6.907196e+04
20001	398.000000	6.000000	0.455062	0.000000	0.000000	5.351082e+04
20001	399.000000	6.000000	0.451451	0.000000	0.000000	7.149057e+04
20001	400.000000	6.000000	0.448756	0.000000	0.000000	7.922024e+04
20001	401.000000	6.000000	0.444966	0.000000	0.000000	1.122627e+05
20001	402.000000	6.000000	0.441159	0.000000	0.000000	9.552187e+04
20001	403.000000	6.000000	0.436630	0.000000	0.000000	7.569604e+04
20001	404.000000	6.000000	0.433877	0.000000	0.000000	6.730756e+04
20001	405.000000	6.000000	0.430905	0.000000	0.000000	6.935649e+04
20001	406.000000	6.000000	0.426945	0.000000	0.000000	9.658828e+04
20001	407.000000	6.000000	0.423809	0.000000	0.000000	1.055833e+05
20001	408.000000	6.000000	0.420312	0.000000	0.000000	7.811880e+04
20001	409.000000	6.000000	0.416538	0.000000	0.000000	9.183213e+04
20001	410.000000	6.000000	0.413103	0.000000	0.000000	8.008340e+04
20001	411.000000	6.000000	0.410361	0.000000	0.000000	8.568150e+04
20001	412.000000	6.000000	0.407233	0.000000	0.000000	8.093067e+04
20001	413.000000	6.000000	0.404297	0.000000	0.000000	9.123276e+04
20001	414.000000	6.000000	0.401290	0.000000	0.000000	1.051540e+05
20001	415.000000	6.000000	0.398574	0.000000	0.000000	1.304304e+05
20001	416.000000	6.000000	0.395848	0.000000	0.000000	1.225542e+05
20001	417.000000	6.000000	0.392678	0.000000	0.000000	9.284251e+04
20001	418.000000	6.000000	0.389112	0.000000	0.000000	1.176871e+05
20001	419.000000	6.000000	0.386286	0.000000	0.000000	1.421247e+05
20001	420.000000	6.000000	0.382797	0.000000	0.000000	1.314512e+05
20001	421.000000	6.000000	0.380137	0.000000	0.000000	1.196166e+05
20001	422.000000	6.000000	0.377532	0.000000	0.000000	1.069158e+05
20001	423.000000	6.000000	0.374126	0.000000	0.000000	9.085292e+04
20001	424.000000	6.000000	0.371509	0.000000	0.000000	1.072030e+05
20001	425.000000	6.000000	0.368557	0.000000	0.000000	9.385661e+04
20001	426.000000	6.000000	0.365754	0.000000	0.000000	1.050324e+05
20001	427.000000	6.000000	0.362784	0.000000	0.000000	1.011339e+05
20001	428.000000	6.000000	0.360249	0.000000	0.000000	1.294470e+05
20001	429.000000	6.000000	0.357833	0.000000	0.000000	9.866959e+04
20001	430.000000	6.000000	0.354537	0.000000	0.000000	9.602973e+04
20001	431.000000	6.000000	0.351900	0.000000	0.000000	1.034376e+05
20001	432.000000	6.000000	0.349058	0.000000	0.000000	1.027058e+05
20001	433.000000	6.000000	0.346735	0.000000	0.000000	8.672964e+04
20001	434.000000	6.000000	0.344367	0.000000	0.000000	1.163200e+05
20001	435.000000	6.000000	0.341416	0.000000	0.000000	1.173975e+05
20001	436.000000	6.000000	0.338499	0.000000	0.000000	1.009291e+05
20001	437.000000	6.000000	0.335944	0.000000	0.000000	1.067978e+05
20001	438.000000	6.000000	0.333342	0.000000	0.000000	9.785202e+04
20001	439.000000	6.000000	0.330446	0.000000	0.000000	9.359673e+04
20001	440.000000	6.000000	0.328153	0.000000	0.000000	9.568606e+04
20001	441.000000	6.000000	0.325956	0.000000	0.000000	1.318535e+05
20001	442.000000	6.000000	0.323297	0.000000	0.000000	1.303991e+05
20001	443.000000	6.000000	0.320654	0.000000	0.000000	1.331014e+05
20001	444.000000	6.000000	0.317585	0.000000	0.000000	1.391214e+05
20001	445.000000	6.000000	0.315601	0.000000	0.000000	9.598445e+04
20001	446.000000	6.000000	0.312873	0.000000	0.000000	1.058195e+05
20001	447.000000	6.000000	0.310286	0.000000	0.000000	1.145704e+05
20001	448.000000	6.000000	0.308347	0.000000	0.000000	1.272532e+05
20001	449.000000	6.000000	0.305938	0.000000	0.000000	1.246945e+05
20001	450.000000	6.000000	0.303339	0.000000	0.000000	1.127827e+05
20001	451.000000	6.000000	0.301056	0.000000	0.000000	1.310889e+05
20001	452.000000	6.000000	0.298815	0.000000	0.000000	1.370652e+05
20001	453.000000	6.000000	0.296241	0.000000	0.000000	1.266983e+05
20001	454.000000	6.000000	0.293662	0.000000	0.000000	1.190371e+05
20001	455.000000	6.000000	0.291606	0.000000	0.000000	1.126052e+05
20001	456.000000	6.000000	0.289276	0.000000	0.000000	1.170565e+05
20001	457.000000	6.000000	0.287311	0.000000	0.000000	1.221156e+05
20001	458.000000	6.000000	0.285161	0.000000	0.000000	1.141526e+05
20001	459.000000	6.000000	0.282932	0.000000	0.000000	1.148098e+05
20001	460.000000	6.000000	0.280632	0.000000	0.000000	1.189961e+05
20001	461.000000	6.000000	0.278326	0.000000	0.000000	1.248839e+05
20001	462.000000	6.000000	0.275933	0.000000	0.000000	1.275299e+05
20001	463.000000	6.000000	0.273754	0.000000	0.000000	1.197983e+05
20001	464.000000	6.000000	0.271637	0.000000	0.000000	1.070594e+05
20001	465.000000	6.000000	0.269445	0.000000	0.000000	1.034862e+05
20001	466.000000	6.000000	0.267617	0.000000	0.000000	1.036615e+05
20001	467.000000	6.000000	0.265655	0.000000	0.000000	1.094869e+05
20001	468.000000	6.000000	0.263445	0.000000	0.000000	9.395482e+04
20001	469.000000	6.000000	0.261388	0.000000	0.000000	1.017109e+05
20001	470.000000	6.000000	0.259321	0.000000	0.000000	1.004365e+05
20001	471.000000	6.000000	0.256788	0.000000	0.000000	9.422178e+04
20001	472.000000	6.000000	0.254619	0.000000	0.000000	9.081045e+04
20001	473.000000	6.000000	0.252479	0.000000	0.000000	1.078785e+05
20001	474.000000	6.000000	0.250798	0.000000	0.000000	1.020940e+05
20001	475.000000	6.000000	0.249260	0.000000	0.000000	9.716309e+04
20001	476.000000	6.000000	0.247348	0.000000	0.000000	9.160268e+04
20001	477.000000	6.000000	0.245327	0.000000	0.000000	9.845049e+04
20001	478.000000	6.000000	0.243382	0.000000	0.000000	8.938779e+04
20001	479.000000	6.000000	0.241129	0.000000	0.000000	9.084080e+04
20001	480.000000	6.000000	0.239147	0.000000	0.000000	9.133024e+04
20001	481.000000	6.000000	0.237236	0.000000	0.000000	8.665428e+04
20001	482.000000	6.000000	0.235522	0.000000	0.000000	8.343757e+04
20001	483.000000	6.000000	0.234035	0.000000	0.000000	8.737207e+04
20001	484.000000	6.000000	0.231917	0.000000	0.000000	9.229345e+04
20001	485.000000	6.000000	0.230183	0.000000	0.000000	8.982743e+04
20001	486.000000	6.000000	0.228473	0.000000	0.000000	9.702868e+04
20001	487.000000	6.000000	0.226563	0.000000	0.000000	1.044761e+05
20001	488.000000	6.000000	0.224666	0.000000	0.000000	8.985578e+04
20001	489.000000	6.000000	0.222765	0.000000	0.000000	9.117835e+04
20001	490.000000	6.000000	0.221224	0.000000	0.000000	9.001106e+04
20001	491.000000	6.000000	0.219601	0.000000	0.000000	8.244297e+04
20001	492.000000	6.000000	0.217797	0.000000	0.000000	8.061635e+04
20001	493.000000	6.000000	0.216078	0.000000	0.000000	9.685960e+04
20001	494.000000	6.000000	0.214278	0.000000	0.000000	9.910493e+04
20001	495.000000	6.000000	0.212637	0.000000	0.000000	9.128607e+04
20001	496.000000	6.000000	0.210904	0.000000	0.000000	9.503926e+04
20001	497.000000	6.000000	0.209091	0.000000	0.000000	9.730299e+04
20001	498.000000	6.000000	0.207353	0.000000	0.000000	1.022382e+05
20001	499.000000	6.000000	0.205663	0.000000	0.000000	9.769492e+04
20001	500.000000	6.000000	0.204031	0.000000	0.000000	9.484786e+04
20001	501.000000	6.000000	0.202602	0.000000	0.000000	9.403049e+04
20001	502.000000	6.000000	0.201139	0.000000	0.000000	8.962885e+04
20001	503.000000	6.000000	0.199585	0.000000	0.000000	8.652182e+04
20001	504.000000	6.000000	0.198079	0.000000	0.000000	8.652336e+04
20001	505.000000	6.000000	0.196430	0.000000	0.000000	8.420633e+04
20001	506.000000	6.000000	0.194895	0.000000	0.000000	8.311134e+04
20001	507.000000	6.000000	0.193347	0.000000	0.000000	8.674145e+04
20001	508.000000	6.000000	0.191699	0.000000	0.000000	8.673128e+04
20001	509.000000	6.000000	0.190371	0.000000	0.000000	8.741383e+04
20001	510.000000	6.000000	0.189062	0.000000	0.000000	8.592044e+04
20001	511.000000	6.000000	0.187488	0.000000	0.000000	8.088354e+04
20001	512.000000	6.000000	0.186082	0.000000	0.000000	7.985974e+04
20001	513.000000	6.000000	0.184637	0.000000	0.000000	8.295692e+04
20001	514.000000	6.000000	0.183047	0.000000	0.000000	7.751188e+04
20001	515.000000	6.000000	0.181611	0.000000	0.000000	8.134795e+04
20001	516.000000	6.000000	0.180224	0.000000	0.000000	8.722628e+04
20001	517.000000	6.000000	0.178963	0.000000	0.000000	8.101815e+04
20001	518.000000	6.000000	0.177675	0.000000	0.000000	8.574503e+04
20001	519.000000	6.000000	0.176333	0.000000	0.000000	8.864145e+04
20001	520.000000	6.000000	0.174931	0.000000	0.000000	8.423476e+04
20001	521.000000	6.000000	0.173680	0.000000	0.000000	8.664890e+04
20001	522.000000	6.000000	0.172260	0.000000	0.000000	7.925567e+04
20001	523.000000	6.000000	0.170830	0.000000	0.000000	7.509483e+04
20001	524.000000	6.000000	0.169613	0.000000	0.000000	8.072559e+04
20001	525.000000	6.000000	0.168355	0.000000	0.000000	7.889680e+04
20001	526.000000	6.000000	0.167041	0.000000	0.000000	7.845146e+04
20001	527.000000	6.000000	0.165894	0.000000	0.000000	8.098998e+04
20001	528.000000	6.000000	0.164618	0.000000	0.000000	8.915547e+04
20001	529.000000	6.000000	0.163309	0.000000	0.000000	8.443255e+04
20001	530.000000	6.000000	0.162167	0.000000	0.000000	8.354110e+04
20001	531.000000	6.000000	0.160832	0.000000	0.000000	8.231414e+04
20001	532.000000	6.000000	0.159527	0.000000	0.000000	8.414757e+04
20001	533.000000	6.000000	0.158359	0.000000	0.000000	8.733559e+04
20001	534.000000	6.000000	0.157187	0.000000	0.000000	8.722687e+04
20001	535.000000	6.000000	0.156103	0.000000	0.000000	8.546456e+04
20001	536.000000	6.000000	0.155144	0.000000	0.000000	8.358973e+04
20001	537.000000	6.000000	0.153998	0.000000	0.000000	8.856091e+04
20001	538.000000	6.000000	0.152976	0.000000	0.000000	8.345233e+04
20001	539.000000	6.000000	0.151791	0.000000	0.000000	8.586171e+04
20001	540.000000	6.000000	0.150587	0.000000	0.000000	8.868409e+04
20001	541.000000	6.000000	0.149475	0.000000	0.000000	8.430845e+04
20001	542.000000	6.000000	0.148466	0.000000	0.000000	8.414717e+04
20001	543.000000	6.000000	0.147422	0.000000	0.000000	8.451212e+04
20001	544.000000	6.000000	0.146401	0.000000	0.000000	8.046712e+04
20001	545.000000	6.000000	0.145420	0.000000	0.000000	8.215913e+04
20001	546.000000	6.000000	0.144514	0.000000	0.000000	8.434787e+04
20001	547.000000	6.000000	0.143567	0.000000	0.000000	8.662853e+04
20001	548.000000	6.000000	0.142570	0.000000	0.000000	8.739239e+04
20001	549.000000	6.000000	0.141521	0.000000	0.000000	8.999360e+04
20001	550.000000	6.000000	0.140508	0.000000	0.000000	9.287371e+04
20001	551.000000	6.000000	0.139532	0.000000	0.000000	8.916812e+04
20001	552.000000	6.000000	0.138581	0.000000	0.000000	8.662788e+04
20001	553.000000	6.000000	0.137741	0.000000	0.000000	8.809220e+04
20001	554.000000	6.000000	0.136807	0.000000	0.000000	8.766757e+04
20001	555.000000	6.000000	0.135812	0.000000	0.000000	9.384674e+04
20001	556.000000	6.000000	0.134926	0.000000	0.000000	9.281015e+04
20001	557.000000	6.000000	0.133934	0.000000	0.000000	9.377887e+04
20001	558.000000	6.000000	0.132947	0.000000	0.000000	9.414635e+04
20001	559.000000	6.000000	0.131995	0.000000	0.000000	9.414881e+04
20001	560.000000	6.000000	0.131259	0.000000	0.000000	9.408268e+04
20001	561.000000	6.000000	0.130335	0.000000	0.000000	9.344920e+04
20001	562.000000	6.000000	0.129552	0.000000	0.000000	9.411851e+04
20001	563.000000	6.000000	0.128781	0.000000	0.000000	9.854926e+04
20001	564.000000	6.000000	0.128003	0.000000	0.000000	9.963739e+04
20001	565.000000	6.000000	0.127272	0.000000	0.000000	9.589790e+04
20001	566.000000	6.000000	0.126294	0.000000	0.000000	1.028855e+05
20001	567.000000	6.000000	0.125546	0.000000	0.000000	9.562128e+04
20001	568.000000	6.000000	0.124889	0.000000	0.000000	8.710012e+04
20001	569.000000	6.000000	0.124097	0.000000	0.000000	9.555863e+04
20001	570.000000	6.000000	0.123385	0.000000	0.000000	9.499639e+04
20001	571.000000	6.000000	0.122711	0.000000	0.000000	1.007300e+05
20001	572.000000	6.000000	0.121919	0.000000	0.000000	1.006337e+05
20001	573.000000	6.000000	0.121308	0.000000	0.000000	9.563499e+04
20001	574.000000	6.000000	0.120549	0.000000	0.000000	1.002192e+05
20001	575.000000	6.000000	0.119622	0.000000	0.000000	1.023529e+05
20001	576.000000	6.000000	0.119003	0.000000	0.000000	9.951252e+04
20001	577.000000	6.000000	0.118281	0.000000	0.000000	9.616556e+04
20001	578.000000	6.000000	0.117648	0.000000	0.000000	9.399522e+04
20001	579.000000	6.000000	0.117069	0.000000	0.000000	9.835412e+04
20001	580.000000	6.000000	0.116384	0.000000	0.000000	1.022694e+05
20001	581.000000	6.000000	0.115831	0.000000	0.000000	1.006321e+05
20001	582.000000	6.000000	0.115169	0.000000	0.000000	9.732977e+04
20001	583.000000	6.000000	0.114436	0.000000	0.000000	9.767400e+04
20001	584.000000	6.000000	0.113819	0.000000	0.000000	9.604923e+04
20001	585.000000	6.000000	0.113252	0.000000	0.000000	9.792494e+04
20001	586.000000	6.000000	0.112633	0.000000	0.000000	9.881597e+04
20001	587.000000	6.000000	0.112107	0.000000	0.000000	9.998481e+04
20001	588.000000	6.000000	0.111624	0.000000	0.000000	1.045519e+05
20001	589.000000	6.000000	0.111037	0.000000	0.000000	1.029972e+05
20001	590.000000	6.000000	0.110468	0.000000	0.000000	9.813201e+04
20001	591.000000	6.000000	0.109891	0.000000	0.000000	9.687244e+04
20001	592.000000	6.000000	0.109173	0.000000	0.000000	9.175718e+04
20001	593.000000	6.000000	0.108639	0.000000	0.000000	9.315598e+04
20001	594.000000	6.000000	0.108124	0.000000	0.000000	9.867759e+04
20001	595.000000	6.000000	0.107573	0.000000	0.000000	9.955941e+04
20001	596.000000	6.000000	0.107215	0.000000	0.000000	9.777950e+04
20001	597.000000	6.000000	0.106930	0.000000	0.000000	1.012733e+05
20001	598.000000	6.000000	0.106409	0.000000	0.000000	1.077311e+05
20001	599.000000	6.000000	0.105901	0.000000	0.000000	9.961626e+04
20001	600.000000	6.000000	0.105392	0.000000	0.000000	9.758258e+04
20001	601.000000	6.000000	0.104834	0.000000	0.000000	1.118850e+05
20001	602.000000	6.000000	0.104344	0.000000	0.000000	1.072480e+05
20001	603.000000	6.000000	0.103886	0.000000	0.000000	1.054662e+05
20001	604.000000	6.000000	0.103438	0.000000	0.000000	1.100725e+05
20001	605.000000	6.000000	0.103259	0.000000	0.000000	1.131087e+05
20001	606.000000	6.000000	0.102892	0.000000	0.000000	1.096559e+05
20001	607.000000	6.000000	0.102316	0.000000	0.000000	1.091142e+05
20001	608.000000	6.000000	0.102048	0.000000	0.000000	1.144532e+05
20001	609.000000	6.000000	0.101329	0.000000	0.000000	1.133730e+05
20001	610.000000	6.000000	0.100818	0.000000	0.000000	1.031943e+05
20001	611.000000	6.000000	0.100425	0.000000	0.000000	1.179607e+05
20001	612.000000	6.000000	0.100161	0.000000	0.000000	1.090013e+05
20001	613.000000	6.000000	0.099798	0.000000	0.000000	1.179591e+05
20001	614.000000	6.000000	0.099612	0.000000	0.000000	1.138971e+05
20001	615.000000	6.000000	0.099392	0.000000	0.000000	1.276405e+05
20001	616.000000	6.000000	0.098980	0.000000	0.000000	1.159793e+05
20001	617.000000	6.000000	0.098526	0.000000	0.000000	1.145977e+05
20001	618.000000	6.000000	0.098022	0.000000	0.000000	1.120566e+05
20001	619.000000	6.000000	0.097626	0.000000	0.000000	1.143543e+05
20001	620.000000	6.000000	0.097310	0.000000	0.000000	1.291821e+05
20001	621.000000	6.000000	0.097144	0.000000	0.000000	1.217931e+05
20001	622.000000	6.000000	0.096863	0.000000	0.000000	1.200180e+05
20001	623.000000	6.000000	0.096649	0.000000	0.000000	1.212376e+05
20001	624.000000	6.000000	0.096506	0.000000	0.000000	1.242273e+05
20001	625.000000	6.000000	0.096160	0.000000	0.000000	1.231889e+05
20001	626.000000	6.000000	0.095803	0.000000	0.000000	1.145852e+05
20001	627.000000	6.000000	0.095389	0.000000	0.000000	1.148107e+05
20001	628.000000	6.000000	0.095006	0.000000	0.000000	1.206867e+05
20001	629.000000	6.000000	0.094846	0.000000	0.000000	1.163963e+05
20001	630.000000	6.000000	0.094521	0.000000	0.000000	1.141673e+05
20001	631.000000	6.000000	0.094340	0.000000	0.000000	1.128739e+05
20001	632.000000	6.000000	0.094246	0.000000	0.000000	1.226787e+05
20001	633.000000	6.000000	0.094095	0.000000	0.000000	1.255951e+05
20001	634.000000	6.000000	0.093825	0.000000	0.000000	1.272371e+05
20001	635.000000	6.000000	0.093621	0.000000	0.000000	1.264182e+05
20001	636.000000	6.000000	0.093223	0.000000	0.000000	1.284046e+05
20001	637.000000	6.000000	0.092827	0.000000	0.000000	1.255219e+05
20001	638.000000	6.000000	0.092693	0.000000	0.000000	1.222699e+05
20001	639.000000	6.000000	0.092562	0.000000	0.000000	1.284620e+05
20001	640.000000	6.000000	0.092642	0.000000	0.000000	1.283222e+05
20001	641.000000	6.000000	0.092546	0.000000	0.000000	1.288542e+05
20001	642.000000	6.000000	0.092274	0.000000	0.000000	1.262516e+05
20001	643.000000	6.000000	0.092082	0.000000	0.000000	1.273646e+05
20001	644.000000	6.000000	0.091799	0.000000	0.000000	1.322162e+05
20001	645.000000	6.000000	0.091404	0.000000	0.000000	1.394804e+05
20001	646.000000	6.000000	0.091321	0.000000	0.000000	1.447838e+05
20001	647.000000	6.000000	0.091228	0.000000	0.000000	1.363808e+05
20001	648.000000	6.000000	0.091249	0.000000	0.000000	1.225006e+05
20001	649.000000	6.000000	0.091189	0.000000	0.000000	1.310133e+05
20001	650.000000	6.000000	0.090922	0.000000	0.000000	1.338322e+05
20001	651.000000	6.000000	0.090832	0.000000	0.000000	1.568448e+05
20001	652.000000	6.000000	0.090695	0.000000	0.000000	1.391795e+05
20001	653.000000	6.000000	0.090220	0.000000	0.000000	1.410599e+05
20001	654.000000	6.000000	0.090051	0.000000	0.000000	1.556393e+05
20001	655.000000	6.000000	0.089979	0.000000	0.000000	1.493898e+05
20001	656.000000	6.000000	0.089716	0.000000	0.000000	1.293269e+05
20001	657.000000	6.000000	0.090077	0.000000	0.000000	1.328335e+05
20001	658.000000	6.000000	0.090265	0.000000	0.000000	1.237306e+05
20001	659.000000	6.000000	0.090265	0.000000	0.000000	1.351463e+05
20001	660.000000	6.000000	0.090210	0.000000	0.000000	1.286174e+05
20001	661.000000	6.000000	0.089660	0.000000	0.000000	1.355792e+05
20001	662.000000	6.000000	0.089452	0.000000	0.000000	1.429231e+05
20001	663.000000	6.000000	0.089380	0.000000	0.000000	1.661615e+05
20001	664.000000	6.000000	0.089248	0.000000	0.000000	1.489829e+05
20001	665.000000	6.000000	0.089272	0.000000	0.000000	1.409136e+05
20001	666.000000	6.000000	0.089352	0.000000	0.000000	1.432586e+05
20001	667.000000	6.000000	0.089343	0.000000	0.000000	1.266009e+05
20001	668.000000	6.000000	0.089324	0.000000	0.000000	1.361018e+05
20001	669.000000	6.000000	0.089557	0.000000	0.000000	1.336595e+05
20001	670.000000	6.000000	0.089452	0.000000	0.000000	1.594587e+05
20001	671.000000	6.000000	0.089283	0.000000	0.000000	1.644086e+05
20001	672.000000	6.000000	0.089200	0.000000	0.000000	1.546220e+05
20001	673.000000	6.000000	0.089147	0.000000	0.000000	1.408047e+05
20001	674.000000	6.000000	0.089127	0.000000	0.000000	1.449611e+05
20001	675.000000	6.000000	0.088937	0.000000	0.000000	1.522685e+05
20001	676.000000	6.000000	0.088772	0.000000	0.000000	1.704828e+05
20001	677.000000	6.000000	0.088754	0.000000	0.000000	1.579774e+05
20001	678.000000	6.000000	0.088780	0.000000	0.000000	1.588216e+05
20001	679.000000	6.000000	0.088869	0.000000	0.000000	1.741720e+05
20001	680.000000	6.000000	0.088960	0.000000	0.000000	1.855699e+05
20001	681.000000	6.000000	0.088932	0.000000	0.000000	1.827575e+05
20001	682.000000	6.000000	0.088975	0.000000	0.000000	1.787534e+05
20001	683.000000	6.000000	0.088841	0.000000	0.000000	1.777269e+05
20001	684.000000	6.000000	0.088696	0.000000	0.000000	1.810038e+05
20001	685.000000	6.000000	0.088828	0.000000	0.000000	1.721636e+05
20001	686.000000	6.000000	0.088903	0.000000	0.000000	1.725875e+05
20001	687.000000	6.000000	0.088963	0.000000	0.000000	1.806849e+05
20001	688.000000	6.000000	0.089105	0.000000	0.000000	1.543587e+05
20001	689.000000	6.000000	0.089234	0.000000	0.000000	1.497942e+05
20001	690.000000	6.000000	0.089337	0.000000	0.000000	1.765506e+05
20001	691.000000	6.000000	0.089312	0.000000	0.000000	1.844734e+05
20001	692.000000	6.000000	0.089220	0.000000	0.000000	1.846784e+05
20001	693.000000	6.000000	0.089053	0.000000	0.000000	1.791392e+05
20001	694.000000	6.000000	0.088959	0.000000	0.000000	1.847731e+05
20001	695.000000	6.000000	0.089048	0.000000	0.000000	1.871779e+05
20001	696.000000	6.000000	0.089403	0.000000	0.000000	1.974999e+05
20001	697.000000	6.000000	0.089508	0.000000	0.000000	2.092545e+05
20001	698.000000	6.000000	0.089662	0.000000	0.000000	1.940563e+05
20001	699.000000	6.000000	0.089605	0.000000	0.000000	1.978637e+05
20001	700.000000	6.000000	0.089721	0.000000	0.000000	2.114404e+05
20001	701.000000	6.000000	0.089431	0.000000	0.000000	1.900930e+05
20001	702.000000	6.000000	0.089779	0.000000	0.000000	1.719021e+05
20001	703.000000	6.000000	0.089782	0.000000	0.000000	1.662860e+05
20001	704.000000	6.000000	0.089700	0.000000	0.000000	1.866705e+05
20001	705.000000	6.000000	0.089986	0.000000	0.000000	1.861507e+05
20001	706.000000	6.000000	0.090236	0.000000	0.000000	1.978316e+05
20001	707.000000	6.000000	0.090519	0.000000	0.000000	2.108378e+05
20001	708.000000	6.000000	0.090517	0.000000	0.000000	1.850627e+05
20001	709.000000	6.000000	0.090348	0.000000	0.000000	2.164494e+05
20001	710.000000	6.000000	0.090282	0.000000	0.000000	2.219953e+05
20001	711.000000	6.000000	0.090329	0.000000	0.000000	2.161771e+05
20001	712.000000	6.000000	0.090574	0.000000	0.000000	2.022997e+05
20001	713.000000	6.000000	0.090690	0.000000	0.000000	2.154710e+05
20001	714.000000	6.000000	0.090913	0.000000	0.000000	2.357521e+05
20001	715.000000	6.000000	0.091106	0.000000	0.000000	2.209043e+05
20001	716.000000	6.000000	0.091227	0.000000	0.000000	2.172637e+05
20001	717.000000	6.000000	0.091238	0.000000	0.000000	2.249669e+05
20001	718.000000	6.000000	0.091300	0.000000	0.000000	2.165584e+05
20001	719.000000	6.000000	0.091385	0.000000	0.000000	2.288758e+05
20001	720.000000	6.000000	0.091450	0.000000	0.000000	2.115993e+05
20001	721.000000	6.000000	0.091467	0.000000	0.000000	2.001042e+05
20001	722.000000	6.000000	0.091618	0.000000	0.000000	2.072627e+05
20001	723.000000	6.000000	0.091873	0.000000	0.000000	2.101372e+05
20001	724.000000	6.000000	0.092128	0.000000	0.000000	2.066288e+05
20001	725.000000	6.000000	0.092270	0.000000	0.000000	1.910169e+05
20001	726.000000	6.000000	0.092304	0.000000	0.000000	2.129475e+05
20001	727.000000	6.000000	0.092242	0.000000	0.000000	2.139411e+05
20001	728.000000	6.000000	0.092148	0.000000	0.000000	2.128309e+05
20001	729.000000	6.000000	0.092371	0.000000	0.000000	2.211314e+05
20001	730.000000	6.000000	0.092512	0.000000	0.000000	2.313714e+05
20001	731.000000	6.000000	0.092665	0.000000	0.000000	2.417564e+05
20001	732.000000	6.000000	0.092986	0.000000	0.000000	2.344615e+05
20001	733.000000	6.000000	0.093264	0.000000	0.000000	2.284842e+05
20001	734.000000	6.000000	0.093500	0.000000	0.000000	2.136333e+05
20001	735.000000	6.000000	0.093584	0.000000	0.000000	2.125774e+05
20001	736.000000	6.000000	0.093494	0.000000	0.000000	2.074967e+05
20001	737.000000	6.000000	0.093621	0.000000	0.000000	2.294594e+05
20001	738.000000	6.000000	0.093758	0.000000	0.000000	2.560379e+05
20001	739.000000	6.000000	0.093910	0.000000	0.000000	2.218109e+05
20001	740.000000	6.000000	0.094465	0.000000	0.000000	2.200371e+05
20001	741.000000	6.000000	0.094685	0.000000	0.000000	2.127221e+05
20001	742.000000	6.000000	0.094726	0.000000	0.000000	2.040883e+05
20001	743.000000	6.000000	0.095000	0.000000	0.000000	2.441781e+05
20001	744.000000	6.000000	0.094924	0.000000	0.000000	2.465328e+05
20001	745.000000	6.000000	0.094851	0.000000	0.000000	2.118292e+05
20001	746.000000	6.000000	0.095015	0.000000	0.000000	2.422252e+05
20001	747.000000	6.000000	0.095198	0.000000	0.000000	2.371443e+05
20001	748.000000	6.000000	0.095185	0.000000	0.000000	2.273716e+05
20001	749.000000	6.000000	0.095731	0.000000	0.000000	2.446764e+05
20001	750.000000	6.000000	0.095978	0.000000	0.000000	2.950702e+05
20001	751.000000	6.000000	0.096185	0.000000	0.000000	2.952979e+05
20001	752.000000	6.000000	0.096460	0.000000	0.000000	2.701229e+05
20001	753.000000	6.000000	0.096550	0.000000	0.000000	2.725340e+05
20001	754.000000	6.000000	0.096559	0.000000	0.000000	2.706972e+05
20001	755.000000	6.000000	0.096610	0.000000	0.000000	2.478178e+05
20001	756.000000	6.000000	0.096618	0.000000	0.000000	2.263392e+05
20001	757.000000	6.000000	0.096970	0.000000	0.000000	2.725568e+05
20001	758.000000	6.000000	0.097389	0.000000	0.000000	2.414890e+05
20001	759.000000	6.000000	0.097637	0.000000	0.000000	2.889181e+05
20001	760.000000	6.000000	0.097914	0.000000	0.000000	3.182175e+05
20001	761.000000	6.000000	0.098025	0.000000	0.000000	2.716894e+05
20001	762.000000	6.000000	0.097969	0.000000	0.000000	3.050081e+05
20001	763.000000	6.000000	0.098049	0.000000	0.000000	2.905605e+05
20001	764.000000	6.000000	0.098190	0.000000	0.000000	2.704305e+05
20001	765.000000	6.000000	0.098409	0.000000	0.000000	2.790777e+05
20001	766.000000	6.000000	0.098767	0.000000	0.000000	2.765450e+05
20001	767.000000	6.000000	0.099121	0.000000	0.000000	3.480807e+05
20001	768.000000	6.000000	0.099452	0.000000	0.000000	4.158241e+05
20001	769.000000	6.000000	0.099757	0.000000	0.000000	2.875449e+05
20001	770.000000	6.000000	0.099860	0.000000	0.000000	2.903353e+05
20001	771.000000	6.000000	0.099952	0.000000	0.000000	3.297819e+05
20001	772.000000	6.000000	0.100017	0.000000	0.000000	3.245578e+05
20001	773.000000	6.000000	0.100160	0.000000	0.000000	3.267036e+05
20001	774.000000	6.000000	0.100480	0.000000	0.000000	2.931835e+05
20001	775.000000	6.000000	0.101012	0.000000	0.000000	3.175022e+05
20001	776.000000	6.000000	0.101249	0.000000	0.000000	3.364416e+05
20001	777.000000	6.000000	0.101408	0.000000	0.000000	3.108265e+05
20001	778.000000	6.000000	0.101533	0.000000	0.000000	2.026609e+05
20001	779.000000	6.000000	0.101800	0.000000	0.000000	2.303652e+05
20001	780.000000	6.000000	0.101827	0.000000	0.000000	4.250747e+05
20001	781.000000	6.000000	0.101843	0.000000	0.000000	2.471989e+05
20001	782.000000	6.000000	0.102041	0.000000	0.000000	2.217663e+05
20001	783.000000	6.000000	0.102509	0.000000	0.000000	2.670102e+05
20001	784.000000	6.000000	0.102778	0.000000	0.000000	3.741565e+05
20001	785.000000	6.000000	0.103386	0.000000	0.000000	2.167104e+05
20001	786.000000	6.000000	0.103323	0.000000	0.000000	3.230933e+05
20001	787.000000	6.000000	0.103575	0.000000	0.000000	2.810419e+05
20001	788.000000	6.000000	0.103547	0.000000	0.000000	3.093929e+05
20001	789.000000	6.000000	0.103546	0.000000	0.000000	2.682452e+05
20001	790.000000	6.000000	0.103604	0.000000	0.000000	2.639995e+05
20001	791.000000	6.000000	0.103984	0.000000	0.000000	3.293150e+05
20001	792.000000	6.000000	0.104611	0.000000	0.000000	3.198944e+05
20001	793.000000	6.000000	0.105356	0.000000	0.000000	4.340993e+05
20001	794.000000	6.000000	0.105570	0.000000	0.000000	5.477172e+05
20001	795.000000	6.000000	0.105627	0.000000	0.000000	3.856356e+05
20001	796.000000	6.000000	0.105743	0.000000	0.000000	2.619441e+05
20001	797.000000	6.000000	0.105641	0.000000	0.000000	4.056464e+05
20001	798.000000	6.000000	0.105795	0.000000	0.000000	4.094621e+05
20001	799.000000	6.000000	0.105724	0.000000	0.000000	3.322520e+05
20001	800.000000	6.000000	0.105660	0.000000	0.000000	3.720665e+05
20001	801.000000	6.000000	0.106432	0.000000	0.000000	4.299597e+05
20001	802.000000	6.000000	0.106877	0.000000	0.000000	4.020056e+05
20001	803.000000	6.000000	0.106896	0.000000	0.000000	3.536385e+05
20001	804.000000	6.000000	0.107449	0.000000	0.000000	3.240875e+05
20001	805.000000	6.000000	0.107576	0.000000	0.000000	2.644419e+05
20001	806.000000	6.000000	0.107625	0.000000	0.000000	2.881442e+05
20001	807.000000	6.000000	0.107706	0.000000	0.000000	3.784724e+05
20001	808.000000	6.000000	0.108035	0.000000	0.000000	4.158949e+05
20001	809.000000	6.000000	0.108413	0.000000	0.000000	4.896576e+05
20001	810.000000	6.000000	0.108651	0.000000	0.000000	3.747492e+05
20001	811.000000	6.000000	0.109268	0.000000	0.000000	4.036636e+05
20001	812.000000	6.000000	0.109541	0.000000	0.000000	3.360382e+05
20001	813.000000	6.000000	0.109454	0.000000	0.000000	3.428005e+05
20001	814.000000	6.000000	0.109597	0.000000	0.000000	3.904017e+05
20001	815.000000	6.000000	0.109396	0.000000	0.000000	3.784032e+05
20001	816.000000	6.000000	0.109845	0.000000	0.000000	3.402853e+05
20001	817.000000	6.000000	0.109881	0.000000	0.000000	4.550617e+05
20001	818.000000	6.000000	0.110226	0.000000	0.000000	3.363955e+05
20001	819.000000	6.000000	0.111240	0.000000	0.000000	3.699786e+05
20001	820.000000	6.000000	0.111699	0.000000	0.000000	3.535142e+05
20001	821.000000	6.000000	0.111441	0.000000	0.000000	4.342864e+05
20001	822.000000	6.000000	0.111919	0.000000	0.000000	2.616127e+05
20001	823.000000	6.000000	0.111475	0.000000	0.000000	3.569509e+05
20001	824.000000	6.000000	0.111435	0.000000	0.000000	4.375254e+05
20001	825.000000	6.000000	0.112020	0.000000	0.000000	2.654170e+05
20001	826.000000	6.000000	0.112598	0.000000	0.000000	2.862441e+05
20001	827.000000	6.000000	0.113129	0.000000	0.000000	3.497739e+05
20001	828.000000	6.000000	0.113478	0.000000	0.000000	3.666867e+05
20001	829.000000	6.000000	0.113451	0.000000	0.000000	5.489761e+05
20001	830.000000	6.000000	0.113557	0.000000	0.000000	3.656100e+05
20001	831.000000	6.000000	0.113706	0.000000	0.000000	2.906218e+05
20001	832.000000	6.000000	0.113394	0.000000	0.000000	3.178045e+05
20001	833.000000	6.000000	0.114174	0.000000	0.000000	2.777469e+05
20001	834.000000	6.000000	0.114016	0.000000	0.000000	5.802416e+05
20001	835.000000	6.000000	0.114878	0.000000	0.000000	4.387797e+05
20001	836.000000	6.000000	0.115100	0.000000	0.000000	5.317052e+05
20001	837.000000	6.000000	0.115619	0.000000	0.000000	3.905619e+05
20001	838.000000	6.000000	0.115972	0.000000	0.000000	2.955763e+05
20001	839.000000	6.000000	0.116211	0.000000	0.000000	3.605593e+05
20001	840.000000	6.000000	0.115940	0.000000	0.000000	3.909425e+05
20001	841.000000	6.000000	0.116397	0.000000	0.000000	3.293929e+05
20001	842.000000	6.000000	0.116281	0.000000	0.000000	2.893302e+05
20001	843.000000	6.000000	0.115987	0.000000	0.000000	4.184753e+05
20001	844.000000	6.000000	0.117044	0.000000	0.000000	3.710806e+05
20001	845.000000	6.000000	0.117993	0.000000	0.000000	3.386409e+05
20001	846.000000	6.000000	0.118095	0.000000	0.000000	4.733936e+05
20001	847.000000	6.000000	0.118238	0.000000	0.000000	5.027405e+05
20001	848.000000	6.000000	0.118506	0.000000	0.000000	4.879540e+05
20001	849.000000	6.000000	0.117958	0.000000	0.000000	4.277355e+05
20001	850.000000	6.000000	0.118199	0.000000	0.000000	5.218439e+05
20001	851.000000	6.000000	0.118690	0.000000	0.000000	5.822290e+05
20001	852.000000	6.000000	0.118513	0.000000	0.000000	4.842140e+05
20001	853.000000	6.000000	0.119008	0.000000	0.000000	4.005714e+05
20001	854.000000	6.000000	0.119696	0.000000	0.000000	5.564716e+05
20001	855.000000	6.000000	0.120376	0.000000	0.000000	3.922490e+05
20001	856.000000	6.000000	0.120637	0.000000	0.000000	2.248747e+05
20001	857.000000	6.000000	0.120826	0.000000	0.000000	4.039611e+05
20001	858.000000	6.000000	0.120495	0.000000	0.000000	5.732632e+05
20001	859.000000	6.000000	0.120491	0.000000	0.000000	1.110591e+06
20001	860.000000	6.000000	0.120737	0.000000	0.000000	4.668043e+05
20001	861.000000	6.000000	0.120848	0.000000	0.000000	3.372569e+05
20001	862.000000	6.000000	0.121615	0.000000	0.000000	2.474447e+05
20001	863.000000	6.000000	0.121943	0.000000	0.000000	5.090612e+05
20001	864.000000	6.000000	0.122796	0.000000	0.000000	3.004881e+05
20001	865.000000	6.000000	0.123242	0.000000	0.000000	4.427010e+05
20001	866.000000	6.000000	0.123374	0.000000	0.000000	3.252453e+05
20001	867.000000	6.000000	0.122822	0.000000	0.000000	2.118469e+05
20001	868.000000	6.000000	0.122487	0.000000	0.000000	4.238340e+05
20001	869.000000	6.000000	0.122924	0.000000	0.000000	3.151640e+05
20001	870.000000	6.000000	0.123413	0.000000	0.000000	3.968047e+05
20001	871.000000	6.000000	0.124472	0.000000	0.000000	7.219403e+05
20001	872.000000	6.000000	0.124591	0.000000	0.000000	3.413313e+05
20001	873.000000	6.000000	0.125020	0.000000	0.000000	5.667066e+05
20001	874.000000	6.000000	0.124582	0.000000	0.000000	3.896654e+05
20001	875.000000	6.000000	0.124734	0.000000	0.000000	2.304138e+05
20001	876.000000	6.000000	0.124835	0.000000	0.000000	2.647796e+05
20001	877.000000	6.000000	0.124898	0.000000	0.000000	3.260921e+05
20001	878.000000	6.000000	0.125272	0.000000	0.000000	3.058876e+05
20001	879.000000	6.000000	0.125798	0.000000	0.000000	3.290837e+05
20001	880.000000	6.000000	0.127268	0.000000	0.000000	2.271488e+05
20001	881.000000	6.000000	0.126626	0.000000	0.000000	3.165550e+05
20001	882.000000	6.000000	0.127004	0.000000	0.000000	6.463817e+05
20001	883.000000	6.000000	0.127647	0.000000	0.000000	3.464677e+05
20001	884.000000	6.000000	0.126670	0.000000	0.000000	4.292540e+05
20001	885.000000	6.000000	0.127312	0.000000	0.000000	4.184742e+05
20001	886.000000	6.000000	0.127422	0.000000	0.000000	4.286288e+05
20001	887.000000	6.000000	0.127935	0.000000	0.000000	3.559717e+05
20001	888.000000	6.000000	0.128640	0.000000	0.000000	3.850037e+05
20001	889.000000	6.000000	0.128684	0.000000	0.000000	5.009231e+05
20001	890.000000	6.000000	0.128802	0.000000	0.000000	5.255064e+05
20001	891.000000	6.000000	0.128862	0.000000	0.000000	4.793695e+05
20001	892.000000	6.000000	0.129077	0.000000	0.000000	4.948926e+05
20001	893.000000	6.000000	0.128939	0.000000	0.000000	4.462637e+05
20001	894.000000	6.000000	0.129116	0.000000	0.000000	4.000067e+05
20001	895.000000	6.000000	0.129172	0.000000	0.000000	5.078723e+05
20001	896.000000	6.000000	0.129380	0.000000	0.000000	5.429925e+05
20001	897.000000	6.000000	0.130429	0.000000	0.000000	4.640211e+05
20001	898.000000	6.000000	0.130887	0.000000	0.000000	5.284976e+05
20001	899.000000	6.000000	0.131383	0.000000	0.000000	7.134544e+05
20001	900.000000	6.000000	0.131748	0.000000	0.000000	4.889612e+05
20001	901.000000	6.000000	0.131835	0.000000	0.000000	4.610917e+05
20001	902.000000	6.000000	0.131827	0.000000	0.000000	4.727930e+05
20001	903.000000	6.000000	0.132017	0.000000	0.000000	5.136941e+05
20001	904.000000	6.000000	0.131416	0.000000	0.000000	7.720587e+05
20001	905.000000	6.000000	0.131856	0.000000	0.000000	6.973848e+05
20001	906.000000	6.000000	0.132154	0.000000	0.000000	6.159554e+05
20001	907.000000	6.000000	0.132369	0.000000	0.000000	3.452172e+05
20001	908.000000	6.000000	0.132934	0.000000	0.000000	3.601625e+05
20001	909.000000	6.000000	0.132928	0.000000	0.000000	3.599899e+05
20001	910.000000	6.000000	0.133746	0.000000	0.000000	7.889662e+05
20001	911.000000	6.000000	0.134413	0.000000	0.000000	4.068139e+05
20001	912.000000	6.000000	0.133812	0.000000	0.000000	4.448189e+05
20001	913.000000	6.000000	0.134077	0.000000	0.000000	5.738823e+05
20001	914.000000	6.000000	0.134280	0.000000	0.000000	5.405232e+05
20001	915.000000	6.000000	0.134800	0.000000	0.000000	4.586380e+05
20001	916.000000	6.000000	0.135051	0.000000	0.000000	4.419888e+05
20001	917.000000	6.000000	0.135390	0.000000	0.000000	6.771032e+05
20001	918.000000	6.000000	0.135811	0.000000	0.000000	6.688865e+05
20001	919.000000	6.000000	0.136009	0.000000	0.000000	5.248038e+05
20001	920.000000	6.000000	0.136040	0.000000	0.000000	5.523132e+05
20001	921.000000	6.000000	0.135973	0.000000	0.000000	5.264510e+05
20001	922.000000	6.000000	0.136449	0.000000	0.000000	4.622672e+05
20001	923.000000	6.000000	0.136632	0.000000	0.000000	4.455338e+05
20001	924.000000	6.000000	0.137069	0.000000	0.000000	6.239329e+05
20001	925.000000	6.000000	0.137489	0.000000	0.000000	4.072947e+05
20001	926.000000	6.000000	0.137531	0.000000	0.000000	4.628177e+05
20001	927.000000	6.000000	0.137768	0.000000	0.000000	5.461344e+05
20001	928.000000	6.000000	0.137990	0.000000	0.000000	5.231644e+05
20001	929.000000	6.000000	0.138015	0.000000	0.000000	5.505208e+05
20001	930.000000	6.000000	0.138145	0.000000	0.000000	4.831926e+05
20001	931.000000	6.000000	0.138461	0.000000	0.000000	4.266327e+05
20001	932.000000	6.000000	0.138982	0.000000	0.000000	4.142293e+05
20001	933.000000	6.000000	0.139293	0.000000	0.000000	5.523558e+05
20001	934.000000	6.000000	0.139645	0.000000	0.000000	5.841262e+05
20001	935.000000	6.000000	0.139985	0.000000	0.000000	6.042808e+05
20001	936.000000	6.000000	0.140025	0.000000	0.000000	4.844555e+05
20001	937.000000	6.000000	0.139969	0.000000	0.000000	6.667292e+05
20001	938.000000	6.000000	0.140352	0.000000	0.000000	7.877468e+05
20001	939.000000	6.000000	0.140649	0.000000	0.000000	1.078797e+06
20001	940.000000	6.000000	0.140689	0.000000	0.000000	6.673811e+05
20001	941.000000	6.000000	0.141201	0.000000	0.000000	4.590063e+05
20001	942.000000	6.000000	0.141535	0.000000	0.000000	5.659139e+05
20001	943.000000	6.000000	0.141867	0.000000	0.000000	5.443336e+05
20001	944.000000	6.000000	0.142114	0.000000	0.000000	5.855673e+05
20001	945.000000	6.000000	0.142400	0.000000	0.000000	5.668312e+05
20001	946.000000	6.000000	0.142417	0.000000	0.000000	4.445018e+05
20001	947.000000	6.000000	0.142320	0.000000	0.000000	5.999181e+05
20001	948.000000	6.000000	0.142602	0.000000	0.000000	5.575320e+05
20001	949.000000	6.000000	0.143054	0.000000	0.000000	8.448930e+05
20001	950.000000	6.000000	0.143484	0.000000	0.000000	9.458080e+05
20001	951.000000	6.000000	0.143735	0.000000	0.000000	7.989161e+05
20001	952.000000	6.000000	0.144181	0.000000	0.000000	5.080550e+05
20001	953.000000	6.000000	0.144397	0.000000	0.000000	7.626725e+05
20001	954.000000	6.000000	0.144418	0.000000	0.000000	4.820791e+05
20001	955.000000	6.000000	0.144674	0.000000	0.000000	4.483526e+05
20001	956.000000	6.000000	0.145035	0.000000	0.000000	6.073444e+05
20001	957.000000	6.000000	0.145032	0.000000	0.000000	5.502198e+05
20001	958.000000	6.000000	0.145309	0.000000	0.000000	7.544355e+05
20001	959.000000	6.000000	0.145596	0.000000	0.000000	7.535945e+05
20001	960.000000	6.000000	0.145649	0.000000	0.000000	5.061007e+05
20001	961.000000	6.000000	0.146448	0.000000	0.000000	3.876527e+05
20001	962.000000	6.000000	0.146848	0.000000	0.000000	3.790204e+05
20001	963.000000	6.000000	0.146703	0.000000	0.000000	4.363951e+05
20001	964.000000	6.000000	0.146409	0.000000	0.000000	6.740311e+05
20001	965.000000	6.000000	0.146385	0.000000	0.000000	4.144556e+05
20001	966.000000	6.000000	0.146976	0.000000	0.000000	4.314713e+05
20001	967.000000	6.000000	0.147540	0.000000	0.000000	4.437438e+05
20001	968.000000	6.000000	0.148287	0.000000	0.000000	6.681416e+05
20001	969.000000	6.000000	0.148085	0.000000	0.000000	3.914546e+05
20001	970.000000	6.000000	0.148325	0.000000	0.000000	6.922758e+05
20001	971.000000	6.000000	0.148921	0.000000	0.000000	6.051090e+05
20001	972.000000	6.000000	0.149038	0.000000	0.000000	7.302546e+05
20001	973.000000	6.000000	0.149071	0.000000	0.000000	8.401510e+05
20001	974.000000	6.000000	0.149267	0.000000	0.000000	8.968019e+05
20001	975.000000	6.000000	0.149490	0.000000	0.000000	5.237150e+05
20001	976.000000	6.000000	0.149373	0.000000	0.000000	4.619953e+05
20001	977.000000	6.000000	0.150339	0.000000	0.000000	7.847368e+05
20001	978.000000	6.000000	0.150590	0.000000	0.000000	1.111879e+06
20001	979.000000	6.000000	0.150770	0.000000	0.000000	8.388782e+05
20001	980.000000	6.000000	0.150871	0.000000	0.000000	7.966357e+05
20001	981.000000	6.000000	0.150954	0.000000	0.000000	1.092608e+06
20001	982.000000	6.000000	0.151129	0.000000	0.000000	8.113122e+05
20001	983.000000	6.000000	0.151084	0.000000	0.000000	5.613815e+05
20001	984.000000	6.000000	0.151498	0.000000	0.000000	7.328270e+05
20001	985.000000	6.000000	0.152092	0.000000	0.000000	5.069179e+05
20001	986.000000	6.000000	0.152693	0.000000	0.000000	4.903325e+05
20001	987.000000	6.000000	0.153251	0.000000	0.000000	8.081361e+05
20001	988.000000	6.000000	0.153725	0.000000	0.000000	1.205137e+06
20001	989.000000	6.000000	0.153428	0.000000	0.000000	7.358708e+05
20001	990.000000	6.000000	0.153065	0.000000	0.000000	5.143674e+05
20001	991.000000	6.000000	0.153407	0.000000	0.000000	4.991044e+05
20001	992.000000	6.000000	0.153747	0.000000	0.000000	6.122113e+05
20001	993.000000	6.000000	0.154352	0.000000	0.000000	6.535359e+05
20001	994.000000	6.000000	0.154256	0.000000	0.000000	1.034547e+06
20001	995.000000	6.000000	0.154450	0.000000	0.000000	3.695578e+05
20001	996.000000	6.000000	0.155047	0.000000	0.000000	6.474452e+05
20001	997.000000	6.000000	0.155181	0.000000	0.000000	3.050439e+05
20001	998.000000	6.000000	0.155182	0.000000	0.000000	3.537232e+05
20001	999.000000	6.000000	0.155759	0.000000	0.000000	6.017986e+05
20001	1000.000000	6.000000	0.156483	0.000000	0.000000	6.030601e+05
