90001	190.746472	55.000000	1.695800e-01	-4.556925e-01	8.141725e-01	8.016557e+03
90001	191.482945	55.000000	9.572875e-02	-4.852400e-01	8.119750e-01	1.491830e+04
90001	192.225127	55.000000	2.172000e-02	-5.035050e-01	8.055300e-01	2.131098e+04
90001	192.973084	55.000000	-6.649250e-02	-5.046075e-01	7.973825e-01	3.289668e+04
90001	193.726885	55.000000	-1.490700e-01	-4.684325e-01	8.101300e-01	4.777947e+04
90001	194.486599	55.000000	-2.258663e-01	-4.394775e-01	8.074200e-01	2.695628e+04
90001	195.252294	55.000000	-2.946688e-01	-3.419425e-01	7.946000e-01	2.550649e+04
90001	196.024042	55.000000	-3.408263e-01	-2.335175e-01	7.883000e-01	3.450390e+04
90001	196.801915	55.000000	-3.458263e-01	-8.865250e-02	7.983225e-01	1.103417e+04
90001	197.585987	55.000000	-2.577875e-01	7.867750e-02	7.763525e-01	1.552721e+04
90001	198.376331	55.000000	-7.249875e-02	2.193900e-01	7.761725e-01	2.026034e+04
90001	199.173023	55.000000	1.533250e-01	2.411200e-01	7.672200e-01	2.284401e+04
90001	199.976140	55.000000	3.462525e-01	1.794400e-01	7.814350e-01	1.398237e+04
90001	200.785760	55.000000	4.637812e-01	4.917500e-02	7.743725e-01	1.727012e+04
90001	201.601962	55.000000	5.024063e-01	-9.361750e-02	7.687625e-01	2.278452e+04
90001	202.424827	55.000000	5.029475e-01	-2.274100e-01	7.666300e-01	4.326967e+04
90001	203.254437	55.000000	4.619550e-01	-3.494950e-01	7.588250e-01	2.562722e+04
90001	204.090875	55.000000	4.019175e-01	-4.492850e-01	7.530900e-01	5.639744e+04
90001	204.934226	55.000000	3.315663e-01	-5.109100e-01	7.367400e-01	1.987445e+04
90001	205.784575	55.000000	2.487637e-01	-5.784425e-01	7.314050e-01	3.961387e+04
90001	206.642011	55.000000	1.371663e-01	-6.257950e-01	7.110850e-01	2.772839e+04
90001	207.506622	55.000000	3.567875e-02	-6.569575e-01	7.039525e-01	6.362105e+04
90001	208.378498	55.000000	-8.576000e-02	-6.691525e-01	6.918025e-01	1.499038e+05
90001	209.257733	55.000000	-2.113600e-01	-6.526825e-01	6.552600e-01	6.078559e+04
90001	210.144418	55.000000	-3.469412e-01	-6.299250e-01	6.238300e-01	3.229496e+04
90001	211.038650	55.000000	-4.828962e-01	-5.658175e-01	5.681200e-01	3.551601e+04
90001	211.940524	55.000000	-5.978250e-01	-4.655950e-01	4.661875e-01	3.232355e+04
90001	212.850140	55.000000	-6.622612e-01	-2.793375e-01	2.994450e-01	2.187013e+04
90001	213.767598	55.000000	-5.410600e-01	-2.372250e-02	9.551250e-02	7.210579e+03
90001	214.692998	55.000000	-1.021450e-01	2.436825e-01	-4.618750e-02	1.527616e+04
90001	215.626446	55.000000	4.557925e-01	2.894600e-01	3.230750e-02	1.054888e+04
90001	216.568046	55.000000	7.410188e-01	1.373875e-01	2.026000e-01	2.062544e+04
90001	217.517906	55.000000	8.167737e-01	-4.641000e-02	3.516025e-01	2.547799e+04
90001	218.476135	55.000000	7.945225e-01	-2.265925e-01	4.376325e-01	9.098307e+04
90001	219.442844	55.000000	7.280788e-01	-3.578175e-01	4.881800e-01	2.627917e+04
90001	220.418145	55.000000	6.430100e-01	-4.927750e-01	5.170400e-01	4.775385e+04
90001	221.402155	55.000000	5.419337e-01	-5.934800e-01	5.242300e-01	4.793283e+04
90001	222.394989	55.000000	4.302938e-01	-6.767275e-01	5.300600e-01	4.901471e+04
90001	223.396769	55.000000	3.066038e-01	-7.413650e-01	5.270675e-01	2.613128e+04
90001	224.407614	55.000000	1.769600e-01	-7.919425e-01	5.199950e-01	2.750417e+04
90001	225.427648	55.000000	4.617625e-02	-8.139300e-01	5.022850e-01	3.247121e+04
90001	226.456998	55.000000	-8.691875e-02	-8.243125e-01	4.826200e-01	2.947775e+04
90001	227.495792	55.000000	-2.134588e-01	-8.250925e-01	4.575025e-01	3.349587e+04
90001	228.544160	55.000000	-3.349475e-01	-8.023150e-01	4.204500e-01	6.603642e+04
90001	229.602234	55.000000	-4.651912e-01	-7.632325e-01	3.455300e-01	1.449275e+05
90001	230.670152	55.000000	-5.543000e-01	-7.293175e-01	2.466075e-01	5.767218e+04
90001	231.748050	55.000000	-6.122650e-01	-6.723375e-01	7.104000e-02	5.029236e+04
90001	232.836069	55.000000	-5.498675e-01	-5.799025e-01	-1.834775e-01	2.577262e+04
90001	233.934352	55.000000	-2.490088e-01	-4.303450e-01	-4.351650e-01	2.268437e+04
90001	235.043046	55.000000	2.661700e-01	-2.675525e-01	-4.868900e-01	4.268536e+04
90001	236.162298	55.000000	6.863350e-01	-1.802000e-01	-2.885575e-01	1.348326e+05
90001	237.292261	55.000000	8.621762e-01	-1.928700e-01	-2.783250e-02	3.487915e+04
90001	238.433090	55.000000	8.848913e-01	-2.654050e-01	1.820050e-01	2.382646e+04
90001	239.584940	55.000000	8.438175e-01	-3.537275e-01	2.922350e-01	2.429416e+04
90001	240.747974	55.000000	7.714013e-01	-4.388975e-01	3.682075e-01	5.079259e+04
90001	241.922354	55.000000	6.895713e-01	-5.495150e-01	4.092775e-01	4.518342e+04
90001	243.108248	55.000000	5.942625e-01	-6.313000e-01	4.305325e-01	3.582642e+04
90001	244.305826	55.000000	4.890050e-01	-7.127725e-01	4.472850e-01	3.593081e+04
90001	245.515261	55.000000	3.749050e-01	-7.783425e-01	4.396325e-01	4.675831e+04
90001	246.736730	55.000000	2.498800e-01	-8.289050e-01	4.408650e-01	4.426383e+04
90001	247.970413	55.000000	1.270263e-01	-8.590300e-01	4.342200e-01	5.910480e+04
90001	249.216496	55.000000	1.461250e-03	-8.722000e-01	4.236625e-01	3.482660e+04
90001	250.475165	55.000000	-1.224950e-01	-8.704175e-01	4.099375e-01	3.076399e+04
90001	251.746612	55.000000	-2.480162e-01	-8.553950e-01	3.826650e-01	3.562178e+04
90001	253.031034	55.000000	-3.639200e-01	-8.354425e-01	3.387800e-01	4.055674e+04
90001	254.328629	55.000000	-4.625900e-01	-8.076175e-01	2.734475e-01	3.700415e+04
90001	255.639601	55.000000	-5.420088e-01	-7.859450e-01	1.750825e-01	3.873480e+04
90001	256.964159	55.000000	-5.630750e-01	-7.743675e-01	1.872250e-02	3.644682e+04
90001	258.302514	55.000000	-4.852025e-01	-7.607000e-01	-1.780000e-01	1.441849e+04
90001	259.654883	55.000000	-2.225625e-01	-7.366600e-01	-4.050325e-01	1.724659e+04
90001	261.021488	55.000000	2.135625e-01	-6.486750e-01	-4.915000e-01	3.168233e+04
90001	262.402554	55.000000	6.048663e-01	-5.286700e-01	-3.684225e-01	6.233466e+04
90001	263.798312	55.000000	8.019100e-01	-4.513950e-01	-1.801875e-01	1.187772e+05
90001	265.208998	55.000000	8.694688e-01	-4.196400e-01	9.262500e-03	8.172051e+04
90001	266.634853	55.000000	8.616200e-01	-4.404725e-01	1.313850e-01	7.176870e+04
90001	268.076122	55.000000	8.195813e-01	-4.934900e-01	2.105775e-01	5.841044e+04
90001	269.533058	55.000000	7.584388e-01	-5.653650e-01	2.569650e-01	6.549930e+04
90001	271.005916	55.000000	6.726437e-01	-6.501500e-01	2.850150e-01	5.701353e+04
90001	272.494960	55.000000	5.704325e-01	-7.359400e-01	2.977000e-01	4.111416e+04
90001	274.000457	55.000000	4.536525e-01	-8.052550e-01	3.016675e-01	3.786024e+04
90001	275.522681	55.000000	3.170763e-01	-8.671525e-01	3.049300e-01	3.935801e+04
90001	277.061914	55.000000	1.829850e-01	-9.074050e-01	3.016475e-01	4.468108e+04
90001	278.618442	55.000000	3.898250e-02	-9.220900e-01	2.941275e-01	3.492276e+04
90001	280.192557	55.000000	-9.512500e-02	-9.233450e-01	2.875000e-01	3.496307e+04
90001	281.784560	55.000000	-2.285162e-01	-9.102275e-01	2.762225e-01	6.160442e+04
90001	283.394758	55.000000	-3.465413e-01	-8.717575e-01	2.520025e-01	3.538586e+04
90001	285.023463	55.000000	-4.484825e-01	-8.382625e-01	2.237975e-01	3.462355e+04
90001	286.670998	55.000000	-5.247250e-01	-8.052775e-01	1.792350e-01	4.137688e+04
90001	288.337690	55.000000	-5.667025e-01	-7.900525e-01	1.171475e-01	3.164264e+04
90001	290.023875	55.000000	-5.464813e-01	-8.107625e-01	-4.435000e-03	4.584992e+04
90001	291.729898	55.000000	-4.258938e-01	-8.497575e-01	-1.454925e-01	3.855204e+04
90001	293.456110	55.000000	-1.465188e-01	-8.814350e-01	-2.884025e-01	3.471655e+04
90001	295.202873	55.000000	2.462438e-01	-8.385450e-01	-3.247975e-01	4.169567e+04
90001	296.970555	55.000000	5.766675e-01	-7.224725e-01	-2.269175e-01	5.959413e+04
90001	298.759534	55.000000	7.523062e-01	-6.161125e-01	-7.324000e-02	6.467413e+04
90001	300.570198	55.000000	8.090963e-01	-5.603825e-01	6.139500e-02	7.514757e+04
90001	302.402943	55.000000	8.020187e-01	-5.588650e-01	1.566175e-01	6.812413e+04
90001	304.258176	55.000000	7.596000e-01	-5.959675e-01	2.250725e-01	6.127528e+04
90001	306.136313	55.000000	6.985313e-01	-6.494250e-01	2.658725e-01	5.502191e+04
90001	308.037780	55.000000	6.191412e-01	-7.130325e-01	2.963875e-01	6.253613e+04
90001	309.963016	55.000000	5.241775e-01	-7.767675e-01	3.149800e-01	7.652190e+04
90001	311.912469	55.000000	4.192638e-01	-8.331200e-01	3.275250e-01	6.710743e+04
90001	313.886599	55.000000	3.005800e-01	-8.791600e-01	3.360325e-01	6.926432e+04
90001	315.885877	55.000000	1.747762e-01	-9.118000e-01	3.403450e-01	7.117641e+04
90001	317.910786	55.000000	4.141250e-02	-9.268875e-01	3.416225e-01	7.030540e+04
90001	319.961823	55.000000	-9.009750e-02	-9.254475e-01	3.390925e-01	6.409537e+04
90001	322.039498	55.000000	-2.140875e-01	-9.070775e-01	3.337325e-01	6.473873e+04
90001	324.144331	55.000000	-3.215662e-01	-8.801050e-01	3.228700e-01	6.779687e+04
90001	326.276859	55.000000	-4.222763e-01	-8.438525e-01	3.055275e-01	7.269108e+04
90001	328.437633	55.000000	-5.116662e-01	-8.048950e-01	2.778750e-01	6.870914e+04
90001	330.627218	55.000000	-5.772087e-01	-7.741000e-01	2.363025e-01	6.421676e+04
90001	332.846192	55.000000	-6.212600e-01	-7.574900e-01	1.672875e-01	6.492856e+04
90001	335.095153	55.000000	-6.225387e-01	-7.679125e-01	7.070500e-02	6.452492e+04
90001	337.374712	55.000000	-5.527850e-01	-8.119300e-01	-6.813750e-02	5.334659e+04
90001	339.685498	55.000000	-3.548362e-01	-8.745275e-01	-2.320250e-01	5.454612e+04
90001	342.028156	55.000000	-1.260625e-02	-8.985100e-01	-3.411575e-01	7.375205e+04
90001	344.403352	55.000000	3.660813e-01	-8.346275e-01	-3.138575e-01	8.243450e+04
90001	346.811767	55.000000	6.253237e-01	-7.261250e-01	-1.869900e-01	9.116079e+04
90001	349.254103	55.000000	7.563262e-01	-6.325050e-01	-3.408750e-02	8.486104e+04
90001	351.731083	55.000000	7.941438e-01	-5.896025e-01	8.712500e-02	8.679983e+04
90001	354.243447	55.000000	7.807250e-01	-5.890650e-01	1.779575e-01	7.115689e+04
90001	356.791961	55.000000	7.395325e-01	-6.239325e-01	2.324150e-01	7.589813e+04
90001	359.377410	55.000000	6.757475e-01	-6.777875e-01	2.678600e-01	6.575333e+04
90001	362.000603	55.000000	5.940512e-01	-7.411400e-01	2.882675e-01	6.941140e+04
90001	364.662372	55.000000	4.957363e-01	-8.061650e-01	2.993425e-01	7.774985e+04
90001	367.363575	55.000000	3.845425e-01	-8.611675e-01	3.073600e-01	7.604832e+04
90001	370.105094	55.000000	2.551575e-01	-9.046750e-01	3.139625e-01	8.270946e+04
90001	372.887839	55.000000	1.084225e-01	-9.302100e-01	3.206325e-01	7.410868e+04
90001	375.712747	55.000000	-3.488000e-02	-9.335600e-01	3.261400e-01	7.483837e+04
90001	378.580784	55.000000	-1.655938e-01	-9.181075e-01	3.311850e-01	7.367193e+04
90001	381.492943	55.000000	-2.938312e-01	-8.859850e-01	3.311475e-01	7.758057e+04
90001	384.450253	55.000000	-4.039712e-01	-8.438875e-01	3.270825e-01	7.644333e+04
90001	387.453771	55.000000	-4.980425e-01	-7.976100e-01	3.174575e-01	9.312972e+04
90001	390.504588	55.000000	-5.787163e-01	-7.522575e-01	2.949675e-01	1.024910e+05
90001	393.603830	55.000000	-6.461425e-01	-7.107775e-01	2.539950e-01	9.334398e+04
90001	396.752661	55.000000	-6.893812e-01	-6.905100e-01	1.874150e-01	8.876634e+04
90001	399.952279	55.000000	-6.984825e-01	-6.981675e-01	8.262250e-02	9.478345e+04
90001	403.203924	55.000000	-6.470687e-01	-7.412025e-01	-7.130750e-02	7.553135e+04
90001	406.508874	55.000000	-4.874100e-01	-8.113400e-01	-2.531100e-01	8.170477e+04
90001	409.868452	55.000000	-1.735650e-01	-8.615975e-01	-4.075075e-01	6.052053e+04
90001	413.284022	55.000000	2.305413e-01	-8.403325e-01	-4.191175e-01	7.442925e+04
90001	416.756997	55.000000	5.658287e-01	-7.494300e-01	-2.662425e-01	1.029485e+05
90001	420.288836	55.000000	7.283238e-01	-6.593100e-01	-6.885000e-02	7.776838e+04
90001	423.881048	55.000000	7.715688e-01	-6.102375e-01	1.007175e-01	9.678733e+04
90001	427.535195	55.000000	7.552050e-01	-6.042000e-01	2.166425e-01	1.005762e+05
90001	431.252893	55.000000	7.103763e-01	-6.239500e-01	2.966925e-01	8.544847e+04
90001	435.035813	55.000000	6.457487e-01	-6.630550e-01	3.563250e-01	9.633952e+04
90001	438.885687	55.000000	5.646062e-01	-7.095025e-01	3.975150e-01	9.158442e+04
90001	442.804309	55.000000	4.762537e-01	-7.559175e-01	4.258525e-01	8.585148e+04
90001	446.793537	55.000000	3.800538e-01	-7.983925e-01	4.450150e-01	9.701852e+04
90001	450.855297	55.000000	2.778262e-01	-8.308100e-01	4.595950e-01	8.775391e+04
90001	454.991584	55.000000	1.681875e-01	-8.528350e-01	4.698275e-01	9.376742e+04
90001	459.204469	55.000000	4.496750e-02	-8.615475e-01	4.758075e-01	7.736805e+04
90001	463.496099	55.000000	-6.915875e-02	-8.593075e-01	4.802025e-01	9.388552e+04
90001	467.868704	55.000000	-1.770462e-01	-8.456400e-01	4.805800e-01	1.013257e+05
90001	472.324597	55.000000	-2.810088e-01	-8.186150e-01	4.749525e-01	1.008743e+05
90001	476.866179	55.000000	-3.811425e-01	-7.824050e-01	4.670900e-01	9.457434e+04
90001	481.495948	55.000000	-4.776763e-01	-7.417050e-01	4.504250e-01	1.226250e+05
90001	486.216496	55.000000	-5.584375e-01	-6.990125e-01	4.268850e-01	1.047929e+05
90001	491.030521	55.000000	-6.340100e-01	-6.585800e-01	3.874325e-01	1.190594e+05
90001	495.940826	55.000000	-6.994075e-01	-6.274725e-01	3.209800e-01	1.165105e+05
90001	500.950330	55.000000	-7.574000e-01	-6.150325e-01	2.211550e-01	1.265875e+05
90001	506.062068	55.000000	-7.777150e-01	-6.244775e-01	6.935000e-02	1.502547e+05
90001	511.279202	55.000000	-7.251800e-01	-6.641825e-01	-1.522850e-01	1.784309e+05
90001	516.605028	55.000000	-5.115137e-01	-7.270725e-01	-4.271525e-01	1.875407e+05
90001	522.042975	55.000000	-7.964250e-02	-7.629875e-01	-6.089925e-01	1.490086e+05
90001	527.596624	55.000000	3.907575e-01	-7.233575e-01	-5.366875e-01	1.238290e+05
90001	533.269706	55.000000	6.973413e-01	-6.431800e-01	-2.864500e-01	1.394574e+05
90001	539.066116	55.000000	8.091287e-01	-5.808225e-01	-1.684000e-02	1.507988e+05
90001	544.989919	55.000000	8.092687e-01	-5.588150e-01	1.769550e-01	1.638563e+05
90001	551.045363	55.000000	7.664175e-01	-5.666100e-01	3.023025e-01	1.413385e+05
90001	557.236884	55.000000	7.030137e-01	-5.948850e-01	3.869125e-01	1.416741e+05
90001	563.569121	55.000000	6.298450e-01	-6.350675e-01	4.440275e-01	1.592765e+05
90001	570.046927	55.000000	5.505675e-01	-6.788650e-01	4.823225e-01	1.550700e+05
90001	576.675380	55.000000	4.624675e-01	-7.224875e-01	5.098625e-01	1.774782e+05
90001	583.459796	55.000000	3.682325e-01	-7.607850e-01	5.288850e-01	1.534321e+05
90001	590.405746	55.000000	2.712375e-01	-7.915625e-01	5.406925e-01	1.405684e+05
90001	597.519068	55.000000	1.662775e-01	-8.132450e-01	5.497475e-01	1.636117e+05
90001	604.805886	55.000000	5.838000e-02	-8.256900e-01	5.548275e-01	1.465912e+05
90001	612.272625	55.000000	-4.580625e-02	-8.248150e-01	5.578500e-01	1.593657e+05
90001	619.926033	55.000000	-1.519425e-01	-8.141050e-01	5.563825e-01	1.976962e+05
90001	627.773198	55.000000	-2.542350e-01	-7.899725e-01	5.502525e-01	1.654097e+05
90001	635.821572	55.000000	-3.518188e-01	-7.586400e-01	5.420500e-01	1.796513e+05
90001	644.078995	55.000000	-4.442437e-01	-7.205100e-01	5.259750e-01	1.619075e+05
90001	652.553719	55.000000	-5.296262e-01	-6.794800e-01	5.010250e-01	1.496358e+05
90001	661.254435	55.000000	-6.118200e-01	-6.353250e-01	4.637575e-01	2.041563e+05
90001	670.190306	55.000000	-6.849250e-01	-5.991350e-01	4.077225e-01	1.858691e+05
90001	679.370995	55.000000	-7.539638e-01	-5.705500e-01	3.185400e-01	1.981160e+05
90001	688.806703	55.000000	-8.053700e-01	-5.604000e-01	1.823200e-01	2.785184e+05
90001	698.508206	55.000000	-8.130588e-01	-5.738425e-01	-3.066750e-02	2.156181e+05
90001	708.486895	55.000000	-7.090975e-01	-6.116225e-01	-3.197975e-01	2.062779e+05
90001	718.754821	55.000000	-3.823262e-01	-6.609650e-01	-6.191725e-01	1.081353e+05
90001	729.324745	55.000000	1.448575e-01	-6.653475e-01	-7.056025e-01	1.041180e+05
90001	740.210189	55.000000	6.009250e-01	-6.103750e-01	-4.822675e-01	9.704005e+04
90001	751.425495	55.000000	8.015288e-01	-5.583050e-01	-1.695500e-01	1.370165e+05
90001	762.985887	55.000000	8.374850e-01	-5.271725e-01	9.267000e-02	1.965177e+05
90001	774.907541	55.000000	7.987763e-01	-5.274200e-01	2.635550e-01	1.496533e+05
90001	787.207661	55.000000	7.365137e-01	-5.508850e-01	3.756925e-01	2.026881e+05
90001	799.904559	55.000000	6.651963e-01	-5.819400e-01	4.500425e-01	1.464197e+05
90001	813.017748	55.000000	5.882738e-01	-6.219825e-01	4.968000e-01	1.267474e+05
90001	826.568044	55.000000	5.088213e-01	-6.652975e-01	5.314275e-01	1.427555e+05
90001	840.577672	55.000000	4.169000e-01	-7.014650e-01	5.493675e-01	7.372515e+04
90001	855.070390	55.000000	3.156888e-01	-7.269225e-01	5.599300e-01	1.146130e+05
90001	870.071625	55.000000	2.191025e-01	-7.602700e-01	5.691200e-01	1.409774e+05
90001	885.608619	55.000000	1.344163e-01	-8.031825e-01	5.962575e-01	1.534146e+05
90001	901.710593	55.000000	2.273875e-02	-8.084025e-01	6.010675e-01	2.075932e+05
90001	918.408938	55.000000	-7.047625e-02	-8.082675e-01	6.030650e-01	1.767243e+05
90001	935.737408	55.000000	-1.779587e-01	-7.927100e-01	5.984650e-01	1.494529e+05
90001	953.732358	55.000000	-2.706125e-01	-7.705575e-01	5.935000e-01	1.288345e+05
90001	972.432993	55.000000	-3.684450e-01	-7.377325e-01	5.824925e-01	1.415658e+05
90001	991.881653	55.000000	-4.546175e-01	-7.011525e-01	5.642950e-01	1.690984e+05
90001	1012.124136	55.000000	-5.384838e-01	-6.596800e-01	5.313500e-01	1.294240e+05
90001	1033.210055	55.000000	-5.945588e-01	-6.318450e-01	4.862250e-01	7.495682e+04
90001	1055.193248	55.000000	-5.920062e-01	-6.393625e-01	4.474950e-01	1.200486e+05
90001	1078.132231	55.000000	-5.387612e-01	-6.543050e-01	4.345050e-01	7.801123e+04
90001	1102.090725	55.000000	-4.660437e-01	-6.700950e-01	4.355550e-01	9.050175e+04
90001	1127.138242	55.000000	-3.727038e-01	-6.892175e-01	4.462025e-01	1.143436e+05
90001	1153.350759	55.000000	-2.570425e-01	-7.140725e-01	4.557475e-01	1.355479e+05
90001	1180.811491	55.000000	-1.257825e-01	-7.265525e-01	4.621050e-01	4.079645e+05
90001	1209.611772	55.000000	1.612375e-02	-7.297425e-01	4.608325e-01	1.862312e+05
90001	1239.852066	55.000000	1.528288e-01	-7.224375e-01	4.632225e-01	1.063550e+05
90001	1271.643145	55.000000	2.702863e-01	-7.126675e-01	4.689050e-01	8.904144e+04
90001	1305.107438	55.000000	3.590100e-01	-6.915225e-01	4.747875e-01	1.018098e+05
90001	1340.380612	55.000000	4.155488e-01	-6.780575e-01	4.806825e-01	1.160739e+05
90001	1377.613407	55.000000	4.405662e-01	-6.738600e-01	4.833925e-01	1.367012e+05
90001	1416.973790	55.000000	4.435137e-01	-6.886150e-01	4.952675e-01	8.702654e+04
90001	1458.649489	55.000000	4.206813e-01	-7.070400e-01	4.991125e-01	5.328417e+04
90001	1502.850989	55.000000	3.810425e-01	-7.270125e-01	5.040875e-01	5.711060e+04
90001	1549.815082	55.000000	3.272550e-01	-7.557300e-01	5.134975e-01	7.317820e+04
90001	1599.809117	55.000000	2.617300e-01	-7.869150e-01	5.164700e-01	3.905109e+04
90001	1653.136088	55.000000	1.869600e-01	-7.941675e-01	5.129350e-01	1.440505e+05
90001	1710.140781	55.000000	1.078750e-01	-8.112025e-01	5.194900e-01	8.804320e+04
90001	1771.217237	55.000000	2.456125e-02	-8.195675e-01	5.151750e-01	8.321097e+04
90001	1836.817876	55.000000	-6.572875e-02	-8.085075e-01	5.174175e-01	2.090427e+05
90001	1907.464717	55.000000	-1.441513e-01	-7.982925e-01	5.092600e-01	2.028837e+05
90001	1983.763306	55.000000	-2.185100e-01	-7.862325e-01	5.189675e-01	8.933804e+04
90001	2066.420110	55.000000	-2.888925e-01	-7.594150e-01	5.105025e-01	4.404708e+04
90001	190.746472	60.000000	-1.204888e-01	-2.430200e-01	8.853450e-01	3.761240e+04
90001	191.482945	60.000000	-2.079813e-01	-1.801275e-01	8.764725e-01	2.874549e+04
90001	192.225127	60.000000	-2.561525e-01	-9.984500e-02	8.683500e-01	3.216110e+04
90001	192.973084	60.000000	-2.954838e-01	2.757250e-02	8.627075e-01	1.665917e+04
90001	193.726885	60.000000	-2.908125e-01	1.490925e-01	8.190325e-01	2.644572e+04
90001	194.486599	60.000000	-2.242963e-01	2.659175e-01	7.856100e-01	4.198632e+04
90001	195.252294	60.000000	-9.621500e-02	3.805450e-01	7.853400e-01	2.022927e+04
90001	196.024042	60.000000	6.238625e-02	4.075175e-01	7.669750e-01	1.158113e+04
90001	196.801915	60.000000	2.366587e-01	3.882850e-01	7.631550e-01	1.468600e+04
90001	197.585987	60.000000	3.501350e-01	3.074825e-01	7.831050e-01	1.431807e+04
90001	198.376331	60.000000	4.343663e-01	1.978475e-01	7.897975e-01	3.646517e+04
90001	199.173023	60.000000	4.601825e-01	7.691750e-02	8.142000e-01	3.317592e+04
90001	199.976140	60.000000	4.441575e-01	-5.305500e-02	8.279475e-01	2.255734e+04
90001	200.785760	60.000000	4.065250e-01	-1.363125e-01	8.560725e-01	4.038358e+04
90001	201.601962	60.000000	3.487150e-01	-2.310225e-01	8.588675e-01	3.656441e+04
90001	202.424827	60.000000	2.712938e-01	-3.124050e-01	8.681450e-01	1.038576e+05
90001	203.254437	60.000000	1.626437e-01	-3.778600e-01	8.707350e-01	4.614782e+04
90001	204.090875	60.000000	5.058500e-02	-4.084050e-01	8.605675e-01	5.528397e+04
90001	204.934226	60.000000	-6.280375e-02	-4.236125e-01	8.537000e-01	6.675794e+04
90001	205.784575	60.000000	-1.839300e-01	-4.226275e-01	8.298650e-01	5.983282e+04
90001	206.642011	60.000000	-3.266487e-01	-3.791000e-01	8.026650e-01	6.905301e+04
90001	207.506622	60.000000	-4.463188e-01	-3.181775e-01	7.588575e-01	1.060973e+05
90001	208.378498	60.000000	-5.647425e-01	-1.935400e-01	6.643425e-01	1.219029e+05
90001	209.257733	60.000000	-6.412138e-01	-5.782500e-03	5.558950e-01	9.463056e+04
90001	210.144418	60.000000	-5.826287e-01	2.347575e-01	3.871800e-01	3.616688e+04
90001	211.038650	60.000000	-3.167837e-01	4.884700e-01	2.446850e-01	3.879463e+04
90001	211.940524	60.000000	8.739125e-02	6.023450e-01	1.793225e-01	3.265033e+04
90001	212.850140	60.000000	4.718013e-01	5.385050e-01	2.391475e-01	1.817946e+04
90001	213.767598	60.000000	6.858737e-01	3.608100e-01	3.635425e-01	1.250178e+04
90001	214.692998	60.000000	7.631488e-01	1.742325e-01	4.638025e-01	1.894334e+04
90001	215.626446	60.000000	7.598263e-01	-1.061000e-02	5.505850e-01	3.186677e+04
90001	216.568046	60.000000	7.149363e-01	-1.657000e-01	6.059975e-01	2.406904e+04
90001	217.517906	60.000000	6.374412e-01	-3.084525e-01	6.392650e-01	2.667807e+04
90001	218.476135	60.000000	5.367350e-01	-4.413550e-01	6.639850e-01	2.623655e+04
90001	219.442844	60.000000	4.145200e-01	-5.368750e-01	6.690800e-01	2.899788e+04
90001	220.418145	60.000000	2.647087e-01	-6.247725e-01	6.677350e-01	3.272723e+04
90001	221.402155	60.000000	1.051775e-01	-6.774600e-01	6.659600e-01	4.574823e+04
90001	222.394989	60.000000	-5.426875e-02	-6.915550e-01	6.418225e-01	5.645069e+04
90001	223.396769	60.000000	-2.230525e-01	-6.924250e-01	6.082125e-01	2.549160e+04
90001	224.407614	60.000000	-3.812975e-01	-6.607375e-01	5.575925e-01	3.958237e+04
90001	225.427648	60.000000	-5.304563e-01	-6.111600e-01	4.853300e-01	3.348894e+04
90001	226.456998	60.000000	-6.519150e-01	-5.533625e-01	3.684100e-01	2.221392e+04
90001	227.495792	60.000000	-7.378750e-01	-4.653600e-01	1.973700e-01	2.899333e+04
90001	228.544160	60.000000	-7.324788e-01	-3.479250e-01	-1.479750e-02	1.533585e+04
90001	229.602234	60.000000	-4.989575e-01	-1.720225e-01	-3.416450e-01	1.660023e+04
90001	230.670152	60.000000	-6.943250e-02	6.905000e-03	-4.968825e-01	1.996136e+04
90001	231.748050	60.000000	4.640763e-01	1.244750e-01	-4.267800e-01	3.510340e+04
90001	232.836069	60.000000	7.905188e-01	1.237775e-01	-1.489350e-01	4.399077e+04
90001	233.934352	60.000000	9.008275e-01	4.810500e-02	8.837500e-02	2.590346e+04
90001	235.043046	60.000000	9.061038e-01	-4.670500e-02	2.596550e-01	2.884664e+04
90001	236.162298	60.000000	8.671750e-01	-1.570600e-01	3.768950e-01	8.001224e+04
90001	237.292261	60.000000	8.069313e-01	-2.807925e-01	4.546875e-01	4.445880e+04
90001	238.433090	60.000000	7.184413e-01	-3.936550e-01	5.052675e-01	4.070221e+04
90001	239.584940	60.000000	6.224825e-01	-5.037150e-01	5.348325e-01	2.849262e+04
90001	240.747974	60.000000	4.957275e-01	-6.095550e-01	5.585175e-01	5.580546e+04
90001	241.922354	60.000000	3.552362e-01	-6.950925e-01	5.695550e-01	3.972117e+04
90001	243.108248	60.000000	1.974925e-01	-7.491200e-01	5.709100e-01	5.222211e+04
90001	244.305826	60.000000	3.774000e-02	-7.853950e-01	5.510300e-01	4.770638e+04
90001	245.515261	60.000000	-1.220338e-01	-7.884775e-01	5.372350e-01	1.036323e+05
90001	246.736730	60.000000	-2.784450e-01	-7.671800e-01	5.025425e-01	3.802519e+04
90001	247.970413	60.000000	-4.196988e-01	-7.340125e-01	4.631125e-01	4.764422e+04
90001	249.216496	60.000000	-5.424288e-01	-6.859825e-01	3.908725e-01	5.975443e+04
90001	250.475165	60.000000	-6.449462e-01	-6.442625e-01	2.957125e-01	3.588753e+04
90001	251.746612	60.000000	-7.176900e-01	-6.033450e-01	1.462850e-01	2.908717e+04
90001	253.031034	60.000000	-7.129700e-01	-5.656675e-01	-7.443500e-02	2.438221e+04
90001	254.328629	60.000000	-5.501750e-01	-5.311675e-01	-3.616950e-01	2.011966e+04
90001	255.639601	60.000000	-1.079350e-01	-4.286950e-01	-6.042875e-01	1.857005e+04
90001	256.964159	60.000000	4.274500e-01	-3.041450e-01	-5.781725e-01	8.546020e+04
90001	258.302514	60.000000	7.803100e-01	-1.907125e-01	-3.497175e-01	1.121420e+05
90001	259.654883	60.000000	9.212887e-01	-1.427425e-01	-1.004075e-01	1.036697e+05
90001	261.021488	60.000000	9.470038e-01	-1.595625e-01	8.936750e-02	1.063956e+05
90001	262.402554	60.000000	9.260475e-01	-2.160075e-01	2.090350e-01	6.348191e+04
90001	263.798312	60.000000	8.868900e-01	-2.994750e-01	2.814575e-01	3.599878e+04
90001	265.208998	60.000000	8.230000e-01	-3.980025e-01	3.335725e-01	3.001472e+04
90001	266.634853	60.000000	7.411413e-01	-5.144050e-01	3.697600e-01	3.603523e+04
90001	268.076122	60.000000	6.354713e-01	-6.204800e-01	3.895950e-01	3.486893e+04
90001	269.533058	60.000000	5.094838e-01	-7.172350e-01	3.971700e-01	3.802468e+04
90001	271.005916	60.000000	3.516262e-01	-8.048250e-01	4.009950e-01	3.559426e+04
90001	272.494960	60.000000	1.804575e-01	-8.609200e-01	4.001100e-01	3.921702e+04
90001	274.000457	60.000000	5.375000e-04	-8.805800e-01	3.899700e-01	3.767702e+04
90001	275.522681	60.000000	-1.816787e-01	-8.733075e-01	3.711975e-01	2.933317e+04
90001	277.061914	60.000000	-3.383588e-01	-8.391225e-01	3.444450e-01	3.611533e+04
90001	278.618442	60.000000	-4.841163e-01	-7.863175e-01	3.100400e-01	4.539556e+04
90001	280.192557	60.000000	-5.924625e-01	-7.236975e-01	2.631275e-01	2.647997e+04
90001	281.784560	60.000000	-6.740450e-01	-6.839400e-01	1.967950e-01	4.357106e+04
90001	283.394758	60.000000	-7.088700e-01	-6.635850e-01	9.256000e-02	3.002320e+04
90001	285.023463	60.000000	-6.758275e-01	-6.829050e-01	-4.724750e-02	3.006058e+04
90001	286.670998	60.000000	-5.176475e-01	-7.479975e-01	-2.243075e-01	2.010871e+04
90001	288.337690	60.000000	-1.899175e-01	-7.840000e-01	-3.886750e-01	2.602524e+04
90001	290.023875	60.000000	3.512388e-01	-7.122025e-01	-4.177375e-01	5.170275e+04
90001	291.729898	60.000000	7.054662e-01	-5.513750e-01	-2.734225e-01	1.999803e+05
90001	293.456110	60.000000	8.734900e-01	-4.122175e-01	-8.239000e-02	2.878216e+05
90001	295.202873	60.000000	9.165000e-01	-3.529825e-01	7.121250e-02	9.715846e+04
90001	296.970555	60.000000	9.014375e-01	-3.637350e-01	1.796425e-01	6.957078e+04
90001	298.759534	60.000000	8.576938e-01	-4.229600e-01	2.533600e-01	6.467836e+04
90001	300.570198	60.000000	7.929625e-01	-5.036125e-01	3.077125e-01	5.616097e+04
90001	302.402943	60.000000	7.091850e-01	-5.937100e-01	3.443150e-01	6.196033e+04
90001	304.258176	60.000000	5.966925e-01	-6.888525e-01	3.759775e-01	5.957096e+04
90001	306.136313	60.000000	4.728900e-01	-7.668750e-01	3.963725e-01	5.873314e+04
90001	308.037780	60.000000	3.304463e-01	-8.301900e-01	4.122150e-01	5.614658e+04
90001	309.963016	60.000000	1.756362e-01	-8.715350e-01	4.206925e-01	6.362100e+04
90001	311.912469	60.000000	1.831250e-02	-8.887400e-01	4.248650e-01	5.912407e+04
90001	313.886599	60.000000	-1.444100e-01	-8.797925e-01	4.205700e-01	5.950812e+04
90001	315.885877	60.000000	-2.964700e-01	-8.474650e-01	4.098500e-01	6.157943e+04
90001	317.910786	60.000000	-4.407713e-01	-7.950825e-01	3.883000e-01	6.201158e+04
90001	319.961823	60.000000	-5.611675e-01	-7.333450e-01	3.576600e-01	6.738257e+04
90001	322.039498	60.000000	-6.572538e-01	-6.735675e-01	3.139850e-01	6.625913e+04
90001	324.144331	60.000000	-7.240738e-01	-6.296575e-01	2.545900e-01	6.033544e+04
90001	326.276859	60.000000	-7.650238e-01	-6.081550e-01	1.679675e-01	6.042824e+04
90001	328.437633	60.000000	-7.618763e-01	-6.273950e-01	3.740500e-02	6.629572e+04
90001	330.627218	60.000000	-6.793212e-01	-6.887950e-01	-1.323600e-01	6.834413e+04
90001	332.846192	60.000000	-4.319587e-01	-7.810150e-01	-3.409075e-01	7.051006e+04
90001	335.095153	60.000000	-2.562750e-02	-8.126650e-01	-4.701900e-01	7.068971e+04
90001	337.374712	60.000000	4.404763e-01	-7.195400e-01	-4.261450e-01	1.084214e+05
90001	339.685498	60.000000	7.553675e-01	-5.571475e-01	-2.424450e-01	1.405845e+05
90001	342.028156	60.000000	8.834488e-01	-4.345725e-01	-4.862250e-02	1.125842e+05
90001	344.403352	60.000000	9.105887e-01	-3.824750e-01	9.803750e-02	1.083725e+05
90001	346.811767	60.000000	8.949037e-01	-3.871175e-01	1.966550e-01	9.101559e+04
90001	349.254103	60.000000	8.563038e-01	-4.314150e-01	2.675550e-01	8.051809e+04
90001	351.731083	60.000000	8.006237e-01	-4.982600e-01	3.168700e-01	7.574337e+04
90001	354.243447	60.000000	7.209638e-01	-5.854900e-01	3.533200e-01	6.813617e+04
90001	356.791961	60.000000	6.241700e-01	-6.732975e-01	3.774200e-01	6.696875e+04
90001	359.377410	60.000000	5.032412e-01	-7.583975e-01	3.924225e-01	7.034306e+04
90001	362.000603	60.000000	3.615662e-01	-8.296825e-01	3.990925e-01	6.326836e+04
90001	364.662372	60.000000	2.025250e-01	-8.808925e-01	4.014200e-01	7.608680e+04
90001	367.363575	60.000000	3.558875e-02	-9.023975e-01	4.002375e-01	7.462633e+04
90001	370.105094	60.000000	-1.394362e-01	-8.936375e-01	3.964850e-01	8.611425e+04
90001	372.887839	60.000000	-3.163712e-01	-8.510575e-01	3.872575e-01	7.754866e+04
90001	375.712747	60.000000	-4.684600e-01	-7.864950e-01	3.757700e-01	7.993514e+04
90001	378.580784	60.000000	-5.888825e-01	-7.123550e-01	3.574100e-01	7.016562e+04
90001	381.492943	60.000000	-6.881637e-01	-6.357350e-01	3.256800e-01	7.325333e+04
90001	384.450253	60.000000	-7.599687e-01	-5.766125e-01	2.791850e-01	8.196255e+04
90001	387.453771	60.000000	-8.068063e-01	-5.413300e-01	2.116700e-01	8.615026e+04
90001	390.504588	60.000000	-8.265812e-01	-5.399350e-01	1.067900e-01	8.609791e+04
90001	393.603830	60.000000	-7.922312e-01	-5.864525e-01	-5.752750e-02	9.255374e+04
90001	396.752661	60.000000	-6.451550e-01	-6.807500e-01	-2.744900e-01	1.016385e+05
90001	399.952279	60.000000	-3.169800e-01	-7.692650e-01	-4.805025e-01	7.350399e+04
90001	403.203924	60.000000	1.761450e-01	-7.652275e-01	-5.456700e-01	6.725612e+04
90001	406.508874	60.000000	5.869712e-01	-6.537325e-01	-4.057675e-01	7.567988e+04
90001	409.868452	60.000000	8.090300e-01	-5.229375e-01	-1.807000e-01	1.058205e+05
90001	413.284022	60.000000	8.850988e-01	-4.406575e-01	2.295750e-02	9.759221e+04
90001	416.756997	60.000000	8.837012e-01	-4.142950e-01	1.799500e-01	9.264774e+04
90001	420.288836	60.000000	8.457600e-01	-4.322200e-01	2.900875e-01	9.102914e+04
90001	423.881048	60.000000	7.863650e-01	-4.778900e-01	3.719525e-01	9.223841e+04
90001	427.535195	60.000000	7.153700e-01	-5.367425e-01	4.270725e-01	8.212522e+04
90001	431.252893	60.000000	6.292337e-01	-6.019025e-01	4.725375e-01	7.893190e+04
90001	435.035813	60.000000	5.234200e-01	-6.669900e-01	5.102600e-01	9.589973e+04
90001	438.885687	60.000000	3.990738e-01	-7.262925e-01	5.385825e-01	9.130552e+04
90001	442.804309	60.000000	2.681950e-01	-7.681825e-01	5.589150e-01	9.610526e+04
90001	446.793537	60.000000	1.319913e-01	-7.938075e-01	5.721325e-01	8.496466e+04
90001	450.855297	60.000000	-6.470000e-03	-7.993075e-01	5.793225e-01	6.897606e+04
90001	454.991584	60.000000	-1.460462e-01	-7.850450e-01	5.803450e-01	7.493742e+04
90001	459.204469	60.000000	-2.925888e-01	-7.490300e-01	5.734200e-01	8.597043e+04
90001	463.496099	60.000000	-4.182913e-01	-6.994225e-01	5.583275e-01	9.219013e+04
90001	467.868704	60.000000	-5.265325e-01	-6.419525e-01	5.374650e-01	8.964107e+04
90001	472.324597	60.000000	-6.225437e-01	-5.815950e-01	5.055550e-01	1.041653e+05
90001	476.866179	60.000000	-7.073113e-01	-5.205850e-01	4.618600e-01	1.274874e+05
90001	481.495948	60.000000	-7.830037e-01	-4.643950e-01	3.966025e-01	1.467394e+05
90001	486.216496	60.000000	-8.416250e-01	-4.295075e-01	3.078075e-01	1.226817e+05
90001	491.030521	60.000000	-8.853912e-01	-4.152425e-01	1.716200e-01	1.245249e+05
90001	495.940826	60.000000	-8.886738e-01	-4.354875e-01	-3.018500e-02	1.397598e+05
90001	500.950330	60.000000	-7.902563e-01	-5.002175e-01	-3.230925e-01	1.558873e+05
90001	506.062068	60.000000	-4.849150e-01	-5.736900e-01	-6.275475e-01	1.561201e+05
90001	511.279202	60.000000	4.532375e-02	-5.947600e-01	-7.669925e-01	1.535675e+05
90001	516.605028	60.000000	5.732150e-01	-5.217100e-01	-5.981425e-01	2.371912e+05
90001	522.042975	60.000000	8.525338e-01	-4.219500e-01	-2.781075e-01	2.059119e+05
90001	527.596624	60.000000	9.298912e-01	-3.628475e-01	-4.885000e-03	1.954793e+05
90001	533.269706	60.000000	9.178775e-01	-3.469325e-01	1.953700e-01	1.402846e+05
90001	539.066116	60.000000	8.670375e-01	-3.666375e-01	3.397975e-01	1.437667e+05
90001	544.989919	60.000000	8.023288e-01	-4.089500e-01	4.378050e-01	1.658687e+05
90001	551.045363	60.000000	7.305962e-01	-4.617475e-01	5.038600e-01	1.217865e+05
90001	557.236884	60.000000	6.456537e-01	-5.228200e-01	5.553425e-01	1.324148e+05
90001	563.569121	60.000000	5.492550e-01	-5.829750e-01	5.945150e-01	1.274768e+05
90001	570.046927	60.000000	4.447000e-01	-6.379325e-01	6.246350e-01	1.422132e+05
90001	576.675380	60.000000	3.271587e-01	-6.839100e-01	6.473700e-01	1.393593e+05
90001	583.459796	60.000000	2.028075e-01	-7.162325e-01	6.620700e-01	1.268688e+05
90001	590.405746	60.000000	7.617125e-02	-7.322400e-01	6.705275e-01	1.405498e+05
90001	597.519068	60.000000	-5.647500e-02	-7.319775e-01	6.732000e-01	1.460555e+05
90001	604.805886	60.000000	-1.874400e-01	-7.144250e-01	6.693325e-01	1.396310e+05
90001	612.272625	60.000000	-3.077825e-01	-6.824450e-01	6.592950e-01	1.410424e+05
90001	619.926033	60.000000	-4.238500e-01	-6.354375e-01	6.406175e-01	1.348704e+05
90001	627.773198	60.000000	-5.289425e-01	-5.805575e-01	6.143800e-01	1.256998e+05
90001	635.821572	60.000000	-6.239250e-01	-5.216050e-01	5.773475e-01	1.493336e+05
90001	644.078995	60.000000	-7.095163e-01	-4.626500e-01	5.278775e-01	1.721464e+05
90001	652.553719	60.000000	-7.857912e-01	-4.098375e-01	4.606625e-01	1.821963e+05
90001	661.254435	60.000000	-8.561112e-01	-3.672000e-01	3.607750e-01	1.735644e+05
90001	670.190306	60.000000	-9.116812e-01	-3.449400e-01	2.190150e-01	2.273714e+05
90001	679.370995	60.000000	-9.354425e-01	-3.457750e-01	-1.380000e-03	2.096567e+05
90001	688.806703	60.000000	-8.652138e-01	-3.773125e-01	-3.080325e-01	2.472491e+05
90001	698.508206	60.000000	-5.716800e-01	-4.292975e-01	-6.746900e-01	1.318768e+05
90001	708.486895	60.000000	-2.274875e-02	-4.500600e-01	-8.651975e-01	1.118793e+05
90001	718.754821	60.000000	5.474737e-01	-4.089850e-01	-7.060150e-01	1.615292e+05
90001	729.324745	60.000000	8.596875e-01	-3.448325e-01	-3.486450e-01	1.480854e+05
90001	740.210189	60.000000	9.450637e-01	-3.033250e-01	-2.624500e-02	1.244130e+05
90001	751.425495	60.000000	9.280488e-01	-2.995950e-01	1.978250e-01	1.970220e+05
90001	762.985887	60.000000	8.727900e-01	-3.222375e-01	3.553100e-01	1.415784e+05
90001	774.907541	60.000000	8.047138e-01	-3.608250e-01	4.548900e-01	2.456190e+05
90001	787.207661	60.000000	7.284400e-01	-4.119550e-01	5.328300e-01	1.182062e+05
90001	799.904559	60.000000	6.466875e-01	-4.715800e-01	5.884725e-01	1.897398e+05
90001	813.017748	60.000000	5.571787e-01	-5.246200e-01	6.293725e-01	1.150844e+05
90001	826.568044	60.000000	4.602000e-01	-5.775725e-01	6.582500e-01	1.113254e+05
90001	840.577672	60.000000	3.530550e-01	-6.258300e-01	6.854800e-01	7.246390e+04
90001	855.070390	60.000000	2.237113e-01	-6.585175e-01	6.875675e-01	1.133037e+05
90001	870.071625	60.000000	1.010487e-01	-6.716650e-01	6.978425e-01	1.016993e+05
90001	885.608619	60.000000	-8.331250e-03	-7.017425e-01	7.274525e-01	2.178266e+05
90001	901.710593	60.000000	-1.420100e-01	-6.896925e-01	7.235600e-01	2.129398e+05
90001	918.408938	60.000000	-2.525287e-01	-6.657375e-01	7.179250e-01	1.941145e+05
90001	935.737408	60.000000	-3.735662e-01	-6.236825e-01	6.994550e-01	1.793321e+05
90001	953.732358	60.000000	-4.747100e-01	-5.785300e-01	6.789750e-01	1.813929e+05
90001	972.432993	60.000000	-5.746088e-01	-5.210525e-01	6.461150e-01	1.850855e+05
90001	991.881653	60.000000	-6.590750e-01	-4.660550e-01	6.038200e-01	1.747342e+05
90001	1012.124136	60.000000	-7.397463e-01	-4.115125e-01	5.427625e-01	1.429145e+05
90001	1033.210055	60.000000	-7.765075e-01	-3.847925e-01	4.691825e-01	1.102665e+05
90001	1055.193248	60.000000	-7.194487e-01	-4.204475e-01	4.356100e-01	1.831262e+05
90001	1078.132231	60.000000	-5.933962e-01	-4.654175e-01	4.469675e-01	2.096054e+05
90001	1102.090725	60.000000	-4.551125e-01	-5.083175e-01	4.663925e-01	1.203796e+05
90001	1127.138242	60.000000	-3.023775e-01	-5.402425e-01	4.818100e-01	2.325265e+05
90001	1153.350759	60.000000	-1.379225e-01	-5.662225e-01	4.966125e-01	3.038426e+05
90001	1180.811491	60.000000	2.894125e-02	-5.734575e-01	5.084750e-01	1.973505e+05
90001	1209.611772	60.000000	1.905400e-01	-5.593950e-01	5.111450e-01	1.855553e+05
90001	1239.852066	60.000000	3.263700e-01	-5.338600e-01	5.180675e-01	2.539167e+05
90001	1271.643145	60.000000	4.287625e-01	-5.102800e-01	5.306875e-01	2.611839e+05
90001	1305.107438	60.000000	4.958612e-01	-4.966550e-01	5.468950e-01	1.621551e+05
90001	1340.380612	60.000000	5.291550e-01	-4.925975e-01	5.610425e-01	2.102292e+05
90001	1377.613407	60.000000	5.352737e-01	-5.074075e-01	5.800975e-01	1.246515e+05
90001	1416.973790	60.000000	5.143275e-01	-5.327675e-01	5.967650e-01	1.458325e+05
90001	1458.649489	60.000000	4.726612e-01	-5.648675e-01	6.074825e-01	1.496598e+05
90001	1502.850989	60.000000	4.169788e-01	-6.041825e-01	6.181025e-01	6.171060e+04
90001	1549.815082	60.000000	3.426750e-01	-6.412600e-01	6.361950e-01	9.497928e+04
90001	1599.809117	60.000000	2.561525e-01	-6.647575e-01	6.382225e-01	1.275608e+05
90001	1653.136088	60.000000	1.629225e-01	-6.948700e-01	6.473950e-01	8.672726e+04
90001	1710.140781	60.000000	6.278000e-02	-7.040875e-01	6.595775e-01	8.695542e+04
90001	1771.217237	60.000000	-3.968375e-02	-7.010325e-01	6.515625e-01	2.553505e+05
90001	1836.817876	60.000000	-1.476088e-01	-6.937675e-01	6.383475e-01	8.747392e+04
90001	1907.464717	60.000000	-2.343225e-01	-6.634000e-01	6.465675e-01	8.854251e+04
90001	1983.763306	60.000000	-3.247575e-01	-6.365925e-01	6.236325e-01	1.648799e+05
90001	2066.420110	60.000000	-3.972737e-01	-5.977275e-01	6.168300e-01	2.937162e+04
90001	190.746472	65.000000	-2.299350e-01	3.490350e-01	8.033625e-01	2.118319e+04
90001	191.482945	65.000000	-1.863488e-01	4.364725e-01	7.626950e-01	2.639778e+04
90001	192.225127	65.000000	-1.019437e-01	5.247200e-01	7.346525e-01	3.570606e+04
90001	192.973084	65.000000	1.689875e-02	5.605125e-01	7.153400e-01	5.364494e+04
90001	193.726885	65.000000	1.312263e-01	5.710500e-01	7.103725e-01	1.744503e+04
90001	194.486599	65.000000	2.324375e-01	5.463300e-01	7.251650e-01	1.725571e+04
90001	195.252294	65.000000	3.167450e-01	4.618525e-01	7.509750e-01	2.075523e+04
90001	196.024042	65.000000	3.787275e-01	3.746550e-01	7.896275e-01	2.471716e+04
90001	196.801915	65.000000	3.896087e-01	2.752375e-01	8.209700e-01	1.947530e+04
90001	197.585987	65.000000	3.832988e-01	1.962625e-01	8.584250e-01	3.435913e+04
90001	198.376331	65.000000	3.412850e-01	1.068575e-01	8.922025e-01	2.299740e+04
90001	199.173023	65.000000	2.818337e-01	1.689750e-02	9.104125e-01	5.137796e+04
90001	199.976140	65.000000	2.026250e-01	-4.921500e-02	9.374475e-01	7.626485e+04
90001	200.785760	65.000000	1.038463e-01	-8.521500e-02	9.474150e-01	3.528138e+04
90001	201.601962	65.000000	-5.146250e-03	-1.032300e-01	9.507775e-01	1.235793e+05
90001	202.424827	65.000000	-1.225100e-01	-1.015375e-01	9.347750e-01	3.828470e+04
90001	203.254437	65.000000	-2.617500e-01	-7.467000e-02	9.097300e-01	9.551281e+04
90001	204.090875	65.000000	-3.720238e-01	-1.205000e-03	8.653125e-01	7.750748e+04
90001	204.934226	65.000000	-4.648300e-01	1.050575e-01	7.903975e-01	3.688009e+04
90001	205.784575	65.000000	-5.183050e-01	2.286450e-01	7.055775e-01	5.263810e+04
90001	206.642011	65.000000	-5.090175e-01	4.168425e-01	5.761200e-01	2.397563e+04
90001	207.506622	65.000000	-4.008625e-01	5.788900e-01	4.499500e-01	3.612916e+04
90001	208.378498	65.000000	-1.671225e-01	7.180975e-01	3.571550e-01	4.218998e+04
90001	209.257733	65.000000	1.336975e-01	7.520100e-01	3.283000e-01	2.320959e+04
90001	210.144418	65.000000	3.914638e-01	6.836400e-01	3.651275e-01	2.172244e+04
90001	211.038650	65.000000	5.642713e-01	5.547925e-01	4.427400e-01	1.993142e+04
90001	211.940524	65.000000	6.494425e-01	3.972775e-01	5.281075e-01	7.970523e+04
90001	212.850140	65.000000	6.796138e-01	2.451800e-01	6.046500e-01	4.221329e+04
90001	213.767598	65.000000	6.640425e-01	1.046925e-01	6.691425e-01	6.475367e+04
90001	214.692998	65.000000	6.074287e-01	-5.570750e-02	7.226150e-01	3.670827e+04
90001	215.626446	65.000000	5.170887e-01	-1.893125e-01	7.659850e-01	2.851382e+04
90001	216.568046	65.000000	3.950063e-01	-3.069100e-01	8.006825e-01	2.930017e+04
90001	217.517906	65.000000	2.433975e-01	-3.994150e-01	8.182825e-01	7.366573e+04
90001	218.476135	65.000000	6.244750e-02	-4.559025e-01	8.233225e-01	4.505469e+04
90001	219.442844	65.000000	-1.254987e-01	-4.744900e-01	7.963825e-01	7.303600e+04
90001	220.418145	65.000000	-3.156350e-01	-4.593400e-01	7.585925e-01	6.529502e+04
90001	221.402155	65.000000	-5.012013e-01	-4.047750e-01	6.831300e-01	6.462296e+04
90001	222.394989	65.000000	-6.565912e-01	-3.174025e-01	5.693850e-01	4.074807e+04
90001	223.396769	65.000000	-7.743900e-01	-2.091875e-01	4.101150e-01	6.854369e+04
90001	224.407614	65.000000	-8.209625e-01	-7.155250e-02	1.839500e-01	8.201846e+04
90001	225.427648	65.000000	-7.182125e-01	9.452750e-02	-8.890750e-02	2.742966e+04
90001	226.456998	65.000000	-3.998638e-01	2.805625e-01	-3.410250e-01	3.199817e+04
90001	227.495792	65.000000	9.161625e-02	4.258700e-01	-4.120550e-01	2.223299e+04
90001	228.544160	65.000000	5.024425e-01	4.439675e-01	-2.864725e-01	3.927847e+04
90001	229.602234	65.000000	7.679588e-01	3.998900e-01	-3.979250e-02	4.817630e+04
90001	230.670152	65.000000	8.507650e-01	3.113400e-01	1.468375e-01	5.201821e+04
90001	231.748050	65.000000	8.725038e-01	1.988750e-01	2.953850e-01	2.866806e+04
90001	232.836069	65.000000	8.520650e-01	8.213500e-02	4.154250e-01	3.160239e+04
90001	233.934352	65.000000	8.092225e-01	-5.630000e-02	5.063275e-01	3.424143e+04
90001	235.043046	65.000000	7.377162e-01	-1.863175e-01	5.801375e-01	3.387207e+04
90001	236.162298	65.000000	6.373187e-01	-3.256950e-01	6.276700e-01	2.130062e+04
90001	237.292261	65.000000	5.082713e-01	-4.415350e-01	6.701150e-01	3.260235e+04
90001	238.433090	65.000000	3.410213e-01	-5.428625e-01	7.002700e-01	4.095889e+04
90001	239.584940	65.000000	1.601425e-01	-6.027850e-01	7.027825e-01	2.696531e+04
90001	240.747974	65.000000	-4.413875e-02	-6.393075e-01	6.979450e-01	3.413792e+04
90001	241.922354	65.000000	-2.429750e-01	-6.278650e-01	6.692250e-01	3.728194e+04
90001	243.108248	65.000000	-4.288237e-01	-5.849300e-01	6.179125e-01	3.377532e+04
90001	244.305826	65.000000	-5.863862e-01	-5.104625e-01	5.314950e-01	3.729160e+04
90001	245.515261	65.000000	-7.198938e-01	-4.459125e-01	4.354450e-01	3.370232e+04
90001	246.736730	65.000000	-8.151275e-01	-3.654400e-01	2.836900e-01	2.382305e+04
90001	247.970413	65.000000	-8.614675e-01	-3.029700e-01	8.600500e-02	2.287607e+04
90001	249.216496	65.000000	-8.058712e-01	-2.321375e-01	-1.915350e-01	3.955863e+04
90001	250.475165	65.000000	-5.588825e-01	-1.533125e-01	-4.879700e-01	1.475485e+04
90001	251.746612	65.000000	-5.137250e-02	-3.329750e-02	-6.714200e-01	1.280775e+04
90001	253.031034	65.000000	4.815262e-01	9.991500e-02	-5.833450e-01	6.657559e+04
90001	254.328629	65.000000	7.958175e-01	1.637475e-01	-3.143250e-01	1.109352e+05
90001	255.639601	65.000000	9.194113e-01	1.751350e-01	-5.277500e-02	1.704587e+05
90001	256.964159	65.000000	9.452963e-01	1.230775e-01	1.297575e-01	7.669010e+04
90001	258.302514	65.000000	9.361975e-01	4.952750e-02	2.470075e-01	4.404745e+04
90001	259.654883	65.000000	9.106838e-01	-5.736250e-02	3.446700e-01	5.648859e+04
90001	261.021488	65.000000	8.638175e-01	-1.871725e-01	4.068400e-01	5.030601e+04
90001	262.402554	65.000000	7.898550e-01	-3.247725e-01	4.526075e-01	3.718164e+04
90001	263.798312	65.000000	6.934775e-01	-4.556625e-01	4.912450e-01	4.958800e+04
90001	265.208998	65.000000	5.532175e-01	-5.867800e-01	5.148500e-01	4.475328e+04
90001	266.634853	65.000000	3.801400e-01	-6.966025e-01	5.316600e-01	3.720854e+04
90001	268.076122	65.000000	1.790300e-01	-7.674125e-01	5.332925e-01	3.586597e+04
90001	269.533058	65.000000	-2.902875e-02	-7.948375e-01	5.246500e-01	3.693986e+04
90001	271.005916	65.000000	-2.505713e-01	-7.775650e-01	4.937375e-01	3.103087e+04
90001	272.494960	65.000000	-4.475987e-01	-7.198650e-01	4.459900e-01	4.028765e+04
90001	274.000457	65.000000	-6.089962e-01	-6.388400e-01	3.916450e-01	3.879683e+04
90001	275.522681	65.000000	-7.368512e-01	-5.519575e-01	3.112475e-01	4.211044e+04
90001	277.061914	65.000000	-8.149700e-01	-4.860950e-01	2.138650e-01	4.197571e+04
90001	278.618442	65.000000	-8.495937e-01	-4.597175e-01	8.104250e-02	4.398087e+04
90001	280.192557	65.000000	-8.099525e-01	-4.896925e-01	-9.629500e-02	2.521167e+04
90001	281.784560	65.000000	-6.173238e-01	-5.686100e-01	-3.379650e-01	2.506663e+04
90001	283.394758	65.000000	-1.910563e-01	-6.129975e-01	-5.461325e-01	3.628070e+04
90001	285.023463	65.000000	3.584525e-01	-5.216725e-01	-5.491200e-01	2.937107e+04
90001	286.670998	65.000000	7.532062e-01	-3.305400e-01	-3.713950e-01	5.227678e+04
90001	288.337690	65.000000	9.239487e-01	-1.708075e-01	-1.593525e-01	6.673007e+04
90001	290.023875	65.000000	9.749438e-01	-9.279750e-02	4.046500e-02	7.778204e+04
90001	291.729898	65.000000	9.679762e-01	-1.014150e-01	1.593925e-01	7.972545e+04
90001	293.456110	65.000000	9.391812e-01	-1.709350e-01	2.505950e-01	6.737057e+04
90001	295.202873	65.000000	8.899700e-01	-2.746550e-01	3.215400e-01	7.318757e+04
90001	296.970555	65.000000	8.139212e-01	-4.000775e-01	3.794200e-01	7.234594e+04
90001	298.759534	65.000000	7.040587e-01	-5.307150e-01	4.281700e-01	4.840497e+04
90001	300.570198	65.000000	5.594975e-01	-6.489675e-01	4.687275e-01	6.312921e+04
90001	302.402943	65.000000	3.880462e-01	-7.439725e-01	4.979275e-01	8.029549e+04
90001	304.258176	65.000000	1.841088e-01	-8.061775e-01	5.172450e-01	6.315854e+04
90001	306.136313	65.000000	-1.429000e-02	-8.238875e-01	5.223125e-01	6.270418e+04
90001	308.037780	65.000000	-2.152263e-01	-8.029275e-01	5.145050e-01	5.867883e+04
90001	309.963016	65.000000	-3.975438e-01	-7.470775e-01	4.941000e-01	5.960014e+04
90001	311.912469	65.000000	-5.524750e-01	-6.695025e-01	4.615925e-01	5.733866e+04
90001	313.886599	65.000000	-6.828238e-01	-5.771425e-01	4.157950e-01	5.911243e+04
90001	315.885877	65.000000	-7.807250e-01	-4.908425e-01	3.573925e-01	5.567138e+04
90001	317.910786	65.000000	-8.527913e-01	-4.201400e-01	2.756975e-01	6.024289e+04
90001	319.961823	65.000000	-8.936100e-01	-3.893250e-01	1.657850e-01	6.452363e+04
90001	322.039498	65.000000	-8.925975e-01	-4.111050e-01	1.294250e-02	6.057848e+04
90001	324.144331	65.000000	-8.137575e-01	-4.879450e-01	-1.853475e-01	4.059155e+04
90001	326.276859	65.000000	-5.653800e-01	-6.047275e-01	-4.340375e-01	3.225561e+04
90001	328.437633	65.000000	-6.280125e-02	-6.588825e-01	-6.163650e-01	4.316418e+04
90001	330.627218	65.000000	4.666688e-01	-5.509400e-01	-5.670800e-01	4.357333e+04
90001	332.846192	65.000000	8.266875e-01	-3.452625e-01	-3.355325e-01	5.839460e+04
90001	335.095153	65.000000	9.538213e-01	-1.992600e-01	-1.129250e-01	9.591459e+04
90001	337.374712	65.000000	9.809188e-01	-1.279025e-01	6.257000e-02	1.094079e+05
90001	339.685498	65.000000	9.684763e-01	-1.273975e-01	1.882850e-01	9.939367e+04
90001	342.028156	65.000000	9.394775e-01	-1.766775e-01	2.778050e-01	8.905566e+04
90001	344.403352	65.000000	8.960238e-01	-2.593475e-01	3.445725e-01	7.357480e+04
90001	346.811767	65.000000	8.366438e-01	-3.586325e-01	3.964975e-01	6.747094e+04
90001	349.254103	65.000000	7.517275e-01	-4.717950e-01	4.417475e-01	7.468739e+04
90001	351.731083	65.000000	6.401138e-01	-5.837775e-01	4.777350e-01	6.772628e+04
90001	354.243447	65.000000	4.883388e-01	-6.928750e-01	5.053250e-01	7.681495e+04
90001	356.791961	65.000000	3.154913e-01	-7.760850e-01	5.208650e-01	8.668533e+04
90001	359.377410	65.000000	1.148688e-01	-8.269100e-01	5.242025e-01	9.787877e+04
90001	362.000603	65.000000	-9.417000e-02	-8.350650e-01	5.145600e-01	7.811407e+04
90001	364.662372	65.000000	-3.000800e-01	-8.002650e-01	4.899450e-01	9.245434e+04
90001	367.363575	65.000000	-4.807275e-01	-7.291075e-01	4.601525e-01	8.941331e+04
90001	370.105094	65.000000	-6.371500e-01	-6.288275e-01	4.208000e-01	8.584151e+04
90001	372.887839	65.000000	-7.627487e-01	-5.134100e-01	3.714675e-01	7.457776e+04
90001	375.712747	65.000000	-8.469037e-01	-4.141050e-01	3.121250e-01	7.329814e+04
90001	378.580784	65.000000	-8.995913e-01	-3.487725e-01	2.398675e-01	8.535096e+04
90001	381.492943	65.000000	-9.291625e-01	-3.249700e-01	1.328750e-01	8.830837e+04
90001	384.450253	65.000000	-9.197937e-01	-3.618425e-01	-2.188000e-02	8.075506e+04
90001	387.453771	65.000000	-8.306638e-01	-4.610800e-01	-2.338875e-01	6.893516e+04
90001	390.504588	65.000000	-5.633288e-01	-5.952975e-01	-4.948025e-01	4.946578e+04
90001	393.603830	65.000000	-3.077125e-02	-6.577075e-01	-6.718875e-01	5.338261e+04
90001	396.752661	65.000000	5.219300e-01	-5.443825e-01	-5.776550e-01	5.846110e+04
90001	399.952279	65.000000	8.385100e-01	-3.649600e-01	-3.258525e-01	8.813580e+04
90001	403.203924	65.000000	9.566862e-01	-2.308325e-01	-7.892250e-02	1.173424e+05
90001	406.508874	65.000000	9.723013e-01	-1.752525e-01	1.001525e-01	1.079636e+05
90001	409.868452	65.000000	9.503325e-01	-1.744825e-01	2.350175e-01	9.967069e+04
90001	413.284022	65.000000	9.107150e-01	-2.144925e-01	3.374025e-01	8.793583e+04
90001	416.756997	65.000000	8.531287e-01	-2.845900e-01	4.220925e-01	1.074224e+05
90001	420.288836	65.000000	7.779175e-01	-3.700225e-01	4.930825e-01	8.356146e+04
90001	423.881048	65.000000	6.791337e-01	-4.632225e-01	5.516600e-01	6.544846e+04
90001	427.535195	65.000000	5.646037e-01	-5.465675e-01	6.006550e-01	9.820781e+04
90001	431.252893	65.000000	4.273012e-01	-6.190550e-01	6.405750e-01	8.727122e+04
90001	435.035813	65.000000	2.641200e-01	-6.727900e-01	6.702800e-01	9.184560e+04
90001	438.885687	65.000000	8.389875e-02	-6.990250e-01	6.885750e-01	9.313829e+04
90001	442.804309	65.000000	-9.154500e-02	-6.933675e-01	6.947175e-01	1.034737e+05
90001	446.793537	65.000000	-2.583350e-01	-6.607725e-01	6.854575e-01	9.669361e+04
90001	450.855297	65.000000	-4.096512e-01	-6.032475e-01	6.661900e-01	8.655161e+04
90001	454.991584	65.000000	-5.441775e-01	-5.273825e-01	6.341800e-01	7.893058e+04
90001	459.204469	65.000000	-6.679237e-01	-4.345100e-01	5.891450e-01	9.298414e+04
90001	463.496099	65.000000	-7.600200e-01	-3.480250e-01	5.339225e-01	9.910265e+04
90001	467.868704	65.000000	-8.328937e-01	-2.719150e-01	4.690250e-01	1.167414e+05
90001	472.324597	65.000000	-8.918550e-01	-2.122450e-01	3.830175e-01	9.873332e+04
90001	476.866179	65.000000	-9.411550e-01	-1.714100e-01	2.678150e-01	1.096907e+05
90001	481.495948	65.000000	-9.739062e-01	-1.625600e-01	9.529750e-02	1.565074e+05
90001	486.216496	65.000000	-9.599513e-01	-1.922475e-01	-1.351875e-01	1.071304e+05
90001	491.030521	65.000000	-8.202312e-01	-2.626900e-01	-4.645525e-01	6.606958e+04
90001	495.940826	65.000000	-4.314000e-01	-3.372250e-01	-7.889775e-01	8.101514e+04
90001	500.950330	65.000000	1.963625e-01	-3.404675e-01	-8.833225e-01	8.861299e+04
90001	506.062068	65.000000	6.993413e-01	-2.461950e-01	-6.382600e-01	1.027299e+05
90001	511.279202	65.000000	9.361325e-01	-1.477575e-01	-2.936825e-01	1.889873e+05
90001	516.605028	65.000000	9.941025e-01	-9.097250e-02	-8.950000e-04	2.887451e+05
90001	522.042975	65.000000	9.763613e-01	-8.335500e-02	2.050300e-01	2.021334e+05
90001	527.596624	65.000000	9.342812e-01	-1.095575e-01	3.451050e-01	1.484754e+05
90001	533.269706	65.000000	8.793925e-01	-1.608500e-01	4.518000e-01	1.483188e+05
90001	539.066116	65.000000	8.099850e-01	-2.311025e-01	5.402450e-01	1.267871e+05
90001	544.989919	65.000000	7.300512e-01	-3.084500e-01	6.102350e-01	1.154190e+05
90001	551.045363	65.000000	6.380100e-01	-3.844075e-01	6.657775e-01	1.319461e+05
90001	557.236884	65.000000	5.254975e-01	-4.583100e-01	7.134475e-01	1.309809e+05
90001	563.569121	65.000000	3.948388e-01	-5.225725e-01	7.509425e-01	1.276135e+05
90001	570.046927	65.000000	2.530188e-01	-5.678425e-01	7.786775e-01	1.290273e+05
90001	576.675380	65.000000	9.792125e-02	-5.923900e-01	7.935275e-01	1.326669e+05
90001	583.459796	65.000000	-6.002250e-02	-5.925950e-01	7.976500e-01	1.239687e+05
90001	590.405746	65.000000	-2.105087e-01	-5.697025e-01	7.888175e-01	1.411863e+05
90001	597.519068	65.000000	-3.569913e-01	-5.242175e-01	7.684375e-01	1.477821e+05
90001	604.805886	65.000000	-4.895287e-01	-4.613350e-01	7.360900e-01	1.378369e+05
90001	612.272625	65.000000	-6.000950e-01	-3.907425e-01	6.952125e-01	1.379879e+05
90001	619.926033	65.000000	-6.976138e-01	-3.126300e-01	6.425975e-01	1.381640e+05
90001	627.773198	65.000000	-7.793925e-01	-2.379375e-01	5.784475e-01	1.624624e+05
90001	635.821572	65.000000	-8.503687e-01	-1.706250e-01	4.970425e-01	1.840300e+05
90001	644.078995	65.000000	-9.130100e-01	-1.153075e-01	3.905250e-01	1.653477e+05
90001	652.553719	65.000000	-9.652800e-01	-7.835500e-02	2.503100e-01	1.895939e+05
90001	661.254435	65.000000	-9.956612e-01	-6.413000e-02	3.970250e-02	5.643657e+05
90001	670.190306	65.000000	-9.584525e-01	-8.028750e-02	-2.525425e-01	1.981689e+05
90001	679.370995	65.000000	-7.473625e-01	-1.226600e-01	-6.326650e-01	1.228767e+05
90001	688.806703	65.000000	-2.571025e-01	-1.569275e-01	-9.292300e-01	8.020902e+04
90001	698.508206	65.000000	3.909525e-01	-1.351800e-01	-8.822825e-01	8.194254e+04
90001	708.486895	65.000000	8.118650e-01	-7.486750e-02	-5.526675e-01	1.454504e+05
90001	718.754821	65.000000	9.745425e-01	-3.355750e-02	-1.904200e-01	2.180405e+05
90001	729.324745	65.000000	9.939137e-01	-2.011500e-02	8.455750e-02	4.590404e+05
90001	740.210189	65.000000	9.563913e-01	-3.749250e-02	2.783350e-01	1.872780e+05
90001	751.425495	65.000000	9.022138e-01	-7.652750e-02	4.132375e-01	1.958324e+05
90001	762.985887	65.000000	8.387225e-01	-1.342875e-01	5.188450e-01	1.463909e+05
90001	774.907541	65.000000	7.691975e-01	-1.979850e-01	5.964125e-01	1.201415e+05
90001	787.207661	65.000000	6.875200e-01	-2.706700e-01	6.603425e-01	1.181453e+05
90001	799.904559	65.000000	5.927912e-01	-3.436375e-01	7.158625e-01	1.178196e+05
90001	813.017748	65.000000	4.852425e-01	-4.076300e-01	7.601150e-01	8.755114e+04
90001	826.568044	65.000000	3.652950e-01	-4.608025e-01	7.947575e-01	1.024679e+05
90001	840.577672	65.000000	2.299740e-01	-4.996200e-01	8.213650e-01	4.531325e+05
90001	855.070390	65.000000	7.275875e-02	-5.244450e-01	8.203025e-01	1.265405e+05
90001	870.071625	65.000000	-7.525125e-02	-5.164500e-01	8.242600e-01	2.192319e+05
90001	885.608619	65.000000	-2.046812e-01	-5.183700e-01	8.434650e-01	1.777388e+05
90001	901.710593	65.000000	-3.515150e-01	-4.719575e-01	8.196150e-01	1.247622e+05
90001	918.408938	65.000000	-4.649950e-01	-4.198775e-01	7.913275e-01	1.242788e+05
90001	935.737408	65.000000	-5.816988e-01	-3.482800e-01	7.448525e-01	1.320976e+05
90001	953.732358	65.000000	-6.726688e-01	-2.806175e-01	6.961625e-01	1.384187e+05
90001	972.432993	65.000000	-7.578800e-01	-2.081175e-01	6.289350e-01	1.379990e+05
90001	991.881653	65.000000	-8.263537e-01	-1.408950e-01	5.542825e-01	1.994962e+05
90001	1012.124136	65.000000	-8.872800e-01	-8.639250e-02	4.517175e-01	2.514984e+05
90001	1033.210055	65.000000	-8.861163e-01	-7.806000e-02	3.588350e-01	1.597940e+05
90001	1055.193248	65.000000	-7.492037e-01	-1.517675e-01	3.596600e-01	2.853781e+05
90001	1078.132231	65.000000	-5.397287e-01	-2.397525e-01	4.184425e-01	1.492998e+05
90001	1102.090725	65.000000	-3.402300e-01	-3.004250e-01	4.619950e-01	2.150032e+05
90001	1127.138242	65.000000	-1.470337e-01	-3.418025e-01	4.973850e-01	2.678912e+05
90001	1153.350759	65.000000	3.949625e-02	-3.539675e-01	5.211275e-01	6.757506e+05
90001	1180.811491	65.000000	2.082512e-01	-3.406175e-01	5.384650e-01	1.797880e+05
90001	1209.611772	65.000000	3.546437e-01	-3.061725e-01	5.500100e-01	1.780595e+05
90001	1239.852066	65.000000	4.644462e-01	-2.756850e-01	5.675775e-01	1.108534e+05
90001	1271.643145	65.000000	5.383300e-01	-2.480800e-01	5.885675e-01	1.690676e+05
90001	1305.107438	65.000000	5.789688e-01	-2.440400e-01	6.170775e-01	1.333188e+05
90001	1340.380612	65.000000	5.925075e-01	-2.578225e-01	6.395650e-01	3.677028e+05
90001	1377.613407	65.000000	5.825338e-01	-2.823800e-01	6.704150e-01	9.144936e+04
90001	1416.973790	65.000000	5.492688e-01	-3.276900e-01	7.022800e-01	1.400048e+05
90001	1458.649489	65.000000	4.952062e-01	-3.820700e-01	7.256075e-01	7.638669e+04
90001	1502.850989	65.000000	4.222288e-01	-4.292650e-01	7.552325e-01	6.202969e+04
90001	1549.815082	65.000000	3.316912e-01	-4.730800e-01	7.776075e-01	6.247467e+04
90001	1599.809117	65.000000	2.264475e-01	-5.116375e-01	7.956850e-01	7.606676e+04
90001	1653.136088	65.000000	1.109275e-01	-5.269275e-01	8.051350e-01	1.290181e+05
90001	1710.140781	65.000000	-8.672500e-03	-5.366725e-01	8.101175e-01	1.785748e+05
90001	1771.217237	65.000000	-1.277100e-01	-5.300975e-01	8.057900e-01	9.922623e+04
90001	1836.817876	65.000000	-2.366100e-01	-4.901200e-01	7.919225e-01	4.985320e+04
90001	1907.464717	65.000000	-3.454700e-01	-4.584425e-01	7.762950e-01	6.668032e+04
90001	1983.763306	65.000000	-4.285625e-01	-4.104100e-01	7.553075e-01	1.393306e+05
90001	2066.420110	65.000000	-4.932200e-01	-3.525575e-01	7.254450e-01	2.365411e+04
90001	190.746472	70.000000	1.587125e-02	6.871425e-01	6.075525e-01	2.203448e+04
90001	191.482945	70.000000	1.054138e-01	7.055225e-01	6.057025e-01	1.728349e+04
90001	192.225127	70.000000	1.840875e-01	6.858125e-01	6.244700e-01	2.342737e+04
90001	192.973084	70.000000	2.501450e-01	6.372750e-01	6.590200e-01	4.218171e+04
90001	193.726885	70.000000	2.871187e-01	5.870625e-01	6.967525e-01	1.997797e+04
90001	194.486599	70.000000	3.113937e-01	5.330825e-01	7.341800e-01	1.620216e+04
90001	195.252294	70.000000	3.127525e-01	4.689125e-01	7.797675e-01	3.597165e+04
90001	196.024042	70.000000	2.907650e-01	4.025375e-01	8.210675e-01	3.472480e+04
90001	196.801915	70.000000	2.421675e-01	3.428550e-01	8.756625e-01	6.825838e+04
90001	197.585987	70.000000	1.750538e-01	2.894150e-01	9.007025e-01	8.040824e+04
90001	198.376331	70.000000	8.547625e-02	2.567075e-01	9.264875e-01	7.127944e+04
90001	199.173023	70.000000	-1.028375e-02	2.387350e-01	9.262825e-01	7.179600e+04
90001	199.976140	70.000000	-1.113775e-01	2.441525e-01	9.260175e-01	8.262326e+04
90001	200.785760	70.000000	-2.111462e-01	2.837600e-01	8.918825e-01	7.358120e+04
90001	201.601962	70.000000	-3.007375e-01	3.330100e-01	8.373875e-01	6.853727e+04
90001	202.424827	70.000000	-3.649587e-01	4.087450e-01	7.618975e-01	9.542170e+04
90001	203.254437	70.000000	-3.954350e-01	5.306425e-01	6.569675e-01	1.123275e+05
90001	204.090875	70.000000	-3.641550e-01	6.365850e-01	5.511125e-01	4.245034e+04
90001	204.934226	70.000000	-2.712650e-01	7.434600e-01	4.612925e-01	5.378293e+04
90001	205.784575	70.000000	-1.318300e-01	8.187875e-01	3.929975e-01	7.601987e+04
90001	206.642011	70.000000	6.544000e-02	8.397225e-01	3.515025e-01	3.840017e+04
90001	207.506622	70.000000	2.343037e-01	8.249600e-01	3.726350e-01	1.050213e+05
90001	208.378498	70.000000	3.831538e-01	7.458425e-01	4.221175e-01	4.368122e+04
90001	209.257733	70.000000	4.901600e-01	6.481425e-01	4.968500e-01	4.625026e+04
90001	210.144418	70.000000	5.461125e-01	5.413575e-01	5.783975e-01	3.852917e+04
90001	211.038650	70.000000	5.642038e-01	4.079675e-01	6.638875e-01	5.818676e+04
90001	211.940524	70.000000	5.452825e-01	2.878275e-01	7.301775e-01	2.755928e+04
90001	212.850140	70.000000	4.875887e-01	1.727425e-01	7.997925e-01	2.940078e+04
90001	213.767598	70.000000	3.907137e-01	5.449500e-02	8.546900e-01	2.320914e+04
90001	214.692998	70.000000	2.519700e-01	-4.788500e-02	9.149775e-01	3.363402e+04
90001	215.626446	70.000000	6.698250e-02	-1.197325e-01	9.267450e-01	4.835271e+04
90001	216.568046	70.000000	-1.202125e-01	-1.482500e-01	9.150725e-01	6.077966e+04
90001	217.517906	70.000000	-3.167687e-01	-1.294375e-01	8.663825e-01	4.018790e+04
90001	218.476135	70.000000	-4.960813e-01	-6.790000e-02	7.811825e-01	5.589370e+04
90001	219.442844	70.000000	-6.456637e-01	9.970000e-03	6.565700e-01	3.428633e+04
90001	220.418145	70.000000	-7.492488e-01	1.438425e-01	4.778450e-01	3.675982e+04
90001	221.402155	70.000000	-7.756450e-01	2.850150e-01	2.544850e-01	3.601798e+04
90001	222.394989	70.000000	-6.693412e-01	4.470825e-01	7.815000e-03	2.906747e+04
90001	223.396769	70.000000	-3.972700e-01	6.015700e-01	-2.063200e-01	1.277992e+04
90001	224.407614	70.000000	3.397500e-03	6.878700e-01	-2.806225e-01	2.733795e+04
90001	225.427648	70.000000	3.634875e-01	7.060500e-01	-1.938150e-01	2.845116e+04
90001	226.456998	70.000000	5.962300e-01	6.542825e-01	-2.710500e-02	2.649316e+04
90001	227.495792	70.000000	7.158175e-01	5.822950e-01	1.397150e-01	3.589187e+04
90001	228.544160	70.000000	7.689837e-01	4.883025e-01	2.691000e-01	2.207236e+04
90001	229.602234	70.000000	7.865850e-01	3.643825e-01	3.957875e-01	2.233071e+04
90001	230.670152	70.000000	7.804963e-01	2.548625e-01	4.943425e-01	4.384357e+04
90001	231.748050	70.000000	7.432725e-01	1.211550e-01	5.848325e-01	3.839347e+04
90001	232.836069	70.000000	6.686075e-01	-2.907500e-02	6.710300e-01	3.624533e+04
90001	233.934352	70.000000	5.478063e-01	-1.702675e-01	7.459975e-01	3.975838e+04
90001	235.043046	70.000000	3.835912e-01	-2.866925e-01	8.026400e-01	7.000414e+04
90001	236.162298	70.000000	1.754050e-01	-3.748075e-01	8.413875e-01	5.079393e+04
90001	237.292261	70.000000	-5.303625e-02	-4.057625e-01	8.378975e-01	3.651492e+04
90001	238.433090	70.000000	-2.871775e-01	-3.808550e-01	7.999225e-01	4.004316e+04
90001	239.584940	70.000000	-4.852425e-01	-3.210600e-01	7.395800e-01	4.487547e+04
90001	240.747974	70.000000	-6.605313e-01	-2.288375e-01	6.239900e-01	3.377434e+04
90001	241.922354	70.000000	-7.876214e-01	-1.306100e-01	4.927325e-01	2.598412e+04
90001	243.108248	70.000000	-8.714575e-01	-2.726000e-02	3.139200e-01	6.782728e+04
90001	244.305826	70.000000	-8.947650e-01	6.318250e-02	1.020050e-01	3.691971e+04
90001	245.515261	70.000000	-8.120625e-01	1.545675e-01	-1.864650e-01	5.472981e+04
90001	246.736730	70.000000	-5.460675e-01	2.629175e-01	-4.624550e-01	1.974377e+04
90001	247.970413	70.000000	-8.601125e-02	3.669275e-01	-6.200850e-01	4.803708e+04
90001	249.216496	70.000000	3.755463e-01	4.500250e-01	-5.281050e-01	5.291037e+04
90001	250.475165	70.000000	6.650075e-01	4.912800e-01	-3.098475e-01	6.073699e+04
90001	251.746612	70.000000	8.030300e-01	4.697700e-01	-7.773000e-02	7.066839e+04
90001	253.031034	70.000000	8.526325e-01	4.364725e-01	9.762500e-02	7.440171e+04
90001	254.328629	70.000000	8.684662e-01	3.594575e-01	2.345675e-01	9.124772e+04
90001	255.639601	70.000000	8.722112e-01	2.588425e-01	3.429425e-01	6.093348e+04
90001	256.964159	70.000000	8.608225e-01	1.333225e-01	4.283950e-01	7.354863e+04
90001	258.302514	70.000000	8.277413e-01	-5.315000e-03	4.982250e-01	6.463139e+04
90001	259.654883	70.000000	7.524787e-01	-1.709875e-01	5.657775e-01	3.638602e+04
90001	261.021488	70.000000	6.256687e-01	-3.396975e-01	6.293625e-01	5.224570e+04
90001	262.402554	70.000000	4.457763e-01	-4.868200e-01	6.719275e-01	4.609127e+04
90001	263.798312	70.000000	2.325350e-01	-5.861925e-01	6.969275e-01	5.428337e+04
90001	265.208998	70.000000	-2.703625e-02	-6.348450e-01	6.903650e-01	3.018814e+04
90001	266.634853	70.000000	-2.805938e-01	-6.179700e-01	6.516300e-01	4.006549e+04
90001	268.076122	70.000000	-5.067638e-01	-5.434775e-01	5.917375e-01	4.563751e+04
90001	269.533058	70.000000	-6.810200e-01	-4.400000e-01	5.081050e-01	4.647267e+04
90001	271.005916	70.000000	-8.157563e-01	-3.186375e-01	4.046350e-01	4.524503e+04
90001	272.494960	70.000000	-8.999312e-01	-2.245475e-01	2.774925e-01	5.374881e+04
90001	274.000457	70.000000	-9.444975e-01	-1.649975e-01	1.318225e-01	8.798352e+04
90001	275.522681	70.000000	-9.305350e-01	-1.741625e-01	-7.303000e-02	4.431528e+04
90001	277.061914	70.000000	-7.959250e-01	-2.402825e-01	-3.474275e-01	5.394869e+04
90001	278.618442	70.000000	-3.968237e-01	-3.179950e-01	-6.255450e-01	4.207037e+04
90001	280.192557	70.000000	2.011513e-01	-2.594025e-01	-7.002475e-01	3.816657e+04
90001	281.784560	70.000000	6.974125e-01	-6.371250e-02	-5.108925e-01	6.739254e+04
90001	283.394758	70.000000	9.007375e-01	1.119300e-01	-2.422550e-01	1.684036e+05
90001	285.023463	70.000000	9.486288e-01	2.009375e-01	-4.045500e-02	8.129336e+04
90001	286.670998	70.000000	9.524812e-01	2.140325e-01	8.992500e-02	6.769477e+04
90001	288.337690	70.000000	9.484463e-01	1.714400e-01	1.866300e-01	6.942522e+04
90001	290.023875	70.000000	9.396838e-01	6.357250e-02	2.852900e-01	5.822941e+04
90001	291.729898	70.000000	9.098925e-01	-6.847750e-02	3.625725e-01	5.258755e+04
90001	293.456110	70.000000	8.430775e-01	-2.279950e-01	4.384725e-01	6.349634e+04
90001	295.202873	70.000000	7.208737e-01	-3.984125e-01	5.137950e-01	5.355911e+04
90001	296.970555	70.000000	5.396500e-01	-5.559850e-01	5.768500e-01	5.804517e+04
90001	298.759534	70.000000	3.053825e-01	-6.669775e-01	6.212100e-01	5.706010e+04
90001	300.570198	70.000000	4.134375e-02	-7.155125e-01	6.397150e-01	6.642897e+04
90001	302.402943	70.000000	-2.174275e-01	-6.954000e-01	6.320225e-01	6.273672e+04
90001	304.258176	70.000000	-4.589025e-01	-6.120075e-01	5.966850e-01	6.615027e+04
90001	306.136313	70.000000	-6.366238e-01	-5.003425e-01	5.438650e-01	6.386562e+04
90001	308.037780	70.000000	-7.690825e-01	-3.718375e-01	4.794600e-01	8.188406e+04
90001	309.963016	70.000000	-8.596050e-01	-2.548975e-01	4.042100e-01	7.794328e+04
90001	311.912469	70.000000	-9.198088e-01	-1.600425e-01	3.180850e-01	9.799581e+04
90001	313.886599	70.000000	-9.581513e-01	-1.012850e-01	2.094425e-01	1.416226e+05
90001	315.885877	70.000000	-9.750813e-01	-9.556500e-02	6.448750e-02	1.478161e+05
90001	317.910786	70.000000	-9.399975e-01	-1.616450e-01	-1.524150e-01	1.141020e+05
90001	319.961823	70.000000	-7.524788e-01	-2.969475e-01	-4.500425e-01	7.716659e+04
90001	322.039498	70.000000	-2.757875e-01	-4.075525e-01	-7.212200e-01	5.487239e+04
90001	324.144331	70.000000	3.335925e-01	-3.416275e-01	-7.351400e-01	6.687836e+04
90001	326.276859	70.000000	7.758687e-01	-1.324675e-01	-4.972450e-01	7.823352e+04
90001	328.437633	70.000000	9.459325e-01	5.944250e-02	-2.145550e-01	1.403598e+05
90001	330.627218	70.000000	9.757262e-01	1.537650e-01	-1.814000e-02	1.237708e+05
90001	332.846192	70.000000	9.693388e-01	1.785925e-01	1.289200e-01	1.084615e+05
90001	335.095153	70.000000	9.575388e-01	1.489050e-01	2.297350e-01	8.571493e+04
90001	337.374712	70.000000	9.413913e-01	7.917750e-02	3.140825e-01	8.381121e+04
90001	339.685498	70.000000	9.136762e-01	-2.676250e-02	3.910125e-01	7.205442e+04
90001	342.028156	70.000000	8.633825e-01	-1.574550e-01	4.611150e-01	7.426942e+04
90001	344.403352	70.000000	7.793200e-01	-3.023925e-01	5.275200e-01	7.133814e+04
90001	346.811767	70.000000	6.568012e-01	-4.426975e-01	5.859725e-01	7.386993e+04
90001	349.254103	70.000000	4.842750e-01	-5.718850e-01	6.345950e-01	7.802677e+04
90001	351.731083	70.000000	2.722263e-01	-6.663125e-01	6.661900e-01	8.438815e+04
90001	354.243447	70.000000	1.565375e-02	-7.120750e-01	6.734450e-01	8.186970e+04
90001	356.791961	70.000000	-2.308263e-01	-6.953450e-01	6.536125e-01	8.915705e+04
90001	359.377410	70.000000	-4.641950e-01	-6.197250e-01	6.058550e-01	7.675990e+04
90001	362.000603	70.000000	-6.504513e-01	-5.060975e-01	5.414200e-01	6.923010e+04
90001	364.662372	70.000000	-7.883875e-01	-3.741900e-01	4.670050e-01	9.173370e+04
90001	367.363575	70.000000	-8.772425e-01	-2.483450e-01	3.907075e-01	1.076060e+05
90001	370.105094	70.000000	-9.343962e-01	-1.387800e-01	3.066975e-01	1.400206e+05
90001	372.887839	70.000000	-9.700625e-01	-6.704750e-02	2.048800e-01	1.716347e+05
90001	375.712747	70.000000	-9.879162e-01	-5.723250e-02	7.414500e-02	4.065175e+05
90001	378.580784	70.000000	-9.720762e-01	-1.212900e-01	-1.103750e-01	2.328974e+05
90001	381.492943	70.000000	-8.372225e-01	-2.741250e-01	-3.951600e-01	1.140917e+05
90001	384.450253	70.000000	-4.420025e-01	-4.383025e-01	-6.943100e-01	5.561464e+04
90001	387.453771	70.000000	1.838488e-01	-4.400400e-01	-7.889775e-01	4.001869e+04
90001	390.504588	70.000000	7.079000e-01	-2.464575e-01	-5.830750e-01	9.428344e+04
90001	393.603830	70.000000	9.369288e-01	-3.447250e-02	-2.751050e-01	1.414535e+05
90001	396.752661	70.000000	9.848425e-01	8.508500e-02	-3.633500e-02	1.537467e+05
90001	399.952279	70.000000	9.765337e-01	1.223650e-01	1.281725e-01	1.261884e+05
90001	403.203924	70.000000	9.569462e-01	1.057925e-01	2.559900e-01	1.028517e+05
90001	406.508874	70.000000	9.298088e-01	5.255250e-02	3.518800e-01	9.477552e+04
90001	409.868452	70.000000	8.914250e-01	-2.709500e-02	4.398900e-01	8.560869e+04
90001	413.284022	70.000000	8.342763e-01	-1.267975e-01	5.236775e-01	8.632487e+04
90001	416.756997	70.000000	7.453113e-01	-2.410025e-01	6.070450e-01	8.001307e+04
90001	420.288836	70.000000	6.222038e-01	-3.549125e-01	6.817500e-01	8.169331e+04
90001	423.881048	70.000000	4.588700e-01	-4.528100e-01	7.456800e-01	9.172483e+04
90001	427.535195	70.000000	2.739950e-01	-5.189950e-01	7.901725e-01	9.563299e+04
90001	431.252893	70.000000	6.927625e-02	-5.481150e-01	8.155900e-01	9.318283e+04
90001	435.035813	70.000000	-1.473937e-01	-5.319150e-01	8.159875e-01	1.166370e+05
90001	438.885687	70.000000	-3.542675e-01	-4.695025e-01	7.895825e-01	8.955039e+04
90001	442.804309	70.000000	-5.217487e-01	-3.816750e-01	7.454325e-01	9.146915e+04
90001	446.793537	70.000000	-6.536000e-01	-2.785200e-01	6.885725e-01	1.052134e+05
90001	450.855297	70.000000	-7.529187e-01	-1.708300e-01	6.233525e-01	1.139767e+05
90001	454.991584	70.000000	-8.257075e-01	-7.002500e-02	5.459025e-01	1.163130e+05
90001	459.204469	70.000000	-8.841312e-01	2.406250e-02	4.522300e-01	1.094740e+05
90001	463.496099	70.000000	-9.257688e-01	8.996750e-02	3.511725e-01	1.274297e+05
90001	467.868704	70.000000	-9.594738e-01	1.283675e-01	2.279575e-01	1.425258e+05
90001	472.324597	70.000000	-9.810837e-01	1.387725e-01	5.976250e-02	1.784244e+05
90001	476.866179	70.000000	-9.628450e-01	1.100375e-01	-1.858825e-01	1.103471e+05
90001	481.495948	70.000000	-8.139087e-01	3.998750e-02	-5.371400e-01	1.403670e+05
90001	486.216496	70.000000	-4.313625e-01	-2.622500e-02	-8.540000e-01	7.902366e+04
90001	491.030521	70.000000	1.888862e-01	-2.343500e-02	-9.365500e-01	1.019691e+05
90001	495.940826	70.000000	6.914300e-01	6.780750e-02	-6.760275e-01	8.909743e+04
90001	500.950330	70.000000	9.260200e-01	1.637575e-01	-3.180425e-01	1.714358e+05
90001	506.062068	70.000000	9.762600e-01	2.107475e-01	-4.121500e-02	1.719904e+05
90001	511.279202	70.000000	9.652725e-01	2.171325e-01	1.585300e-01	2.080970e+05
90001	516.605028	70.000000	9.335800e-01	1.906575e-01	3.095325e-01	1.580492e+05
90001	522.042975	70.000000	8.951825e-01	1.390950e-01	4.275800e-01	1.524720e+05
90001	527.596624	70.000000	8.512413e-01	7.212000e-02	5.236000e-01	1.287748e+05
90001	533.269706	70.000000	7.930312e-01	-1.017250e-02	6.109000e-01	1.216827e+05
90001	539.066116	70.000000	7.116200e-01	-1.043375e-01	6.941150e-01	1.201599e+05
90001	544.989919	70.000000	6.076350e-01	-1.963525e-01	7.679225e-01	1.147569e+05
90001	551.045363	70.000000	4.822012e-01	-2.761750e-01	8.279125e-01	1.396451e+05
90001	557.236884	70.000000	3.275463e-01	-3.406400e-01	8.767050e-01	1.214990e+05
90001	563.569121	70.000000	1.527212e-01	-3.808475e-01	9.071350e-01	1.351576e+05
90001	570.046927	70.000000	-2.689250e-02	-3.882050e-01	9.161000e-01	1.404132e+05
90001	576.675380	70.000000	-2.079462e-01	-3.630550e-01	9.032025e-01	1.525481e+05
90001	583.459796	70.000000	-3.734263e-01	-3.084900e-01	8.702200e-01	1.366807e+05
90001	590.405746	70.000000	-5.127350e-01	-2.358025e-01	8.209875e-01	1.349426e+05
90001	597.519068	70.000000	-6.307725e-01	-1.484100e-01	7.588200e-01	1.656059e+05
90001	604.805886	70.000000	-7.247712e-01	-5.749500e-02	6.858400e-01	1.582555e+05
90001	612.272625	70.000000	-7.943162e-01	2.620250e-02	6.075750e-01	1.860446e+05
90001	619.926033	70.000000	-8.500975e-01	1.036225e-01	5.171325e-01	1.996949e+05
90001	627.773198	70.000000	-8.964700e-01	1.658975e-01	4.120875e-01	2.632400e+05
90001	635.821572	70.000000	-9.364550e-01	2.121325e-01	2.801350e-01	2.529696e+05
90001	644.078995	70.000000	-9.650350e-01	2.383425e-01	1.047250e-01	3.267530e+05
90001	652.553719	70.000000	-9.581450e-01	2.427625e-01	-1.370775e-01	2.707054e+05
90001	661.254435	70.000000	-8.419325e-01	2.218700e-01	-4.752200e-01	1.928480e+05
90001	670.190306	70.000000	-5.073363e-01	1.931850e-01	-8.199875e-01	1.142748e+05
90001	679.370995	70.000000	7.404250e-02	1.893575e-01	-9.584750e-01	8.696620e+04
90001	688.806703	70.000000	5.987075e-01	2.246500e-01	-7.484750e-01	1.069722e+05
90001	698.508206	70.000000	8.736600e-01	2.661175e-01	-3.853675e-01	1.224898e+05
90001	708.486895	70.000000	9.506938e-01	2.836975e-01	-7.951750e-02	2.730372e+05
90001	718.754821	70.000000	9.471312e-01	2.749300e-01	1.468275e-01	2.452556e+05
90001	729.324745	70.000000	9.176813e-01	2.457125e-01	3.066775e-01	1.818985e+05
90001	740.210189	70.000000	8.754700e-01	1.974350e-01	4.336950e-01	2.081279e+05
90001	751.425495	70.000000	8.288675e-01	1.352025e-01	5.346275e-01	1.401149e+05
90001	762.985887	70.000000	7.710838e-01	6.310500e-02	6.249100e-01	1.653304e+05
90001	774.907541	70.000000	7.018437e-01	-1.247000e-02	7.022075e-01	1.458271e+05
90001	787.207661	70.000000	6.113088e-01	-9.342500e-02	7.733725e-01	1.152073e+05
90001	799.904559	70.000000	5.005150e-01	-1.699525e-01	8.366000e-01	9.258320e+04
90001	813.017748	70.000000	3.709700e-01	-2.280050e-01	8.851975e-01	7.799213e+04
90001	826.568044	70.000000	2.226700e-01	-2.747625e-01	9.222350e-01	9.357457e+04
90001	840.577672	70.000000	5.877600e-02	-2.835033e-01	9.454700e-01	3.063522e+05
90001	855.070390	70.000000	-1.188900e-01	-2.882100e-01	9.317900e-01	8.314979e+04
90001	870.071625	70.000000	-2.802775e-01	-2.520225e-01	9.105875e-01	1.146646e+05
90001	885.608619	70.000000	-4.122712e-01	-2.110725e-01	8.984900e-01	2.568476e+05
90001	901.710593	70.000000	-5.445000e-01	-1.344050e-01	8.377750e-01	2.185358e+05
90001	918.408938	70.000000	-6.386462e-01	-6.009000e-02	7.802525e-01	2.567380e+05
90001	935.737408	70.000000	-7.248963e-01	2.448750e-02	6.994975e-01	1.939755e+05
90001	953.732358	70.000000	-7.879725e-01	9.834000e-02	6.201650e-01	2.824516e+05
90001	972.432993	70.000000	-8.422538e-01	1.706475e-01	5.243625e-01	2.113340e+05
90001	991.881653	70.000000	-8.848350e-01	2.267600e-01	4.149575e-01	2.184572e+05
90001	1012.124136	70.000000	-9.185062e-01	2.688800e-01	2.807825e-01	2.795954e+05
90001	1033.210055	70.000000	-8.718113e-01	2.527350e-01	1.715375e-01	1.890894e+05
90001	1055.193248	70.000000	-6.580512e-01	1.410525e-01	2.160050e-01	1.966906e+05
90001	1078.132231	70.000000	-3.928787e-01	2.264000e-02	3.307350e-01	1.344605e+05
90001	1102.090725	70.000000	-1.659625e-01	-4.565250e-02	4.067925e-01	1.596608e+05
90001	1127.138242	70.000000	3.137625e-02	-6.788000e-02	4.605825e-01	2.781913e+05
90001	1153.350759	70.000000	2.024775e-01	-5.435750e-02	4.938525e-01	1.761708e+05
90001	1180.811491	70.000000	3.417013e-01	-2.009750e-02	5.226250e-01	1.469710e+05
90001	1209.611772	70.000000	4.524837e-01	1.914000e-02	5.490300e-01	1.324353e+05
90001	1239.852066	70.000000	5.287325e-01	4.970750e-02	5.728625e-01	1.180686e+05
90001	1271.643145	70.000000	5.780000e-01	6.284250e-02	6.075825e-01	1.621969e+05
90001	1305.107438	70.000000	6.013013e-01	5.681250e-02	6.517500e-01	6.540901e+04
90001	1340.380612	70.000000	6.032488e-01	2.856500e-02	6.876425e-01	1.175951e+05
90001	1377.613407	70.000000	5.885950e-01	-1.203750e-02	7.413350e-01	7.439002e+04
90001	1416.973790	70.000000	5.463362e-01	-6.206750e-02	7.846825e-01	1.729436e+05
90001	1458.649489	70.000000	4.844925e-01	-1.224650e-01	8.331325e-01	5.999934e+04
90001	1502.850989	70.000000	4.008200e-01	-1.847900e-01	8.787100e-01	6.148028e+04
90001	1549.815082	70.000000	2.954075e-01	-2.268750e-01	9.196450e-01	8.028873e+04
90001	1599.809117	70.000000	1.739575e-01	-2.648275e-01	9.414025e-01	1.081140e+05
90001	1653.136088	70.000000	4.057125e-02	-2.785375e-01	9.522400e-01	1.690169e+05
90001	1710.140781	70.000000	-9.468375e-02	-2.733100e-01	9.603250e-01	7.801647e+04
90001	1771.217237	70.000000	-2.229412e-01	-2.472100e-01	9.361100e-01	1.173941e+05
90001	1836.817876	70.000000	-3.384837e-01	-2.028975e-01	9.030175e-01	1.668924e+05
90001	1907.464717	70.000000	-4.296437e-01	-1.521300e-01	8.664825e-01	3.343497e+04
90001	1983.763306	70.000000	-5.071887e-01	-9.328250e-02	8.135700e-01	1.411957e+05
90001	2066.420110	70.000000	-5.535150e-01	-4.183500e-02	7.594325e-01	2.365605e+04
90001	190.746472	75.000000	1.596387e-01	7.982950e-01	5.058375e-01	4.965520e+04
90001	191.482945	75.000000	2.004250e-01	7.744125e-01	5.570250e-01	2.282494e+04
90001	192.225127	75.000000	2.312063e-01	7.466350e-01	5.846425e-01	3.639748e+04
90001	192.973084	75.000000	2.328875e-01	6.975575e-01	6.293375e-01	5.359591e+04
90001	193.726885	75.000000	2.255825e-01	6.628575e-01	6.758800e-01	7.739551e+04
90001	194.486599	75.000000	2.021025e-01	6.254475e-01	7.199525e-01	4.103883e+04
90001	195.252294	75.000000	1.561675e-01	5.959025e-01	7.593200e-01	5.620756e+04
90001	196.024042	75.000000	9.492125e-02	5.639300e-01	7.870125e-01	7.627143e+04
90001	196.801915	75.000000	2.423750e-02	5.467075e-01	8.007750e-01	4.006041e+04
90001	197.585987	75.000000	-5.812250e-02	5.577250e-01	7.898600e-01	7.246432e+04
90001	198.376331	75.000000	-1.415538e-01	5.711575e-01	7.709300e-01	7.988182e+04
90001	199.173023	75.000000	-2.060488e-01	6.073100e-01	7.227025e-01	6.459297e+04
90001	199.976140	75.000000	-2.544425e-01	6.518800e-01	6.608425e-01	6.406484e+04
90001	200.785760	75.000000	-2.735437e-01	7.120150e-01	5.915925e-01	6.757579e+04
90001	201.601962	75.000000	-2.605400e-01	7.736525e-01	5.030200e-01	6.397066e+04
90001	202.424827	75.000000	-2.105975e-01	8.380900e-01	4.285200e-01	5.903570e+04
90001	203.254437	75.000000	-1.177675e-01	8.767500e-01	3.536425e-01	7.004295e+04
90001	204.090875	75.000000	-9.167500e-03	8.983900e-01	3.170250e-01	2.591369e+04
90001	204.934226	75.000000	1.039750e-01	9.070550e-01	3.175025e-01	9.295310e+04
90001	205.784575	75.000000	2.047525e-01	8.805150e-01	3.391100e-01	5.511323e+04
90001	206.642011	75.000000	3.052438e-01	8.348850e-01	3.811350e-01	5.695365e+04
90001	207.506622	75.000000	3.656913e-01	7.852425e-01	4.412850e-01	3.671999e+04
90001	208.378498	75.000000	4.073650e-01	7.171800e-01	5.224125e-01	4.648301e+04
90001	209.257733	75.000000	4.294387e-01	6.334475e-01	5.970775e-01	1.977581e+04
90001	210.144418	75.000000	4.156787e-01	5.534025e-01	6.808725e-01	2.795101e+04
90001	211.038650	75.000000	3.662750e-01	4.629325e-01	7.658125e-01	5.748007e+04
90001	211.940524	75.000000	2.791462e-01	3.859775e-01	8.348925e-01	4.183255e+04
90001	212.850140	75.000000	1.479075e-01	3.115950e-01	8.900875e-01	6.196580e+04
90001	213.767598	75.000000	-1.281875e-02	2.712225e-01	9.018250e-01	3.274246e+04
90001	214.692998	75.000000	-1.915487e-01	2.649125e-01	8.879175e-01	1.626475e+05
90001	215.626446	75.000000	-3.678937e-01	2.974125e-01	8.119225e-01	1.062879e+05
90001	216.568046	75.000000	-5.051463e-01	3.601500e-01	7.022275e-01	5.538694e+04
90001	217.517906	75.000000	-5.996138e-01	4.486175e-01	5.562075e-01	6.014545e+04
90001	218.476135	75.000000	-6.326100e-01	5.508700e-01	3.790225e-01	5.293095e+04
90001	219.442844	75.000000	-5.898688e-01	6.542425e-01	1.798650e-01	3.609675e+04
90001	220.418145	75.000000	-4.310512e-01	7.633950e-01	-1.457500e-02	1.198293e+04
90001	221.402155	75.000000	-1.872000e-01	8.365575e-01	-1.294275e-01	2.265058e+04
90001	222.394989	75.000000	9.668500e-02	8.683825e-01	-1.455275e-01	2.525101e+04
90001	223.396769	75.000000	3.305112e-01	8.517325e-01	-6.505250e-02	2.517076e+04
90001	224.407614	75.000000	4.896500e-01	8.031475e-01	6.107000e-02	3.786963e+04
90001	225.427648	75.000000	5.777050e-01	7.372400e-01	1.859300e-01	2.063163e+04
90001	226.456998	75.000000	6.312212e-01	6.667325e-01	2.907000e-01	4.006999e+04
90001	227.495792	75.000000	6.575838e-01	5.865025e-01	3.960250e-01	3.323690e+04
90001	228.544160	75.000000	6.661175e-01	4.923050e-01	4.893700e-01	5.656807e+04
90001	229.602234	75.000000	6.434825e-01	3.688950e-01	5.985175e-01	4.215026e+04
90001	230.670152	75.000000	5.869937e-01	2.504600e-01	6.986350e-01	4.017663e+04
90001	231.748050	75.000000	4.681112e-01	1.147575e-01	8.083750e-01	5.485129e+04
90001	232.836069	75.000000	2.813450e-01	8.612500e-03	8.837975e-01	4.410745e+04
90001	233.934352	75.000000	4.850500e-02	-5.238750e-02	9.242025e-01	6.142022e+04
90001	235.043046	75.000000	-1.911863e-01	-5.352500e-02	9.009075e-01	9.083884e+04
90001	236.162298	75.000000	-4.193300e-01	-6.350000e-03	8.211725e-01	6.413934e+04
90001	237.292261	75.000000	-5.954950e-01	9.018000e-02	7.145125e-01	5.540169e+04
90001	238.433090	75.000000	-7.210762e-01	1.935300e-01	5.666350e-01	3.745306e+04
90001	239.584940	75.000000	-7.937288e-01	2.889725e-01	4.137625e-01	6.796454e+04
90001	240.747974	75.000000	-8.183488e-01	3.970000e-01	2.069725e-01	2.704388e+04
90001	241.922354	75.000000	-7.680488e-01	4.822125e-01	-1.456500e-02	4.816991e+04
90001	243.108248	75.000000	-5.975188e-01	5.690125e-01	-2.657650e-01	2.834708e+04
90001	244.305826	75.000000	-2.760225e-01	6.448700e-01	-4.479975e-01	3.110654e+04
90001	245.515261	75.000000	1.178671e-01	7.001467e-01	-4.622025e-01	2.617042e+04
90001	246.736730	75.000000	4.134750e-01	7.277600e-01	-3.189650e-01	5.630891e+04
90001	247.970413	75.000000	5.820975e-01	7.220775e-01	-1.290225e-01	2.315667e+04
90001	249.216496	75.000000	6.585875e-01	6.893200e-01	2.689250e-02	3.137996e+04
90001	250.475165	75.000000	6.992300e-01	6.517550e-01	1.467950e-01	5.313124e+04
90001	251.746612	75.000000	7.293338e-01	5.962125e-01	2.529575e-01	3.952624e+04
90001	253.031034	75.000000	7.523300e-01	5.121675e-01	3.474275e-01	5.351550e+04
90001	254.328629	75.000000	7.662525e-01	4.125650e-01	4.363000e-01	4.621314e+04
90001	255.639601	75.000000	7.550400e-01	2.741300e-01	5.397625e-01	3.593197e+04
90001	256.964159	75.000000	7.003688e-01	1.086075e-01	6.428725e-01	4.911468e+04
90001	258.302514	75.000000	5.862175e-01	-5.537500e-02	7.363700e-01	3.845229e+04
90001	259.654883	75.000000	3.865750e-01	-2.139125e-01	8.149650e-01	3.103499e+04
90001	261.021488	75.000000	1.075013e-01	-3.230100e-01	8.568950e-01	5.047841e+04
90001	262.402554	75.000000	-1.888037e-01	-3.385775e-01	8.367475e-01	3.479668e+04
90001	263.798312	75.000000	-4.481500e-01	-2.831425e-01	7.647175e-01	3.382323e+04
90001	265.208998	75.000000	-6.633763e-01	-1.678950e-01	6.515350e-01	3.774676e+04
90001	266.634853	75.000000	-7.999475e-01	-3.355250e-02	5.205450e-01	4.491229e+04
90001	268.076122	75.000000	-8.802937e-01	8.346250e-02	3.865200e-01	5.766237e+04
90001	269.533058	75.000000	-9.202700e-01	1.734475e-01	2.472200e-01	7.049237e+04
90001	271.005916	75.000000	-9.359250e-01	2.189700e-01	7.292500e-02	8.763021e+04
90001	272.494960	75.000000	-9.045213e-01	2.102950e-01	-1.561275e-01	5.103042e+04
90001	274.000457	75.000000	-7.336663e-01	1.490925e-01	-4.598525e-01	3.229728e+04
90001	275.522681	75.000000	-2.515837e-01	1.090375e-01	-7.287650e-01	2.104981e+04
90001	277.061914	75.000000	3.319525e-01	1.944475e-01	-6.970150e-01	2.338061e+04
90001	278.618442	75.000000	7.040738e-01	3.619475e-01	-4.314500e-01	6.540015e+04
90001	280.192557	75.000000	8.103475e-01	4.675875e-01	-1.849200e-01	7.724702e+04
90001	281.784560	75.000000	8.283687e-01	5.165175e-01	-1.117000e-02	7.101684e+04
90001	283.394758	75.000000	8.335337e-01	5.080200e-01	1.017650e-01	5.078767e+04
90001	285.023463	75.000000	8.479163e-01	4.594675e-01	1.894700e-01	6.971665e+04
90001	286.670998	75.000000	8.679975e-01	3.782350e-01	2.651875e-01	8.597864e+04
90001	288.337690	75.000000	8.775900e-01	2.566475e-01	3.483375e-01	7.210829e+04
90001	290.023875	75.000000	8.561400e-01	7.104000e-02	4.567825e-01	6.134918e+04
90001	291.729898	75.000000	7.737287e-01	-1.210200e-01	5.609075e-01	6.002985e+04
90001	293.456110	75.000000	5.928725e-01	-3.242350e-01	6.710800e-01	3.955729e+04
90001	295.202873	75.000000	3.084313e-01	-4.753600e-01	7.536825e-01	3.657884e+04
90001	296.970555	75.000000	-2.636375e-02	-5.258125e-01	7.810025e-01	3.837901e+04
90001	298.759534	75.000000	-3.618575e-01	-4.580625e-01	7.483175e-01	3.781942e+04
90001	300.570198	75.000000	-6.116938e-01	-3.170125e-01	6.695025e-01	4.258582e+04
90001	302.402943	75.000000	-7.687125e-01	-1.536800e-01	5.733625e-01	5.014090e+04
90001	304.258176	75.000000	-8.610163e-01	9.717500e-03	4.664100e-01	5.562848e+04
90001	306.136313	75.000000	-9.025850e-01	1.301850e-01	3.677250e-01	6.024818e+04
90001	308.037780	75.000000	-9.236150e-01	2.170450e-01	2.648950e-01	8.711218e+04
90001	309.963016	75.000000	-9.372625e-01	2.619425e-01	1.509850e-01	8.584950e+04
90001	311.912469	75.000000	-9.446900e-01	2.578750e-01	-1.042500e-03	1.142220e+05
90001	313.886599	75.000000	-9.124800e-01	1.865275e-01	-2.314800e-01	7.709724e+04
90001	315.885877	75.000000	-7.214425e-01	5.489500e-02	-5.542800e-01	5.726852e+04
90001	317.910786	75.000000	-1.802762e-01	-3.979250e-02	-8.255200e-01	3.353214e+04
90001	319.961823	75.000000	4.760313e-01	7.826750e-02	-7.338775e-01	6.070260e+04
90001	322.039498	75.000000	7.989387e-01	2.828000e-01	-4.203500e-01	8.364848e+04
90001	324.144331	75.000000	8.694262e-01	4.132725e-01	-1.720025e-01	1.059149e+05
90001	326.276859	75.000000	8.687712e-01	4.736450e-01	1.922500e-03	9.947392e+04
90001	328.437633	75.000000	8.607425e-01	4.817100e-01	1.247900e-01	8.475047e+04
90001	330.627218	75.000000	8.612138e-01	4.519750e-01	2.127750e-01	8.878780e+04
90001	332.846192	75.000000	8.679150e-01	3.865175e-01	2.976150e-01	8.225450e+04
90001	335.095153	75.000000	8.718350e-01	2.930575e-01	3.765250e-01	9.087524e+04
90001	337.374712	75.000000	8.596463e-01	1.683150e-01	4.658175e-01	8.355690e+04
90001	339.685498	75.000000	8.100400e-01	8.370000e-03	5.647300e-01	8.018390e+04
90001	342.028156	75.000000	7.022325e-01	-1.660350e-01	6.674100e-01	7.569204e+04
90001	344.403352	75.000000	5.189750e-01	-3.313300e-01	7.583375e-01	7.776091e+04
90001	346.811767	75.000000	2.739588e-01	-4.485175e-01	8.193175e-01	7.277698e+04
90001	349.254103	75.000000	-2.317125e-02	-4.943925e-01	8.365525e-01	7.543940e+04
90001	351.731083	75.000000	-3.145450e-01	-4.540075e-01	8.035400e-01	9.156649e+04
90001	354.243447	75.000000	-5.713275e-01	-3.368675e-01	7.208400e-01	7.438392e+04
90001	356.791961	75.000000	-7.426288e-01	-1.884325e-01	6.196050e-01	7.584488e+04
90001	359.377410	75.000000	-8.486450e-01	-3.255750e-02	5.078700e-01	8.656591e+04
90001	362.000603	75.000000	-9.022663e-01	1.009225e-01	4.011800e-01	1.011797e+05
90001	364.662372	75.000000	-9.259350e-01	2.018850e-01	2.996050e-01	1.085303e+05
90001	367.363575	75.000000	-9.371762e-01	2.647625e-01	1.976225e-01	1.337903e+05
90001	370.105094	75.000000	-9.488625e-01	2.801900e-01	7.701250e-02	1.565389e+05
90001	372.887839	75.000000	-9.549787e-01	2.226425e-01	-1.109650e-01	1.221022e+05
90001	375.712747	75.000000	-8.760712e-01	6.688500e-02	-4.023225e-01	6.775029e+04
90001	378.580784	75.000000	-5.177275e-01	-1.285500e-01	-7.522125e-01	6.196871e+04
90001	381.492943	75.000000	2.201762e-01	-1.377700e-01	-8.685100e-01	2.757949e+04
90001	384.450253	75.000000	7.317150e-01	8.928000e-02	-5.971150e-01	7.449449e+04
90001	387.453771	75.000000	8.882225e-01	2.890150e-01	-2.923475e-01	1.123281e+05
90001	390.504588	75.000000	9.037787e-01	3.963125e-01	-6.771250e-02	1.260983e+05
90001	393.603830	75.000000	8.894650e-01	4.330825e-01	9.014750e-02	1.024983e+05
90001	396.752661	75.000000	8.772562e-01	4.226450e-01	2.043425e-01	1.053484e+05
90001	399.952279	75.000000	8.689575e-01	3.784950e-01	3.027100e-01	9.788171e+04
90001	403.203924	75.000000	8.598013e-01	3.045975e-01	3.981375e-01	7.777547e+04
90001	406.508874	75.000000	8.371962e-01	2.114775e-01	4.924450e-01	9.154370e+04
90001	409.868452	75.000000	7.886238e-01	9.757500e-02	5.938725e-01	7.923510e+04
90001	413.284022	75.000000	6.997675e-01	-2.810000e-02	6.987800e-01	7.347478e+04
90001	416.756997	75.000000	5.505450e-01	-1.543775e-01	8.039175e-01	6.920361e+04
90001	420.288836	75.000000	3.453400e-01	-2.511900e-01	8.869525e-01	8.111462e+04
90001	423.881048	75.000000	9.681625e-02	-2.964550e-01	9.300800e-01	7.685171e+04
90001	427.535195	75.000000	-1.464925e-01	-2.808300e-01	9.309450e-01	8.839248e+04
90001	431.252893	75.000000	-3.676400e-01	-2.106450e-01	8.889200e-01	8.805437e+04
90001	435.035813	75.000000	-5.508050e-01	-1.004475e-01	8.116150e-01	9.912466e+04
90001	438.885687	75.000000	-6.811787e-01	2.667000e-02	7.173075e-01	9.708401e+04
90001	442.804309	75.000000	-7.584588e-01	1.442675e-01	6.193525e-01	1.090179e+05
90001	446.793537	75.000000	-8.035450e-01	2.468925e-01	5.257725e-01	1.212631e+05
90001	450.855297	75.000000	-8.305250e-01	3.303100e-01	4.332075e-01	1.344887e+05
90001	454.991584	75.000000	-8.483162e-01	3.915275e-01	3.361700e-01	1.450015e+05
90001	459.204469	75.000000	-8.659200e-01	4.355775e-01	2.102800e-01	1.418170e+05
90001	463.496099	75.000000	-8.806225e-01	4.511500e-01	6.300500e-02	1.266435e+05
90001	467.868704	75.000000	-8.765450e-01	4.395975e-01	-1.346875e-01	1.412637e+05
90001	472.324597	75.000000	-7.975287e-01	3.987350e-01	-4.144800e-01	1.399674e+05
90001	476.866179	75.000000	-5.189375e-01	3.378950e-01	-7.411375e-01	7.318407e+04
90001	481.495948	75.000000	2.884250e-02	3.226675e-01	-9.020050e-01	4.679131e+04
90001	486.216496	75.000000	5.145262e-01	3.791800e-01	-7.283725e-01	7.190881e+04
90001	491.030521	75.000000	7.703338e-01	4.562575e-01	-4.068550e-01	1.405555e+05
90001	495.940826	75.000000	8.431562e-01	5.016000e-01	-1.323525e-01	1.122307e+05
90001	500.950330	75.000000	8.522575e-01	5.178600e-01	7.048500e-02	1.502501e+05
90001	506.062068	75.000000	8.393238e-01	5.043425e-01	2.119225e-01	1.368274e+05
90001	511.279202	75.000000	8.226375e-01	4.707900e-01	3.266725e-01	1.570564e+05
90001	516.605028	75.000000	8.024087e-01	4.185050e-01	4.305875e-01	1.525412e+05
90001	522.042975	75.000000	7.748787e-01	3.493175e-01	5.297150e-01	1.473231e+05
90001	527.596624	75.000000	7.345525e-01	2.715225e-01	6.238125e-01	1.402115e+05
90001	533.269706	75.000000	6.692025e-01	1.824425e-01	7.197300e-01	1.399230e+05
90001	539.066116	75.000000	5.661188e-01	8.647000e-02	8.174350e-01	1.200771e+05
90001	544.989919	75.000000	4.267288e-01	3.865000e-03	9.008050e-01	1.170985e+05
90001	551.045363	75.000000	2.599025e-01	-5.440500e-02	9.590500e-01	1.249943e+05
90001	557.236884	75.000000	6.627500e-02	-8.197500e-02	9.900925e-01	1.333293e+05
90001	563.569121	75.000000	-1.357263e-01	-7.109500e-02	9.833525e-01	1.374224e+05
90001	570.046927	75.000000	-3.162575e-01	-2.471750e-02	9.444825e-01	1.717672e+05
90001	576.675380	75.000000	-4.716100e-01	5.018750e-02	8.764425e-01	1.531254e+05
90001	583.459796	75.000000	-5.891450e-01	1.375150e-01	7.935075e-01	1.665729e+05
90001	590.405746	75.000000	-6.706437e-01	2.250225e-01	7.041650e-01	1.896136e+05
90001	597.519068	75.000000	-7.279875e-01	3.095200e-01	6.098025e-01	2.188599e+05
90001	604.805886	75.000000	-7.670725e-01	3.843325e-01	5.139925e-01	2.252529e+05
90001	612.272625	75.000000	-7.932400e-01	4.443875e-01	4.181900e-01	2.832419e+05
90001	619.926033	75.000000	-8.150012e-01	4.916725e-01	3.082875e-01	3.035318e+05
90001	627.773198	75.000000	-8.327025e-01	5.232600e-01	1.765675e-01	3.051777e+05
90001	635.821572	75.000000	-8.391475e-01	5.407450e-01	5.667500e-03	2.793051e+05
90001	644.078995	75.000000	-8.035600e-01	5.417675e-01	-2.294975e-01	2.177249e+05
90001	652.553719	75.000000	-6.569187e-01	5.299000e-01	-5.212825e-01	2.188277e+05
90001	661.254435	75.000000	-2.922775e-01	5.173825e-01	-7.865850e-01	1.224454e+05
90001	670.190306	75.000000	2.007950e-01	5.225350e-01	-8.098650e-01	1.275928e+05
90001	679.370995	75.000000	5.910925e-01	5.477725e-01	-5.723875e-01	1.363104e+05
90001	688.806703	75.000000	7.657850e-01	5.684775e-01	-2.816825e-01	1.912260e+05
90001	698.508206	75.000000	8.150825e-01	5.713225e-01	-3.237750e-02	2.142995e+05
90001	708.486895	75.000000	8.133650e-01	5.572425e-01	1.425725e-01	1.843714e+05
90001	718.754821	75.000000	7.968287e-01	5.298800e-01	2.777900e-01	1.805402e+05
90001	729.324745	75.000000	7.768225e-01	4.905075e-01	3.880100e-01	2.715385e+05
90001	740.210189	75.000000	7.501550e-01	4.376875e-01	4.867025e-01	3.188952e+05
90001	751.425495	75.000000	7.160388e-01	3.748800e-01	5.771625e-01	2.034978e+05
90001	762.985887	75.000000	6.663537e-01	3.035600e-01	6.719000e-01	1.456709e+05
90001	774.907541	75.000000	5.977700e-01	2.309825e-01	7.558325e-01	1.262255e+05
90001	787.207661	75.000000	4.994000e-01	1.571200e-01	8.376650e-01	8.933643e+04
90001	799.904559	75.000000	3.720725e-01	9.184000e-02	9.114950e-01	1.004139e+05
90001	813.017748	75.000000	2.224250e-01	4.351750e-02	9.597625e-01	9.506570e+04
90001	826.568044	75.000000	5.411750e-02	2.377500e-02	9.861250e-01	1.319441e+05
90001	840.577672	75.000000	-1.204567e-01	3.601000e-02	9.850200e-01	5.744933e+05
90001	855.070390	75.000000	-2.950388e-01	7.094750e-02	9.308850e-01	2.174378e+05
90001	870.071625	75.000000	-4.346637e-01	1.289925e-01	8.758875e-01	1.671909e+05
90001	885.608619	75.000000	-5.393475e-01	1.980950e-01	8.318525e-01	4.395916e+05
90001	901.710593	75.000000	-6.288438e-01	2.798450e-01	7.399550e-01	1.902169e+05
90001	918.408938	75.000000	-6.837587e-01	3.504050e-01	6.570475e-01	2.726954e+05
90001	935.737408	75.000000	-7.276900e-01	4.199725e-01	5.574525e-01	2.504901e+05
90001	953.732358	75.000000	-7.574263e-01	4.750650e-01	4.646425e-01	2.939444e+05
90001	972.432993	75.000000	-7.818938e-01	5.273925e-01	3.560775e-01	4.137015e+05
90001	991.881653	75.000000	-7.979563e-01	5.619750e-01	2.372275e-01	4.268127e+05
90001	1012.124136	75.000000	-8.003600e-01	5.848125e-01	8.604750e-02	5.033043e+05
90001	1033.210055	75.000000	-7.143138e-01	5.544400e-01	-2.586500e-02	2.535828e+05
90001	1055.193248	75.000000	-4.653200e-01	4.292700e-01	5.585250e-02	3.005508e+05
90001	1078.132231	75.000000	-2.035300e-01	3.148000e-01	2.135625e-01	2.369770e+05
90001	1102.090725	75.000000	-3.415000e-03	2.606850e-01	3.105850e-01	2.196540e+05
90001	1127.138242	75.000000	1.516863e-01	2.578175e-01	3.814475e-01	1.671103e+05
90001	1153.350759	75.000000	2.728388e-01	2.797900e-01	4.260200e-01	2.032665e+05
90001	1180.811491	75.000000	3.640587e-01	3.167025e-01	4.594650e-01	2.160711e+05
90001	1209.611772	75.000000	4.371712e-01	3.527800e-01	4.868975e-01	3.006034e+05
90001	1239.852066	75.000000	4.863775e-01	3.735400e-01	5.260325e-01	1.622033e+05
90001	1271.643145	75.000000	5.186800e-01	3.799125e-01	5.611675e-01	1.522528e+05
90001	1305.107438	75.000000	5.337487e-01	3.692425e-01	6.090400e-01	2.102838e+05
90001	1340.380612	75.000000	5.352625e-01	3.454100e-01	6.684050e-01	1.460355e+05
90001	1377.613407	75.000000	5.196163e-01	3.047350e-01	7.282250e-01	2.080802e+05
90001	1416.973790	75.000000	4.823425e-01	2.569625e-01	7.932525e-01	1.655824e+05
90001	1458.649489	75.000000	4.219812e-01	1.986600e-01	8.570725e-01	1.368354e+05
90001	1502.850989	75.000000	3.370638e-01	1.507575e-01	9.155275e-01	1.973086e+05
90001	1549.815082	75.000000	2.293175e-01	1.107950e-01	9.609000e-01	3.098135e+05
90001	1599.809117	75.000000	1.025462e-01	8.519000e-02	1.008563e+00	6.968584e+04
90001	1653.136088	75.000000	-3.337750e-02	8.142500e-02	1.000885e+00	2.761672e+05
90001	1710.140781	75.000000	-1.648475e-01	1.027575e-01	9.889525e-01	1.085564e+05
90001	1771.217237	75.000000	-2.824388e-01	1.384250e-01	9.494600e-01	8.201883e+04
90001	1836.817876	75.000000	-3.781388e-01	1.846000e-01	8.968850e-01	6.508493e+04
90001	1907.464717	75.000000	-4.472500e-01	2.355700e-01	8.286100e-01	1.976564e+05
90001	1983.763306	75.000000	-4.943300e-01	2.839850e-01	7.450950e-01	1.227102e+05
90001	2066.420110	75.000000	-5.190937e-01	3.313125e-01	6.963275e-01	3.809073e+04
