20001	190.000000	6.000000	0.197455	0.000000	0.000000	1.125247e+02
20001	191.000000	6.000000	0.165253	0.000000	0.000000	1.364912e+02
20001	192.000000	6.000000	0.090957	0.000000	0.000000	1.219223e+03
20001	193.000000	6.000000	0.112783	0.000000	0.000000	1.094544e+03
20001	194.000000	6.000000	0.103950	0.000000	0.000000	2.179010e+03
20001	195.000000	6.000000	0.078770	0.000000	0.000000	1.568856e+03
20001	196.000000	6.000000	0.072320	0.000000	0.000000	1.559843e+03
20001	197.000000	6.000000	0.117198	0.000000	0.000000	8.561739e+02
20001	198.000000	6.000000	0.149744	0.000000	0.000000	1.511907e+03
20001	199.000000	6.000000	0.162179	0.000000	0.000000	1.834248e+03
20001	200.000000	6.000000	0.184229	0.000000	0.000000	8.768173e+03
20001	201.000000	6.000000	0.182497	0.000000	0.000000	9.142326e+03
20001	202.000000	6.000000	0.159205	0.000000	0.000000	3.196283e+04
20001	203.000000	6.000000	0.127421	0.000000	0.000000	1.322068e+04
20001	204.000000	6.000000	0.097748	0.000000	0.000000	5.123375e+03
20001	205.000000	6.000000	0.045423	0.000000	0.000000	6.945457e+03
20001	206.000000	6.000000	0.013300	0.000000	0.000000	7.486093e+03
20001	207.000000	6.000000	0.010547	0.000000	0.000000	6.270820e+03
20001	208.000000	6.000000	0.027450	0.000000	0.000000	1.825287e+04
20001	209.000000	6.000000	0.059551	0.000000	0.000000	4.037642e+04
20001	210.000000	6.000000	0.105426	0.000000	0.000000	9.343643e+04
20001	211.000000	6.000000	0.151042	0.000000	0.000000	3.690288e+04
20001	212.000000	6.000000	0.199221	0.000000	0.000000	3.254413e+04
20001	213.000000	6.000000	0.228607	0.000000	0.000000	1.594790e+05
20001	214.000000	6.000000	0.258502	0.000000	0.000000	5.539210e+04
20001	215.000000	6.000000	0.273455	0.000000	0.000000	3.922778e+04
20001	216.000000	6.000000	0.273704	0.000000	0.000000	6.145213e+04
20001	217.000000	6.000000	0.260354	0.000000	0.000000	7.338239e+04
20001	218.000000	6.000000	0.235316	0.000000	0.000000	3.704345e+04
20001	219.000000	6.000000	0.197609	0.000000	0.000000	4.228312e+04
20001	220.000000	6.000000	0.153971	0.000000	0.000000	3.279547e+04
20001	221.000000	6.000000	0.107065	0.000000	0.000000	1.045781e+05
20001	222.000000	6.000000	0.069709	0.000000	0.000000	3.748455e+04
20001	223.000000	6.000000	0.051465	0.000000	0.000000	1.234653e+05
20001	224.000000	6.000000	0.057141	0.000000	0.000000	7.622437e+05
20001	225.000000	6.000000	0.090216	0.000000	0.000000	2.188335e+05
20001	226.000000	6.000000	0.139482	0.000000	0.000000	2.138417e+05
20001	227.000000	6.000000	0.195342	0.000000	0.000000	1.778886e+05
20001	228.000000	6.000000	0.249568	0.000000	0.000000	2.282004e+05
20001	229.000000	6.000000	0.294613	0.000000	0.000000	4.423101e+05
20001	230.000000	6.000000	0.331447	0.000000	0.000000	1.266502e+05
20001	231.000000	6.000000	0.358187	0.000000	0.000000	5.927153e+04
20001	232.000000	6.000000	0.373470	0.000000	0.000000	4.270783e+04
20001	233.000000	6.000000	0.376169	0.000000	0.000000	4.700693e+04
20001	234.000000	6.000000	0.371087	0.000000	0.000000	3.284918e+04
20001	235.000000	6.000000	0.355312	0.000000	0.000000	2.793901e+04
20001	236.000000	6.000000	0.328112	0.000000	0.000000	4.563041e+04
20001	237.000000	6.000000	0.294780	0.000000	0.000000	5.304286e+04
20001	238.000000	6.000000	0.255959	0.000000	0.000000	4.390481e+04
20001	239.000000	6.000000	0.211998	0.000000	0.000000	4.311269e+04
20001	240.000000	6.000000	0.167432	0.000000	0.000000	6.496585e+04
20001	241.000000	6.000000	0.129829	0.000000	0.000000	1.133536e+05
20001	242.000000	6.000000	0.104374	0.000000	0.000000	9.860509e+04
20001	243.000000	6.000000	0.093302	0.000000	0.000000	2.257492e+05
20001	244.000000	6.000000	0.098996	0.000000	0.000000	3.564234e+06
20001	245.000000	6.000000	0.123448	0.000000	0.000000	9.110180e+05
20001	246.000000	6.000000	0.160700	0.000000	0.000000	5.609467e+05
20001	247.000000	6.000000	0.205760	0.000000	0.000000	3.181193e+05
20001	248.000000	6.000000	0.253032	0.000000	0.000000	1.230666e+06
20001	249.000000	6.000000	0.298862	0.000000	0.000000	1.477827e+05
20001	250.000000	6.000000	0.340371	0.000000	0.000000	1.058665e+05
20001	251.000000	6.000000	0.377651	0.000000	0.000000	1.243537e+05
20001	252.000000	6.000000	0.407236	0.000000	0.000000	1.569759e+05
20001	253.000000	6.000000	0.431513	0.000000	0.000000	4.099719e+04
20001	254.000000	6.000000	0.446790	0.000000	0.000000	4.938306e+04
20001	255.000000	6.000000	0.454991	0.000000	0.000000	5.237914e+04
20001	256.000000	6.000000	0.460547	0.000000	0.000000	3.152595e+04
20001	257.000000	6.000000	0.456061	0.000000	0.000000	6.324178e+04
20001	258.000000	6.000000	0.447131	0.000000	0.000000	4.054554e+04
20001	259.000000	6.000000	0.432912	0.000000	0.000000	2.508128e+04
20001	260.000000	6.000000	0.413460	0.000000	0.000000	3.781250e+04
20001	261.000000	6.000000	0.387161	0.000000	0.000000	6.176949e+04
20001	262.000000	6.000000	0.357075	0.000000	0.000000	7.437655e+04
20001	263.000000	6.000000	0.324830	0.000000	0.000000	4.715643e+04
20001	264.000000	6.000000	0.290997	0.000000	0.000000	6.826067e+04
20001	265.000000	6.000000	0.257459	0.000000	0.000000	7.138094e+04
20001	266.000000	6.000000	0.230270	0.000000	0.000000	7.373280e+04
20001	267.000000	6.000000	0.212230	0.000000	0.000000	1.169041e+05
20001	268.000000	6.000000	0.203947	0.000000	0.000000	5.738137e+05
20001	269.000000	6.000000	0.210738	0.000000	0.000000	6.148788e+05
20001	270.000000	6.000000	0.230131	0.000000	0.000000	2.650582e+05
20001	271.000000	6.000000	0.260047	0.000000	0.000000	2.173250e+05
20001	272.000000	6.000000	0.297903	0.000000	0.000000	5.173598e+05
20001	273.000000	6.000000	0.338941	0.000000	0.000000	1.532063e+05
20001	274.000000	6.000000	0.380844	0.000000	0.000000	9.971588e+04
20001	275.000000	6.000000	0.420195	0.000000	0.000000	1.555116e+05
20001	276.000000	6.000000	0.455597	0.000000	0.000000	1.451713e+05
20001	277.000000	6.000000	0.487712	0.000000	0.000000	5.875142e+04
20001	278.000000	6.000000	0.512770	0.000000	0.000000	1.167888e+05
20001	279.000000	6.000000	0.533229	0.000000	0.000000	6.962197e+04
20001	280.000000	6.000000	0.551563	0.000000	0.000000	2.362299e+04
20001	281.000000	6.000000	0.563862	0.000000	0.000000	2.307482e+04
20001	282.000000	6.000000	0.570168	0.000000	0.000000	3.641570e+04
20001	283.000000	6.000000	0.575269	0.000000	0.000000	2.707836e+04
20001	284.000000	6.000000	0.577921	0.000000	0.000000	1.799320e+04
20001	285.000000	6.000000	0.572268	0.000000	0.000000	3.645588e+04
20001	286.000000	6.000000	0.563441	0.000000	0.000000	2.729979e+04
20001	287.000000	6.000000	0.553056	0.000000	0.000000	1.877364e+04
20001	288.000000	6.000000	0.537399	0.000000	0.000000	1.502764e+04
20001	289.000000	6.000000	0.515183	0.000000	0.000000	2.688070e+04
20001	290.000000	6.000000	0.492795	0.000000	0.000000	3.201121e+04
20001	291.000000	6.000000	0.466343	0.000000	0.000000	3.416770e+04
20001	292.000000	6.000000	0.434568	0.000000	0.000000	5.580918e+04
20001	293.000000	6.000000	0.400570	0.000000	0.000000	5.454258e+04
20001	294.000000	6.000000	0.367646	0.000000	0.000000	3.232695e+04
20001	295.000000	6.000000	0.335601	0.000000	0.000000	5.546812e+04
20001	296.000000	6.000000	0.303750	0.000000	0.000000	5.188078e+04
20001	297.000000	6.000000	0.279136	0.000000	0.000000	9.151093e+04
20001	298.000000	6.000000	0.258998	0.000000	0.000000	8.337443e+04
20001	299.000000	6.000000	0.245232	0.000000	0.000000	1.975852e+05
20001	300.000000	6.000000	0.240503	0.000000	0.000000	1.104914e+05
20001	301.000000	6.000000	0.243184	0.000000	0.000000	1.171047e+05
20001	302.000000	6.000000	0.254515	0.000000	0.000000	2.459620e+05
20001	303.000000	6.000000	0.270921	0.000000	0.000000	1.643675e+05
20001	304.000000	6.000000	0.291896	0.000000	0.000000	2.026858e+05
20001	305.000000	6.000000	0.316250	0.000000	0.000000	2.955678e+05
20001	306.000000	6.000000	0.342266	0.000000	0.000000	3.271271e+05
20001	307.000000	6.000000	0.368607	0.000000	0.000000	1.428138e+05
20001	308.000000	6.000000	0.393601	0.000000	0.000000	9.322822e+04
20001	309.000000	6.000000	0.416206	0.000000	0.000000	7.005728e+04
20001	310.000000	6.000000	0.438847	0.000000	0.000000	6.206488e+04
20001	311.000000	6.000000	0.458547	0.000000	0.000000	4.737008e+04
20001	312.000000	6.000000	0.477230	0.000000	0.000000	5.848028e+04
20001	313.000000	6.000000	0.493603	0.000000	0.000000	6.497089e+04
20001	314.000000	6.000000	0.504484	0.000000	0.000000	4.567764e+04
20001	315.000000	6.000000	0.517472	0.000000	0.000000	3.185076e+04
20001	316.000000	6.000000	0.527060	0.000000	0.000000	4.984653e+04
20001	317.000000	6.000000	0.531509	0.000000	0.000000	6.218157e+04
20001	318.000000	6.000000	0.535256	0.000000	0.000000	4.962440e+04
20001	319.000000	6.000000	0.537304	0.000000	0.000000	1.174809e+05
20001	320.000000	6.000000	0.537234	0.000000	0.000000	6.701953e+04
20001	321.000000	6.000000	0.537313	0.000000	0.000000	2.084322e+04
20001	322.000000	6.000000	0.533462	0.000000	0.000000	2.564276e+04
20001	323.000000	6.000000	0.525369	0.000000	0.000000	3.706917e+04
20001	324.000000	6.000000	0.516023	0.000000	0.000000	4.321594e+04
20001	325.000000	6.000000	0.505699	0.000000	0.000000	4.453011e+04
20001	326.000000	6.000000	0.495590	0.000000	0.000000	1.688361e+05
20001	327.000000	6.000000	0.480391	0.000000	0.000000	4.594916e+04
20001	328.000000	6.000000	0.461551	0.000000	0.000000	3.162516e+04
20001	329.000000	6.000000	0.445066	0.000000	0.000000	3.793293e+04
20001	330.000000	6.000000	0.428377	0.000000	0.000000	4.221890e+04
20001	331.000000	6.000000	0.409142	0.000000	0.000000	1.917236e+04
20001	332.000000	6.000000	0.387015	0.000000	0.000000	1.576185e+04
20001	333.000000	6.000000	0.364335	0.000000	0.000000	3.857883e+04
20001	334.000000	6.000000	0.342738	0.000000	0.000000	2.113762e+04
20001	335.000000	6.000000	0.320852	0.000000	0.000000	2.178990e+04
20001	336.000000	6.000000	0.296891	0.000000	0.000000	4.191060e+04
20001	337.000000	6.000000	0.276367	0.000000	0.000000	3.169317e+04
20001	338.000000	6.000000	0.259487	0.000000	0.000000	3.116956e+04
20001	339.000000	6.000000	0.244292	0.000000	0.000000	4.906718e+04
20001	340.000000	6.000000	0.234383	0.000000	0.000000	5.979882e+04
20001	341.000000	6.000000	0.225811	0.000000	0.000000	1.114418e+05
20001	342.000000	6.000000	0.222798	0.000000	0.000000	1.591313e+05
20001	343.000000	6.000000	0.222514	0.000000	0.000000	1.555871e+05
20001	344.000000	6.000000	0.225972	0.000000	0.000000	1.038411e+05
20001	345.000000	6.000000	0.234902	0.000000	0.000000	9.693616e+04
20001	346.000000	6.000000	0.247227	0.000000	0.000000	1.420264e+05
20001	347.000000	6.000000	0.262457	0.000000	0.000000	1.203022e+05
20001	348.000000	6.000000	0.280448	0.000000	0.000000	5.305922e+04
20001	349.000000	6.000000	0.299633	0.000000	0.000000	5.855040e+04
20001	350.000000	6.000000	0.319934	0.000000	0.000000	7.503721e+04
20001	351.000000	6.000000	0.341138	0.000000	0.000000	7.318326e+04
20001	352.000000	6.000000	0.362907	0.000000	0.000000	4.682505e+04
20001	353.000000	6.000000	0.384517	0.000000	0.000000	5.901615e+04
20001	354.000000	6.000000	0.404515	0.000000	0.000000	4.929198e+04
20001	355.000000	6.000000	0.423337	0.000000	0.000000	2.984341e+04
20001	356.000000	6.000000	0.443581	0.000000	0.000000	3.340572e+04
20001	357.000000	6.000000	0.461433	0.000000	0.000000	2.721650e+04
20001	358.000000	6.000000	0.477976	0.000000	0.000000	2.464600e+04
20001	359.000000	6.000000	0.493548	0.000000	0.000000	2.782225e+04
20001	360.000000	6.000000	0.506486	0.000000	0.000000	3.600316e+04
20001	361.000000	6.000000	0.518934	0.000000	0.000000	3.364748e+04
20001	362.000000	6.000000	0.530667	0.000000	0.000000	3.235815e+04
20001	363.000000	6.000000	0.539269	0.000000	0.000000	2.415838e+04
20001	364.000000	6.000000	0.547516	0.000000	0.000000	1.743148e+04
20001	365.000000	6.000000	0.553760	0.000000	0.000000	1.568176e+04
20001	366.000000	6.000000	0.558384	0.000000	0.000000	1.515085e+04
20001	367.000000	6.000000	0.561559	0.000000	0.000000	2.552672e+04
20001	368.000000	6.000000	0.563840	0.000000	0.000000	3.641723e+04
20001	369.000000	6.000000	0.562267	0.000000	0.000000	4.548411e+04
20001	370.000000	6.000000	0.561499	0.000000	0.000000	3.936715e+04
20001	371.000000	6.000000	0.558556	0.000000	0.000000	1.789119e+04
20001	372.000000	6.000000	0.553938	0.000000	0.000000	1.490386e+04
20001	373.000000	6.000000	0.549372	0.000000	0.000000	1.689719e+04
20001	374.000000	6.000000	0.541251	0.000000	0.000000	3.016911e+04
20001	375.000000	6.000000	0.531745	0.000000	0.000000	2.095445e+04
20001	376.000000	6.000000	0.523420	0.000000	0.000000	2.492950e+04
20001	377.000000	6.000000	0.511506	0.000000	0.000000	2.069611e+04
20001	378.000000	6.000000	0.498627	0.000000	0.000000	2.475889e+04
20001	379.000000	6.000000	0.485913	0.000000	0.000000	2.707624e+04
20001	380.000000	6.000000	0.470287	0.000000	0.000000	2.576548e+04
20001	381.000000	6.000000	0.452953	0.000000	0.000000	2.467865e+04
20001	382.000000	6.000000	0.438044	0.000000	0.000000	2.165384e+04
20001	383.000000	6.000000	0.421305	0.000000	0.000000	1.952843e+04
20001	384.000000	6.000000	0.402132	0.000000	0.000000	2.296075e+04
20001	385.000000	6.000000	0.382924	0.000000	0.000000	3.591959e+04
20001	386.000000	6.000000	0.363652	0.000000	0.000000	4.965302e+04
20001	387.000000	6.000000	0.344736	0.000000	0.000000	5.506134e+04
20001	388.000000	6.000000	0.325663	0.000000	0.000000	7.216919e+04
20001	389.000000	6.000000	0.306110	0.000000	0.000000	8.884937e+04
20001	390.000000	6.000000	0.288123	0.000000	0.000000	6.390822e+04
20001	391.000000	6.000000	0.270547	0.000000	0.000000	7.270530e+04
20001	392.000000	6.000000	0.252855	0.000000	0.000000	7.123919e+04
20001	393.000000	6.000000	0.237108	0.000000	0.000000	8.879342e+04
20001	394.000000	6.000000	0.223123	0.000000	0.000000	1.243971e+05
20001	395.000000	6.000000	0.210491	0.000000	0.000000	1.388614e+05
20001	396.000000	6.000000	0.199775	0.000000	0.000000	1.074186e+05
20001	397.000000	6.000000	0.192028	0.000000	0.000000	2.201066e+05
20001	398.000000	6.000000	0.185780	0.000000	0.000000	6.550560e+05
20001	399.000000	6.000000	0.181428	0.000000	0.000000	4.460562e+05
20001	400.000000	6.000000	0.179050	0.000000	0.000000	4.511403e+05
20001	401.000000	6.000000	0.178840	0.000000	0.000000	4.725340e+05
20001	402.000000	6.000000	0.180843	0.000000	0.000000	4.048737e+05
20001	403.000000	6.000000	0.185026	0.000000	0.000000	4.262946e+05
20001	404.000000	6.000000	0.190920	0.000000	0.000000	3.786244e+05
20001	405.000000	6.000000	0.198053	0.000000	0.000000	4.993916e+05
20001	406.000000	6.000000	0.206936	0.000000	0.000000	7.215486e+05
20001	407.000000	6.000000	0.216942	0.000000	0.000000	5.555683e+05
20001	408.000000	6.000000	0.227416	0.000000	0.000000	4.231520e+05
20001	409.000000	6.000000	0.238998	0.000000	0.000000	4.391902e+05
20001	410.000000	6.000000	0.251229	0.000000	0.000000	2.396317e+05
20001	411.000000	6.000000	0.263188	0.000000	0.000000	1.757635e+05
20001	412.000000	6.000000	0.275137	0.000000	0.000000	2.116350e+05
20001	413.000000	6.000000	0.286919	0.000000	0.000000	2.213574e+05
20001	414.000000	6.000000	0.299042	0.000000	0.000000	1.736593e+05
20001	415.000000	6.000000	0.310548	0.000000	0.000000	1.781110e+05
20001	416.000000	6.000000	0.322098	0.000000	0.000000	1.222320e+05
20001	417.000000	6.000000	0.333072	0.000000	0.000000	1.019052e+05
20001	418.000000	6.000000	0.343951	0.000000	0.000000	8.272687e+04
20001	419.000000	6.000000	0.353799	0.000000	0.000000	7.844263e+04
20001	420.000000	6.000000	0.363186	0.000000	0.000000	9.087856e+04
20001	421.000000	6.000000	0.372714	0.000000	0.000000	7.898184e+04
20001	422.000000	6.000000	0.380425	0.000000	0.000000	9.653795e+04
20001	423.000000	6.000000	0.387592	0.000000	0.000000	1.004758e+05
20001	424.000000	6.000000	0.394958	0.000000	0.000000	5.185057e+04
20001	425.000000	6.000000	0.401630	0.000000	0.000000	5.394233e+04
20001	426.000000	6.000000	0.407374	0.000000	0.000000	6.770741e+04
20001	427.000000	6.000000	0.412640	0.000000	0.000000	6.181369e+04
20001	428.000000	6.000000	0.418063	0.000000	0.000000	5.572929e+04
20001	429.000000	6.000000	0.421592	0.000000	0.000000	6.726064e+04
20001	430.000000	6.000000	0.424582	0.000000	0.000000	6.860365e+04
20001	431.000000	6.000000	0.427300	0.000000	0.000000	5.175450e+04
20001	432.000000	6.000000	0.429911	0.000000	0.000000	4.646033e+04
20001	433.000000	6.000000	0.431595	0.000000	0.000000	4.042834e+04
20001	434.000000	6.000000	0.432209	0.000000	0.000000	3.890835e+04
20001	435.000000	6.000000	0.432691	0.000000	0.000000	4.730185e+04
20001	436.000000	6.000000	0.433050	0.000000	0.000000	5.068408e+04
20001	437.000000	6.000000	0.432710	0.000000	0.000000	4.979405e+04
20001	438.000000	6.000000	0.431374	0.000000	0.000000	4.562828e+04
20001	439.000000	6.000000	0.429324	0.000000	0.000000	5.455522e+04
20001	440.000000	6.000000	0.427305	0.000000	0.000000	5.552599e+04
20001	441.000000	6.000000	0.425104	0.000000	0.000000	3.838182e+04
20001	442.000000	6.000000	0.421919	0.000000	0.000000	3.923984e+04
20001	443.000000	6.000000	0.417903	0.000000	0.000000	4.819417e+04
20001	444.000000	6.000000	0.413767	0.000000	0.000000	5.201244e+04
20001	445.000000	6.000000	0.409543	0.000000	0.000000	3.960794e+04
20001	446.000000	6.000000	0.404364	0.000000	0.000000	4.087597e+04
20001	447.000000	6.000000	0.398672	0.000000	0.000000	5.285652e+04
20001	448.000000	6.000000	0.392806	0.000000	0.000000	6.937971e+04
20001	449.000000	6.000000	0.385598	0.000000	0.000000	6.213645e+04
20001	450.000000	6.000000	0.378095	0.000000	0.000000	5.596743e+04
20001	451.000000	6.000000	0.370764	0.000000	0.000000	5.515483e+04
20001	452.000000	6.000000	0.363266	0.000000	0.000000	6.518234e+04
20001	453.000000	6.000000	0.355077	0.000000	0.000000	7.046049e+04
20001	454.000000	6.000000	0.346554	0.000000	0.000000	6.362197e+04
20001	455.000000	6.000000	0.337916	0.000000	0.000000	5.842658e+04
20001	456.000000	6.000000	0.328684	0.000000	0.000000	5.579934e+04
20001	457.000000	6.000000	0.318560	0.000000	0.000000	6.087328e+04
20001	458.000000	6.000000	0.308758	0.000000	0.000000	7.192056e+04
20001	459.000000	6.000000	0.299153	0.000000	0.000000	7.852392e+04
20001	460.000000	6.000000	0.288531	0.000000	0.000000	7.485685e+04
20001	461.000000	6.000000	0.278123	0.000000	0.000000	6.950950e+04
20001	462.000000	6.000000	0.267523	0.000000	0.000000	8.206032e+04
20001	463.000000	6.000000	0.256582	0.000000	0.000000	8.712407e+04
20001	464.000000	6.000000	0.245420	0.000000	0.000000	8.179323e+04
20001	465.000000	6.000000	0.234495	0.000000	0.000000	8.428665e+04
20001	466.000000	6.000000	0.223691	0.000000	0.000000	8.050247e+04
20001	467.000000	6.000000	0.212758	0.000000	0.000000	9.717196e+04
20001	468.000000	6.000000	0.201693	0.000000	0.000000	1.343144e+05
20001	469.000000	6.000000	0.191688	0.000000	0.000000	1.206849e+05
20001	470.000000	6.000000	0.181438	0.000000	0.000000	1.343794e+05
20001	471.000000	6.000000	0.171511	0.000000	0.000000	1.380668e+05
20001	472.000000	6.000000	0.162120	0.000000	0.000000	1.609083e+05
20001	473.000000	6.000000	0.153203	0.000000	0.000000	2.010808e+05
20001	474.000000	6.000000	0.144800	0.000000	0.000000	2.547648e+05
20001	475.000000	6.000000	0.137202	0.000000	0.000000	3.036384e+05
20001	476.000000	6.000000	0.130272	0.000000	0.000000	3.336182e+05
20001	477.000000	6.000000	0.123712	0.000000	0.000000	3.550108e+05
20001	478.000000	6.000000	0.117865	0.000000	0.000000	3.735676e+05
20001	479.000000	6.000000	0.112850	0.000000	0.000000	4.450162e+05
20001	480.000000	6.000000	0.108360	0.000000	0.000000	6.189911e+05
20001	481.000000	6.000000	0.104830	0.000000	0.000000	5.550640e+05
20001	482.000000	6.000000	0.102160	0.000000	0.000000	7.433650e+05
20001	483.000000	6.000000	0.100241	0.000000	0.000000	7.324418e+05
20001	484.000000	6.000000	0.099261	0.000000	0.000000	6.888744e+05
20001	485.000000	6.000000	0.099130	0.000000	0.000000	1.328418e+06
20001	486.000000	6.000000	0.099651	0.000000	0.000000	1.709525e+06
20001	487.000000	6.000000	0.100802	0.000000	0.000000	2.092156e+06
20001	488.000000	6.000000	0.102801	0.000000	0.000000	2.694155e+06
20001	489.000000	6.000000	0.105593	0.000000	0.000000	2.182019e+06
20001	490.000000	6.000000	0.108946	0.000000	0.000000	2.802304e+06
20001	491.000000	6.000000	0.113054	0.000000	0.000000	5.220749e+06
20001	492.000000	6.000000	0.117843	0.000000	0.000000	4.001759e+06
20001	493.000000	6.000000	0.123028	0.000000	0.000000	1.661196e+06
20001	494.000000	6.000000	0.128747	0.000000	0.000000	1.414580e+06
20001	495.000000	6.000000	0.134832	0.000000	0.000000	1.579363e+06
20001	496.000000	6.000000	0.141311	0.000000	0.000000	1.609288e+06
20001	497.000000	6.000000	0.148271	0.000000	0.000000	1.369279e+06
20001	498.000000	6.000000	0.155476	0.000000	0.000000	1.649603e+06
20001	499.000000	6.000000	0.162991	0.000000	0.000000	1.081929e+06
20001	500.000000	6.000000	0.170744	0.000000	0.000000	8.652404e+05
20001	501.000000	6.000000	0.178355	0.000000	0.000000	6.861922e+05
20001	502.000000	6.000000	0.186170	0.000000	0.000000	7.037463e+05
20001	503.000000	6.000000	0.194220	0.000000	0.000000	7.872830e+05
20001	504.000000	6.000000	0.202222	0.000000	0.000000	6.105752e+05
20001	505.000000	6.000000	0.209937	0.000000	0.000000	6.593711e+05
20001	506.000000	6.000000	0.217734	0.000000	0.000000	5.215311e+05
20001	507.000000	6.000000	0.225816	0.000000	0.000000	3.715767e+05
20001	508.000000	6.000000	0.233799	0.000000	0.000000	6.786668e+05
20001	509.000000	6.000000	0.241406	0.000000	0.000000	5.995725e+05
20001	510.000000	6.000000	0.248666	0.000000	0.000000	4.487286e+05
20001	511.000000	6.000000	0.256159	0.000000	0.000000	3.510256e+05
20001	512.000000	6.000000	0.263120	0.000000	0.000000	3.417191e+05
20001	513.000000	6.000000	0.269996	0.000000	0.000000	2.962078e+05
20001	514.000000	6.000000	0.276716	0.000000	0.000000	2.592552e+05
20001	515.000000	6.000000	0.283290	0.000000	0.000000	2.668095e+05
20001	516.000000	6.000000	0.289811	0.000000	0.000000	1.987058e+05
20001	517.000000	6.000000	0.295918	0.000000	0.000000	2.373371e+05
20001	518.000000	6.000000	0.301751	0.000000	0.000000	2.570022e+05
20001	519.000000	6.000000	0.307408	0.000000	0.000000	2.017724e+05
20001	520.000000	6.000000	0.312661	0.000000	0.000000	1.914603e+05
20001	521.000000	6.000000	0.318079	0.000000	0.000000	2.109613e+05
20001	522.000000	6.000000	0.323203	0.000000	0.000000	1.928327e+05
20001	523.000000	6.000000	0.327824	0.000000	0.000000	1.570263e+05
20001	524.000000	6.000000	0.332264	0.000000	0.000000	1.263374e+05
20001	525.000000	6.000000	0.336350	0.000000	0.000000	1.097985e+05
20001	526.000000	6.000000	0.340154	0.000000	0.000000	1.242965e+05
20001	527.000000	6.000000	0.343562	0.000000	0.000000	1.364521e+05
20001	528.000000	6.000000	0.347048	0.000000	0.000000	1.150131e+05
20001	529.000000	6.000000	0.350433	0.000000	0.000000	1.123946e+05
20001	530.000000	6.000000	0.353333	0.000000	0.000000	1.234707e+05
20001	531.000000	6.000000	0.356002	0.000000	0.000000	1.137482e+05
20001	532.000000	6.000000	0.358630	0.000000	0.000000	1.083403e+05
20001	533.000000	6.000000	0.360809	0.000000	0.000000	1.032915e+05
20001	534.000000	6.000000	0.362787	0.000000	0.000000	1.038208e+05
20001	535.000000	6.000000	0.364460	0.000000	0.000000	1.122382e+05
20001	536.000000	6.000000	0.365608	0.000000	0.000000	1.385233e+05
20001	537.000000	6.000000	0.366697	0.000000	0.000000	1.260598e+05
20001	538.000000	6.000000	0.367802	0.000000	0.000000	1.126938e+05
20001	539.000000	6.000000	0.368514	0.000000	0.000000	1.135094e+05
20001	540.000000	6.000000	0.368819	0.000000	0.000000	1.017596e+05
20001	541.000000	6.000000	0.369116	0.000000	0.000000	8.592771e+04
20001	542.000000	6.000000	0.369288	0.000000	0.000000	9.507312e+04
20001	543.000000	6.000000	0.369232	0.000000	0.000000	1.194991e+05
20001	544.000000	6.000000	0.368606	0.000000	0.000000	1.198317e+05
20001	545.000000	6.000000	0.367972	0.000000	0.000000	1.035568e+05
20001	546.000000	6.000000	0.367350	0.000000	0.000000	1.100228e+05
20001	547.000000	6.000000	0.366336	0.000000	0.000000	1.126369e+05
20001	548.000000	6.000000	0.365158	0.000000	0.000000	1.094874e+05
20001	549.000000	6.000000	0.363728	0.000000	0.000000	1.071354e+05
20001	550.000000	6.000000	0.362340	0.000000	0.000000	1.244618e+05
20001	551.000000	6.000000	0.360417	0.000000	0.000000	1.027605e+05
20001	552.000000	6.000000	0.358269	0.000000	0.000000	1.021652e+05
20001	553.000000	6.000000	0.355713	0.000000	0.000000	1.037443e+05
20001	554.000000	6.000000	0.353273	0.000000	0.000000	1.144902e+05
20001	555.000000	6.000000	0.350424	0.000000	0.000000	1.022386e+05
20001	556.000000	6.000000	0.347690	0.000000	0.000000	8.765446e+04
20001	557.000000	6.000000	0.344636	0.000000	0.000000	9.113775e+04
20001	558.000000	6.000000	0.341292	0.000000	0.000000	8.142713e+04
20001	559.000000	6.000000	0.337899	0.000000	0.000000	7.446243e+04
20001	560.000000	6.000000	0.334216	0.000000	0.000000	8.366595e+04
20001	561.000000	6.000000	0.330454	0.000000	0.000000	8.760821e+04
20001	562.000000	6.000000	0.326649	0.000000	0.000000	8.361484e+04
20001	563.000000	6.000000	0.322249	0.000000	0.000000	7.828241e+04
20001	564.000000	6.000000	0.317955	0.000000	0.000000	9.716168e+04
20001	565.000000	6.000000	0.313851	0.000000	0.000000	1.147911e+05
20001	566.000000	6.000000	0.309471	0.000000	0.000000	1.037313e+05
20001	567.000000	6.000000	0.304725	0.000000	0.000000	9.212868e+04
20001	568.000000	6.000000	0.300031	0.000000	0.000000	9.526761e+04
20001	569.000000	6.000000	0.295220	0.000000	0.000000	1.009674e+05
20001	570.000000	6.000000	0.290098	0.000000	0.000000	1.035665e+05
20001	571.000000	6.000000	0.284810	0.000000	0.000000	9.411700e+04
20001	572.000000	6.000000	0.279483	0.000000	0.000000	1.030317e+05
20001	573.000000	6.000000	0.274182	0.000000	0.000000	1.014755e+05
20001	574.000000	6.000000	0.268891	0.000000	0.000000	9.657172e+04
20001	575.000000	6.000000	0.263266	0.000000	0.000000	1.048259e+05
20001	576.000000	6.000000	0.257586	0.000000	0.000000	1.210758e+05
20001	577.000000	6.000000	0.251765	0.000000	0.000000	1.177848e+05
20001	578.000000	6.000000	0.245928	0.000000	0.000000	1.103984e+05
20001	579.000000	6.000000	0.240131	0.000000	0.000000	1.285505e+05
20001	580.000000	6.000000	0.234175	0.000000	0.000000	1.426772e+05
20001	581.000000	6.000000	0.228244	0.000000	0.000000	1.305463e+05
20001	582.000000	6.000000	0.222325	0.000000	0.000000	1.263815e+05
20001	583.000000	6.000000	0.216239	0.000000	0.000000	1.489014e+05
20001	584.000000	6.000000	0.210061	0.000000	0.000000	1.877252e+05
20001	585.000000	6.000000	0.203902	0.000000	0.000000	1.544149e+05
20001	586.000000	6.000000	0.197555	0.000000	0.000000	1.660823e+05
20001	587.000000	6.000000	0.191632	0.000000	0.000000	1.694372e+05
20001	588.000000	6.000000	0.185316	0.000000	0.000000	2.071749e+05
20001	589.000000	6.000000	0.179469	0.000000	0.000000	1.851510e+05
20001	590.000000	6.000000	0.173247	0.000000	0.000000	2.023596e+05
20001	591.000000	6.000000	0.167399	0.000000	0.000000	1.802883e+05
20001	592.000000	6.000000	0.161666	0.000000	0.000000	2.245395e+05
20001	593.000000	6.000000	0.155713	0.000000	0.000000	1.923151e+05
20001	594.000000	6.000000	0.150020	0.000000	0.000000	2.497189e+05
20001	595.000000	6.000000	0.144679	0.000000	0.000000	2.907147e+05
20001	596.000000	6.000000	0.139233	0.000000	0.000000	2.637911e+05
20001	597.000000	6.000000	0.133936	0.000000	0.000000	3.587974e+05
20001	598.000000	6.000000	0.128877	0.000000	0.000000	3.765813e+05
20001	599.000000	6.000000	0.123962	0.000000	0.000000	3.439792e+05
20001	600.000000	6.000000	0.118998	0.000000	0.000000	4.287468e+05
20001	601.000000	6.000000	0.114303	0.000000	0.000000	4.158299e+05
20001	602.000000	6.000000	0.110000	0.000000	0.000000	3.990489e+05
20001	603.000000	6.000000	0.105718	0.000000	0.000000	4.324138e+05
20001	604.000000	6.000000	0.101697	0.000000	0.000000	5.667584e+05
20001	605.000000	6.000000	0.098000	0.000000	0.000000	6.683396e+05
20001	606.000000	6.000000	0.094384	0.000000	0.000000	5.428394e+05
20001	607.000000	6.000000	0.090870	0.000000	0.000000	6.923808e+05
20001	608.000000	6.000000	0.087655	0.000000	0.000000	8.939317e+05
20001	609.000000	6.000000	0.084863	0.000000	0.000000	8.586792e+05
20001	610.000000	6.000000	0.082209	0.000000	0.000000	9.063989e+05
20001	611.000000	6.000000	0.079749	0.000000	0.000000	9.775123e+05
20001	612.000000	6.000000	0.077413	0.000000	0.000000	9.436489e+05
20001	613.000000	6.000000	0.075760	0.000000	0.000000	1.406929e+06
20001	614.000000	6.000000	0.074290	0.000000	0.000000	1.406083e+06
20001	615.000000	6.000000	0.072882	0.000000	0.000000	1.027543e+06
20001	616.000000	6.000000	0.071844	0.000000	0.000000	1.156415e+06
20001	617.000000	6.000000	0.070991	0.000000	0.000000	1.480242e+06
20001	618.000000	6.000000	0.070256	0.000000	0.000000	1.600806e+06
20001	619.000000	6.000000	0.070032	0.000000	0.000000	1.789108e+06
20001	620.000000	6.000000	0.070137	0.000000	0.000000	2.834132e+06
20001	621.000000	6.000000	0.070325	0.000000	0.000000	2.531068e+06
20001	622.000000	6.000000	0.070996	0.000000	0.000000	2.554546e+06
20001	623.000000	6.000000	0.071748	0.000000	0.000000	2.012494e+06
20001	624.000000	6.000000	0.072534	0.000000	0.000000	5.180725e+06
20001	625.000000	6.000000	0.074037	0.000000	0.000000	3.384137e+06
20001	626.000000	6.000000	0.075430	0.000000	0.000000	2.104346e+06
20001	627.000000	6.000000	0.076890	0.000000	0.000000	3.456565e+06
20001	628.000000	6.000000	0.078921	0.000000	0.000000	2.607065e+06
20001	629.000000	6.000000	0.081134	0.000000	0.000000	1.580066e+06
20001	630.000000	6.000000	0.083577	0.000000	0.000000	1.786853e+06
20001	631.000000	6.000000	0.086104	0.000000	0.000000	1.976916e+06
20001	632.000000	6.000000	0.088965	0.000000	0.000000	2.330585e+06
20001	633.000000	6.000000	0.091907	0.000000	0.000000	2.101602e+06
20001	634.000000	6.000000	0.094765	0.000000	0.000000	2.413081e+06
20001	635.000000	6.000000	0.097896	0.000000	0.000000	1.800636e+06
20001	636.000000	6.000000	0.101278	0.000000	0.000000	1.313288e+06
20001	637.000000	6.000000	0.104671	0.000000	0.000000	1.153261e+06
20001	638.000000	6.000000	0.108169	0.000000	0.000000	9.125681e+05
20001	639.000000	6.000000	0.112072	0.000000	0.000000	9.190427e+05
20001	640.000000	6.000000	0.115888	0.000000	0.000000	8.411895e+05
20001	641.000000	6.000000	0.119867	0.000000	0.000000	1.183890e+06
20001	642.000000	6.000000	0.124042	0.000000	0.000000	9.180658e+05
20001	643.000000	6.000000	0.128258	0.000000	0.000000	8.352139e+05
20001	644.000000	6.000000	0.132335	0.000000	0.000000	1.009832e+06
20001	645.000000	6.000000	0.136474	0.000000	0.000000	1.087300e+06
20001	646.000000	6.000000	0.141031	0.000000	0.000000	8.521694e+05
20001	647.000000	6.000000	0.145483	0.000000	0.000000	4.990785e+05
20001	648.000000	6.000000	0.150069	0.000000	0.000000	5.312640e+05
20001	649.000000	6.000000	0.154484	0.000000	0.000000	5.693363e+05
20001	650.000000	6.000000	0.158901	0.000000	0.000000	5.314250e+05
20001	651.000000	6.000000	0.163370	0.000000	0.000000	4.621562e+05
20001	652.000000	6.000000	0.167747	0.000000	0.000000	4.286410e+05
20001	653.000000	6.000000	0.172011	0.000000	0.000000	3.976760e+05
20001	654.000000	6.000000	0.176691	0.000000	0.000000	3.907899e+05
20001	655.000000	6.000000	0.181385	0.000000	0.000000	3.197772e+05
20001	656.000000	6.000000	0.186030	0.000000	0.000000	3.055054e+05
20001	657.000000	6.000000	0.190096	0.000000	0.000000	3.369378e+05
20001	658.000000	6.000000	0.194558	0.000000	0.000000	3.914598e+05
20001	659.000000	6.000000	0.199039	0.000000	0.000000	4.722327e+05
20001	660.000000	6.000000	0.203440	0.000000	0.000000	4.139005e+05
20001	661.000000	6.000000	0.208080	0.000000	0.000000	2.741632e+05
20001	662.000000	6.000000	0.212081	0.000000	0.000000	2.802025e+05
20001	663.000000	6.000000	0.216374	0.000000	0.000000	3.635667e+05
20001	664.000000	6.000000	0.220380	0.000000	0.000000	5.025652e+05
20001	665.000000	6.000000	0.224307	0.000000	0.000000	3.074174e+05
20001	666.000000	6.000000	0.228235	0.000000	0.000000	2.871186e+05
20001	667.000000	6.000000	0.232185	0.000000	0.000000	2.950465e+05
20001	668.000000	6.000000	0.236242	0.000000	0.000000	2.842170e+05
20001	669.000000	6.000000	0.240218	0.000000	0.000000	2.623481e+05
20001	670.000000	6.000000	0.243814	0.000000	0.000000	2.273934e+05
20001	671.000000	6.000000	0.247855	0.000000	0.000000	2.268052e+05
20001	672.000000	6.000000	0.251578	0.000000	0.000000	2.061998e+05
20001	673.000000	6.000000	0.255354	0.000000	0.000000	2.115063e+05
20001	674.000000	6.000000	0.258983	0.000000	0.000000	2.295156e+05
20001	675.000000	6.000000	0.262517	0.000000	0.000000	2.496779e+05
20001	676.000000	6.000000	0.266125	0.000000	0.000000	2.213847e+05
20001	677.000000	6.000000	0.269702	0.000000	0.000000	1.782967e+05
20001	678.000000	6.000000	0.272204	0.000000	0.000000	1.949327e+05
20001	679.000000	6.000000	0.275063	0.000000	0.000000	1.662276e+05
20001	680.000000	6.000000	0.278380	0.000000	0.000000	1.558441e+05
20001	681.000000	6.000000	0.281359	0.000000	0.000000	2.115156e+05
20001	682.000000	6.000000	0.284087	0.000000	0.000000	1.980728e+05
20001	683.000000	6.000000	0.287235	0.000000	0.000000	1.731431e+05
20001	684.000000	6.000000	0.290123	0.000000	0.000000	1.742596e+05
20001	685.000000	6.000000	0.292618	0.000000	0.000000	1.186953e+05
20001	686.000000	6.000000	0.295363	0.000000	0.000000	1.595460e+05
20001	687.000000	6.000000	0.297793	0.000000	0.000000	1.469798e+05
20001	688.000000	6.000000	0.299812	0.000000	0.000000	1.522447e+05
20001	689.000000	6.000000	0.302133	0.000000	0.000000	1.317323e+05
20001	690.000000	6.000000	0.304698	0.000000	0.000000	1.193846e+05
20001	691.000000	6.000000	0.306770	0.000000	0.000000	1.111433e+05
20001	692.000000	6.000000	0.308849	0.000000	0.000000	1.319715e+05
20001	693.000000	6.000000	0.311101	0.000000	0.000000	1.065563e+05
20001	694.000000	6.000000	0.312773	0.000000	0.000000	1.187276e+05
20001	695.000000	6.000000	0.314565	0.000000	0.000000	1.612657e+05
20001	696.000000	6.000000	0.316501	0.000000	0.000000	1.340985e+05
20001	697.000000	6.000000	0.317828	0.000000	0.000000	9.171567e+04
20001	698.000000	6.000000	0.319390	0.000000	0.000000	8.682069e+04
20001	699.000000	6.000000	0.321180	0.000000	0.000000	8.141065e+04
20001	700.000000	6.000000	0.322518	0.000000	0.000000	7.661228e+04
20001	701.000000	6.000000	0.323750	0.000000	0.000000	7.799675e+04
20001	702.000000	6.000000	0.325211	0.000000	0.000000	9.477607e+04
20001	703.000000	6.000000	0.326722	0.000000	0.000000	1.082633e+05
20001	704.000000	6.000000	0.328067	0.000000	0.000000	1.002803e+05
20001	705.000000	6.000000	0.328680	0.000000	0.000000	1.182724e+05
20001	706.000000	6.000000	0.329412	0.000000	0.000000	1.089248e+05
20001	707.000000	6.000000	0.330458	0.000000	0.000000	8.569772e+04
20001	708.000000	6.000000	0.331101	0.000000	0.000000	8.533531e+04
20001	709.000000	6.000000	0.331702	0.000000	0.000000	8.499888e+04
20001	710.000000	6.000000	0.332771	0.000000	0.000000	7.776146e+04
20001	711.000000	6.000000	0.333565	0.000000	0.000000	8.867467e+04
20001	712.000000	6.000000	0.334473	0.000000	0.000000	8.938937e+04
20001	713.000000	6.000000	0.334486	0.000000	0.000000	9.955953e+04
20001	714.000000	6.000000	0.334625	0.000000	0.000000	9.965732e+04
20001	715.000000	6.000000	0.334926	0.000000	0.000000	1.010255e+05
20001	716.000000	6.000000	0.334708	0.000000	0.000000	8.773104e+04
20001	717.000000	6.000000	0.334851	0.000000	0.000000	8.614259e+04
20001	718.000000	6.000000	0.334676	0.000000	0.000000	7.098977e+04
20001	719.000000	6.000000	0.335122	0.000000	0.000000	7.391089e+04
20001	720.000000	6.000000	0.335061	0.000000	0.000000	5.541320e+04
20001	721.000000	6.000000	0.334533	0.000000	0.000000	4.577695e+04
20001	722.000000	6.000000	0.334568	0.000000	0.000000	4.668511e+04
20001	723.000000	6.000000	0.334584	0.000000	0.000000	5.181616e+04
20001	724.000000	6.000000	0.333239	0.000000	0.000000	5.523161e+04
20001	725.000000	6.000000	0.332533	0.000000	0.000000	5.876650e+04
20001	726.000000	6.000000	0.332098	0.000000	0.000000	6.995715e+04
20001	727.000000	6.000000	0.331880	0.000000	0.000000	5.768476e+04
20001	728.000000	6.000000	0.332006	0.000000	0.000000	4.268593e+04
20001	729.000000	6.000000	0.331374	0.000000	0.000000	5.285699e+04
20001	730.000000	6.000000	0.330833	0.000000	0.000000	6.313701e+04
20001	731.000000	6.000000	0.330151	0.000000	0.000000	6.719033e+04
20001	732.000000	6.000000	0.329183	0.000000	0.000000	5.769810e+04
20001	733.000000	6.000000	0.328197	0.000000	0.000000	6.967151e+04
20001	734.000000	6.000000	0.327649	0.000000	0.000000	7.223814e+04
20001	735.000000	6.000000	0.326273	0.000000	0.000000	6.486943e+04
20001	736.000000	6.000000	0.325272	0.000000	0.000000	6.316825e+04
20001	737.000000	6.000000	0.324694	0.000000	0.000000	5.234138e+04
20001	738.000000	6.000000	0.323346	0.000000	0.000000	4.707171e+04
20001	739.000000	6.000000	0.321745	0.000000	0.000000	4.226617e+04
20001	740.000000	6.000000	0.320021	0.000000	0.000000	5.266324e+04
20001	741.000000	6.000000	0.319009	0.000000	0.000000	5.912438e+04
20001	742.000000	6.000000	0.318023	0.000000	0.000000	4.802778e+04
20001	743.000000	6.000000	0.316692	0.000000	0.000000	4.674291e+04
20001	744.000000	6.000000	0.314891	0.000000	0.000000	5.613803e+04
20001	745.000000	6.000000	0.313703	0.000000	0.000000	4.760231e+04
20001	746.000000	6.000000	0.312173	0.000000	0.000000	4.971871e+04
20001	747.000000	6.000000	0.310526	0.000000	0.000000	5.359169e+04
20001	748.000000	6.000000	0.308796	0.000000	0.000000	6.075423e+04
20001	749.000000	6.000000	0.307211	0.000000	0.000000	6.389423e+04
20001	750.000000	6.000000	0.305674	0.000000	0.000000	7.466830e+04
20001	751.000000	6.000000	0.303821	0.000000	0.000000	7.104650e+04
20001	752.000000	6.000000	0.302295	0.000000	0.000000	6.314196e+04
20001	753.000000	6.000000	0.299885	0.000000	0.000000	5.159629e+04
20001	754.000000	6.000000	0.298327	0.000000	0.000000	7.240968e+04
20001	755.000000	6.000000	0.296950	0.000000	0.000000	8.320430e+04
20001	756.000000	6.000000	0.293938	0.000000	0.000000	7.584925e+04
20001	757.000000	6.000000	0.291623	0.000000	0.000000	7.668237e+04
20001	758.000000	6.000000	0.289907	0.000000	0.000000	7.883311e+04
20001	759.000000	6.000000	0.288237	0.000000	0.000000	8.437230e+04
20001	760.000000	6.000000	0.285061	0.000000	0.000000	9.878081e+04
20001	761.000000	6.000000	0.282981	0.000000	0.000000	6.877240e+04
20001	762.000000	6.000000	0.281123	0.000000	0.000000	8.129807e+04
20001	763.000000	6.000000	0.279644	0.000000	0.000000	8.794721e+04
20001	764.000000	6.000000	0.276446	0.000000	0.000000	9.211000e+04
20001	765.000000	6.000000	0.274065	0.000000	0.000000	6.813607e+04
20001	766.000000	6.000000	0.271792	0.000000	0.000000	7.194297e+04
20001	767.000000	6.000000	0.268649	0.000000	0.000000	7.466737e+04
20001	768.000000	6.000000	0.266446	0.000000	0.000000	8.677182e+04
20001	769.000000	6.000000	0.264318	0.000000	0.000000	9.882849e+04
20001	770.000000	6.000000	0.261585	0.000000	0.000000	1.484481e+05
20001	771.000000	6.000000	0.258690	0.000000	0.000000	1.048690e+05
20001	772.000000	6.000000	0.256022	0.000000	0.000000	7.858529e+04
20001	773.000000	6.000000	0.254138	0.000000	0.000000	9.298372e+04
20001	774.000000	6.000000	0.250951	0.000000	0.000000	9.854180e+04
20001	775.000000	6.000000	0.247887	0.000000	0.000000	1.302023e+05
20001	776.000000	6.000000	0.244613	0.000000	0.000000	8.602905e+04
20001	777.000000	6.000000	0.241827	0.000000	0.000000	1.080345e+05
20001	778.000000	6.000000	0.239209	0.000000	0.000000	1.128982e+05
20001	779.000000	6.000000	0.236942	0.000000	0.000000	9.199876e+04
20001	780.000000	6.000000	0.234305	0.000000	0.000000	1.081870e+05
20001	781.000000	6.000000	0.231377	0.000000	0.000000	9.602790e+04
20001	782.000000	6.000000	0.228931	0.000000	0.000000	1.000784e+05
20001	783.000000	6.000000	0.226233	0.000000	0.000000	1.650015e+05
20001	784.000000	6.000000	0.222786	0.000000	0.000000	1.820045e+05
20001	785.000000	6.000000	0.219785	0.000000	0.000000	1.871017e+05
20001	786.000000	6.000000	0.217020	0.000000	0.000000	1.673150e+05
20001	787.000000	6.000000	0.214240	0.000000	0.000000	1.030421e+05
20001	788.000000	6.000000	0.211198	0.000000	0.000000	1.277323e+05
20001	789.000000	6.000000	0.207992	0.000000	0.000000	1.252750e+05
20001	790.000000	6.000000	0.205101	0.000000	0.000000	1.204489e+05
20001	791.000000	6.000000	0.201931	0.000000	0.000000	2.424106e+05
20001	792.000000	6.000000	0.198848	0.000000	0.000000	2.472873e+05
20001	793.000000	6.000000	0.195711	0.000000	0.000000	1.747806e+05
20001	794.000000	6.000000	0.192685	0.000000	0.000000	1.546034e+05
20001	795.000000	6.000000	0.189584	0.000000	0.000000	1.721199e+05
20001	796.000000	6.000000	0.185953	0.000000	0.000000	2.020817e+05
20001	797.000000	6.000000	0.182934	0.000000	0.000000	1.821398e+05
20001	798.000000	6.000000	0.180080	0.000000	0.000000	1.774489e+05
20001	799.000000	6.000000	0.177130	0.000000	0.000000	1.984425e+05
20001	800.000000	6.000000	0.173756	0.000000	0.000000	1.742170e+05
20001	801.000000	6.000000	0.170731	0.000000	0.000000	1.478350e+05
20001	802.000000	6.000000	0.167560	0.000000	0.000000	1.209835e+05
20001	803.000000	6.000000	0.164185	0.000000	0.000000	1.490471e+05
20001	804.000000	6.000000	0.161816	0.000000	0.000000	1.514390e+05
20001	805.000000	6.000000	0.158526	0.000000	0.000000	2.807416e+05
20001	806.000000	6.000000	0.155109	0.000000	0.000000	2.480781e+05
20001	807.000000	6.000000	0.152959	0.000000	0.000000	2.007473e+05
20001	808.000000	6.000000	0.150534	0.000000	0.000000	3.673770e+05
20001	809.000000	6.000000	0.147159	0.000000	0.000000	1.997206e+05
20001	810.000000	6.000000	0.144252	0.000000	0.000000	3.592606e+05
20001	811.000000	6.000000	0.141262	0.000000	0.000000	6.097809e+05
20001	812.000000	6.000000	0.137763	0.000000	0.000000	9.371792e+05
20001	813.000000	6.000000	0.135355	0.000000	0.000000	5.591744e+05
20001	814.000000	6.000000	0.132758	0.000000	0.000000	2.272349e+05
20001	815.000000	6.000000	0.130163	0.000000	0.000000	2.233910e+05
20001	816.000000	6.000000	0.127300	0.000000	0.000000	2.656518e+05
20001	817.000000	6.000000	0.124340	0.000000	0.000000	2.733587e+05
20001	818.000000	6.000000	0.122118	0.000000	0.000000	2.236551e+05
20001	819.000000	6.000000	0.119538	0.000000	0.000000	1.491998e+05
20001	820.000000	6.000000	0.117094	0.000000	0.000000	2.780667e+05
20001	821.000000	6.000000	0.114753	0.000000	0.000000	3.864774e+05
20001	822.000000	6.000000	0.111983	0.000000	0.000000	4.521187e+05
20001	823.000000	6.000000	0.109282	0.000000	0.000000	6.598197e+05
20001	824.000000	6.000000	0.106178	0.000000	0.000000	3.469039e+05
20001	825.000000	6.000000	0.103953	0.000000	0.000000	3.947164e+05
20001	826.000000	6.000000	0.101704	0.000000	0.000000	4.515214e+05
20001	827.000000	6.000000	0.099684	0.000000	0.000000	5.116525e+05
20001	828.000000	6.000000	0.097688	0.000000	0.000000	3.221611e+05
20001	829.000000	6.000000	0.096046	0.000000	0.000000	5.667748e+05
20001	830.000000	6.000000	0.093755	0.000000	0.000000	4.613092e+05
20001	831.000000	6.000000	0.091240	0.000000	0.000000	3.126025e+05
20001	832.000000	6.000000	0.089132	0.000000	0.000000	4.779024e+05
20001	833.000000	6.000000	0.087348	0.000000	0.000000	7.142260e+05
20001	834.000000	6.000000	0.085679	0.000000	0.000000	5.411029e+05
20001	835.000000	6.000000	0.083823	0.000000	0.000000	2.285558e+05
20001	836.000000	6.000000	0.081990	0.000000	0.000000	4.233451e+05
20001	837.000000	6.000000	0.080702	0.000000	0.000000	2.823540e+05
20001	838.000000	6.000000	0.078889	0.000000	0.000000	3.404529e+05
20001	839.000000	6.000000	0.076818	0.000000	0.000000	3.249167e+05
20001	840.000000	6.000000	0.075974	0.000000	0.000000	1.875963e+05
20001	841.000000	6.000000	0.074244	0.000000	0.000000	4.230142e+05
20001	842.000000	6.000000	0.072163	0.000000	0.000000	3.595046e+05
20001	843.000000	6.000000	0.070773	0.000000	0.000000	3.869484e+05
20001	844.000000	6.000000	0.070222	0.000000	0.000000	4.107549e+05
20001	845.000000	6.000000	0.069008	0.000000	0.000000	6.489224e+05
20001	846.000000	6.000000	0.068653	0.000000	0.000000	5.724615e+05
20001	847.000000	6.000000	0.067913	0.000000	0.000000	8.704362e+05
20001	848.000000	6.000000	0.066165	0.000000	0.000000	5.910678e+05
20001	849.000000	6.000000	0.064196	0.000000	0.000000	5.930698e+05
20001	850.000000	6.000000	0.062545	0.000000	0.000000	5.149070e+05
20001	851.000000	6.000000	0.061835	0.000000	0.000000	5.458398e+05
20001	852.000000	6.000000	0.061719	0.000000	0.000000	4.278904e+05
20001	853.000000	6.000000	0.061270	0.000000	0.000000	4.124971e+05
20001	854.000000	6.000000	0.061074	0.000000	0.000000	5.694921e+05
20001	855.000000	6.000000	0.059678	0.000000	0.000000	7.148253e+05
20001	856.000000	6.000000	0.059628	0.000000	0.000000	2.242439e+05
20001	857.000000	6.000000	0.059332	0.000000	0.000000	4.441730e+05
20001	858.000000	6.000000	0.058107	0.000000	0.000000	5.480003e+05
20001	859.000000	6.000000	0.057865	0.000000	0.000000	7.527979e+05
20001	860.000000	6.000000	0.057506	0.000000	0.000000	1.048032e+06
20001	861.000000	6.000000	0.057053	0.000000	0.000000	1.104160e+06
20001	862.000000	6.000000	0.057681	0.000000	0.000000	1.211336e+06
20001	863.000000	6.000000	0.058376	0.000000	0.000000	4.645607e+05
20001	864.000000	6.000000	0.058305	0.000000	0.000000	5.226550e+05
20001	865.000000	6.000000	0.057888	0.000000	0.000000	6.365091e+05
20001	866.000000	6.000000	0.058134	0.000000	0.000000	4.438275e+05
20001	867.000000	6.000000	0.057377	0.000000	0.000000	9.055305e+05
20001	868.000000	6.000000	0.057269	0.000000	0.000000	9.858447e+05
20001	869.000000	6.000000	0.058457	0.000000	0.000000	1.186990e+06
20001	870.000000	6.000000	0.058920	0.000000	0.000000	5.961495e+05
20001	871.000000	6.000000	0.059511	0.000000	0.000000	4.959508e+05
20001	872.000000	6.000000	0.060133	0.000000	0.000000	1.150877e+06
20001	873.000000	6.000000	0.060854	0.000000	0.000000	4.463647e+05
20001	874.000000	6.000000	0.061300	0.000000	0.000000	4.260268e+05
20001	875.000000	6.000000	0.061221	0.000000	0.000000	6.701752e+05
20001	876.000000	6.000000	0.061760	0.000000	0.000000	4.225242e+05
20001	877.000000	6.000000	0.062709	0.000000	0.000000	4.806557e+05
20001	878.000000	6.000000	0.063907	0.000000	0.000000	6.019057e+05
20001	879.000000	6.000000	0.064627	0.000000	0.000000	2.825854e+06
20001	880.000000	6.000000	0.065569	0.000000	0.000000	4.310203e+05
20001	881.000000	6.000000	0.066439	0.000000	0.000000	6.625649e+05
20001	882.000000	6.000000	0.067907	0.000000	0.000000	1.501190e+06
20001	883.000000	6.000000	0.068661	0.000000	0.000000	1.000000e+07
20001	884.000000	6.000000	0.069452	0.000000	0.000000	1.926310e+06
20001	885.000000	6.000000	0.070598	0.000000	0.000000	1.155861e+06
20001	886.000000	6.000000	0.071825	0.000000	0.000000	1.115741e+06
20001	887.000000	6.000000	0.073119	0.000000	0.000000	1.441784e+06
20001	888.000000	6.000000	0.074068	0.000000	0.000000	2.552522e+06
20001	889.000000	6.000000	0.075716	0.000000	0.000000	5.667705e+06
20001	890.000000	6.000000	0.077187	0.000000	0.000000	3.522000e+06
20001	891.000000	6.000000	0.078871	0.000000	0.000000	1.433333e+06
20001	892.000000	6.000000	0.080141	0.000000	0.000000	1.323763e+06
20001	893.000000	6.000000	0.081353	0.000000	0.000000	2.094048e+06
20001	894.000000	6.000000	0.082525	0.000000	0.000000	2.280393e+06
20001	895.000000	6.000000	0.084289	0.000000	0.000000	3.025552e+06
20001	896.000000	6.000000	0.085762	0.000000	0.000000	7.338106e+05
20001	897.000000	6.000000	0.087799	0.000000	0.000000	9.021139e+05
20001	898.000000	6.000000	0.089665	0.000000	0.000000	7.633166e+05
20001	899.000000	6.000000	0.091953	0.000000	0.000000	4.748911e+05
20001	900.000000	6.000000	0.093066	0.000000	0.000000	1.065745e+06
20001	901.000000	6.000000	0.095250	0.000000	0.000000	4.573596e+05
20001	902.000000	6.000000	0.096223	0.000000	0.000000	3.240528e+05
20001	903.000000	6.000000	0.097867	0.000000	0.000000	1.273759e+06
20001	904.000000	6.000000	0.099709	0.000000	0.000000	3.416542e+06
20001	905.000000	6.000000	0.101229	0.000000	0.000000	2.009680e+06
20001	906.000000	6.000000	0.103128	0.000000	0.000000	1.496774e+06
20001	907.000000	6.000000	0.105210	0.000000	0.000000	9.808860e+05
20001	908.000000	6.000000	0.107194	0.000000	0.000000	6.770215e+05
20001	909.000000	6.000000	0.108871	0.000000	0.000000	4.058079e+05
20001	910.000000	6.000000	0.111233	0.000000	0.000000	4.237106e+05
20001	911.000000	6.000000	0.113737	0.000000	0.000000	3.581729e+05
20001	912.000000	6.000000	0.115181	0.000000	0.000000	8.566950e+05
20001	913.000000	6.000000	0.117148	0.000000	0.000000	7.640465e+05
20001	914.000000	6.000000	0.119157	0.000000	0.000000	8.817130e+05
20001	915.000000	6.000000	0.121233	0.000000	0.000000	7.529403e+05
20001	916.000000	6.000000	0.123455	0.000000	0.000000	1.107203e+06
20001	917.000000	6.000000	0.125487	0.000000	0.000000	5.700812e+05
20001	918.000000	6.000000	0.127349	0.000000	0.000000	4.756699e+05
20001	919.000000	6.000000	0.129234	0.000000	0.000000	6.058402e+05
20001	920.000000	6.000000	0.131468	0.000000	0.000000	6.019951e+05
20001	921.000000	6.000000	0.133677	0.000000	0.000000	5.146783e+05
20001	922.000000	6.000000	0.135265	0.000000	0.000000	4.554306e+05
20001	923.000000	6.000000	0.137483	0.000000	0.000000	4.406553e+05
20001	924.000000	6.000000	0.139902	0.000000	0.000000	3.411020e+05
20001	925.000000	6.000000	0.141835	0.000000	0.000000	4.977292e+05
20001	926.000000	6.000000	0.143851	0.000000	0.000000	5.193843e+05
20001	927.000000	6.000000	0.145937	0.000000	0.000000	4.589906e+05
20001	928.000000	6.000000	0.147988	0.000000	0.000000	4.242328e+05
20001	929.000000	6.000000	0.150072	0.000000	0.000000	3.100650e+05
20001	930.000000	6.000000	0.152340	0.000000	0.000000	3.127889e+05
20001	931.000000	6.000000	0.154438	0.000000	0.000000	5.577457e+05
20001	932.000000	6.000000	0.156537	0.000000	0.000000	7.441371e+05
20001	933.000000	6.000000	0.158726	0.000000	0.000000	3.250351e+05
20001	934.000000	6.000000	0.160929	0.000000	0.000000	4.993132e+05
20001	935.000000	6.000000	0.163080	0.000000	0.000000	9.762075e+05
20001	936.000000	6.000000	0.165159	0.000000	0.000000	4.746082e+05
20001	937.000000	6.000000	0.167317	0.000000	0.000000	4.309118e+05
20001	938.000000	6.000000	0.169482	0.000000	0.000000	3.620707e+05
20001	939.000000	6.000000	0.171038	0.000000	0.000000	2.901069e+05
20001	940.000000	6.000000	0.172979	0.000000	0.000000	2.111003e+05
20001	941.000000	6.000000	0.175337	0.000000	0.000000	2.751504e+05
20001	942.000000	6.000000	0.177604	0.000000	0.000000	3.664500e+05
20001	943.000000	6.000000	0.179726	0.000000	0.000000	4.220686e+05
20001	944.000000	6.000000	0.181793	0.000000	0.000000	2.924648e+05
20001	945.000000	6.000000	0.183564	0.000000	0.000000	3.142425e+05
20001	946.000000	6.000000	0.185933	0.000000	0.000000	3.208161e+05
20001	947.000000	6.000000	0.188330	0.000000	0.000000	2.000501e+05
20001	948.000000	6.000000	0.189809	0.000000	0.000000	2.146842e+05
20001	949.000000	6.000000	0.191710	0.000000	0.000000	4.142363e+05
20001	950.000000	6.000000	0.193578	0.000000	0.000000	4.410260e+05
20001	951.000000	6.000000	0.195663	0.000000	0.000000	2.080230e+05
20001	952.000000	6.000000	0.198050	0.000000	0.000000	2.601853e+05
20001	953.000000	6.000000	0.199909	0.000000	0.000000	5.089531e+05
20001	954.000000	6.000000	0.201715	0.000000	0.000000	2.680175e+05
20001	955.000000	6.000000	0.203530	0.000000	0.000000	2.041218e+05
20001	956.000000	6.000000	0.204888	0.000000	0.000000	1.559660e+05
20001	957.000000	6.000000	0.207012	0.000000	0.000000	1.147366e+05
20001	958.000000	6.000000	0.209317	0.000000	0.000000	2.842410e+05
20001	959.000000	6.000000	0.210996	0.000000	0.000000	2.419791e+05
20001	960.000000	6.000000	0.211581	0.000000	0.000000	1.912042e+05
20001	961.000000	6.000000	0.213947	0.000000	0.000000	1.783593e+05
20001	962.000000	6.000000	0.216716	0.000000	0.000000	1.717916e+05
20001	963.000000	6.000000	0.218932	0.000000	0.000000	1.709250e+05
20001	964.000000	6.000000	0.219770	0.000000	0.000000	1.385422e+05
20001	965.000000	6.000000	0.221437	0.000000	0.000000	1.740236e+05
20001	966.000000	6.000000	0.223546	0.000000	0.000000	1.808670e+05
20001	967.000000	6.000000	0.225094	0.000000	0.000000	1.151567e+05
20001	968.000000	6.000000	0.226220	0.000000	0.000000	1.734906e+05
20001	969.000000	6.000000	0.228706	0.000000	0.000000	1.505478e+05
20001	970.000000	6.000000	0.230259	0.000000	0.000000	1.650593e+05
20001	971.000000	6.000000	0.231817	0.000000	0.000000	1.651783e+05
20001	972.000000	6.000000	0.234066	0.000000	0.000000	2.657773e+05
20001	973.000000	6.000000	0.235418	0.000000	0.000000	2.881607e+05
20001	974.000000	6.000000	0.237598	0.000000	0.000000	1.851479e+05
20001	975.000000	6.000000	0.238907	0.000000	0.000000	1.295046e+05
20001	976.000000	6.000000	0.240716	0.000000	0.000000	7.290939e+04
20001	977.000000	6.000000	0.241845	0.000000	0.000000	9.982316e+04
20001	978.000000	6.000000	0.243047	0.000000	0.000000	9.634624e+04
20001	979.000000	6.000000	0.244105	0.000000	0.000000	1.664896e+05
20001	980.000000	6.000000	0.245659	0.000000	0.000000	1.041774e+05
20001	981.000000	6.000000	0.248499	0.000000	0.000000	1.440312e+05
20001	982.000000	6.000000	0.251226	0.000000	0.000000	2.717942e+05
20001	983.000000	6.000000	0.252524	0.000000	0.000000	1.166547e+05
20001	984.000000	6.000000	0.252471	0.000000	0.000000	6.847319e+04
20001	985.000000	6.000000	0.253471	0.000000	0.000000	1.040259e+05
20001	986.000000	6.000000	0.255461	0.000000	0.000000	8.698660e+04
20001	987.000000	6.000000	0.256637	0.000000	0.000000	6.588145e+04
20001	988.000000	6.000000	0.258056	0.000000	0.000000	5.468237e+04
20001	989.000000	6.000000	0.260046	0.000000	0.000000	7.418672e+04
20001	990.000000	6.000000	0.261291	0.000000	0.000000	7.535819e+04
20001	991.000000	6.000000	0.263323	0.000000	0.000000	8.296580e+04
20001	992.000000	6.000000	0.264919	0.000000	0.000000	1.174543e+05
20001	993.000000	6.000000	0.266721	0.000000	0.000000	6.754289e+04
20001	994.000000	6.000000	0.266866	0.000000	0.000000	7.635209e+04
20001	995.000000	6.000000	0.267765	0.000000	0.000000	1.024298e+05
20001	996.000000	6.000000	0.269583	0.000000	0.000000	1.136702e+05
20001	997.000000	6.000000	0.270831	0.000000	0.000000	1.044433e+05
20001	998.000000	6.000000	0.272353	0.000000	0.000000	5.658597e+04
20001	999.000000	6.000000	0.273498	0.000000	0.000000	3.268896e+04
20001	1000.000000	6.000000	0.276095	0.000000	0.000000	3.795064e+04
