9.1439 -9.8456 90.0501
9.4454 -9.9348 90.2660
9.5985 -9.9714 91.4488
9.7533 -10.0049 93.3470
9.9098 -10.0366 94.6477
10.0679 -10.0659 95.5243
10.2277 -10.0923 96.1929
10.3892 -10.1159 96.7981
10.5524 -10.1365 97.3358
10.7173 -10.1543 97.7914
10.8839 -10.1693 98.2360
11.0522 -10.1816 98.6830
11.2222 -10.1912 99.0455
11.3940 -10.1981 99.3585
11.5675 -10.2019 99.5694
11.7427 -10.2025 99.6139
11.9198 -10.1998 99.7558
12.0986 -10.1938 99.8273
12.2791 -10.1849 99.9333
12.4615 -10.1734 100.1294
12.6456 -10.1600 100.6047
12.8316 -10.1599 107.3873
13.0194 -10.1618 108.5404
13.2090 -10.1647 110.2001
13.4004 -10.1704 112.9808
13.5937 -10.1861 117.7063
13.7888 -10.1943 117.9454
13.9858 -10.1991 117.8318
14.1846 -10.2005 117.8124
14.3854 -10.1988 117.7534
14.5880 -10.1939 117.7234
14.7925 -10.1861 117.6969
14.9989 -10.1754 117.6708
15.2072 -10.1620 117.6517
