20001	190.000000	6.000000	0.576245	0.000000	0.000000	6.642501e+01
20001	191.000000	6.000000	0.639749	0.000000	0.000000	3.519041e+01
20001	192.000000	6.000000	0.657496	0.000000	0.000000	5.001056e+01
20001	193.000000	6.000000	0.612773	0.000000	0.000000	7.633644e+01
20001	194.000000	6.000000	0.562656	0.000000	0.000000	2.078286e+02
20001	195.000000	6.000000	0.524150	0.000000	0.000000	4.763205e+02
20001	196.000000	6.000000	0.569072	0.000000	0.000000	2.511041e+02
20001	197.000000	6.000000	0.595176	0.000000	0.000000	2.645012e+02
20001	198.000000	6.000000	0.570541	0.000000	0.000000	1.373186e+03
20001	199.000000	6.000000	0.556128	0.000000	0.000000	2.295819e+03
20001	200.000000	6.000000	0.549867	0.000000	0.000000	2.213018e+03
20001	201.000000	6.000000	0.538705	0.000000	0.000000	1.601243e+03
20001	202.000000	6.000000	0.511623	0.000000	0.000000	2.417672e+03
20001	203.000000	6.000000	0.500901	0.000000	0.000000	3.989730e+03
20001	204.000000	6.000000	0.506045	0.000000	0.000000	5.137235e+03
20001	205.000000	6.000000	0.499714	0.000000	0.000000	2.103280e+03
20001	206.000000	6.000000	0.488956	0.000000	0.000000	4.382744e+03
20001	207.000000	6.000000	0.479586	0.000000	0.000000	2.255526e+04
20001	208.000000	6.000000	0.466759	0.000000	0.000000	5.137037e+03
20001	209.000000	6.000000	0.454728	0.000000	0.000000	9.892768e+03
20001	210.000000	6.000000	0.451181	0.000000	0.000000	1.037675e+04
20001	211.000000	6.000000	0.447894	0.000000	0.000000	9.923441e+03
20001	212.000000	6.000000	0.436675	0.000000	0.000000	5.502064e+03
20001	213.000000	6.000000	0.431225	0.000000	0.000000	4.787709e+03
20001	214.000000	6.000000	0.428262	0.000000	0.000000	2.630838e+04
20001	215.000000	6.000000	0.423862	0.000000	0.000000	1.292540e+04
20001	216.000000	6.000000	0.426459	0.000000	0.000000	2.682174e+04
20001	217.000000	6.000000	0.424221	0.000000	0.000000	2.252374e+04
20001	218.000000	6.000000	0.420827	0.000000	0.000000	2.458782e+04
20001	219.000000	6.000000	0.418646	0.000000	0.000000	1.859316e+04
20001	220.000000	6.000000	0.420073	0.000000	0.000000	3.333300e+04
20001	221.000000	6.000000	0.422761	0.000000	0.000000	2.780509e+04
20001	222.000000	6.000000	0.423049	0.000000	0.000000	2.296071e+04
20001	223.000000	6.000000	0.423480	0.000000	0.000000	1.928334e+04
20001	224.000000	6.000000	0.426177	0.000000	0.000000	2.498543e+04
20001	225.000000	6.000000	0.427647	0.000000	0.000000	1.786359e+04
20001	226.000000	6.000000	0.428892	0.000000	0.000000	1.939299e+04
20001	227.000000	6.000000	0.431333	0.000000	0.000000	2.578483e+04
20001	228.000000	6.000000	0.435045	0.000000	0.000000	2.986987e+04
20001	229.000000	6.000000	0.432020	0.000000	0.000000	3.041857e+04
20001	230.000000	6.000000	0.431739	0.000000	0.000000	3.560602e+04
20001	231.000000	6.000000	0.434336	0.000000	0.000000	2.716507e+04
20001	232.000000	6.000000	0.433628	0.000000	0.000000	2.747146e+04
20001	233.000000	6.000000	0.436462	0.000000	0.000000	2.317488e+04
20001	234.000000	6.000000	0.441602	0.000000	0.000000	2.548817e+04
20001	235.000000	6.000000	0.445676	0.000000	0.000000	2.135030e+04
20001	236.000000	6.000000	0.450054	0.000000	0.000000	2.239533e+04
20001	237.000000	6.000000	0.455916	0.000000	0.000000	2.677076e+04
20001	238.000000	6.000000	0.462698	0.000000	0.000000	2.696640e+04
20001	239.000000	6.000000	0.471650	0.000000	0.000000	1.812225e+04
20001	240.000000	6.000000	0.480324	0.000000	0.000000	1.975433e+04
20001	241.000000	6.000000	0.489245	0.000000	0.000000	2.017060e+04
20001	242.000000	6.000000	0.498675	0.000000	0.000000	1.512989e+04
20001	243.000000	6.000000	0.508528	0.000000	0.000000	1.564985e+04
20001	244.000000	6.000000	0.518786	0.000000	0.000000	1.440993e+04
20001	245.000000	6.000000	0.528882	0.000000	0.000000	1.509971e+04
20001	246.000000	6.000000	0.537895	0.000000	0.000000	2.096581e+04
20001	247.000000	6.000000	0.546206	0.000000	0.000000	1.860149e+04
20001	248.000000	6.000000	0.555616	0.000000	0.000000	1.381448e+04
20001	249.000000	6.000000	0.565030	0.000000	0.000000	1.190620e+04
20001	250.000000	6.000000	0.574603	0.000000	0.000000	1.270726e+04
20001	251.000000	6.000000	0.583991	0.000000	0.000000	1.370093e+04
20001	252.000000	6.000000	0.594818	0.000000	0.000000	1.638718e+04
20001	253.000000	6.000000	0.602765	0.000000	0.000000	1.436761e+04
20001	254.000000	6.000000	0.610495	0.000000	0.000000	1.415755e+04
20001	255.000000	6.000000	0.619437	0.000000	0.000000	1.235189e+04
20001	256.000000	6.000000	0.627287	0.000000	0.000000	1.228387e+04
20001	257.000000	6.000000	0.635273	0.000000	0.000000	1.117470e+04
20001	258.000000	6.000000	0.644072	0.000000	0.000000	1.010301e+04
20001	259.000000	6.000000	0.652292	0.000000	0.000000	1.134825e+04
20001	260.000000	6.000000	0.656615	0.000000	0.000000	1.044111e+04
20001	261.000000	6.000000	0.665065	0.000000	0.000000	1.025281e+04
20001	262.000000	6.000000	0.672953	0.000000	0.000000	9.129121e+03
20001	263.000000	6.000000	0.677461	0.000000	0.000000	1.024930e+04
20001	264.000000	6.000000	0.684071	0.000000	0.000000	1.120707e+04
20001	265.000000	6.000000	0.691483	0.000000	0.000000	1.078270e+04
20001	266.000000	6.000000	0.697221	0.000000	0.000000	9.291165e+03
20001	267.000000	6.000000	0.701079	0.000000	0.000000	9.197549e+03
20001	268.000000	6.000000	0.706120	0.000000	0.000000	1.183337e+04
20001	269.000000	6.000000	0.711105	0.000000	0.000000	1.225797e+04
20001	270.000000	6.000000	0.714228	0.000000	0.000000	9.695807e+03
20001	271.000000	6.000000	0.717511	0.000000	0.000000	7.923522e+03
20001	272.000000	6.000000	0.720079	0.000000	0.000000	9.320501e+03
20001	273.000000	6.000000	0.721294	0.000000	0.000000	1.101772e+04
20001	274.000000	6.000000	0.721935	0.000000	0.000000	1.049268e+04
20001	275.000000	6.000000	0.722140	0.000000	0.000000	1.143661e+04
20001	276.000000	6.000000	0.722182	0.000000	0.000000	1.295121e+04
20001	277.000000	6.000000	0.723148	0.000000	0.000000	1.121553e+04
20001	278.000000	6.000000	0.721268	0.000000	0.000000	1.049220e+04
20001	279.000000	6.000000	0.719421	0.000000	0.000000	1.042452e+04
20001	280.000000	6.000000	0.719162	0.000000	0.000000	9.754201e+03
20001	281.000000	6.000000	0.717142	0.000000	0.000000	8.634149e+03
20001	282.000000	6.000000	0.716685	0.000000	0.000000	8.452866e+03
20001	283.000000	6.000000	0.715533	0.000000	0.000000	1.182557e+04
20001	284.000000	6.000000	0.712268	0.000000	0.000000	1.117011e+04
20001	285.000000	6.000000	0.709779	0.000000	0.000000	9.312194e+03
20001	286.000000	6.000000	0.707173	0.000000	0.000000	1.071596e+04
20001	287.000000	6.000000	0.703768	0.000000	0.000000	1.304421e+04
20001	288.000000	6.000000	0.698287	0.000000	0.000000	1.201442e+04
20001	289.000000	6.000000	0.693252	0.000000	0.000000	1.372277e+04
20001	290.000000	6.000000	0.687475	0.000000	0.000000	1.392379e+04
20001	291.000000	6.000000	0.678845	0.000000	0.000000	1.112077e+04
20001	292.000000	6.000000	0.672429	0.000000	0.000000	1.155399e+04
20001	293.000000	6.000000	0.665729	0.000000	0.000000	1.132261e+04
20001	294.000000	6.000000	0.659974	0.000000	0.000000	1.388405e+04
20001	295.000000	6.000000	0.653544	0.000000	0.000000	1.594380e+04
20001	296.000000	6.000000	0.646847	0.000000	0.000000	1.940010e+04
20001	297.000000	6.000000	0.641990	0.000000	0.000000	1.865714e+04
20001	298.000000	6.000000	0.637963	0.000000	0.000000	1.370611e+04
20001	299.000000	6.000000	0.632594	0.000000	0.000000	1.343117e+04
20001	300.000000	6.000000	0.628548	0.000000	0.000000	1.947814e+04
20001	301.000000	6.000000	0.625096	0.000000	0.000000	1.715007e+04
20001	302.000000	6.000000	0.620539	0.000000	0.000000	1.501454e+04
20001	303.000000	6.000000	0.618081	0.000000	0.000000	1.206421e+04
20001	304.000000	6.000000	0.616463	0.000000	0.000000	1.193253e+04
20001	305.000000	6.000000	0.611459	0.000000	0.000000	1.583044e+04
20001	306.000000	6.000000	0.608688	0.000000	0.000000	1.477265e+04
20001	307.000000	6.000000	0.606751	0.000000	0.000000	1.117369e+04
20001	308.000000	6.000000	0.604005	0.000000	0.000000	1.630991e+04
20001	309.000000	6.000000	0.600506	0.000000	0.000000	1.619627e+04
20001	310.000000	6.000000	0.598002	0.000000	0.000000	1.338356e+04
20001	311.000000	6.000000	0.596342	0.000000	0.000000	1.322789e+04
20001	312.000000	6.000000	0.593673	0.000000	0.000000	1.349134e+04
20001	313.000000	6.000000	0.592181	0.000000	0.000000	1.784868e+04
20001	314.000000	6.000000	0.589916	0.000000	0.000000	1.951514e+04
20001	315.000000	6.000000	0.587257	0.000000	0.000000	1.667745e+04
20001	316.000000	6.000000	0.586552	0.000000	0.000000	1.368335e+04
20001	317.000000	6.000000	0.584319	0.000000	0.000000	1.423106e+04
20001	318.000000	6.000000	0.581973	0.000000	0.000000	1.478400e+04
20001	319.000000	6.000000	0.580859	0.000000	0.000000	1.650683e+04
20001	320.000000	6.000000	0.577620	0.000000	0.000000	1.453275e+04
20001	321.000000	6.000000	0.575991	0.000000	0.000000	1.963526e+04
20001	322.000000	6.000000	0.575434	0.000000	0.000000	1.755453e+04
20001	323.000000	6.000000	0.574208	0.000000	0.000000	1.439926e+04
20001	324.000000	6.000000	0.572903	0.000000	0.000000	1.757292e+04
20001	325.000000	6.000000	0.571586	0.000000	0.000000	1.920231e+04
20001	326.000000	6.000000	0.570522	0.000000	0.000000	2.025931e+04
20001	327.000000	6.000000	0.568878	0.000000	0.000000	1.418379e+04
20001	328.000000	6.000000	0.566393	0.000000	0.000000	1.038621e+04
20001	329.000000	6.000000	0.565788	0.000000	0.000000	1.686725e+04
20001	330.000000	6.000000	0.563191	0.000000	0.000000	1.123867e+04
20001	331.000000	6.000000	0.560505	0.000000	0.000000	1.247873e+04
20001	332.000000	6.000000	0.558804	0.000000	0.000000	2.663408e+04
20001	333.000000	6.000000	0.557374	0.000000	0.000000	2.518694e+04
20001	334.000000	6.000000	0.556786	0.000000	0.000000	1.896335e+04
20001	335.000000	6.000000	0.555524	0.000000	0.000000	1.104256e+04
20001	336.000000	6.000000	0.553661	0.000000	0.000000	1.356102e+04
20001	337.000000	6.000000	0.553354	0.000000	0.000000	1.835329e+04
20001	338.000000	6.000000	0.552518	0.000000	0.000000	1.624710e+04
20001	339.000000	6.000000	0.550629	0.000000	0.000000	3.157286e+04
20001	340.000000	6.000000	0.547771	0.000000	0.000000	1.588904e+04
20001	341.000000	6.000000	0.547640	0.000000	0.000000	1.296154e+04
20001	342.000000	6.000000	0.546662	0.000000	0.000000	2.261781e+04
20001	343.000000	6.000000	0.546347	0.000000	0.000000	1.924916e+04
20001	344.000000	6.000000	0.549113	0.000000	0.000000	1.338860e+04
20001	345.000000	6.000000	0.545044	0.000000	0.000000	2.078413e+04
20001	346.000000	6.000000	0.544508	0.000000	0.000000	1.472262e+04
20001	347.000000	6.000000	0.542112	0.000000	0.000000	1.537695e+04
20001	348.000000	6.000000	0.543589	0.000000	0.000000	1.545401e+04
20001	349.000000	6.000000	0.543373	0.000000	0.000000	1.295880e+04
20001	350.000000	6.000000	0.543941	0.000000	0.000000	1.497486e+04
20001	351.000000	6.000000	0.543859	0.000000	0.000000	2.394503e+04
20001	352.000000	6.000000	0.544360	0.000000	0.000000	2.149069e+04
20001	353.000000	6.000000	0.543850	0.000000	0.000000	1.846686e+04
20001	354.000000	6.000000	0.544624	0.000000	0.000000	2.159300e+04
20001	355.000000	6.000000	0.545099	0.000000	0.000000	2.213119e+04
20001	356.000000	6.000000	0.544204	0.000000	0.000000	1.173354e+04
20001	357.000000	6.000000	0.545834	0.000000	0.000000	1.423039e+04
20001	358.000000	6.000000	0.546375	0.000000	0.000000	2.045715e+04
20001	359.000000	6.000000	0.546450	0.000000	0.000000	2.628856e+04
20001	360.000000	6.000000	0.545181	0.000000	0.000000	2.436912e+04
20001	361.000000	6.000000	0.545609	0.000000	0.000000	2.032800e+04
20001	362.000000	6.000000	0.546607	0.000000	0.000000	1.611795e+04
20001	363.000000	6.000000	0.545404	0.000000	0.000000	1.887090e+04
20001	364.000000	6.000000	0.544009	0.000000	0.000000	2.153741e+04
20001	365.000000	6.000000	0.540305	0.000000	0.000000	1.742116e+04
20001	366.000000	6.000000	0.536261	0.000000	0.000000	1.743238e+04
20001	367.000000	6.000000	0.532701	0.000000	0.000000	1.829745e+04
20001	368.000000	6.000000	0.528949	0.000000	0.000000	1.098357e+04
20001	369.000000	6.000000	0.524561	0.000000	0.000000	1.329193e+04
20001	370.000000	6.000000	0.520107	0.000000	0.000000	2.777969e+04
20001	371.000000	6.000000	0.515261	0.000000	0.000000	2.651309e+04
20001	372.000000	6.000000	0.508509	0.000000	0.000000	2.702624e+04
20001	373.000000	6.000000	0.503007	0.000000	0.000000	2.517401e+04
20001	374.000000	6.000000	0.496180	0.000000	0.000000	2.357127e+04
20001	375.000000	6.000000	0.487703	0.000000	0.000000	2.273972e+04
20001	376.000000	6.000000	0.480005	0.000000	0.000000	2.303302e+04
20001	377.000000	6.000000	0.473136	0.000000	0.000000	2.491161e+04
20001	378.000000	6.000000	0.467633	0.000000	0.000000	1.940875e+04
20001	379.000000	6.000000	0.462004	0.000000	0.000000	1.679058e+04
20001	380.000000	6.000000	0.452327	0.000000	0.000000	8.758885e+03
20001	381.000000	6.000000	0.447623	0.000000	0.000000	1.082110e+04
20001	382.000000	6.000000	0.441684	0.000000	0.000000	2.586604e+04
20001	383.000000	6.000000	0.435284	0.000000	0.000000	2.879447e+04
20001	384.000000	6.000000	0.428958	0.000000	0.000000	3.944802e+04
20001	385.000000	6.000000	0.422449	0.000000	0.000000	3.566671e+04
20001	386.000000	6.000000	0.416851	0.000000	0.000000	3.079815e+04
20001	387.000000	6.000000	0.412125	0.000000	0.000000	4.483711e+04
20001	388.000000	6.000000	0.406108	0.000000	0.000000	6.543393e+04
20001	389.000000	6.000000	0.401448	0.000000	0.000000	5.938079e+04
20001	390.000000	6.000000	0.396754	0.000000	0.000000	4.917359e+04
20001	391.000000	6.000000	0.390796	0.000000	0.000000	5.681770e+04
20001	392.000000	6.000000	0.385425	0.000000	0.000000	5.468859e+04
20001	393.000000	6.000000	0.380999	0.000000	0.000000	3.540259e+04
20001	394.000000	6.000000	0.377080	0.000000	0.000000	5.957597e+04
20001	395.000000	6.000000	0.372838	0.000000	0.000000	5.384748e+04
20001	396.000000	6.000000	0.369460	0.000000	0.000000	3.490624e+04
20001	397.000000	6.000000	0.364219	0.000000	0.000000	4.449903e+04
20001	398.000000	6.000000	0.359936	0.000000	0.000000	4.445973e+04
20001	399.000000	6.000000	0.355740	0.000000	0.000000	6.372026e+04
20001	400.000000	6.000000	0.351967	0.000000	0.000000	5.814904e+04
20001	401.000000	6.000000	0.346446	0.000000	0.000000	6.543373e+04
20001	402.000000	6.000000	0.342926	0.000000	0.000000	6.203593e+04
20001	403.000000	6.000000	0.338884	0.000000	0.000000	6.418831e+04
20001	404.000000	6.000000	0.335352	0.000000	0.000000	6.693541e+04
20001	405.000000	6.000000	0.332452	0.000000	0.000000	7.951342e+04
20001	406.000000	6.000000	0.328690	0.000000	0.000000	5.910968e+04
20001	407.000000	6.000000	0.324992	0.000000	0.000000	6.036213e+04
20001	408.000000	6.000000	0.321694	0.000000	0.000000	6.473775e+04
20001	409.000000	6.000000	0.317615	0.000000	0.000000	6.182119e+04
20001	410.000000	6.000000	0.313271	0.000000	0.000000	6.862713e+04
20001	411.000000	6.000000	0.309761	0.000000	0.000000	8.275512e+04
20001	412.000000	6.000000	0.306802	0.000000	0.000000	6.759801e+04
20001	413.000000	6.000000	0.303963	0.000000	0.000000	8.278903e+04
20001	414.000000	6.000000	0.300773	0.000000	0.000000	7.930441e+04
20001	415.000000	6.000000	0.297415	0.000000	0.000000	8.436087e+04
20001	416.000000	6.000000	0.293807	0.000000	0.000000	1.373612e+05
20001	417.000000	6.000000	0.290678	0.000000	0.000000	1.052824e+05
20001	418.000000	6.000000	0.287420	0.000000	0.000000	8.566198e+04
20001	419.000000	6.000000	0.283792	0.000000	0.000000	1.286457e+05
20001	420.000000	6.000000	0.280742	0.000000	0.000000	1.222186e+05
20001	421.000000	6.000000	0.278204	0.000000	0.000000	1.333099e+05
20001	422.000000	6.000000	0.275738	0.000000	0.000000	1.308350e+05
20001	423.000000	6.000000	0.272922	0.000000	0.000000	1.441767e+05
20001	424.000000	6.000000	0.270107	0.000000	0.000000	1.164212e+05
20001	425.000000	6.000000	0.267261	0.000000	0.000000	1.090135e+05
20001	426.000000	6.000000	0.263929	0.000000	0.000000	1.103030e+05
20001	427.000000	6.000000	0.260996	0.000000	0.000000	1.079067e+05
20001	428.000000	6.000000	0.258310	0.000000	0.000000	9.786552e+04
20001	429.000000	6.000000	0.255624	0.000000	0.000000	1.212956e+05
20001	430.000000	6.000000	0.252777	0.000000	0.000000	1.627955e+05
20001	431.000000	6.000000	0.250620	0.000000	0.000000	1.344530e+05
20001	432.000000	6.000000	0.248767	0.000000	0.000000	2.431658e+05
20001	433.000000	6.000000	0.245685	0.000000	0.000000	1.740356e+05
20001	434.000000	6.000000	0.242993	0.000000	0.000000	1.460474e+05
20001	435.000000	6.000000	0.240187	0.000000	0.000000	1.671817e+05
20001	436.000000	6.000000	0.237539	0.000000	0.000000	1.613939e+05
20001	437.000000	6.000000	0.235019	0.000000	0.000000	1.511089e+05
20001	438.000000	6.000000	0.232679	0.000000	0.000000	1.344060e+05
20001	439.000000	6.000000	0.230294	0.000000	0.000000	1.558788e+05
20001	440.000000	6.000000	0.228055	0.000000	0.000000	1.263901e+05
20001	441.000000	6.000000	0.226005	0.000000	0.000000	1.636171e+05
20001	442.000000	6.000000	0.223396	0.000000	0.000000	1.959756e+05
20001	443.000000	6.000000	0.221243	0.000000	0.000000	2.743048e+05
20001	444.000000	6.000000	0.218558	0.000000	0.000000	1.945690e+05
20001	445.000000	6.000000	0.216385	0.000000	0.000000	1.378843e+05
20001	446.000000	6.000000	0.214174	0.000000	0.000000	1.987751e+05
20001	447.000000	6.000000	0.212395	0.000000	0.000000	2.302998e+05
20001	448.000000	6.000000	0.210359	0.000000	0.000000	1.528696e+05
20001	449.000000	6.000000	0.208295	0.000000	0.000000	1.794453e+05
20001	450.000000	6.000000	0.206139	0.000000	0.000000	2.136032e+05
20001	451.000000	6.000000	0.204089	0.000000	0.000000	2.146175e+05
20001	452.000000	6.000000	0.202158	0.000000	0.000000	2.173350e+05
20001	453.000000	6.000000	0.199943	0.000000	0.000000	2.631533e+05
20001	454.000000	6.000000	0.197807	0.000000	0.000000	2.608552e+05
20001	455.000000	6.000000	0.195846	0.000000	0.000000	2.579990e+05
20001	456.000000	6.000000	0.194014	0.000000	0.000000	2.526239e+05
20001	457.000000	6.000000	0.192298	0.000000	0.000000	2.393421e+05
20001	458.000000	6.000000	0.190397	0.000000	0.000000	2.704535e+05
20001	459.000000	6.000000	0.188625	0.000000	0.000000	2.408958e+05
20001	460.000000	6.000000	0.186913	0.000000	0.000000	1.833362e+05
20001	461.000000	6.000000	0.184958	0.000000	0.000000	2.526909e+05
20001	462.000000	6.000000	0.183035	0.000000	0.000000	3.005670e+05
20001	463.000000	6.000000	0.181336	0.000000	0.000000	2.706798e+05
20001	464.000000	6.000000	0.179761	0.000000	0.000000	2.489540e+05
20001	465.000000	6.000000	0.177906	0.000000	0.000000	2.491555e+05
20001	466.000000	6.000000	0.176204	0.000000	0.000000	3.153713e+05
20001	467.000000	6.000000	0.174560	0.000000	0.000000	3.353440e+05
20001	468.000000	6.000000	0.173004	0.000000	0.000000	2.933133e+05
20001	469.000000	6.000000	0.171180	0.000000	0.000000	2.803399e+05
20001	470.000000	6.000000	0.169334	0.000000	0.000000	2.978403e+05
20001	471.000000	6.000000	0.167580	0.000000	0.000000	3.140276e+05
20001	472.000000	6.000000	0.166355	0.000000	0.000000	3.533370e+05
20001	473.000000	6.000000	0.164803	0.000000	0.000000	3.068157e+05
20001	474.000000	6.000000	0.163544	0.000000	0.000000	2.893542e+05
20001	475.000000	6.000000	0.162099	0.000000	0.000000	2.837032e+05
20001	476.000000	6.000000	0.160718	0.000000	0.000000	2.901878e+05
20001	477.000000	6.000000	0.159134	0.000000	0.000000	3.521782e+05
20001	478.000000	6.000000	0.157882	0.000000	0.000000	3.142691e+05
20001	479.000000	6.000000	0.156105	0.000000	0.000000	2.929984e+05
20001	480.000000	6.000000	0.154919	0.000000	0.000000	2.451348e+05
20001	481.000000	6.000000	0.153402	0.000000	0.000000	3.021161e+05
20001	482.000000	6.000000	0.152159	0.000000	0.000000	3.400645e+05
20001	483.000000	6.000000	0.150922	0.000000	0.000000	3.527903e+05
20001	484.000000	6.000000	0.149836	0.000000	0.000000	3.240348e+05
20001	485.000000	6.000000	0.148367	0.000000	0.000000	3.382518e+05
20001	486.000000	6.000000	0.147097	0.000000	0.000000	2.999890e+05
20001	487.000000	6.000000	0.145924	0.000000	0.000000	3.294176e+05
20001	488.000000	6.000000	0.144401	0.000000	0.000000	3.034514e+05
20001	489.000000	6.000000	0.143388	0.000000	0.000000	3.976368e+05
20001	490.000000	6.000000	0.142204	0.000000	0.000000	3.259481e+05
20001	491.000000	6.000000	0.141107	0.000000	0.000000	3.599642e+05
20001	492.000000	6.000000	0.140164	0.000000	0.000000	3.631557e+05
20001	493.000000	6.000000	0.138952	0.000000	0.000000	4.108630e+05
20001	494.000000	6.000000	0.137732	0.000000	0.000000	3.915629e+05
20001	495.000000	6.000000	0.136630	0.000000	0.000000	3.833229e+05
20001	496.000000	6.000000	0.135447	0.000000	0.000000	5.036417e+05
20001	497.000000	6.000000	0.134181	0.000000	0.000000	5.889574e+05
20001	498.000000	6.000000	0.133157	0.000000	0.000000	6.214915e+05
20001	499.000000	6.000000	0.132132	0.000000	0.000000	5.386377e+05
20001	500.000000	6.000000	0.131180	0.000000	0.000000	4.870917e+05
20001	501.000000	6.000000	0.130135	0.000000	0.000000	5.681478e+05
20001	502.000000	6.000000	0.129260	0.000000	0.000000	5.989223e+05
20001	503.000000	6.000000	0.128385	0.000000	0.000000	4.720327e+05
20001	504.000000	6.000000	0.127264	0.000000	0.000000	4.152085e+05
20001	505.000000	6.000000	0.126114	0.000000	0.000000	4.666721e+05
20001	506.000000	6.000000	0.125068	0.000000	0.000000	4.888059e+05
20001	507.000000	6.000000	0.124258	0.000000	0.000000	5.429071e+05
20001	508.000000	6.000000	0.123361	0.000000	0.000000	4.740429e+05
20001	509.000000	6.000000	0.122564	0.000000	0.000000	5.156284e+05
20001	510.000000	6.000000	0.121920	0.000000	0.000000	5.277376e+05
20001	511.000000	6.000000	0.121053	0.000000	0.000000	5.127030e+05
20001	512.000000	6.000000	0.120155	0.000000	0.000000	5.372228e+05
20001	513.000000	6.000000	0.119184	0.000000	0.000000	4.322142e+05
20001	514.000000	6.000000	0.118350	0.000000	0.000000	4.252458e+05
20001	515.000000	6.000000	0.117488	0.000000	0.000000	4.571341e+05
20001	516.000000	6.000000	0.116768	0.000000	0.000000	4.942946e+05
20001	517.000000	6.000000	0.116159	0.000000	0.000000	4.374649e+05
20001	518.000000	6.000000	0.115505	0.000000	0.000000	5.477209e+05
20001	519.000000	6.000000	0.114858	0.000000	0.000000	4.752509e+05
20001	520.000000	6.000000	0.114215	0.000000	0.000000	4.930389e+05
20001	521.000000	6.000000	0.113372	0.000000	0.000000	3.247885e+05
20001	522.000000	6.000000	0.112508	0.000000	0.000000	5.091188e+05
20001	523.000000	6.000000	0.111824	0.000000	0.000000	4.861871e+05
20001	524.000000	6.000000	0.111020	0.000000	0.000000	5.101095e+05
20001	525.000000	6.000000	0.110294	0.000000	0.000000	5.263731e+05
20001	526.000000	6.000000	0.109779	0.000000	0.000000	5.353602e+05
20001	527.000000	6.000000	0.109178	0.000000	0.000000	5.351395e+05
20001	528.000000	6.000000	0.108700	0.000000	0.000000	4.938578e+05
20001	529.000000	6.000000	0.108008	0.000000	0.000000	4.425586e+05
20001	530.000000	6.000000	0.107428	0.000000	0.000000	5.351422e+05
20001	531.000000	6.000000	0.106601	0.000000	0.000000	4.858952e+05
20001	532.000000	6.000000	0.106079	0.000000	0.000000	5.063986e+05
20001	533.000000	6.000000	0.105436	0.000000	0.000000	5.469607e+05
20001	534.000000	6.000000	0.104944	0.000000	0.000000	4.470173e+05
20001	535.000000	6.000000	0.104522	0.000000	0.000000	4.856509e+05
20001	536.000000	6.000000	0.104221	0.000000	0.000000	6.188585e+05
20001	537.000000	6.000000	0.103605	0.000000	0.000000	6.314152e+05
20001	538.000000	6.000000	0.103156	0.000000	0.000000	5.955609e+05
20001	539.000000	6.000000	0.102643	0.000000	0.000000	6.228930e+05
20001	540.000000	6.000000	0.101921	0.000000	0.000000	5.179361e+05
20001	541.000000	6.000000	0.101398	0.000000	0.000000	5.587874e+05
20001	542.000000	6.000000	0.100982	0.000000	0.000000	6.443961e+05
20001	543.000000	6.000000	0.100519	0.000000	0.000000	6.598751e+05
20001	544.000000	6.000000	0.100210	0.000000	0.000000	5.792425e+05
20001	545.000000	6.000000	0.099941	0.000000	0.000000	5.682979e+05
20001	546.000000	6.000000	0.099544	0.000000	0.000000	5.426799e+05
20001	547.000000	6.000000	0.099184	0.000000	0.000000	4.642242e+05
20001	548.000000	6.000000	0.098779	0.000000	0.000000	4.163075e+05
20001	549.000000	6.000000	0.098335	0.000000	0.000000	4.151369e+05
20001	550.000000	6.000000	0.097958	0.000000	0.000000	4.315484e+05
20001	551.000000	6.000000	0.097618	0.000000	0.000000	4.303900e+05
20001	552.000000	6.000000	0.097264	0.000000	0.000000	4.365772e+05
20001	553.000000	6.000000	0.096932	0.000000	0.000000	4.794981e+05
20001	554.000000	6.000000	0.096654	0.000000	0.000000	5.306201e+05
20001	555.000000	6.000000	0.096273	0.000000	0.000000	5.868321e+05
20001	556.000000	6.000000	0.095890	0.000000	0.000000	6.561024e+05
20001	557.000000	6.000000	0.095422	0.000000	0.000000	8.880801e+05
20001	558.000000	6.000000	0.095014	0.000000	0.000000	1.010624e+06
20001	559.000000	6.000000	0.094630	0.000000	0.000000	1.290550e+06
20001	560.000000	6.000000	0.094284	0.000000	0.000000	1.189378e+06
20001	561.000000	6.000000	0.094001	0.000000	0.000000	1.368490e+06
20001	562.000000	6.000000	0.093807	0.000000	0.000000	1.287789e+06
20001	563.000000	6.000000	0.093672	0.000000	0.000000	1.395449e+06
20001	564.000000	6.000000	0.093548	0.000000	0.000000	1.352930e+06
20001	565.000000	6.000000	0.093256	0.000000	0.000000	1.337483e+06
20001	566.000000	6.000000	0.092857	0.000000	0.000000	1.578959e+06
20001	567.000000	6.000000	0.092625	0.000000	0.000000	1.548443e+06
20001	568.000000	6.000000	0.092330	0.000000	0.000000	1.388079e+06
20001	569.000000	6.000000	0.092219	0.000000	0.000000	1.298158e+06
20001	570.000000	6.000000	0.092137	0.000000	0.000000	1.401919e+06
20001	571.000000	6.000000	0.091899	0.000000	0.000000	1.745774e+06
20001	572.000000	6.000000	0.091791	0.000000	0.000000	1.972092e+06
20001	573.000000	6.000000	0.091673	0.000000	0.000000	1.454847e+06
20001	574.000000	6.000000	0.091421	0.000000	0.000000	1.449296e+06
20001	575.000000	6.000000	0.091088	0.000000	0.000000	1.102740e+06
20001	576.000000	6.000000	0.090813	0.000000	0.000000	1.264683e+06
20001	577.000000	6.000000	0.090764	0.000000	0.000000	1.122043e+06
20001	578.000000	6.000000	0.090697	0.000000	0.000000	1.321832e+06
20001	579.000000	6.000000	0.090727	0.000000	0.000000	1.289685e+06
20001	580.000000	6.000000	0.090591	0.000000	0.000000	1.101531e+06
20001	581.000000	6.000000	0.090474	0.000000	0.000000	1.072814e+06
20001	582.000000	6.000000	0.090323	0.000000	0.000000	1.164181e+06
20001	583.000000	6.000000	0.090034	0.000000	0.000000	1.168586e+06
20001	584.000000	6.000000	0.089909	0.000000	0.000000	1.009966e+06
20001	585.000000	6.000000	0.089827	0.000000	0.000000	9.622806e+05
20001	586.000000	6.000000	0.089705	0.000000	0.000000	1.124796e+06
20001	587.000000	6.000000	0.089685	0.000000	0.000000	1.099447e+06
20001	588.000000	6.000000	0.089792	0.000000	0.000000	1.200926e+06
20001	589.000000	6.000000	0.089770	0.000000	0.000000	1.081183e+06
20001	590.000000	6.000000	0.089713	0.000000	0.000000	9.623182e+05
20001	591.000000	6.000000	0.089549	0.000000	0.000000	9.658549e+05
20001	592.000000	6.000000	0.089382	0.000000	0.000000	1.121909e+06
20001	593.000000	6.000000	0.089362	0.000000	0.000000	1.099193e+06
20001	594.000000	6.000000	0.089346	0.000000	0.000000	1.177553e+06
20001	595.000000	6.000000	0.089272	0.000000	0.000000	1.231581e+06
20001	596.000000	6.000000	0.089288	0.000000	0.000000	1.626539e+06
20001	597.000000	6.000000	0.089455	0.000000	0.000000	1.076438e+06
20001	598.000000	6.000000	0.089512	0.000000	0.000000	1.081206e+06
20001	599.000000	6.000000	0.089491	0.000000	0.000000	1.021973e+06
20001	600.000000	6.000000	0.089448	0.000000	0.000000	8.581360e+05
20001	601.000000	6.000000	0.089320	0.000000	0.000000	1.071753e+06
20001	602.000000	6.000000	0.089197	0.000000	0.000000	1.139018e+06
20001	603.000000	6.000000	0.089216	0.000000	0.000000	9.032157e+05
20001	604.000000	6.000000	0.089306	0.000000	0.000000	9.490962e+05
20001	605.000000	6.000000	0.089327	0.000000	0.000000	1.236572e+06
20001	606.000000	6.000000	0.089517	0.000000	0.000000	1.293092e+06
20001	607.000000	6.000000	0.089447	0.000000	0.000000	1.329409e+06
20001	608.000000	6.000000	0.089555	0.000000	0.000000	8.720594e+05
20001	609.000000	6.000000	0.089454	0.000000	0.000000	9.992855e+05
20001	610.000000	6.000000	0.089421	0.000000	0.000000	1.182582e+06
20001	611.000000	6.000000	0.089438	0.000000	0.000000	1.317882e+06
20001	612.000000	6.000000	0.089507	0.000000	0.000000	1.171462e+06
20001	613.000000	6.000000	0.089658	0.000000	0.000000	1.649330e+06
20001	614.000000	6.000000	0.089915	0.000000	0.000000	1.481190e+06
20001	615.000000	6.000000	0.089901	0.000000	0.000000	1.288339e+06
20001	616.000000	6.000000	0.090090	0.000000	0.000000	9.164178e+05
20001	617.000000	6.000000	0.089937	0.000000	0.000000	1.259937e+06
20001	618.000000	6.000000	0.090031	0.000000	0.000000	1.221158e+06
20001	619.000000	6.000000	0.089847	0.000000	0.000000	9.937356e+05
20001	620.000000	6.000000	0.089962	0.000000	0.000000	1.192183e+06
20001	621.000000	6.000000	0.090121	0.000000	0.000000	1.058132e+06
20001	622.000000	6.000000	0.090433	0.000000	0.000000	9.144132e+05
20001	623.000000	6.000000	0.090569	0.000000	0.000000	9.515139e+05
20001	624.000000	6.000000	0.090636	0.000000	0.000000	1.018424e+06
20001	625.000000	6.000000	0.090881	0.000000	0.000000	1.029400e+06
20001	626.000000	6.000000	0.090949	0.000000	0.000000	1.167092e+06
20001	627.000000	6.000000	0.090861	0.000000	0.000000	1.302079e+06
20001	628.000000	6.000000	0.090813	0.000000	0.000000	1.331103e+06
20001	629.000000	6.000000	0.090961	0.000000	0.000000	1.346847e+06
20001	630.000000	6.000000	0.091126	0.000000	0.000000	1.417091e+06
20001	631.000000	6.000000	0.091393	0.000000	0.000000	1.113653e+06
20001	632.000000	6.000000	0.091806	0.000000	0.000000	9.112361e+05
20001	633.000000	6.000000	0.092036	0.000000	0.000000	9.102440e+05
20001	634.000000	6.000000	0.092116	0.000000	0.000000	1.286754e+06
20001	635.000000	6.000000	0.092113	0.000000	0.000000	1.394171e+06
20001	636.000000	6.000000	0.092222	0.000000	0.000000	1.304284e+06
20001	637.000000	6.000000	0.092172	0.000000	0.000000	1.257674e+06
20001	638.000000	6.000000	0.092242	0.000000	0.000000	1.201184e+06
20001	639.000000	6.000000	0.092520	0.000000	0.000000	1.074956e+06
20001	640.000000	6.000000	0.092867	0.000000	0.000000	1.300579e+06
20001	641.000000	6.000000	0.093120	0.000000	0.000000	1.334183e+06
20001	642.000000	6.000000	0.093356	0.000000	0.000000	1.028383e+06
20001	643.000000	6.000000	0.093485	0.000000	0.000000	7.742991e+05
20001	644.000000	6.000000	0.093220	0.000000	0.000000	9.291186e+05
20001	645.000000	6.000000	0.093239	0.000000	0.000000	1.113932e+06
20001	646.000000	6.000000	0.093553	0.000000	0.000000	9.829771e+05
20001	647.000000	6.000000	0.093693	0.000000	0.000000	1.183619e+06
20001	648.000000	6.000000	0.093974	0.000000	0.000000	1.122739e+06
20001	649.000000	6.000000	0.094369	0.000000	0.000000	1.050472e+06
20001	650.000000	6.000000	0.094634	0.000000	0.000000	1.034794e+06
20001	651.000000	6.000000	0.094877	0.000000	0.000000	1.230947e+06
20001	652.000000	6.000000	0.095060	0.000000	0.000000	1.111312e+06
20001	653.000000	6.000000	0.095236	0.000000	0.000000	9.400390e+05
20001	654.000000	6.000000	0.095045	0.000000	0.000000	9.719837e+05
20001	655.000000	6.000000	0.095473	0.000000	0.000000	8.216873e+05
20001	656.000000	6.000000	0.095687	0.000000	0.000000	1.184989e+06
20001	657.000000	6.000000	0.095801	0.000000	0.000000	8.268164e+05
20001	658.000000	6.000000	0.096317	0.000000	0.000000	1.054391e+06
20001	659.000000	6.000000	0.096512	0.000000	0.000000	1.147079e+06
20001	660.000000	6.000000	0.096669	0.000000	0.000000	7.170013e+05
20001	661.000000	6.000000	0.096714	0.000000	0.000000	1.130338e+06
20001	662.000000	6.000000	0.096686	0.000000	0.000000	1.445946e+06
20001	663.000000	6.000000	0.096905	0.000000	0.000000	1.151677e+06
20001	664.000000	6.000000	0.097166	0.000000	0.000000	8.047447e+05
20001	665.000000	6.000000	0.097527	0.000000	0.000000	1.129185e+06
20001	666.000000	6.000000	0.097793	0.000000	0.000000	1.033690e+06
20001	667.000000	6.000000	0.098182	0.000000	0.000000	9.363475e+05
20001	668.000000	6.000000	0.098326	0.000000	0.000000	1.288497e+06
20001	669.000000	6.000000	0.098674	0.000000	0.000000	9.524188e+05
20001	670.000000	6.000000	0.098880	0.000000	0.000000	1.129092e+06
20001	671.000000	6.000000	0.099115	0.000000	0.000000	1.062527e+06
20001	672.000000	6.000000	0.099271	0.000000	0.000000	9.953969e+05
20001	673.000000	6.000000	0.099437	0.000000	0.000000	1.002107e+06
20001	674.000000	6.000000	0.099596	0.000000	0.000000	9.783303e+05
20001	675.000000	6.000000	0.099750	0.000000	0.000000	1.197838e+06
20001	676.000000	6.000000	0.099832	0.000000	0.000000	1.542475e+06
20001	677.000000	6.000000	0.100046	0.000000	0.000000	1.726546e+06
20001	678.000000	6.000000	0.100418	0.000000	0.000000	1.273211e+06
20001	679.000000	6.000000	0.100857	0.000000	0.000000	1.074240e+06
20001	680.000000	6.000000	0.101178	0.000000	0.000000	1.225826e+06
20001	681.000000	6.000000	0.101356	0.000000	0.000000	1.001576e+06
20001	682.000000	6.000000	0.101642	0.000000	0.000000	1.101059e+06
20001	683.000000	6.000000	0.101674	0.000000	0.000000	1.365581e+06
20001	684.000000	6.000000	0.101766	0.000000	0.000000	1.370177e+06
20001	685.000000	6.000000	0.102121	0.000000	0.000000	1.203758e+06
20001	686.000000	6.000000	0.102392	0.000000	0.000000	1.084067e+06
20001	687.000000	6.000000	0.102695	0.000000	0.000000	1.142861e+06
20001	688.000000	6.000000	0.103177	0.000000	0.000000	1.616267e+06
20001	689.000000	6.000000	0.103506	0.000000	0.000000	1.679435e+06
20001	690.000000	6.000000	0.103616	0.000000	0.000000	1.398199e+06
20001	691.000000	6.000000	0.103884	0.000000	0.000000	1.394875e+06
20001	692.000000	6.000000	0.104161	0.000000	0.000000	1.990040e+06
20001	693.000000	6.000000	0.104191	0.000000	0.000000	1.380098e+06
20001	694.000000	6.000000	0.104366	0.000000	0.000000	1.345553e+06
20001	695.000000	6.000000	0.104610	0.000000	0.000000	1.110221e+06
20001	696.000000	6.000000	0.105034	0.000000	0.000000	8.938762e+05
20001	697.000000	6.000000	0.105343	0.000000	0.000000	9.378783e+05
20001	698.000000	6.000000	0.105648	0.000000	0.000000	1.344772e+06
20001	699.000000	6.000000	0.105970	0.000000	0.000000	9.612370e+05
20001	700.000000	6.000000	0.106176	0.000000	0.000000	1.026966e+06
20001	701.000000	6.000000	0.106314	0.000000	0.000000	1.640344e+06
20001	702.000000	6.000000	0.106491	0.000000	0.000000	1.619395e+06
20001	703.000000	6.000000	0.106827	0.000000	0.000000	1.283727e+06
20001	704.000000	6.000000	0.107183	0.000000	0.000000	1.195491e+06
20001	705.000000	6.000000	0.107419	0.000000	0.000000	1.435872e+06
20001	706.000000	6.000000	0.107822	0.000000	0.000000	1.236169e+06
20001	707.000000	6.000000	0.108097	0.000000	0.000000	1.048432e+06
20001	708.000000	6.000000	0.108382	0.000000	0.000000	1.962718e+06
20001	709.000000	6.000000	0.108690	0.000000	0.000000	1.797881e+06
20001	710.000000	6.000000	0.108752	0.000000	0.000000	1.153538e+06
20001	711.000000	6.000000	0.108891	0.000000	0.000000	1.279995e+06
20001	712.000000	6.000000	0.109176	0.000000	0.000000	1.792494e+06
20001	713.000000	6.000000	0.109469	0.000000	0.000000	1.417834e+06
20001	714.000000	6.000000	0.109946	0.000000	0.000000	1.470493e+06
20001	715.000000	6.000000	0.110384	0.000000	0.000000	1.885208e+06
20001	716.000000	6.000000	0.110594	0.000000	0.000000	1.569806e+06
20001	717.000000	6.000000	0.110827	0.000000	0.000000	1.183909e+06
20001	718.000000	6.000000	0.111028	0.000000	0.000000	1.038147e+06
20001	719.000000	6.000000	0.111204	0.000000	0.000000	1.085648e+06
20001	720.000000	6.000000	0.111535	0.000000	0.000000	1.031852e+06
20001	721.000000	6.000000	0.111917	0.000000	0.000000	1.201289e+06
20001	722.000000	6.000000	0.112121	0.000000	0.000000	1.391380e+06
20001	723.000000	6.000000	0.112608	0.000000	0.000000	1.181315e+06
20001	724.000000	6.000000	0.112969	0.000000	0.000000	8.803844e+05
20001	725.000000	6.000000	0.113111	0.000000	0.000000	1.269942e+06
20001	726.000000	6.000000	0.113459	0.000000	0.000000	1.199519e+06
20001	727.000000	6.000000	0.113616	0.000000	0.000000	9.189748e+05
20001	728.000000	6.000000	0.113531	0.000000	0.000000	9.589417e+05
20001	729.000000	6.000000	0.113943	0.000000	0.000000	1.037169e+06
20001	730.000000	6.000000	0.114251	0.000000	0.000000	8.818968e+05
20001	731.000000	6.000000	0.114674	0.000000	0.000000	9.600626e+05
20001	732.000000	6.000000	0.114914	0.000000	0.000000	1.092539e+06
20001	733.000000	6.000000	0.115342	0.000000	0.000000	9.632220e+05
20001	734.000000	6.000000	0.115680	0.000000	0.000000	9.583121e+05
20001	735.000000	6.000000	0.116119	0.000000	0.000000	1.069917e+06
20001	736.000000	6.000000	0.116123	0.000000	0.000000	1.432312e+06
20001	737.000000	6.000000	0.116530	0.000000	0.000000	6.608238e+05
20001	738.000000	6.000000	0.116792	0.000000	0.000000	6.705152e+05
20001	739.000000	6.000000	0.116704	0.000000	0.000000	9.233608e+05
20001	740.000000	6.000000	0.117406	0.000000	0.000000	8.634272e+05
20001	741.000000	6.000000	0.117662	0.000000	0.000000	8.470940e+05
20001	742.000000	6.000000	0.117795	0.000000	0.000000	8.257992e+05
20001	743.000000	6.000000	0.118145	0.000000	0.000000	7.941577e+05
20001	744.000000	6.000000	0.118652	0.000000	0.000000	6.265280e+05
20001	745.000000	6.000000	0.118752	0.000000	0.000000	9.411492e+05
20001	746.000000	6.000000	0.118871	0.000000	0.000000	7.714613e+05
20001	747.000000	6.000000	0.119066	0.000000	0.000000	6.638833e+05
20001	748.000000	6.000000	0.119449	0.000000	0.000000	7.789780e+05
20001	749.000000	6.000000	0.119886	0.000000	0.000000	7.361637e+05
20001	750.000000	6.000000	0.120357	0.000000	0.000000	1.000878e+06
20001	751.000000	6.000000	0.120671	0.000000	0.000000	7.462363e+05
20001	752.000000	6.000000	0.121050	0.000000	0.000000	1.151371e+06
20001	753.000000	6.000000	0.121185	0.000000	0.000000	1.236264e+06
20001	754.000000	6.000000	0.121317	0.000000	0.000000	6.320693e+05
20001	755.000000	6.000000	0.121800	0.000000	0.000000	4.830034e+05
20001	756.000000	6.000000	0.122041	0.000000	0.000000	6.678484e+05
20001	757.000000	6.000000	0.122356	0.000000	0.000000	8.516390e+05
20001	758.000000	6.000000	0.122897	0.000000	0.000000	7.289049e+05
20001	759.000000	6.000000	0.123223	0.000000	0.000000	6.787793e+05
20001	760.000000	6.000000	0.123405	0.000000	0.000000	6.883590e+05
20001	761.000000	6.000000	0.123615	0.000000	0.000000	7.154807e+05
20001	762.000000	6.000000	0.123755	0.000000	0.000000	7.241481e+05
20001	763.000000	6.000000	0.123834	0.000000	0.000000	1.054959e+06
20001	764.000000	6.000000	0.124329	0.000000	0.000000	1.036015e+06
20001	765.000000	6.000000	0.124639	0.000000	0.000000	6.919134e+05
20001	766.000000	6.000000	0.125203	0.000000	0.000000	1.280260e+06
20001	767.000000	6.000000	0.125717	0.000000	0.000000	1.457501e+06
20001	768.000000	6.000000	0.125920	0.000000	0.000000	1.011874e+06
20001	769.000000	6.000000	0.126084	0.000000	0.000000	5.503405e+05
20001	770.000000	6.000000	0.126098	0.000000	0.000000	6.168067e+05
20001	771.000000	6.000000	0.126211	0.000000	0.000000	6.247979e+05
20001	772.000000	6.000000	0.126528	0.000000	0.000000	5.923339e+05
20001	773.000000	6.000000	0.126904	0.000000	0.000000	6.965335e+05
20001	774.000000	6.000000	0.127208	0.000000	0.000000	7.339641e+05
20001	775.000000	6.000000	0.127813	0.000000	0.000000	6.460575e+05
20001	776.000000	6.000000	0.128076	0.000000	0.000000	6.221963e+05
20001	777.000000	6.000000	0.128340	0.000000	0.000000	5.286831e+05
20001	778.000000	6.000000	0.128850	0.000000	0.000000	4.992767e+05
20001	779.000000	6.000000	0.128925	0.000000	0.000000	5.040082e+05
20001	780.000000	6.000000	0.128914	0.000000	0.000000	6.657332e+05
20001	781.000000	6.000000	0.129472	0.000000	0.000000	4.096047e+05
20001	782.000000	6.000000	0.129645	0.000000	0.000000	3.581834e+05
20001	783.000000	6.000000	0.129691	0.000000	0.000000	4.220213e+05
20001	784.000000	6.000000	0.130801	0.000000	0.000000	5.799380e+05
20001	785.000000	6.000000	0.130948	0.000000	0.000000	4.670881e+05
20001	786.000000	6.000000	0.131023	0.000000	0.000000	4.582512e+05
20001	787.000000	6.000000	0.131286	0.000000	0.000000	3.784139e+05
20001	788.000000	6.000000	0.131819	0.000000	0.000000	2.396857e+05
20001	789.000000	6.000000	0.131679	0.000000	0.000000	2.896450e+05
20001	790.000000	6.000000	0.132206	0.000000	0.000000	3.611594e+05
20001	791.000000	6.000000	0.132415	0.000000	0.000000	3.068969e+05
20001	792.000000	6.000000	0.132753	0.000000	0.000000	2.604232e+05
20001	793.000000	6.000000	0.133486	0.000000	0.000000	2.837343e+05
20001	794.000000	6.000000	0.133733	0.000000	0.000000	3.948394e+05
20001	795.000000	6.000000	0.133986	0.000000	0.000000	3.562018e+05
20001	796.000000	6.000000	0.134502	0.000000	0.000000	2.849409e+05
20001	797.000000	6.000000	0.134420	0.000000	0.000000	3.431245e+05
20001	798.000000	6.000000	0.134413	0.000000	0.000000	3.660190e+05
20001	799.000000	6.000000	0.134859	0.000000	0.000000	4.472978e+05
20001	800.000000	6.000000	0.134830	0.000000	0.000000	3.301994e+05
20001	801.000000	6.000000	0.135283	0.000000	0.000000	4.151354e+05
20001	802.000000	6.000000	0.136094	0.000000	0.000000	4.986868e+05
20001	803.000000	6.000000	0.136088	0.000000	0.000000	4.687187e+05
20001	804.000000	6.000000	0.136177	0.000000	0.000000	4.408565e+05
20001	805.000000	6.000000	0.136525	0.000000	0.000000	5.230987e+05
20001	806.000000	6.000000	0.136271	0.000000	0.000000	5.651380e+05
20001	807.000000	6.000000	0.136386	0.000000	0.000000	7.246442e+05
20001	808.000000	6.000000	0.137037	0.000000	0.000000	6.135773e+05
20001	809.000000	6.000000	0.137442	0.000000	0.000000	7.472417e+05
20001	810.000000	6.000000	0.137909	0.000000	0.000000	7.508151e+05
20001	811.000000	6.000000	0.138345	0.000000	0.000000	6.786443e+05
20001	812.000000	6.000000	0.138390	0.000000	0.000000	6.430676e+05
20001	813.000000	6.000000	0.138599	0.000000	0.000000	6.571582e+05
20001	814.000000	6.000000	0.138924	0.000000	0.000000	8.306253e+05
20001	815.000000	6.000000	0.139192	0.000000	0.000000	8.649727e+05
20001	816.000000	6.000000	0.138902	0.000000	0.000000	6.353719e+05
20001	817.000000	6.000000	0.139368	0.000000	0.000000	9.687639e+05
20001	818.000000	6.000000	0.139976	0.000000	0.000000	1.329039e+06
20001	819.000000	6.000000	0.140573	0.000000	0.000000	3.336467e+06
20001	820.000000	6.000000	0.140853	0.000000	0.000000	1.302805e+06
20001	821.000000	6.000000	0.141110	0.000000	0.000000	5.688602e+05
20001	822.000000	6.000000	0.141477	0.000000	0.000000	4.604039e+05
20001	823.000000	6.000000	0.141334	0.000000	0.000000	8.376585e+05
20001	824.000000	6.000000	0.141523	0.000000	0.000000	7.718613e+05
20001	825.000000	6.000000	0.142031	0.000000	0.000000	1.133785e+06
20001	826.000000	6.000000	0.142361	0.000000	0.000000	1.305911e+06
20001	827.000000	6.000000	0.142788	0.000000	0.000000	9.824242e+05
20001	828.000000	6.000000	0.142755	0.000000	0.000000	4.325689e+05
20001	829.000000	6.000000	0.143454	0.000000	0.000000	5.929058e+05
20001	830.000000	6.000000	0.143389	0.000000	0.000000	2.706516e+06
20001	831.000000	6.000000	0.143204	0.000000	0.000000	1.143372e+06
20001	832.000000	6.000000	0.142884	0.000000	0.000000	4.089237e+05
20001	833.000000	6.000000	0.143701	0.000000	0.000000	4.790011e+05
20001	834.000000	6.000000	0.144097	0.000000	0.000000	1.874269e+06
20001	835.000000	6.000000	0.144648	0.000000	0.000000	7.643278e+05
20001	836.000000	6.000000	0.145161	0.000000	0.000000	5.054198e+05
20001	837.000000	6.000000	0.145561	0.000000	0.000000	9.267758e+05
20001	838.000000	6.000000	0.145378	0.000000	0.000000	1.355002e+06
20001	839.000000	6.000000	0.146199	0.000000	0.000000	7.296616e+05
20001	840.000000	6.000000	0.146269	0.000000	0.000000	9.558588e+05
20001	841.000000	6.000000	0.145985	0.000000	0.000000	6.370282e+05
20001	842.000000	6.000000	0.146064	0.000000	0.000000	6.138744e+05
20001	843.000000	6.000000	0.146592	0.000000	0.000000	6.697874e+05
20001	844.000000	6.000000	0.147336	0.000000	0.000000	6.342691e+05
20001	845.000000	6.000000	0.148077	0.000000	0.000000	5.244638e+05
20001	846.000000	6.000000	0.148414	0.000000	0.000000	4.556664e+05
20001	847.000000	6.000000	0.148696	0.000000	0.000000	4.007388e+05
20001	848.000000	6.000000	0.149193	0.000000	0.000000	5.501367e+05
20001	849.000000	6.000000	0.148884	0.000000	0.000000	5.712520e+05
20001	850.000000	6.000000	0.148710	0.000000	0.000000	6.831689e+05
20001	851.000000	6.000000	0.148568	0.000000	0.000000	7.090646e+05
20001	852.000000	6.000000	0.149085	0.000000	0.000000	4.535169e+05
20001	853.000000	6.000000	0.149783	0.000000	0.000000	4.022597e+05
20001	854.000000	6.000000	0.150131	0.000000	0.000000	6.138606e+05
20001	855.000000	6.000000	0.150671	0.000000	0.000000	3.654564e+05
20001	856.000000	6.000000	0.151259	0.000000	0.000000	3.526484e+05
20001	857.000000	6.000000	0.151204	0.000000	0.000000	8.105896e+05
20001	858.000000	6.000000	0.151052	0.000000	0.000000	7.786889e+05
20001	859.000000	6.000000	0.151232	0.000000	0.000000	5.130042e+05
20001	860.000000	6.000000	0.151497	0.000000	0.000000	9.624051e+05
20001	861.000000	6.000000	0.151342	0.000000	0.000000	6.522625e+05
20001	862.000000	6.000000	0.152593	0.000000	0.000000	3.253525e+05
20001	863.000000	6.000000	0.152929	0.000000	0.000000	5.724582e+05
20001	864.000000	6.000000	0.153194	0.000000	0.000000	4.987354e+05
20001	865.000000	6.000000	0.153366	0.000000	0.000000	7.681200e+05
20001	866.000000	6.000000	0.153379	0.000000	0.000000	5.188242e+05
20001	867.000000	6.000000	0.153531	0.000000	0.000000	3.791859e+05
20001	868.000000	6.000000	0.153169	0.000000	0.000000	4.549151e+05
20001	869.000000	6.000000	0.153722	0.000000	0.000000	9.139674e+05
20001	870.000000	6.000000	0.154325	0.000000	0.000000	3.578020e+05
20001	871.000000	6.000000	0.154778	0.000000	0.000000	4.973267e+05
20001	872.000000	6.000000	0.154814	0.000000	0.000000	3.143857e+05
20001	873.000000	6.000000	0.155890	0.000000	0.000000	6.359115e+05
20001	874.000000	6.000000	0.156739	0.000000	0.000000	2.963222e+05
20001	875.000000	6.000000	0.156105	0.000000	0.000000	4.800691e+05
20001	876.000000	6.000000	0.155761	0.000000	0.000000	2.318738e+05
20001	877.000000	6.000000	0.155745	0.000000	0.000000	2.722587e+05
20001	878.000000	6.000000	0.155770	0.000000	0.000000	6.871130e+05
20001	879.000000	6.000000	0.156924	0.000000	0.000000	4.155923e+05
20001	880.000000	6.000000	0.157482	0.000000	0.000000	7.797957e+05
20001	881.000000	6.000000	0.158193	0.000000	0.000000	5.400983e+05
20001	882.000000	6.000000	0.158259	0.000000	0.000000	2.189861e+05
20001	883.000000	6.000000	0.158648	0.000000	0.000000	1.828092e+05
20001	884.000000	6.000000	0.158298	0.000000	0.000000	1.450331e+05
20001	885.000000	6.000000	0.158204	0.000000	0.000000	2.398974e+05
20001	886.000000	6.000000	0.158582	0.000000	0.000000	2.369002e+05
20001	887.000000	6.000000	0.159400	0.000000	0.000000	1.627780e+05
20001	888.000000	6.000000	0.159873	0.000000	0.000000	2.167627e+05
20001	889.000000	6.000000	0.159967	0.000000	0.000000	3.316170e+05
20001	890.000000	6.000000	0.160060	0.000000	0.000000	3.202764e+05
20001	891.000000	6.000000	0.160305	0.000000	0.000000	4.717850e+05
20001	892.000000	6.000000	0.160183	0.000000	0.000000	5.569755e+05
20001	893.000000	6.000000	0.159950	0.000000	0.000000	5.619700e+05
20001	894.000000	6.000000	0.160154	0.000000	0.000000	5.440640e+05
20001	895.000000	6.000000	0.160085	0.000000	0.000000	1.078356e+06
20001	896.000000	6.000000	0.160289	0.000000	0.000000	9.670893e+05
20001	897.000000	6.000000	0.161264	0.000000	0.000000	9.680095e+05
20001	898.000000	6.000000	0.161689	0.000000	0.000000	8.047749e+05
20001	899.000000	6.000000	0.162041	0.000000	0.000000	8.237603e+05
20001	900.000000	6.000000	0.162185	0.000000	0.000000	1.320420e+06
20001	901.000000	6.000000	0.161983	0.000000	0.000000	1.167939e+06
20001	902.000000	6.000000	0.161832	0.000000	0.000000	1.523661e+06
20001	903.000000	6.000000	0.162271	0.000000	0.000000	1.242060e+06
20001	904.000000	6.000000	0.163087	0.000000	0.000000	5.041358e+05
20001	905.000000	6.000000	0.162958	0.000000	0.000000	4.170238e+05
20001	906.000000	6.000000	0.163015	0.000000	0.000000	4.224505e+05
20001	907.000000	6.000000	0.163615	0.000000	0.000000	6.290390e+05
20001	908.000000	6.000000	0.163781	0.000000	0.000000	5.422991e+05
20001	909.000000	6.000000	0.164130	0.000000	0.000000	1.029696e+06
20001	910.000000	6.000000	0.164470	0.000000	0.000000	7.201228e+05
20001	911.000000	6.000000	0.164922	0.000000	0.000000	6.715790e+05
20001	912.000000	6.000000	0.164688	0.000000	0.000000	8.087633e+05
20001	913.000000	6.000000	0.164968	0.000000	0.000000	1.071766e+06
20001	914.000000	6.000000	0.165040	0.000000	0.000000	1.024152e+06
20001	915.000000	6.000000	0.165520	0.000000	0.000000	7.181136e+05
20001	916.000000	6.000000	0.166051	0.000000	0.000000	5.804990e+05
20001	917.000000	6.000000	0.166296	0.000000	0.000000	1.324770e+06
20001	918.000000	6.000000	0.166314	0.000000	0.000000	1.450992e+06
20001	919.000000	6.000000	0.166542	0.000000	0.000000	1.418516e+06
20001	920.000000	6.000000	0.166479	0.000000	0.000000	8.364419e+05
20001	921.000000	6.000000	0.166909	0.000000	0.000000	9.340661e+05
20001	922.000000	6.000000	0.167423	0.000000	0.000000	8.084506e+05
20001	923.000000	6.000000	0.167558	0.000000	0.000000	9.441841e+05
20001	924.000000	6.000000	0.167988	0.000000	0.000000	8.317038e+05
20001	925.000000	6.000000	0.168165	0.000000	0.000000	6.817844e+05
20001	926.000000	6.000000	0.168445	0.000000	0.000000	6.541744e+05
20001	927.000000	6.000000	0.168545	0.000000	0.000000	4.991222e+05
20001	928.000000	6.000000	0.168589	0.000000	0.000000	6.164986e+05
20001	929.000000	6.000000	0.168743	0.000000	0.000000	6.279539e+05
20001	930.000000	6.000000	0.168980	0.000000	0.000000	5.316465e+05
20001	931.000000	6.000000	0.169313	0.000000	0.000000	8.488452e+05
20001	932.000000	6.000000	0.169393	0.000000	0.000000	8.404112e+05
20001	933.000000	6.000000	0.169810	0.000000	0.000000	8.335076e+05
20001	934.000000	6.000000	0.170229	0.000000	0.000000	8.069085e+05
20001	935.000000	6.000000	0.170503	0.000000	0.000000	1.102052e+06
20001	936.000000	6.000000	0.170515	0.000000	0.000000	1.710327e+06
20001	937.000000	6.000000	0.170754	0.000000	0.000000	8.240482e+05
20001	938.000000	6.000000	0.171121	0.000000	0.000000	1.017567e+06
20001	939.000000	6.000000	0.171276	0.000000	0.000000	8.589702e+05
20001	940.000000	6.000000	0.171411	0.000000	0.000000	6.601123e+05
20001	941.000000	6.000000	0.171575	0.000000	0.000000	6.944006e+05
20001	942.000000	6.000000	0.172055	0.000000	0.000000	9.632800e+05
20001	943.000000	6.000000	0.172595	0.000000	0.000000	7.907440e+05
20001	944.000000	6.000000	0.172813	0.000000	0.000000	5.857848e+05
20001	945.000000	6.000000	0.172839	0.000000	0.000000	5.775267e+05
20001	946.000000	6.000000	0.172862	0.000000	0.000000	4.670695e+05
20001	947.000000	6.000000	0.172923	0.000000	0.000000	5.017016e+05
20001	948.000000	6.000000	0.173121	0.000000	0.000000	8.072323e+05
20001	949.000000	6.000000	0.173669	0.000000	0.000000	5.799341e+05
20001	950.000000	6.000000	0.173846	0.000000	0.000000	6.076701e+05
20001	951.000000	6.000000	0.174163	0.000000	0.000000	5.442372e+05
20001	952.000000	6.000000	0.174406	0.000000	0.000000	5.762713e+05
20001	953.000000	6.000000	0.174805	0.000000	0.000000	8.249007e+05
20001	954.000000	6.000000	0.174790	0.000000	0.000000	5.069654e+05
20001	955.000000	6.000000	0.174713	0.000000	0.000000	3.530178e+05
20001	956.000000	6.000000	0.174909	0.000000	0.000000	5.859275e+05
20001	957.000000	6.000000	0.174871	0.000000	0.000000	7.442097e+05
20001	958.000000	6.000000	0.175645	0.000000	0.000000	8.680470e+05
20001	959.000000	6.000000	0.176191	0.000000	0.000000	8.624892e+05
20001	960.000000	6.000000	0.176367	0.000000	0.000000	4.299240e+05
20001	961.000000	6.000000	0.176534	0.000000	0.000000	2.958490e+05
20001	962.000000	6.000000	0.176348	0.000000	0.000000	5.971636e+05
20001	963.000000	6.000000	0.176728	0.000000	0.000000	1.087268e+06
20001	964.000000	6.000000	0.177122	0.000000	0.000000	4.347811e+05
20001	965.000000	6.000000	0.177130	0.000000	0.000000	3.859106e+05
20001	966.000000	6.000000	0.177051	0.000000	0.000000	4.401883e+05
20001	967.000000	6.000000	0.177334	0.000000	0.000000	5.207587e+05
20001	968.000000	6.000000	0.178102	0.000000	0.000000	3.991729e+05
20001	969.000000	6.000000	0.178138	0.000000	0.000000	3.557727e+05
20001	970.000000	6.000000	0.178379	0.000000	0.000000	3.112462e+05
20001	971.000000	6.000000	0.178561	0.000000	0.000000	3.504899e+05
20001	972.000000	6.000000	0.178502	0.000000	0.000000	4.223364e+05
20001	973.000000	6.000000	0.178599	0.000000	0.000000	5.136163e+05
20001	974.000000	6.000000	0.179104	0.000000	0.000000	4.650765e+05
20001	975.000000	6.000000	0.179219	0.000000	0.000000	3.564865e+05
20001	976.000000	6.000000	0.178997	0.000000	0.000000	5.833327e+05
20001	977.000000	6.000000	0.180047	0.000000	0.000000	5.953786e+05
20001	978.000000	6.000000	0.180267	0.000000	0.000000	4.006920e+05
20001	979.000000	6.000000	0.180326	0.000000	0.000000	6.260609e+05
20001	980.000000	6.000000	0.180319	0.000000	0.000000	8.733003e+05
20001	981.000000	6.000000	0.180281	0.000000	0.000000	3.963723e+05
20001	982.000000	6.000000	0.180595	0.000000	0.000000	6.479253e+05
20001	983.000000	6.000000	0.180741	0.000000	0.000000	6.495545e+05
20001	984.000000	6.000000	0.180938	0.000000	0.000000	4.114743e+05
20001	985.000000	6.000000	0.181232	0.000000	0.000000	3.072318e+05
20001	986.000000	6.000000	0.181506	0.000000	0.000000	5.322925e+05
20001	987.000000	6.000000	0.182208	0.000000	0.000000	5.716598e+05
20001	988.000000	6.000000	0.182673	0.000000	0.000000	4.503043e+05
20001	989.000000	6.000000	0.182218	0.000000	0.000000	3.046509e+05
20001	990.000000	6.000000	0.181480	0.000000	0.000000	6.019870e+05
20001	991.000000	6.000000	0.182270	0.000000	0.000000	1.940372e+06
20001	992.000000	6.000000	0.182792	0.000000	0.000000	5.651773e+05
20001	993.000000	6.000000	0.182498	0.000000	0.000000	6.651774e+05
20001	994.000000	6.000000	0.182735	0.000000	0.000000	1.054334e+06
20001	995.000000	6.000000	0.183110	0.000000	0.000000	3.181923e+05
20001	996.000000	6.000000	0.183070	0.000000	0.000000	2.109847e+05
20001	997.000000	6.000000	0.183577	0.000000	0.000000	5.067962e+05
20001	998.000000	6.000000	0.183817	0.000000	0.000000	8.405977e+05
20001	999.000000	6.000000	0.183739	0.000000	0.000000	6.880759e+05
20001	1000.000000	6.000000	0.183276	0.000000	0.000000	3.216487e+05
