190.746475 1.214115 1.411144 -0.517251 3.426583
191.482941 1.189713 1.359229 -0.432086 3.234182
192.225128 1.210675 1.351869 -0.361815 3.273349
192.973083 1.203029 1.320496 -0.296431 3.177192
193.726883 1.213493 1.321056 -0.272622 3.206185
194.486603 1.217635 1.321410 -0.263490 3.217988
195.252289 1.213989 1.322217 -0.274489 3.210315
196.024048 1.211779 1.324334 -0.285452 3.209600
196.801910 1.216352 1.323177 -0.271284 3.218898
197.585983 1.218213 1.327778 -0.278951 3.235031
198.376328 1.202552 1.310821 -0.272121 3.152661
199.173019 1.200476 1.312458 -0.281403 3.151149
199.976135 1.190146 1.313072 -0.307709 3.125496
200.785767 1.184019 1.300146 -0.288478 3.078797
201.601959 1.180648 1.320244 -0.349116 3.117487
202.424820 1.170979 1.324599 -0.383371 3.102157
203.254440 1.176038 1.326247 -0.375867 3.119434
204.090881 1.178190 1.341262 -0.410853 3.160525
204.934219 1.179623 1.336651 -0.395127 3.153488
205.784576 1.162668 1.342398 -0.450236 3.121526
206.642014 1.170058 1.350180 -0.453952 3.159577
207.506622 1.159132 1.367852 -0.527433 3.171044
208.378494 1.146012 1.365192 -0.550407 3.129053
209.257736 1.145419 1.369541 -0.563658 3.137397
210.144424 1.144997 1.371063 -0.568795 3.139727
211.038651 1.138823 1.386486 -0.625424 3.157925
211.940521 1.136219 1.402980 -0.677358 3.188184
212.850143 1.135321 1.413745 -0.709721 3.210107
213.767593 1.132500 1.418976 -0.730936 3.213979
214.692993 1.134417 1.429264 -0.755893 3.242764
215.626450 1.124530 1.438601 -0.805003 3.235500
216.568039 1.125917 1.451261 -0.838471 3.268000
217.517899 1.121676 1.460960 -0.876248 3.277448
218.476135 1.117027 1.469663 -0.912161 3.283307
219.442841 1.114905 1.480325 -0.948350 3.300844
220.418152 1.113826 1.496549 -0.999050 3.333789
221.402161 1.107717 1.502387 -1.030129 3.328439
222.394989 1.104504 1.519181 -1.087982 3.355883
223.396774 1.106725 1.529639 -1.114958 3.385779
224.407608 1.101929 1.537297 -1.149035 3.387985
225.427643 1.103798 1.553508 -1.195018 3.429517
226.457001 1.103517 1.567888 -1.240524 3.460383
227.495789 1.099389 1.581217 -1.291589 3.476746
228.544159 1.096876 1.586292 -1.313186 3.479933
229.602234 1.099348 1.601595 -1.356540 3.521422
230.670151 1.099221 1.614997 -1.399929 3.550475
231.748047 1.096324 1.630286 -1.455908 3.574643
232.836075 1.094101 1.647516 -1.517251 3.605096
233.934357 1.089680 1.657113 -1.558618 3.611446
235.043045 1.094603 1.672466 -1.598986 3.661372
236.162292 1.091318 1.686550 -1.653475 3.681125
237.292267 1.094751 1.696102 -1.678281 3.713620
238.433090 1.094358 1.715513 -1.745365 3.754769
239.584946 1.096159 1.730769 -1.793997 3.794397
240.747971 1.094742 1.741970 -1.836001 3.814016
241.922348 1.099037 1.759067 -1.886435 3.866561
243.108246 1.100742 1.769081 -1.918015 3.894602
244.305832 1.102750 1.786178 -1.974375 3.939414
245.515259 1.096342 1.803985 -2.052397 3.955571
246.736725 1.098663 1.818554 -2.100079 3.995956
247.970413 1.097290 1.832364 -2.153511 4.021269
249.216492 1.099602 1.847741 -2.205023 4.063558
250.475159 1.102734 1.865634 -2.264569 4.114597
251.746613 1.101547 1.885713 -2.342507 4.154403
253.031036 1.103011 1.902004 -2.400986 4.195862
254.328629 1.106379 1.922368 -2.471423 4.253735
255.639603 1.110845 1.937059 -2.518221 4.303544
256.964172 1.109541 1.959710 -2.609380 4.348758
258.302521 1.113020 1.980099 -2.681976 4.407779
259.654877 1.114241 1.999784 -2.757604 4.456481
261.021484 1.117159 2.017844 -2.823651 4.508506
262.402557 1.120050 2.037962 -2.898777 4.565236
263.798309 1.121548 2.058248 -2.978516 4.616847
265.208984 1.123067 2.078898 -3.060536 4.669483
266.634857 1.120590 2.102801 -3.166051 4.712758
268.076111 1.124836 2.124649 -3.248880 4.779763
269.533051 1.125875 2.144963 -3.333270 4.829920
271.005920 1.124440 2.179474 -3.485741 4.901376
272.494965 1.122936 2.206693 -3.608511 4.955951
274.000458 1.128069 2.240656 -3.747999 5.055230
275.522675 1.127933 2.278913 -3.921213 5.140922
277.061920 1.132713 2.314708 -4.074833 5.243799
278.618439 1.137513 2.364219 -4.295596 5.378659
280.192566 1.153247 2.409014 -4.473370 5.556375
281.784546 1.161364 2.460556 -4.705570 5.715206
283.394745 1.178401 2.517752 -4.950446 5.933845
285.023468 1.217834 2.566620 -5.104421 6.251434
286.670990 1.260183 2.628635 -5.321660 6.625119
288.337677 1.314410 2.675431 -5.430255 7.033225
290.023865 1.395749 2.729470 -5.501892 7.619313
291.729889 1.466850 2.755212 -5.439542 8.082965
293.456116 1.538996 2.777151 -5.344060 8.548048
295.202881 1.606966 2.787350 -5.186981 8.958355
296.970551 1.672258 2.789085 -4.982551 9.328142
298.759521 1.733680 2.787381 -4.763851 9.664853
300.570190 1.790290 2.778998 -4.517694 9.950424
302.402954 1.841301 2.770746 -4.286647 10.203555
304.258179 1.897226 2.756679 -3.999812 10.460087
306.136322 1.943302 2.738249 -3.721585 10.642491
308.037781 1.990610 2.724231 -3.458904 10.845765
309.963013 2.031911 2.703704 -3.181354 10.987375
311.912476 2.070788 2.677648 -2.881633 11.089684
313.886597 2.107525 2.651813 -2.590450 11.177526
315.885864 2.137664 2.625936 -2.325933 11.226739
317.910797 2.170257 2.594189 -2.019800 11.260113
319.961823 2.197658 2.565987 -1.754587 11.278326
322.039490 2.220086 2.538468 -1.515037 11.271237
324.144318 2.239869 2.507160 -1.268837 11.231423
326.276855 2.255763 2.477891 -1.051476 11.179068
328.437622 2.270015 2.448334 -0.841374 11.115511
330.627228 2.280695 2.420763 -0.658521 11.042043
332.846191 2.287239 2.391691 -0.488723 10.940739
335.095154 2.294027 2.366205 -0.336367 10.856279
337.374725 2.295497 2.338590 -0.199698 10.736450
339.685486 2.295072 2.314266 -0.088468 10.622814
342.028168 2.293177 2.292189 0.004531 10.512787
344.403351 2.289545 2.270878 0.085131 10.398552
346.811768 2.286024 2.255728 0.137598 10.313298
349.254089 2.282451 2.240417 0.190117 10.227284
351.731079 2.275040 2.225520 0.222867 10.126292
354.243439 2.268533 2.210728 0.258923 10.030218
356.791962 2.260838 2.200131 0.270811 9.948280
359.377411 2.252527 2.185020 0.299565 9.843637
362.000610 2.240474 2.169314 0.313800 9.720581
364.662384 2.223789 2.159338 0.282495 9.603825
367.363586 2.205196 2.154046 0.222975 9.500188
370.105103 2.186260 2.155815 0.132193 9.426346
372.887848 2.165571 2.159925 0.024422 9.354938
375.712738 2.148120 2.171865 -0.102578 9.330850
378.580780 2.137705 2.183818 -0.199277 9.336717
381.492950 2.128313 2.200672 -0.313240 9.367438
384.450256 2.120528 2.211272 -0.393082 9.378128
387.453766 2.120197 2.226550 -0.462287 9.441451
390.504578 2.117662 2.236554 -0.517682 9.472530
393.603821 2.119019 2.248906 -0.567335 9.530952
396.752655 2.120439 2.262321 -0.621836 9.594225
399.952271 2.123605 2.275547 -0.668415 9.664728
403.203918 2.123962 2.289333 -0.729833 9.724912
406.508881 2.123826 2.299254 -0.775934 9.766433
409.868439 2.130503 2.308314 -0.789269 9.835740
413.284027 2.133364 2.321795 -0.839492 9.906468
416.756989 2.134337 2.328975 -0.868727 9.941634
420.288849 2.140265 2.339918 -0.894480 10.016090
423.881042 2.144083 2.349407 -0.922624 10.074647
427.535187 2.149682 2.358808 -0.942842 10.141372
431.252899 2.151627 2.365943 -0.968187 10.181256
435.035828 2.158188 2.373786 -0.977088 10.246153
438.885681 2.163903 2.382418 -0.993438 10.310644
442.804321 2.170152 2.388683 -0.996248 10.367611
446.793549 2.174627 2.393700 -1.000797 10.410812
450.855286 2.176447 2.398823 -1.017430 10.441821
454.991577 2.177266 2.403108 -1.034442 10.464410
459.204468 2.175922 2.403178 -1.040626 10.458254
463.496094 2.173009 2.408782 -1.080265 10.468611
467.868713 2.176016 2.414562 -1.095062 10.508252
472.324585 2.172194 2.411045 -1.094711 10.474513
476.866180 2.161217 2.419199 -1.181665 10.456827
481.495941 2.148073 2.425328 -1.267997 10.419565
486.216492 2.131376 2.433269 -1.378036 10.372420
491.030518 2.114591 2.446155 -1.512179 10.345234
495.940826 2.089006 2.466521 -1.719780 10.305155
500.950317 2.063099 2.495356 -1.970427 10.296334
506.062073 2.048823 2.528850 -2.197404 10.362331
511.279205 2.040876 2.567415 -2.426443 10.479553
516.605042 2.036271 2.606564 -2.647777 10.615341
522.042969 2.036184 2.645960 -2.855060 10.775320
527.596619 2.040096 2.681697 -3.029507 10.941839
533.269714 2.046081 2.719706 -3.210350 11.129477
539.066101 2.052973 2.756222 -3.382063 11.316900
544.989929 2.061566 2.790188 -3.535094 11.504312
551.045349 2.073156 2.821090 -3.660573 11.697117
557.236877 2.084320 2.852154 -3.790391 11.889603
563.569092 2.096600 2.884430 -3.924206 12.094994
570.046936 2.109882 2.916759 -4.055882 12.308038
576.675354 2.119179 2.944820 -4.181043 12.481200
583.459778 2.129676 2.973359 -4.305346 12.664583
590.405762 2.140381 3.004719 -4.447106 12.862491
597.519043 2.149750 3.035231 -4.591206 13.049976
604.805908 2.160551 3.067608 -4.742241 13.255447
612.272644 2.175782 3.097824 -4.862487 13.480381
619.926025 2.185217 3.131872 -5.033451 13.687639
627.773193 2.196925 3.162898 -5.177446 13.897301
635.821594 2.207000 3.197538 -5.353397 14.113933
644.078979 2.216308 3.231356 -5.529640 14.323362
652.553711 2.226213 3.266919 -5.716735 14.545714
661.254456 2.241139 3.300800 -5.872572 14.795103
670.190308 2.247399 3.338309 -6.093508 15.005022
679.370972 2.262964 3.376959 -6.282843 15.283874
688.806702 2.274210 3.418662 -6.515221 15.549514
698.508179 2.289319 3.463224 -6.752939 15.856853
708.486877 2.301606 3.504077 -6.981166 16.130010
718.754822 2.318664 3.541849 -7.168492 16.424714
729.324768 2.334030 3.589079 -7.433793 16.754035
740.210205 2.346467 3.638171 -7.730381 17.073697
751.425476 2.369709 3.681191 -7.935645 17.446698
762.985901 2.387712 3.724012 -8.167100 17.783736
774.907532 2.402062 3.781400 -8.529083 18.166313
787.207642 2.415316 3.829508 -8.831382 18.498947
799.904541 2.440516 3.884415 -9.132561 18.959953
813.017761 2.460893 3.928818 -9.379615 19.336803
826.568054 2.473158 3.998440 -9.871016 19.777550
855.070374 2.526518 4.107374 -10.487227 20.754709
870.071655 2.553617 4.176613 -10.923140 21.330941
885.608643 2.579756 4.231844 -11.253367 21.834252
901.710571 2.600856 4.291319 -11.650965 22.322199
918.408936 2.632972 4.355483 -12.037692 22.935729
935.737427 2.659978 4.420966 -12.469461 23.519344
953.732361 2.689327 4.492227 -12.947620 24.162136
972.432983 2.725346 4.560053 -13.366576 24.855448
991.881653 2.755826 4.645895 -13.989761 25.606557
1012.124146 2.783556 4.738432 -14.704560 26.379379
1033.210083 2.836217 4.783426 -14.837040 27.133669
1055.193237 2.873147 4.873194 -15.493051 28.002807
1078.132202 2.916589 4.968966 -16.184129 28.984858
1102.090698 2.964059 5.075044 -16.970430 30.085458
1127.138184 3.007458 5.155146 -17.530726 31.007763
1153.350708 3.062628 5.276705 -18.463926 32.321174
1180.811523 3.126610 5.323766 -18.566795 33.290676
1209.611816 3.185432 5.427386 -19.309537 34.577141
1239.852051 3.231468 5.559480 -20.465431 35.930566
1271.643188 3.291703 5.630398 -20.866072 37.067197
1305.107422 3.364172 5.788179 -22.185363 38.944860
1340.380615 3.435912 5.880153 -22.770709 40.407369
1377.613403 3.498803 5.977895 -23.493604 41.830945
1416.973755 3.560209 6.156730 -25.230239 43.838490
1458.649536 3.658076 6.254378 -25.735727 45.757988
1502.850952 3.729252 6.383016 -26.835570 47.607743
1549.815063 3.832849 6.548562 -28.192936 50.199306
1599.809082 3.940887 6.641762 -28.582413 52.348860
1653.136108 4.008413 6.760826 -29.641392 54.200368
1710.140747 4.110114 6.962986 -31.590137 57.237326
1771.217285 4.224825 7.176948 -33.659429 60.642704
1836.817871 4.370484 7.324931 -34.553482 64.026990
1907.464722 4.461378 7.527836 -36.764418 67.169037
1983.763306 4.564205 7.800449 -40.015034 71.205692
2066.420166 4.775373 7.854098 -38.882670 75.012500
