190.746475 1.202728 1.359484 -0.401641 3.270180
191.482941 1.242321 1.336897 -0.243932 3.321708
192.225128 1.234415 1.333743 -0.255091 3.292785
192.973083 1.242865 1.317886 -0.192111 3.275908
193.726883 1.246399 1.334545 -0.227501 3.326752
194.486603 1.247365 1.313987 -0.170643 3.278041
195.252289 1.246129 1.303724 -0.146860 3.249216
196.024048 1.239353 1.320132 -0.206753 3.272221
196.801910 1.237334 1.294284 -0.144176 3.202925
197.585983 1.230054 1.302841 -0.184362 3.205128
198.376328 1.230957 1.303415 -0.183635 3.208895
199.173019 1.227916 1.305176 -0.195708 3.205294
199.976135 1.226402 1.312343 -0.218182 3.218920
200.785767 1.213235 1.325420 -0.284798 3.216092
201.601959 1.213785 1.312991 -0.250671 3.187376
202.424820 1.216656 1.311138 -0.238829 3.190409
203.254440 1.195400 1.320447 -0.314599 3.156925
204.090881 1.213487 1.323361 -0.278734 3.211762
204.934219 1.200915 1.331181 -0.329846 3.197272
205.784576 1.185507 1.342239 -0.396180 3.182468
206.642014 1.195791 1.347042 -0.384607 3.221561
207.506622 1.181632 1.347235 -0.418787 3.183872
208.378494 1.178570 1.355318 -0.447859 3.194673
209.257736 1.176069 1.364405 -0.478464 3.209269
210.144424 1.159430 1.367681 -0.526271 3.171461
211.038651 1.166877 1.391497 -0.574660 3.247411
211.940521 1.157065 1.383765 -0.576006 3.202213
212.850143 1.150777 1.397673 -0.629203 3.216820
213.767593 1.149247 1.412500 -0.674388 3.246621
214.692993 1.146756 1.419381 -0.699591 3.255368
215.626450 1.147149 1.427799 -0.722658 3.275797
216.568039 1.139792 1.439217 -0.772220 3.280818
217.517899 1.142218 1.453828 -0.808953 3.321177
218.476135 1.133762 1.456601 -0.836269 3.302879
219.442841 1.131122 1.467786 -0.874960 3.320491
220.418152 1.130767 1.476246 -0.900669 3.338581
221.402161 1.126542 1.489933 -0.950803 3.356946
222.394989 1.120548 1.505318 -1.010355 3.373564
223.396774 1.120235 1.514508 -1.038808 3.393209
224.407608 1.114976 1.524580 -1.081174 3.399739
225.427643 1.116463 1.536892 -1.115548 3.431766
226.457001 1.114473 1.546844 -1.150677 3.447832
227.495789 1.111505 1.559618 -1.196965 3.467046
228.544159 1.108625 1.570900 -1.238678 3.483077
229.602234 1.109233 1.588788 -1.293848 3.524673
230.670151 1.107322 1.598601 -1.329362 3.540332
231.748047 1.104405 1.612606 -1.380789 3.561941
232.836075 1.105256 1.624513 -1.417453 3.591006
233.934357 1.103915 1.637661 -1.463304 3.615677
235.043045 1.102281 1.649252 -1.505008 3.635878
236.162292 1.104938 1.664196 -1.548661 3.677666
237.292267 1.100927 1.679275 -1.607925 3.697521
238.433090 1.103132 1.689562 -1.637721 3.727620
239.584946 1.104190 1.703849 -1.683864 3.762745
240.747971 1.103490 1.720270 -1.741638 3.796600
241.922348 1.104463 1.738018 -1.800870 3.839152
243.108246 1.103532 1.747972 -1.837624 3.857886
244.305832 1.106166 1.765707 -1.894118 3.906332
245.515259 1.102643 1.780401 -1.954007 3.926295
246.736725 1.101934 1.794181 -2.004827 3.954138
247.970413 1.105357 1.809105 -2.051046 3.999412
249.216492 1.105948 1.828542 -2.120444 4.044546
250.475159 1.105317 1.842858 -2.174402 4.073884
251.746613 1.104105 1.858360 -2.234455 4.103651
253.031036 1.105143 1.881807 -2.319855 4.159331
254.328629 1.107539 1.895942 -2.367954 4.199659
255.639603 1.112837 1.913915 -2.424667 4.259751
256.964172 1.110975 1.935461 -2.511745 4.300500
258.302521 1.113552 1.951215 -2.567241 4.345557
259.654877 1.116344 1.975613 -2.656822 4.410926
261.021484 1.116979 1.995053 -2.732593 4.456865
262.402557 1.119642 2.015068 -2.806900 4.512307
263.798309 1.122606 2.029672 -2.859322 4.557044
265.208984 1.122716 2.048755 -2.936904 4.600339
266.634857 1.123482 2.073708 -3.038053 4.659549
268.076111 1.129103 2.096364 -3.119869 4.734020
269.533051 1.131263 2.114733 -3.192341 4.784638
271.005920 1.128791 2.141442 -3.311603 4.834483
272.494965 1.129212 2.162701 -3.402154 4.884295
274.000458 1.133428 2.188882 -3.506547 4.961882
275.522675 1.131763 2.222210 -3.657330 5.030028
277.061920 1.130102 2.256036 -3.812567 5.099098
278.618439 1.129356 2.292744 -3.981232 5.178649
280.192566 1.137034 2.323133 -4.104101 5.282961
281.784546 1.141787 2.367466 -4.301218 5.406283
283.394745 1.149200 2.415596 -4.514441 5.552006
285.023468 1.156105 2.469085 -4.759804 5.709042
286.670990 1.182117 2.529499 -5.000967 5.980330
288.337677 1.221773 2.581462 -5.171218 6.307922
290.023865 1.277465 2.648105 -5.380544 6.765724
291.729889 1.330831 2.695092 -5.492408 7.173420
293.456116 1.389826 2.734007 -5.543179 7.599590
295.202881 1.452966 2.765906 -5.539128 8.037533
296.970551 1.515651 2.785262 -5.460487 8.442972
298.759521 1.576406 2.803692 -5.375631 8.839516
300.570190 1.637152 2.817002 -5.255234 9.223723
302.402954 1.697914 2.819267 -5.065354 9.573743
304.258179 1.758284 2.826362 -4.896761 9.939093
306.136322 1.812283 2.822553 -4.682434 10.230531
308.037781 1.868901 2.820993 -4.465212 10.544314
309.963013 1.923394 2.809954 -4.196397 10.809294
311.912476 1.973013 2.793601 -3.911422 11.023623
313.886597 2.020782 2.774919 -3.616613 11.215014
315.885864 2.066592 2.753953 -3.313457 11.382596
317.910797 2.113086 2.724780 -2.959295 11.515392
319.961823 2.156077 2.698667 -2.634138 11.637068
322.039490 2.190265 2.666660 -2.313817 11.681383
324.144318 2.223526 2.636665 -2.007931 11.725385
326.276855 2.249583 2.607036 -1.736010 11.729489
328.437622 2.274898 2.574032 -1.450481 11.711319
330.627228 2.295531 2.536889 -1.166341 11.647016
332.846191 2.311306 2.505235 -0.934069 11.580731
335.095154 2.323369 2.473666 -0.720980 11.494478
337.374725 2.334784 2.442308 -0.513651 11.404525
339.685486 2.340035 2.408524 -0.325221 11.272062
342.028168 2.340865 2.383108 -0.199553 11.157067
344.403351 2.343267 2.355664 -0.058254 11.039902
346.811768 2.342741 2.331457 0.052741 10.924000
349.254089 2.339352 2.309622 0.138213 10.806037
351.731079 2.334284 2.290094 0.204351 10.691457
354.243439 2.331140 2.269723 0.282573 10.582083
356.791962 2.322221 2.247478 0.341552 10.438280
359.377411 2.316758 2.225440 0.414783 10.311608
362.000610 2.303318 2.209566 0.423094 10.178664
364.662384 2.286302 2.190289 0.429812 10.015327
367.363586 2.268067 2.183801 0.375140 9.906015
370.105103 2.243606 2.174500 0.305315 9.757443
372.887848 2.218986 2.179456 0.173871 9.672365
375.712738 2.197623 2.184232 0.058676 9.600234
378.580780 2.186712 2.193879 -0.031395 9.594765
381.492950 2.173485 2.209908 -0.159655 9.606402
384.450256 2.164426 2.222299 -0.253874 9.620001
387.453766 2.160381 2.235019 -0.328063 9.656984
390.504578 2.157370 2.246235 -0.391323 9.691920
393.603821 2.158252 2.258986 -0.444964 9.750921
396.752655 2.158735 2.270410 -0.494627 9.802428
399.952271 2.159240 2.281462 -0.542749 9.852447
403.203918 2.157353 2.294537 -0.610728 9.900251
406.508881 2.161419 2.304783 -0.640293 9.963204
409.868439 2.163586 2.313397 -0.670701 10.010469
413.284027 2.166056 2.324404 -0.711054 10.069581
416.756989 2.169385 2.333167 -0.737435 10.123077
420.288849 2.172416 2.343875 -0.774360 10.183744
423.881042 2.175370 2.351293 -0.796344 10.229861
427.535187 2.179320 2.358430 -0.812754 10.279548
431.252899 2.185462 2.366565 -0.824383 10.344075
435.035828 2.187732 2.373213 -0.845969 10.383911
438.885681 2.192794 2.380709 -0.859429 10.440809
442.804321 2.197213 2.387445 -0.872148 10.491453
446.793549 2.200616 2.390807 -0.873251 10.522497
450.855286 2.202185 2.396853 -0.895284 10.556627
454.991577 2.203981 2.399810 -0.901559 10.578272
459.204468 2.205484 2.403074 -0.910606 10.599882
463.496094 2.199483 2.408159 -0.961502 10.593412
467.868713 2.201615 2.405330 -0.938507 10.591220
472.324585 2.194578 2.407197 -0.978428 10.565563
476.866180 2.184356 2.411585 -1.044334 10.535520
481.495941 2.173166 2.418512 -1.126549 10.511657
486.216492 2.156302 2.426464 -1.238087 10.464380
491.030518 2.132403 2.437943 -1.396425 10.397355
495.940826 2.109171 2.459511 -1.600591 10.375060
500.950317 2.086411 2.489278 -1.843391 10.387315
506.062073 2.071266 2.523675 -2.078791 10.454405
511.279205 2.062781 2.559690 -2.296949 10.560158
516.605042 2.056767 2.598582 -2.522338 10.689355
522.042969 2.056239 2.637932 -2.730565 10.848438
527.596619 2.060537 2.675131 -2.910510 11.024412
533.269714 2.066320 2.710812 -3.078827 11.202811
539.066101 2.072185 2.745575 -3.244231 11.378675
544.989929 2.081187 2.777852 -3.385123 11.562463
551.045349 2.093561 2.810722 -3.517161 11.768837
557.236877 2.104853 2.840706 -3.639206 11.958537
563.569092 2.117110 2.872556 -3.769423 12.163034
570.046936 2.128699 2.901691 -3.888451 12.353655
576.675354 2.137074 2.930817 -4.022605 12.526743
583.459778 2.145643 2.957179 -4.141125 12.690105
590.405762 2.156110 2.988583 -4.282817 12.887424
597.519043 2.168160 3.022893 -4.436961 13.108231
604.805908 2.177775 3.050491 -4.562786 13.286567
612.272644 2.189275 3.082494 -4.708845 13.496852
619.926025 2.199200 3.115639 -4.870724 13.703828
627.773193 2.212400 3.144324 -4.992059 13.913008
635.821594 2.219321 3.179887 -5.186300 14.114380
644.078979 2.230246 3.211438 -5.339337 14.324598
652.553711 2.239913 3.245625 -5.516869 14.539833
661.254456 2.250988 3.281294 -5.699944 14.772304
670.190308 2.260875 3.324462 -5.940487 15.032386
679.370972 2.277155 3.357320 -6.086164 15.290280
688.806702 2.285279 3.400085 -6.338075 15.540287
698.508179 2.298927 3.439741 -6.546754 15.815428
708.486877 2.312141 3.485199 -6.800617 16.116548
718.754822 2.323972 3.528504 -7.049499 16.400288
729.324768 2.336117 3.566178 -7.260186 16.662021
740.210205 2.353700 3.611108 -7.500201 16.998929
751.425476 2.372114 3.670805 -7.847884 17.415130
762.985901 2.385828 3.717359 -8.126579 17.737960
774.907532 2.407889 3.756001 -8.309614 18.088069
787.207642 2.418284 3.809781 -8.666331 18.426267
799.904541 2.441962 3.870407 -9.016872 18.902771
813.017761 2.460367 3.919934 -9.312478 19.288954
826.568054 2.477433 3.976758 -9.676926 19.704303
855.070374 2.524839 4.099596 -10.431871 20.701639
870.071655 2.541875 4.171389 -10.939360 21.206296
885.608643 2.583127 4.200505 -10.971694 21.700880
901.710571 2.604518 4.276526 -11.505165 22.276576
918.408936 2.630335 4.345080 -11.961055 22.858036
935.737427 2.656799 4.411211 -12.400203 23.439399
953.732361 2.677919 4.494533 -13.029575 24.071985
972.432983 2.729803 4.537275 -13.135044 24.771736
991.881653 2.759876 4.614540 -13.677063 25.471115
1012.124146 2.785239 4.703009 -14.360736 26.198004
1033.210083 2.829995 4.776191 -14.803129 27.033197
1055.193237 2.879267 4.862861 -15.357240 28.002955
1078.132202 2.917848 4.948795 -15.976730 28.879661
1102.090698 2.967912 5.042611 -16.619428 29.932047
1127.138184 3.017993 5.123236 -17.139263 30.923782
1153.350708 3.063461 5.254290 -18.222772 32.192619
1180.811523 3.102435 5.346643 -18.961489 33.175227
1209.611816 3.179784 5.412556 -19.184734 34.421514
1239.852051 3.231186 5.546277 -20.320626 35.842109
1271.643188 3.292661 5.612456 -20.658045 36.959830
1305.107422 3.375241 5.723235 -21.363172 38.634591
1340.380615 3.439951 5.854025 -22.436345 40.275118
1377.613403 3.503617 5.970986 -23.377346 41.840095
1416.973755 3.581721 6.110122 -24.504863 43.769500
1458.649536 3.683734 6.198540 -24.852000 45.667552
1502.850952 3.719262 6.383259 -26.913083 47.482020
1549.815063 3.796373 6.565432 -28.692453 49.849660
1599.809082 3.916912 6.588660 -28.068242 51.614402
1653.136108 3.989399 6.812570 -30.495800 54.356117
1710.140747 4.074568 6.989328 -32.248612 56.956981
1771.217285 4.194966 7.218502 -34.509025 60.562738
1836.817871 4.346078 7.329565 -34.834126 63.709718
1907.464722 4.529406 7.454148 -35.048800 67.525723
1983.763306 4.577710 7.710696 -38.499394 70.594664
2066.420166 4.690392 7.933983 -40.948303 74.426978
