 -4.10000000e+01 -4.90000000e-03 1.11111111e-02
 -4.00000000e+01 3.10000000e-03 1.25925926e-02
 -3.90000000e+01 9.10000000e-03 3.70370370e-03
 -3.80000000e+01 1.51000000e-02 1.48148148e-03
 -3.70000000e+01 3.11000000e-02 1.25925926e-02
 -3.60200000e+01 5.26959746e-02 3.31035792e-02
 -3.50800000e+01 9.75857636e-02 6.04888945e-02
 -3.42000000e+01 1.75351832e-01 9.60515936e-02
 -3.34000000e+01 3.17175195e-01 1.69165287e-01
 -3.27000000e+01 5.28351811e-01 2.89076676e-01
 -3.20800000e+01 7.84020937e-01 4.21856929e-01
 -3.15200000e+01 1.05848955e+00 5.60153357e-01
 -3.10000000e+01 1.33310000e+00 5.68888889e-01
 -3.05000000e+01 1.56510000e+00 4.11851852e-01
 -3.00000000e+01 1.70110000e+00 1.80740741e-01
 -2.95000000e+01 1.75710000e+00 -1.18518519e-02
 -2.90000000e+01 1.74510000e+00 -1.09629630e-01
 -2.85000000e+01 1.69710000e+00 -1.48148148e-01
 -2.80000000e+01 1.67310000e+00 -1.77777778e-02
 -2.75000000e+01 1.70510000e+00 1.51111111e-01
 -2.70000000e+01 1.76510000e+00 1.95555556e-01
 -2.65000000e+01 1.84910000e+00 1.77777778e-01
 -2.60000000e+01 1.93310000e+00 1.36296296e-01
 -2.54800000e+01 2.02759324e+00 1.86246029e-01
 -2.49200000e+01 2.20571933e+00 3.99327092e-01
 -2.43000000e+01 2.43954829e+00 5.19813293e-01
 -2.36000000e+01 2.78043696e+00 6.27231024e-01
 -2.28000000e+01 3.27730776e+00 6.53463648e-01
 -2.19200000e+01 3.80919863e+00 5.67521100e-01
 -2.09800000e+01 4.35086953e+00 5.63073334e-01
 -2.00000000e+01 4.99110000e+00 6.40740741e-01
 -1.90000000e+01 5.84510000e+00 9.11111111e-01
