20001	190.000000	6.000000	0.080947	0.000000	0.000000	2.147955e+02
20001	191.000000	6.000000	0.110874	0.000000	0.000000	2.368979e+03
20001	192.000000	6.000000	0.194795	0.000000	0.000000	2.107070e+02
20001	193.000000	6.000000	0.171612	0.000000	0.000000	1.650089e+03
20001	194.000000	6.000000	0.177856	0.000000	0.000000	5.134670e+02
20001	195.000000	6.000000	0.162861	0.000000	0.000000	6.050964e+03
20001	196.000000	6.000000	0.151955	0.000000	0.000000	9.815553e+02
20001	197.000000	6.000000	0.167143	0.000000	0.000000	1.784802e+03
20001	198.000000	6.000000	0.175459	0.000000	0.000000	1.536725e+03
20001	199.000000	6.000000	0.206716	0.000000	0.000000	1.092069e+03
20001	200.000000	6.000000	0.219297	0.000000	0.000000	2.648226e+03
20001	201.000000	6.000000	0.229019	0.000000	0.000000	3.807153e+03
20001	202.000000	6.000000	0.224777	0.000000	0.000000	2.643428e+04
20001	203.000000	6.000000	0.221357	0.000000	0.000000	2.648368e+04
20001	204.000000	6.000000	0.196981	0.000000	0.000000	3.986553e+03
20001	205.000000	6.000000	0.205721	0.000000	0.000000	3.569304e+03
20001	206.000000	6.000000	0.200153	0.000000	0.000000	7.998777e+03
20001	207.000000	6.000000	0.190709	0.000000	0.000000	2.308675e+05
20001	208.000000	6.000000	0.175486	0.000000	0.000000	1.628105e+04
20001	209.000000	6.000000	0.155589	0.000000	0.000000	8.428485e+04
20001	210.000000	6.000000	0.142270	0.000000	0.000000	2.315869e+04
20001	211.000000	6.000000	0.123428	0.000000	0.000000	3.451717e+04
20001	212.000000	6.000000	0.100941	0.000000	0.000000	3.097136e+04
20001	213.000000	6.000000	0.078774	0.000000	0.000000	2.571990e+05
20001	214.000000	6.000000	0.064998	0.000000	0.000000	7.776585e+04
20001	215.000000	6.000000	0.044834	0.000000	0.000000	6.949038e+04
20001	216.000000	6.000000	0.036150	0.000000	0.000000	1.835995e+05
20001	217.000000	6.000000	0.029348	0.000000	0.000000	1.342838e+05
20001	218.000000	6.000000	0.025700	0.000000	0.000000	1.151933e+05
20001	219.000000	6.000000	0.025602	0.000000	0.000000	2.298399e+05
20001	220.000000	6.000000	0.032224	0.000000	0.000000	2.216819e+05
20001	221.000000	6.000000	0.045454	0.000000	0.000000	2.734949e+05
20001	222.000000	6.000000	0.061938	0.000000	0.000000	9.332165e+05
20001	223.000000	6.000000	0.084653	0.000000	0.000000	3.418988e+05
20001	224.000000	6.000000	0.113305	0.000000	0.000000	5.583043e+05
20001	225.000000	6.000000	0.144130	0.000000	0.000000	2.414680e+05
20001	226.000000	6.000000	0.175557	0.000000	0.000000	2.174411e+05
20001	227.000000	6.000000	0.207266	0.000000	0.000000	1.505144e+05
20001	228.000000	6.000000	0.237577	0.000000	0.000000	1.975970e+05
20001	229.000000	6.000000	0.267543	0.000000	0.000000	7.577082e+04
20001	230.000000	6.000000	0.294341	0.000000	0.000000	1.232258e+05
20001	231.000000	6.000000	0.319175	0.000000	0.000000	1.531475e+05
20001	232.000000	6.000000	0.342691	0.000000	0.000000	1.614110e+05
20001	233.000000	6.000000	0.363280	0.000000	0.000000	3.708144e+05
20001	234.000000	6.000000	0.382092	0.000000	0.000000	2.862561e+05
20001	235.000000	6.000000	0.399163	0.000000	0.000000	1.506233e+05
20001	236.000000	6.000000	0.413261	0.000000	0.000000	1.090679e+05
20001	237.000000	6.000000	0.428266	0.000000	0.000000	1.693638e+05
20001	238.000000	6.000000	0.439230	0.000000	0.000000	5.297637e+05
20001	239.000000	6.000000	0.449566	0.000000	0.000000	1.691718e+05
20001	240.000000	6.000000	0.458628	0.000000	0.000000	2.791083e+05
20001	241.000000	6.000000	0.463461	0.000000	0.000000	6.721468e+05
20001	242.000000	6.000000	0.467663	0.000000	0.000000	1.437515e+06
20001	243.000000	6.000000	0.471005	0.000000	0.000000	1.092772e+05
20001	244.000000	6.000000	0.474464	0.000000	0.000000	2.236478e+05
20001	245.000000	6.000000	0.473487	0.000000	0.000000	1.559946e+05
20001	246.000000	6.000000	0.471449	0.000000	0.000000	1.952119e+05
20001	247.000000	6.000000	0.470627	0.000000	0.000000	2.235784e+05
20001	248.000000	6.000000	0.467792	0.000000	0.000000	2.226886e+05
20001	249.000000	6.000000	0.461520	0.000000	0.000000	4.971010e+05
20001	250.000000	6.000000	0.454433	0.000000	0.000000	2.174516e+05
20001	251.000000	6.000000	0.447157	0.000000	0.000000	2.537355e+05
20001	252.000000	6.000000	0.438472	0.000000	0.000000	1.134132e+05
20001	253.000000	6.000000	0.428976	0.000000	0.000000	2.299228e+05
20001	254.000000	6.000000	0.417164	0.000000	0.000000	4.564555e+05
20001	255.000000	6.000000	0.405004	0.000000	0.000000	5.750555e+05
20001	256.000000	6.000000	0.392061	0.000000	0.000000	2.744015e+05
20001	257.000000	6.000000	0.379560	0.000000	0.000000	1.344769e+05
20001	258.000000	6.000000	0.366109	0.000000	0.000000	3.308863e+05
20001	259.000000	6.000000	0.352416	0.000000	0.000000	3.559523e+05
20001	260.000000	6.000000	0.340241	0.000000	0.000000	1.352485e+05
20001	261.000000	6.000000	0.328148	0.000000	0.000000	2.230226e+05
20001	262.000000	6.000000	0.317243	0.000000	0.000000	4.552735e+05
20001	263.000000	6.000000	0.309259	0.000000	0.000000	3.821615e+05
20001	264.000000	6.000000	0.300489	0.000000	0.000000	1.840545e+05
20001	265.000000	6.000000	0.295306	0.000000	0.000000	5.013387e+05
20001	266.000000	6.000000	0.293876	0.000000	0.000000	3.022404e+05
20001	267.000000	6.000000	0.293877	0.000000	0.000000	4.206496e+05
20001	268.000000	6.000000	0.296600	0.000000	0.000000	2.305096e+05
20001	269.000000	6.000000	0.303436	0.000000	0.000000	3.457596e+06
20001	270.000000	6.000000	0.313451	0.000000	0.000000	6.406067e+05
20001	271.000000	6.000000	0.324731	0.000000	0.000000	1.902181e+05
20001	272.000000	6.000000	0.338075	0.000000	0.000000	1.717025e+05
20001	273.000000	6.000000	0.353995	0.000000	0.000000	2.440760e+05
20001	274.000000	6.000000	0.370251	0.000000	0.000000	3.548520e+05
20001	275.000000	6.000000	0.389475	0.000000	0.000000	2.090358e+06
20001	276.000000	6.000000	0.407729	0.000000	0.000000	2.502520e+05
20001	277.000000	6.000000	0.425663	0.000000	0.000000	1.406858e+05
20001	278.000000	6.000000	0.444416	0.000000	0.000000	1.503599e+05
20001	279.000000	6.000000	0.462072	0.000000	0.000000	4.418068e+05
20001	280.000000	6.000000	0.480685	0.000000	0.000000	2.968778e+05
20001	281.000000	6.000000	0.497399	0.000000	0.000000	5.522345e+05
20001	282.000000	6.000000	0.513864	0.000000	0.000000	5.472834e+05
20001	283.000000	6.000000	0.529332	0.000000	0.000000	9.646370e+05
20001	284.000000	6.000000	0.545244	0.000000	0.000000	4.529950e+05
20001	285.000000	6.000000	0.558016	0.000000	0.000000	2.090537e+05
20001	286.000000	6.000000	0.569466	0.000000	0.000000	1.661167e+05
20001	287.000000	6.000000	0.580614	0.000000	0.000000	1.894255e+05
20001	288.000000	6.000000	0.588440	0.000000	0.000000	9.504780e+04
20001	289.000000	6.000000	0.594166	0.000000	0.000000	7.061944e+04
20001	290.000000	6.000000	0.599647	0.000000	0.000000	2.015573e+05
20001	291.000000	6.000000	0.603637	0.000000	0.000000	3.352854e+05
20001	292.000000	6.000000	0.608083	0.000000	0.000000	4.800853e+05
20001	293.000000	6.000000	0.609427	0.000000	0.000000	3.872638e+05
20001	294.000000	6.000000	0.611262	0.000000	0.000000	2.879668e+05
20001	295.000000	6.000000	0.612957	0.000000	0.000000	3.051975e+05
20001	296.000000	6.000000	0.613091	0.000000	0.000000	7.507324e+04
20001	297.000000	6.000000	0.614032	0.000000	0.000000	4.036639e+05
20001	298.000000	6.000000	0.612023	0.000000	0.000000	4.773248e+05
20001	299.000000	6.000000	0.612923	0.000000	0.000000	6.195290e+04
20001	300.000000	6.000000	0.613912	0.000000	0.000000	7.555891e+04
20001	301.000000	6.000000	0.614220	0.000000	0.000000	7.305316e+04
20001	302.000000	6.000000	0.612572	0.000000	0.000000	1.046823e+05
20001	303.000000	6.000000	0.609413	0.000000	0.000000	1.857039e+05
20001	304.000000	6.000000	0.606025	0.000000	0.000000	1.099592e+05
20001	305.000000	6.000000	0.604512	0.000000	0.000000	1.381808e+05
20001	306.000000	6.000000	0.603204	0.000000	0.000000	3.782739e+05
20001	307.000000	6.000000	0.599323	0.000000	0.000000	1.292940e+05
20001	308.000000	6.000000	0.596389	0.000000	0.000000	9.038852e+04
20001	309.000000	6.000000	0.593713	0.000000	0.000000	8.658820e+04
20001	310.000000	6.000000	0.590806	0.000000	0.000000	1.143267e+05
20001	311.000000	6.000000	0.586744	0.000000	0.000000	2.921728e+05
20001	312.000000	6.000000	0.582258	0.000000	0.000000	2.012638e+05
20001	313.000000	6.000000	0.574769	0.000000	0.000000	3.405979e+05
20001	314.000000	6.000000	0.569669	0.000000	0.000000	6.998598e+05
20001	315.000000	6.000000	0.568026	0.000000	0.000000	8.987036e+04
20001	316.000000	6.000000	0.562872	0.000000	0.000000	9.228066e+04
20001	317.000000	6.000000	0.555311	0.000000	0.000000	1.120082e+05
20001	318.000000	6.000000	0.550337	0.000000	0.000000	6.368200e+04
20001	319.000000	6.000000	0.541675	0.000000	0.000000	3.296183e+04
20001	320.000000	6.000000	0.533247	0.000000	0.000000	1.775368e+05
20001	321.000000	6.000000	0.527945	0.000000	0.000000	2.389012e+05
20001	322.000000	6.000000	0.521548	0.000000	0.000000	1.624143e+05
20001	323.000000	6.000000	0.514968	0.000000	0.000000	1.034486e+05
20001	324.000000	6.000000	0.506735	0.000000	0.000000	9.673585e+04
20001	325.000000	6.000000	0.499633	0.000000	0.000000	1.714833e+05
20001	326.000000	6.000000	0.493003	0.000000	0.000000	3.296402e+05
20001	327.000000	6.000000	0.482960	0.000000	0.000000	6.327562e+04
20001	328.000000	6.000000	0.472649	0.000000	0.000000	3.036834e+04
20001	329.000000	6.000000	0.464076	0.000000	0.000000	6.924780e+04
20001	330.000000	6.000000	0.454996	0.000000	0.000000	1.216714e+05
20001	331.000000	6.000000	0.443583	0.000000	0.000000	2.037549e+05
20001	332.000000	6.000000	0.435122	0.000000	0.000000	5.155890e+04
20001	333.000000	6.000000	0.427415	0.000000	0.000000	5.023523e+04
20001	334.000000	6.000000	0.418348	0.000000	0.000000	2.949658e+04
20001	335.000000	6.000000	0.406767	0.000000	0.000000	5.269916e+04
20001	336.000000	6.000000	0.396411	0.000000	0.000000	1.060491e+05
20001	337.000000	6.000000	0.387119	0.000000	0.000000	7.202405e+04
20001	338.000000	6.000000	0.376223	0.000000	0.000000	5.611378e+04
20001	339.000000	6.000000	0.367340	0.000000	0.000000	1.288344e+05
20001	340.000000	6.000000	0.360342	0.000000	0.000000	5.908117e+04
20001	341.000000	6.000000	0.351654	0.000000	0.000000	5.067640e+04
20001	342.000000	6.000000	0.342501	0.000000	0.000000	8.375183e+04
20001	343.000000	6.000000	0.333751	0.000000	0.000000	1.837404e+05
20001	344.000000	6.000000	0.325484	0.000000	0.000000	1.816955e+05
20001	345.000000	6.000000	0.317727	0.000000	0.000000	1.486985e+05
20001	346.000000	6.000000	0.310426	0.000000	0.000000	5.928013e+04
20001	347.000000	6.000000	0.302774	0.000000	0.000000	9.195012e+04
20001	348.000000	6.000000	0.296151	0.000000	0.000000	1.098470e+05
20001	349.000000	6.000000	0.290618	0.000000	0.000000	7.515547e+04
20001	350.000000	6.000000	0.286121	0.000000	0.000000	6.464599e+04
20001	351.000000	6.000000	0.282560	0.000000	0.000000	1.097411e+05
20001	352.000000	6.000000	0.278990	0.000000	0.000000	1.111528e+05
20001	353.000000	6.000000	0.276878	0.000000	0.000000	1.062435e+05
20001	354.000000	6.000000	0.275255	0.000000	0.000000	1.037849e+05
20001	355.000000	6.000000	0.275487	0.000000	0.000000	2.022662e+05
20001	356.000000	6.000000	0.275472	0.000000	0.000000	2.729878e+05
20001	357.000000	6.000000	0.276966	0.000000	0.000000	1.491536e+05
20001	358.000000	6.000000	0.279134	0.000000	0.000000	3.779270e+05
20001	359.000000	6.000000	0.281583	0.000000	0.000000	2.124444e+05
20001	360.000000	6.000000	0.284593	0.000000	0.000000	1.283797e+05
20001	361.000000	6.000000	0.288355	0.000000	0.000000	8.894926e+04
20001	362.000000	6.000000	0.293215	0.000000	0.000000	8.570414e+04
20001	363.000000	6.000000	0.297235	0.000000	0.000000	9.027496e+04
20001	364.000000	6.000000	0.301720	0.000000	0.000000	1.376141e+05
20001	365.000000	6.000000	0.306869	0.000000	0.000000	5.034007e+05
20001	366.000000	6.000000	0.311778	0.000000	0.000000	2.409552e+05
20001	367.000000	6.000000	0.316134	0.000000	0.000000	1.400107e+05
20001	368.000000	6.000000	0.320519	0.000000	0.000000	1.611944e+05
20001	369.000000	6.000000	0.325030	0.000000	0.000000	2.189236e+05
20001	370.000000	6.000000	0.329716	0.000000	0.000000	8.036775e+04
20001	371.000000	6.000000	0.333298	0.000000	0.000000	1.151423e+05
20001	372.000000	6.000000	0.336982	0.000000	0.000000	2.401479e+05
20001	373.000000	6.000000	0.340082	0.000000	0.000000	2.995864e+05
20001	374.000000	6.000000	0.343762	0.000000	0.000000	8.086228e+04
20001	375.000000	6.000000	0.347774	0.000000	0.000000	1.351507e+05
20001	376.000000	6.000000	0.348739	0.000000	0.000000	1.943198e+05
20001	377.000000	6.000000	0.354069	0.000000	0.000000	1.078749e+05
20001	378.000000	6.000000	0.357396	0.000000	0.000000	1.756981e+05
20001	379.000000	6.000000	0.360818	0.000000	0.000000	5.276546e+04
20001	380.000000	6.000000	0.362894	0.000000	0.000000	3.579956e+04
20001	381.000000	6.000000	0.366539	0.000000	0.000000	4.705589e+04
20001	382.000000	6.000000	0.370902	0.000000	0.000000	3.338256e+05
20001	383.000000	6.000000	0.374505	0.000000	0.000000	2.093436e+05
20001	384.000000	6.000000	0.379073	0.000000	0.000000	3.185744e+05
20001	385.000000	6.000000	0.381225	0.000000	0.000000	1.800456e+05
20001	386.000000	6.000000	0.385226	0.000000	0.000000	6.306881e+05
20001	387.000000	6.000000	0.387554	0.000000	0.000000	4.124638e+05
20001	388.000000	6.000000	0.390175	0.000000	0.000000	6.932410e+05
20001	389.000000	6.000000	0.393975	0.000000	0.000000	4.390446e+05
20001	390.000000	6.000000	0.397122	0.000000	0.000000	6.279395e+05
20001	391.000000	6.000000	0.400755	0.000000	0.000000	3.763278e+05
20001	392.000000	6.000000	0.403867	0.000000	0.000000	8.582599e+05
20001	393.000000	6.000000	0.406631	0.000000	0.000000	6.614474e+05
20001	394.000000	6.000000	0.409860	0.000000	0.000000	4.379281e+05
20001	395.000000	6.000000	0.412039	0.000000	0.000000	2.725515e+05
20001	396.000000	6.000000	0.414515	0.000000	0.000000	5.220476e+05
20001	397.000000	6.000000	0.416733	0.000000	0.000000	3.434323e+05
20001	398.000000	6.000000	0.419827	0.000000	0.000000	4.309718e+05
20001	399.000000	6.000000	0.423327	0.000000	0.000000	4.777529e+05
20001	400.000000	6.000000	0.425627	0.000000	0.000000	3.961547e+05
20001	401.000000	6.000000	0.428514	0.000000	0.000000	2.959686e+05
20001	402.000000	6.000000	0.430782	0.000000	0.000000	3.570989e+05
20001	403.000000	6.000000	0.432528	0.000000	0.000000	5.559447e+05
20001	404.000000	6.000000	0.434443	0.000000	0.000000	8.528691e+05
20001	405.000000	6.000000	0.435916	0.000000	0.000000	4.738664e+05
20001	406.000000	6.000000	0.437655	0.000000	0.000000	7.792570e+05
20001	407.000000	6.000000	0.439934	0.000000	0.000000	1.160490e+06
20001	408.000000	6.000000	0.442924	0.000000	0.000000	2.583822e+05
20001	409.000000	6.000000	0.444711	0.000000	0.000000	2.206738e+05
20001	410.000000	6.000000	0.446109	0.000000	0.000000	2.205725e+05
20001	411.000000	6.000000	0.446936	0.000000	0.000000	3.583016e+05
20001	412.000000	6.000000	0.447636	0.000000	0.000000	3.138087e+05
20001	413.000000	6.000000	0.448250	0.000000	0.000000	6.449669e+05
20001	414.000000	6.000000	0.449053	0.000000	0.000000	4.751319e+05
20001	415.000000	6.000000	0.450551	0.000000	0.000000	7.658377e+05
20001	416.000000	6.000000	0.451657	0.000000	0.000000	1.379363e+06
20001	417.000000	6.000000	0.452195	0.000000	0.000000	1.630710e+06
20001	418.000000	6.000000	0.453506	0.000000	0.000000	1.386700e+06
20001	419.000000	6.000000	0.454545	0.000000	0.000000	8.659667e+05
20001	420.000000	6.000000	0.454780	0.000000	0.000000	6.044434e+05
20001	421.000000	6.000000	0.455079	0.000000	0.000000	6.958483e+05
20001	422.000000	6.000000	0.455335	0.000000	0.000000	7.761943e+05
20001	423.000000	6.000000	0.455868	0.000000	0.000000	8.686800e+05
20001	424.000000	6.000000	0.455832	0.000000	0.000000	1.098809e+06
20001	425.000000	6.000000	0.455515	0.000000	0.000000	4.589423e+05
20001	426.000000	6.000000	0.455723	0.000000	0.000000	4.267471e+05
20001	427.000000	6.000000	0.456042	0.000000	0.000000	1.213988e+06
20001	428.000000	6.000000	0.455617	0.000000	0.000000	4.771320e+05
20001	429.000000	6.000000	0.455834	0.000000	0.000000	3.135985e+05
20001	430.000000	6.000000	0.455281	0.000000	0.000000	9.065795e+05
20001	431.000000	6.000000	0.454378	0.000000	0.000000	5.088762e+06
20001	432.000000	6.000000	0.453708	0.000000	0.000000	1.007880e+06
20001	433.000000	6.000000	0.453082	0.000000	0.000000	3.844613e+05
20001	434.000000	6.000000	0.452236	0.000000	0.000000	8.698319e+05
20001	435.000000	6.000000	0.451193	0.000000	0.000000	9.126373e+05
20001	436.000000	6.000000	0.450585	0.000000	0.000000	7.310340e+05
20001	437.000000	6.000000	0.449900	0.000000	0.000000	1.155889e+06
20001	438.000000	6.000000	0.448947	0.000000	0.000000	6.876438e+05
20001	439.000000	6.000000	0.447533	0.000000	0.000000	2.519990e+06
20001	440.000000	6.000000	0.446335	0.000000	0.000000	1.220900e+06
20001	441.000000	6.000000	0.444872	0.000000	0.000000	9.417699e+05
20001	442.000000	6.000000	0.443555	0.000000	0.000000	7.344523e+05
20001	443.000000	6.000000	0.442560	0.000000	0.000000	4.362165e+05
20001	444.000000	6.000000	0.441615	0.000000	0.000000	5.954844e+05
20001	445.000000	6.000000	0.439853	0.000000	0.000000	9.677682e+05
20001	446.000000	6.000000	0.438104	0.000000	0.000000	6.821387e+05
20001	447.000000	6.000000	0.436679	0.000000	0.000000	9.366728e+05
20001	448.000000	6.000000	0.434926	0.000000	0.000000	1.566208e+06
20001	449.000000	6.000000	0.432902	0.000000	0.000000	7.784324e+05
20001	450.000000	6.000000	0.430774	0.000000	0.000000	5.650991e+05
20001	451.000000	6.000000	0.428882	0.000000	0.000000	1.174561e+06
20001	452.000000	6.000000	0.427224	0.000000	0.000000	7.983374e+05
20001	453.000000	6.000000	0.424752	0.000000	0.000000	1.172422e+06
20001	454.000000	6.000000	0.423069	0.000000	0.000000	8.423095e+05
20001	455.000000	6.000000	0.421172	0.000000	0.000000	6.529230e+05
20001	456.000000	6.000000	0.418491	0.000000	0.000000	4.999481e+05
20001	457.000000	6.000000	0.415501	0.000000	0.000000	6.732301e+05
20001	458.000000	6.000000	0.413343	0.000000	0.000000	8.309968e+05
20001	459.000000	6.000000	0.410811	0.000000	0.000000	7.165621e+05
20001	460.000000	6.000000	0.408259	0.000000	0.000000	8.866093e+05
20001	461.000000	6.000000	0.406412	0.000000	0.000000	1.021270e+06
20001	462.000000	6.000000	0.404155	0.000000	0.000000	2.046287e+06
20001	463.000000	6.000000	0.401637	0.000000	0.000000	1.381010e+06
20001	464.000000	6.000000	0.398354	0.000000	0.000000	7.061598e+05
20001	465.000000	6.000000	0.396022	0.000000	0.000000	7.320386e+05
20001	466.000000	6.000000	0.393591	0.000000	0.000000	9.305045e+05
20001	467.000000	6.000000	0.390370	0.000000	0.000000	9.764907e+05
20001	468.000000	6.000000	0.387389	0.000000	0.000000	5.267563e+05
20001	469.000000	6.000000	0.384654	0.000000	0.000000	1.363963e+06
20001	470.000000	6.000000	0.382074	0.000000	0.000000	7.854493e+06
20001	471.000000	6.000000	0.379146	0.000000	0.000000	4.642908e+06
20001	472.000000	6.000000	0.376013	0.000000	0.000000	2.571507e+06
20001	473.000000	6.000000	0.372670	0.000000	0.000000	1.182849e+06
20001	474.000000	6.000000	0.369227	0.000000	0.000000	7.338425e+05
20001	475.000000	6.000000	0.365804	0.000000	0.000000	4.588083e+05
20001	476.000000	6.000000	0.362736	0.000000	0.000000	5.756656e+05
20001	477.000000	6.000000	0.359667	0.000000	0.000000	7.389730e+05
20001	478.000000	6.000000	0.356734	0.000000	0.000000	1.471225e+06
20001	479.000000	6.000000	0.353489	0.000000	0.000000	1.872261e+06
20001	480.000000	6.000000	0.350003	0.000000	0.000000	1.614056e+06
20001	481.000000	6.000000	0.346371	0.000000	0.000000	7.621717e+05
20001	482.000000	6.000000	0.342970	0.000000	0.000000	8.527158e+05
20001	483.000000	6.000000	0.339479	0.000000	0.000000	1.330361e+06
20001	484.000000	6.000000	0.335781	0.000000	0.000000	1.096913e+06
20001	485.000000	6.000000	0.332235	0.000000	0.000000	9.434843e+05
20001	486.000000	6.000000	0.328682	0.000000	0.000000	1.306969e+06
20001	487.000000	6.000000	0.325031	0.000000	0.000000	1.484533e+06
20001	488.000000	6.000000	0.321561	0.000000	0.000000	8.996775e+05
20001	489.000000	6.000000	0.318187	0.000000	0.000000	1.325737e+06
20001	490.000000	6.000000	0.314615	0.000000	0.000000	1.724683e+06
20001	491.000000	6.000000	0.310916	0.000000	0.000000	9.757281e+05
20001	492.000000	6.000000	0.307181	0.000000	0.000000	9.851593e+05
20001	493.000000	6.000000	0.303361	0.000000	0.000000	9.493669e+05
20001	494.000000	6.000000	0.299543	0.000000	0.000000	7.473337e+05
20001	495.000000	6.000000	0.295787	0.000000	0.000000	7.636721e+05
20001	496.000000	6.000000	0.292234	0.000000	0.000000	8.532545e+05
20001	497.000000	6.000000	0.288534	0.000000	0.000000	7.504018e+05
20001	498.000000	6.000000	0.284850	0.000000	0.000000	9.977582e+05
20001	499.000000	6.000000	0.281134	0.000000	0.000000	1.088188e+06
20001	500.000000	6.000000	0.277302	0.000000	0.000000	5.950647e+05
20001	501.000000	6.000000	0.273401	0.000000	0.000000	9.936245e+05
20001	502.000000	6.000000	0.269727	0.000000	0.000000	1.476412e+06
20001	503.000000	6.000000	0.266133	0.000000	0.000000	8.679194e+05
20001	504.000000	6.000000	0.262439	0.000000	0.000000	6.414421e+05
20001	505.000000	6.000000	0.258699	0.000000	0.000000	1.027929e+06
20001	506.000000	6.000000	0.254565	0.000000	0.000000	1.058762e+06
20001	507.000000	6.000000	0.251146	0.000000	0.000000	9.035924e+05
20001	508.000000	6.000000	0.247357	0.000000	0.000000	8.587224e+05
20001	509.000000	6.000000	0.243533	0.000000	0.000000	1.498814e+06
20001	510.000000	6.000000	0.239871	0.000000	0.000000	1.150484e+06
20001	511.000000	6.000000	0.236021	0.000000	0.000000	9.672061e+05
20001	512.000000	6.000000	0.232110	0.000000	0.000000	8.901489e+05
20001	513.000000	6.000000	0.228599	0.000000	0.000000	1.627986e+06
20001	514.000000	6.000000	0.224824	0.000000	0.000000	1.751826e+06
20001	515.000000	6.000000	0.221077	0.000000	0.000000	1.401998e+06
20001	516.000000	6.000000	0.217490	0.000000	0.000000	1.303143e+06
20001	517.000000	6.000000	0.213956	0.000000	0.000000	1.403717e+06
20001	518.000000	6.000000	0.210364	0.000000	0.000000	2.165898e+06
20001	519.000000	6.000000	0.206690	0.000000	0.000000	2.236668e+06
20001	520.000000	6.000000	0.203156	0.000000	0.000000	1.450800e+06
20001	521.000000	6.000000	0.199589	0.000000	0.000000	1.447251e+06
20001	522.000000	6.000000	0.196027	0.000000	0.000000	1.710999e+06
20001	523.000000	6.000000	0.192568	0.000000	0.000000	1.341412e+06
20001	524.000000	6.000000	0.189138	0.000000	0.000000	1.103190e+06
20001	525.000000	6.000000	0.185716	0.000000	0.000000	1.359785e+06
20001	526.000000	6.000000	0.182202	0.000000	0.000000	1.164496e+06
20001	527.000000	6.000000	0.178778	0.000000	0.000000	1.180901e+06
20001	528.000000	6.000000	0.175737	0.000000	0.000000	1.190365e+06
20001	529.000000	6.000000	0.172457	0.000000	0.000000	1.352737e+06
20001	530.000000	6.000000	0.169140	0.000000	0.000000	1.304189e+06
20001	531.000000	6.000000	0.165906	0.000000	0.000000	1.690059e+06
20001	532.000000	6.000000	0.162813	0.000000	0.000000	1.940285e+06
20001	533.000000	6.000000	0.159710	0.000000	0.000000	1.575276e+06
20001	534.000000	6.000000	0.156729	0.000000	0.000000	1.410436e+06
20001	535.000000	6.000000	0.153736	0.000000	0.000000	1.358087e+06
20001	536.000000	6.000000	0.150644	0.000000	0.000000	1.459436e+06
20001	537.000000	6.000000	0.147835	0.000000	0.000000	2.007683e+06
20001	538.000000	6.000000	0.145171	0.000000	0.000000	1.845592e+06
20001	539.000000	6.000000	0.142471	0.000000	0.000000	1.564449e+06
20001	540.000000	6.000000	0.139792	0.000000	0.000000	2.435475e+06
20001	541.000000	6.000000	0.137061	0.000000	0.000000	3.108474e+06
20001	542.000000	6.000000	0.134543	0.000000	0.000000	2.920026e+06
20001	543.000000	6.000000	0.131979	0.000000	0.000000	3.618419e+06
20001	544.000000	6.000000	0.129573	0.000000	0.000000	4.083444e+06
20001	545.000000	6.000000	0.127033	0.000000	0.000000	2.938710e+06
20001	546.000000	6.000000	0.124689	0.000000	0.000000	3.288195e+06
20001	547.000000	6.000000	0.122496	0.000000	0.000000	2.891259e+06
20001	548.000000	6.000000	0.120314	0.000000	0.000000	4.707560e+06
20001	549.000000	6.000000	0.118028	0.000000	0.000000	2.903563e+06
20001	550.000000	6.000000	0.115715	0.000000	0.000000	2.269884e+06
20001	551.000000	6.000000	0.113869	0.000000	0.000000	3.139635e+06
20001	552.000000	6.000000	0.112042	0.000000	0.000000	2.378360e+06
20001	553.000000	6.000000	0.109998	0.000000	0.000000	4.261701e+06
20001	554.000000	6.000000	0.108150	0.000000	0.000000	5.142039e+06
20001	555.000000	6.000000	0.106502	0.000000	0.000000	3.683696e+06
20001	556.000000	6.000000	0.104762	0.000000	0.000000	4.184291e+06
20001	557.000000	6.000000	0.103014	0.000000	0.000000	5.047358e+06
20001	558.000000	6.000000	0.101403	0.000000	0.000000	4.084158e+06
20001	559.000000	6.000000	0.099949	0.000000	0.000000	4.388642e+06
20001	560.000000	6.000000	0.098420	0.000000	0.000000	6.059789e+06
20001	561.000000	6.000000	0.097114	0.000000	0.000000	6.286714e+06
20001	562.000000	6.000000	0.095857	0.000000	0.000000	8.027855e+06
20001	563.000000	6.000000	0.094641	0.000000	0.000000	1.000000e+07
20001	564.000000	6.000000	0.093467	0.000000	0.000000	9.583615e+06
20001	565.000000	6.000000	0.092406	0.000000	0.000000	8.594064e+06
20001	566.000000	6.000000	0.091396	0.000000	0.000000	5.519958e+06
20001	567.000000	6.000000	0.090398	0.000000	0.000000	7.853873e+06
20001	568.000000	6.000000	0.089378	0.000000	0.000000	9.999686e+06
20001	569.000000	6.000000	0.088648	0.000000	0.000000	8.202674e+06
20001	570.000000	6.000000	0.087935	0.000000	0.000000	7.731765e+06
20001	571.000000	6.000000	0.087207	0.000000	0.000000	9.414153e+06
20001	572.000000	6.000000	0.086623	0.000000	0.000000	1.000000e+07
20001	573.000000	6.000000	0.086071	0.000000	0.000000	1.000000e+07
20001	574.000000	6.000000	0.085411	0.000000	0.000000	1.000000e+07
20001	575.000000	6.000000	0.084880	0.000000	0.000000	7.339007e+06
20001	576.000000	6.000000	0.084459	0.000000	0.000000	1.000000e+07
20001	577.000000	6.000000	0.084165	0.000000	0.000000	1.000000e+07
20001	578.000000	6.000000	0.083935	0.000000	0.000000	1.000000e+07
20001	579.000000	6.000000	0.083791	0.000000	0.000000	1.000000e+07
20001	580.000000	6.000000	0.083620	0.000000	0.000000	1.000000e+07
20001	581.000000	6.000000	0.083683	0.000000	0.000000	1.000000e+07
20001	582.000000	6.000000	0.083609	0.000000	0.000000	1.000000e+07
20001	583.000000	6.000000	0.083557	0.000000	0.000000	1.000000e+07
20001	584.000000	6.000000	0.083640	0.000000	0.000000	9.699670e+06
20001	585.000000	6.000000	0.083769	0.000000	0.000000	9.239409e+06
20001	586.000000	6.000000	0.083972	0.000000	0.000000	9.035206e+06
20001	587.000000	6.000000	0.084500	0.000000	0.000000	7.827577e+06
20001	588.000000	6.000000	0.084906	0.000000	0.000000	1.000000e+07
20001	589.000000	6.000000	0.085119	0.000000	0.000000	1.000000e+07
20001	590.000000	6.000000	0.085584	0.000000	0.000000	1.000000e+07
20001	591.000000	6.000000	0.086113	0.000000	0.000000	6.890535e+06
20001	592.000000	6.000000	0.086394	0.000000	0.000000	5.042451e+06
20001	593.000000	6.000000	0.087014	0.000000	0.000000	8.681855e+06
20001	594.000000	6.000000	0.087555	0.000000	0.000000	1.000000e+07
20001	595.000000	6.000000	0.088346	0.000000	0.000000	1.000000e+07
20001	596.000000	6.000000	0.089027	0.000000	0.000000	8.778718e+06
20001	597.000000	6.000000	0.089818	0.000000	0.000000	1.000000e+07
20001	598.000000	6.000000	0.090579	0.000000	0.000000	1.000000e+07
20001	599.000000	6.000000	0.091497	0.000000	0.000000	8.174639e+06
20001	600.000000	6.000000	0.092308	0.000000	0.000000	1.000000e+07
20001	601.000000	6.000000	0.092974	0.000000	0.000000	1.000000e+07
20001	602.000000	6.000000	0.094050	0.000000	0.000000	9.172319e+06
20001	603.000000	6.000000	0.095005	0.000000	0.000000	1.000000e+07
20001	604.000000	6.000000	0.096040	0.000000	0.000000	1.000000e+07
20001	605.000000	6.000000	0.097071	0.000000	0.000000	1.000000e+07
20001	606.000000	6.000000	0.098261	0.000000	0.000000	8.829594e+06
20001	607.000000	6.000000	0.099423	0.000000	0.000000	5.234207e+06
20001	608.000000	6.000000	0.100566	0.000000	0.000000	6.947426e+06
20001	609.000000	6.000000	0.101606	0.000000	0.000000	8.520153e+06
20001	610.000000	6.000000	0.102764	0.000000	0.000000	1.000000e+07
20001	611.000000	6.000000	0.104100	0.000000	0.000000	8.641344e+06
20001	612.000000	6.000000	0.105335	0.000000	0.000000	5.710761e+06
20001	613.000000	6.000000	0.106751	0.000000	0.000000	3.736294e+06
20001	614.000000	6.000000	0.108107	0.000000	0.000000	4.019961e+06
20001	615.000000	6.000000	0.109521	0.000000	0.000000	4.804624e+06
20001	616.000000	6.000000	0.110877	0.000000	0.000000	5.290589e+06
20001	617.000000	6.000000	0.112244	0.000000	0.000000	1.000000e+07
20001	618.000000	6.000000	0.113727	0.000000	0.000000	6.667836e+06
20001	619.000000	6.000000	0.115174	0.000000	0.000000	4.637242e+06
20001	620.000000	6.000000	0.116558	0.000000	0.000000	2.806323e+06
20001	621.000000	6.000000	0.118071	0.000000	0.000000	3.268230e+06
20001	622.000000	6.000000	0.119659	0.000000	0.000000	5.395848e+06
20001	623.000000	6.000000	0.121140	0.000000	0.000000	7.689331e+06
20001	624.000000	6.000000	0.122810	0.000000	0.000000	5.758996e+06
20001	625.000000	6.000000	0.124284	0.000000	0.000000	7.665630e+06
20001	626.000000	6.000000	0.125900	0.000000	0.000000	8.715417e+06
20001	627.000000	6.000000	0.127509	0.000000	0.000000	3.067398e+06
20001	628.000000	6.000000	0.129028	0.000000	0.000000	2.230692e+06
20001	629.000000	6.000000	0.130882	0.000000	0.000000	3.863939e+06
20001	630.000000	6.000000	0.132353	0.000000	0.000000	4.426540e+06
20001	631.000000	6.000000	0.134077	0.000000	0.000000	2.811444e+06
20001	632.000000	6.000000	0.135886	0.000000	0.000000	2.837512e+06
20001	633.000000	6.000000	0.137605	0.000000	0.000000	2.410046e+06
20001	634.000000	6.000000	0.139054	0.000000	0.000000	3.103886e+06
20001	635.000000	6.000000	0.140535	0.000000	0.000000	3.194428e+06
20001	636.000000	6.000000	0.142669	0.000000	0.000000	2.683786e+06
20001	637.000000	6.000000	0.143969	0.000000	0.000000	2.180749e+06
20001	638.000000	6.000000	0.145876	0.000000	0.000000	4.348121e+06
20001	639.000000	6.000000	0.147456	0.000000	0.000000	7.284610e+06
20001	640.000000	6.000000	0.149136	0.000000	0.000000	4.002105e+06
20001	641.000000	6.000000	0.150948	0.000000	0.000000	1.570031e+06
20001	642.000000	6.000000	0.152778	0.000000	0.000000	1.602842e+06
20001	643.000000	6.000000	0.154541	0.000000	0.000000	3.695260e+06
20001	644.000000	6.000000	0.155910	0.000000	0.000000	2.226297e+06
20001	645.000000	6.000000	0.157785	0.000000	0.000000	1.904717e+06
20001	646.000000	6.000000	0.159676	0.000000	0.000000	4.398756e+06
20001	647.000000	6.000000	0.161485	0.000000	0.000000	4.400437e+06
20001	648.000000	6.000000	0.163431	0.000000	0.000000	2.570421e+06
20001	649.000000	6.000000	0.165066	0.000000	0.000000	2.278591e+06
20001	650.000000	6.000000	0.166896	0.000000	0.000000	2.158234e+06
20001	651.000000	6.000000	0.168728	0.000000	0.000000	4.492601e+06
20001	652.000000	6.000000	0.170455	0.000000	0.000000	4.987285e+06
20001	653.000000	6.000000	0.172181	0.000000	0.000000	2.093921e+06
20001	654.000000	6.000000	0.173795	0.000000	0.000000	3.371784e+06
20001	655.000000	6.000000	0.175435	0.000000	0.000000	6.212009e+06
20001	656.000000	6.000000	0.177016	0.000000	0.000000	3.003469e+06
20001	657.000000	6.000000	0.178852	0.000000	0.000000	1.877869e+06
20001	658.000000	6.000000	0.180816	0.000000	0.000000	1.190675e+06
20001	659.000000	6.000000	0.182397	0.000000	0.000000	1.353520e+06
20001	660.000000	6.000000	0.183673	0.000000	0.000000	4.444276e+06
20001	661.000000	6.000000	0.185518	0.000000	0.000000	4.664527e+06
20001	662.000000	6.000000	0.187402	0.000000	0.000000	2.204939e+06
20001	663.000000	6.000000	0.189335	0.000000	0.000000	2.209822e+06
20001	664.000000	6.000000	0.191232	0.000000	0.000000	3.635025e+06
20001	665.000000	6.000000	0.192695	0.000000	0.000000	2.594361e+06
20001	666.000000	6.000000	0.194567	0.000000	0.000000	1.731092e+06
20001	667.000000	6.000000	0.196368	0.000000	0.000000	1.720672e+06
20001	668.000000	6.000000	0.197850	0.000000	0.000000	1.288281e+06
20001	669.000000	6.000000	0.199183	0.000000	0.000000	9.022103e+05
20001	670.000000	6.000000	0.201154	0.000000	0.000000	9.841055e+05
20001	671.000000	6.000000	0.202750	0.000000	0.000000	1.564201e+06
20001	672.000000	6.000000	0.204139	0.000000	0.000000	2.467672e+06
20001	673.000000	6.000000	0.205926	0.000000	0.000000	2.997866e+06
20001	674.000000	6.000000	0.207585	0.000000	0.000000	3.810238e+06
20001	675.000000	6.000000	0.209378	0.000000	0.000000	6.446838e+06
20001	676.000000	6.000000	0.210889	0.000000	0.000000	3.913776e+06
20001	677.000000	6.000000	0.212307	0.000000	0.000000	3.421713e+06
20001	678.000000	6.000000	0.213765	0.000000	0.000000	1.507683e+06
20001	679.000000	6.000000	0.215406	0.000000	0.000000	3.717655e+06
20001	680.000000	6.000000	0.217079	0.000000	0.000000	1.496844e+06
20001	681.000000	6.000000	0.218624	0.000000	0.000000	9.473323e+05
20001	682.000000	6.000000	0.220101	0.000000	0.000000	1.047524e+06
20001	683.000000	6.000000	0.221447	0.000000	0.000000	2.711348e+06
20001	684.000000	6.000000	0.223420	0.000000	0.000000	1.743440e+06
20001	685.000000	6.000000	0.224986	0.000000	0.000000	1.752158e+06
20001	686.000000	6.000000	0.226424	0.000000	0.000000	1.586334e+06
20001	687.000000	6.000000	0.227667	0.000000	0.000000	1.475510e+06
20001	688.000000	6.000000	0.228854	0.000000	0.000000	2.169772e+06
20001	689.000000	6.000000	0.230773	0.000000	0.000000	2.270274e+06
20001	690.000000	6.000000	0.232350	0.000000	0.000000	1.816742e+06
20001	691.000000	6.000000	0.233864	0.000000	0.000000	1.602909e+06
20001	692.000000	6.000000	0.235339	0.000000	0.000000	1.604238e+06
20001	693.000000	6.000000	0.236593	0.000000	0.000000	1.766607e+06
20001	694.000000	6.000000	0.237770	0.000000	0.000000	2.341826e+06
20001	695.000000	6.000000	0.239077	0.000000	0.000000	2.262820e+06
20001	696.000000	6.000000	0.240429	0.000000	0.000000	2.334574e+06
20001	697.000000	6.000000	0.242082	0.000000	0.000000	1.618040e+06
20001	698.000000	6.000000	0.243487	0.000000	0.000000	8.162998e+05
20001	699.000000	6.000000	0.244934	0.000000	0.000000	7.751616e+05
20001	700.000000	6.000000	0.246345	0.000000	0.000000	8.785011e+05
20001	701.000000	6.000000	0.247734	0.000000	0.000000	9.834007e+05
20001	702.000000	6.000000	0.248981	0.000000	0.000000	1.355544e+06
20001	703.000000	6.000000	0.250359	0.000000	0.000000	1.751430e+06
20001	704.000000	6.000000	0.251942	0.000000	0.000000	2.000356e+06
20001	705.000000	6.000000	0.253127	0.000000	0.000000	1.843129e+06
20001	706.000000	6.000000	0.254080	0.000000	0.000000	1.440601e+06
20001	707.000000	6.000000	0.255385	0.000000	0.000000	1.797152e+06
20001	708.000000	6.000000	0.256692	0.000000	0.000000	1.411476e+06
20001	709.000000	6.000000	0.257746	0.000000	0.000000	1.114524e+06
20001	710.000000	6.000000	0.259181	0.000000	0.000000	1.326713e+06
20001	711.000000	6.000000	0.260651	0.000000	0.000000	1.857769e+06
20001	712.000000	6.000000	0.261925	0.000000	0.000000	5.849556e+05
20001	713.000000	6.000000	0.263085	0.000000	0.000000	4.406489e+05
20001	714.000000	6.000000	0.264019	0.000000	0.000000	1.216369e+06
20001	715.000000	6.000000	0.265038	0.000000	0.000000	2.219816e+06
20001	716.000000	6.000000	0.266448	0.000000	0.000000	1.400507e+06
20001	717.000000	6.000000	0.267531	0.000000	0.000000	9.769529e+05
20001	718.000000	6.000000	0.268881	0.000000	0.000000	7.609255e+05
20001	719.000000	6.000000	0.270330	0.000000	0.000000	8.168019e+05
20001	720.000000	6.000000	0.271169	0.000000	0.000000	1.153032e+06
20001	721.000000	6.000000	0.272274	0.000000	0.000000	1.380485e+06
20001	722.000000	6.000000	0.273153	0.000000	0.000000	1.882701e+06
20001	723.000000	6.000000	0.274582	0.000000	0.000000	1.415122e+06
20001	724.000000	6.000000	0.275708	0.000000	0.000000	1.300846e+06
20001	725.000000	6.000000	0.276395	0.000000	0.000000	2.319813e+06
20001	726.000000	6.000000	0.277249	0.000000	0.000000	1.737514e+06
20001	727.000000	6.000000	0.278517	0.000000	0.000000	2.380760e+06
20001	728.000000	6.000000	0.279981	0.000000	0.000000	1.736398e+06
20001	729.000000	6.000000	0.280095	0.000000	0.000000	8.234490e+05
20001	730.000000	6.000000	0.281216	0.000000	0.000000	8.040441e+05
20001	731.000000	6.000000	0.282561	0.000000	0.000000	1.617753e+06
20001	732.000000	6.000000	0.283796	0.000000	0.000000	2.485463e+06
20001	733.000000	6.000000	0.284435	0.000000	0.000000	1.283545e+06
20001	734.000000	6.000000	0.285358	0.000000	0.000000	4.511705e+06
20001	735.000000	6.000000	0.286621	0.000000	0.000000	1.885949e+06
20001	736.000000	6.000000	0.287616	0.000000	0.000000	7.372320e+05
20001	737.000000	6.000000	0.288599	0.000000	0.000000	1.456655e+06
20001	738.000000	6.000000	0.289445	0.000000	0.000000	2.434741e+06
20001	739.000000	6.000000	0.290411	0.000000	0.000000	4.111931e+06
20001	740.000000	6.000000	0.291004	0.000000	0.000000	6.544145e+06
20001	741.000000	6.000000	0.291628	0.000000	0.000000	1.000000e+07
20001	742.000000	6.000000	0.292611	0.000000	0.000000	2.467871e+06
20001	743.000000	6.000000	0.294075	0.000000	0.000000	1.415351e+06
20001	744.000000	6.000000	0.295567	0.000000	0.000000	8.853029e+05
20001	745.000000	6.000000	0.296217	0.000000	0.000000	7.406700e+05
20001	746.000000	6.000000	0.296883	0.000000	0.000000	4.989861e+05
20001	747.000000	6.000000	0.297498	0.000000	0.000000	7.001105e+05
20001	748.000000	6.000000	0.297908	0.000000	0.000000	3.655425e+06
20001	749.000000	6.000000	0.298681	0.000000	0.000000	1.292813e+06
20001	750.000000	6.000000	0.299187	0.000000	0.000000	1.536188e+06
20001	751.000000	6.000000	0.300123	0.000000	0.000000	1.096943e+06
20001	752.000000	6.000000	0.301324	0.000000	0.000000	1.069036e+06
20001	753.000000	6.000000	0.301918	0.000000	0.000000	1.617051e+06
20001	754.000000	6.000000	0.302602	0.000000	0.000000	8.177445e+05
20001	755.000000	6.000000	0.303609	0.000000	0.000000	1.913884e+06
20001	756.000000	6.000000	0.304492	0.000000	0.000000	8.777524e+05
20001	757.000000	6.000000	0.305087	0.000000	0.000000	1.228861e+06
20001	758.000000	6.000000	0.306001	0.000000	0.000000	1.647378e+06
20001	759.000000	6.000000	0.306324	0.000000	0.000000	1.345256e+06
20001	760.000000	6.000000	0.307261	0.000000	0.000000	5.402933e+05
20001	761.000000	6.000000	0.307788	0.000000	0.000000	1.529857e+06
20001	762.000000	6.000000	0.308586	0.000000	0.000000	1.696887e+06
20001	763.000000	6.000000	0.309292	0.000000	0.000000	3.888348e+05
20001	764.000000	6.000000	0.310349	0.000000	0.000000	1.322867e+06
20001	765.000000	6.000000	0.311009	0.000000	0.000000	1.548993e+06
20001	766.000000	6.000000	0.311188	0.000000	0.000000	1.018521e+06
20001	767.000000	6.000000	0.311552	0.000000	0.000000	1.182758e+06
20001	768.000000	6.000000	0.311456	0.000000	0.000000	6.269209e+05
20001	769.000000	6.000000	0.312295	0.000000	0.000000	7.685513e+05
20001	770.000000	6.000000	0.313514	0.000000	0.000000	5.583233e+05
20001	771.000000	6.000000	0.315172	0.000000	0.000000	8.804700e+05
20001	772.000000	6.000000	0.315326	0.000000	0.000000	9.466815e+05
20001	773.000000	6.000000	0.315708	0.000000	0.000000	1.003132e+06
20001	774.000000	6.000000	0.315768	0.000000	0.000000	1.460785e+06
20001	775.000000	6.000000	0.315963	0.000000	0.000000	2.423782e+06
20001	776.000000	6.000000	0.316595	0.000000	0.000000	1.349464e+06
20001	777.000000	6.000000	0.316786	0.000000	0.000000	5.086291e+06
20001	778.000000	6.000000	0.317096	0.000000	0.000000	2.870569e+06
20001	779.000000	6.000000	0.317973	0.000000	0.000000	1.350386e+06
20001	780.000000	6.000000	0.319723	0.000000	0.000000	1.019202e+06
20001	781.000000	6.000000	0.319866	0.000000	0.000000	4.063249e+05
20001	782.000000	6.000000	0.320194	0.000000	0.000000	5.599242e+05
20001	783.000000	6.000000	0.320491	0.000000	0.000000	6.549231e+05
20001	784.000000	6.000000	0.320489	0.000000	0.000000	2.528419e+06
20001	785.000000	6.000000	0.320912	0.000000	0.000000	1.369656e+06
20001	786.000000	6.000000	0.321675	0.000000	0.000000	7.545012e+05
20001	787.000000	6.000000	0.321847	0.000000	0.000000	6.459956e+05
20001	788.000000	6.000000	0.322135	0.000000	0.000000	6.228855e+05
20001	789.000000	6.000000	0.323011	0.000000	0.000000	1.046813e+06
20001	790.000000	6.000000	0.323630	0.000000	0.000000	1.675916e+06
20001	791.000000	6.000000	0.324425	0.000000	0.000000	8.515351e+05
20001	792.000000	6.000000	0.324924	0.000000	0.000000	3.528933e+05
20001	793.000000	6.000000	0.325033	0.000000	0.000000	8.831338e+05
20001	794.000000	6.000000	0.324371	0.000000	0.000000	1.190663e+06
20001	795.000000	6.000000	0.323967	0.000000	0.000000	4.405869e+05
20001	796.000000	6.000000	0.324822	0.000000	0.000000	4.077512e+05
20001	797.000000	6.000000	0.325986	0.000000	0.000000	4.943947e+05
20001	798.000000	6.000000	0.327141	0.000000	0.000000	9.026109e+05
20001	799.000000	6.000000	0.327746	0.000000	0.000000	2.036798e+06
20001	800.000000	6.000000	0.326675	0.000000	0.000000	2.290200e+06
20001	801.000000	6.000000	0.327304	0.000000	0.000000	5.101701e+05
20001	802.000000	6.000000	0.327099	0.000000	0.000000	3.320868e+05
20001	803.000000	6.000000	0.327800	0.000000	0.000000	1.116974e+06
20001	804.000000	6.000000	0.329256	0.000000	0.000000	4.641468e+06
20001	805.000000	6.000000	0.328891	0.000000	0.000000	7.584949e+05
20001	806.000000	6.000000	0.329159	0.000000	0.000000	5.247751e+05
20001	807.000000	6.000000	0.329661	0.000000	0.000000	1.749802e+06
20001	808.000000	6.000000	0.330369	0.000000	0.000000	4.858257e+05
20001	809.000000	6.000000	0.329388	0.000000	0.000000	3.561658e+05
20001	810.000000	6.000000	0.330655	0.000000	0.000000	5.109637e+05
20001	811.000000	6.000000	0.331073	0.000000	0.000000	3.538532e+06
20001	812.000000	6.000000	0.330777	0.000000	0.000000	4.770134e+05
20001	813.000000	6.000000	0.331068	0.000000	0.000000	5.963389e+05
20001	814.000000	6.000000	0.331784	0.000000	0.000000	5.844643e+05
20001	815.000000	6.000000	0.332214	0.000000	0.000000	3.236491e+05
20001	816.000000	6.000000	0.331384	0.000000	0.000000	1.910900e+06
20001	817.000000	6.000000	0.331875	0.000000	0.000000	4.124435e+05
20001	818.000000	6.000000	0.332137	0.000000	0.000000	4.759471e+05
20001	819.000000	6.000000	0.333260	0.000000	0.000000	1.913427e+06
20001	820.000000	6.000000	0.333349	0.000000	0.000000	6.314777e+05
20001	821.000000	6.000000	0.332480	0.000000	0.000000	3.961908e+05
20001	822.000000	6.000000	0.333285	0.000000	0.000000	8.028637e+05
20001	823.000000	6.000000	0.333658	0.000000	0.000000	5.492438e+05
20001	824.000000	6.000000	0.333442	0.000000	0.000000	1.984694e+05
20001	825.000000	6.000000	0.333710	0.000000	0.000000	1.763314e+06
20001	826.000000	6.000000	0.333743	0.000000	0.000000	2.128617e+06
20001	827.000000	6.000000	0.333271	0.000000	0.000000	7.033699e+05
20001	828.000000	6.000000	0.334009	0.000000	0.000000	6.602202e+05
20001	829.000000	6.000000	0.334305	0.000000	0.000000	1.142601e+06
20001	830.000000	6.000000	0.334087	0.000000	0.000000	4.816321e+05
20001	831.000000	6.000000	0.333544	0.000000	0.000000	3.139500e+05
20001	832.000000	6.000000	0.334271	0.000000	0.000000	1.922264e+05
20001	833.000000	6.000000	0.335037	0.000000	0.000000	5.510875e+05
20001	834.000000	6.000000	0.335132	0.000000	0.000000	2.432467e+05
20001	835.000000	6.000000	0.333609	0.000000	0.000000	2.013892e+05
20001	836.000000	6.000000	0.333779	0.000000	0.000000	1.563713e+05
20001	837.000000	6.000000	0.334581	0.000000	0.000000	5.267369e+05
20001	838.000000	6.000000	0.336590	0.000000	0.000000	7.538081e+05
20001	839.000000	6.000000	0.336641	0.000000	0.000000	2.126059e+05
20001	840.000000	6.000000	0.334890	0.000000	0.000000	1.162396e+05
20001	841.000000	6.000000	0.336441	0.000000	0.000000	7.375228e+05
20001	842.000000	6.000000	0.335862	0.000000	0.000000	4.284134e+06
20001	843.000000	6.000000	0.334455	0.000000	0.000000	3.931126e+05
20001	844.000000	6.000000	0.334161	0.000000	0.000000	1.754210e+05
20001	845.000000	6.000000	0.334267	0.000000	0.000000	1.965306e+05
20001	846.000000	6.000000	0.333888	0.000000	0.000000	1.446331e+05
20001	847.000000	6.000000	0.335127	0.000000	0.000000	6.679527e+05
20001	848.000000	6.000000	0.335674	0.000000	0.000000	3.563784e+05
20001	849.000000	6.000000	0.335764	0.000000	0.000000	3.166313e+05
20001	850.000000	6.000000	0.334936	0.000000	0.000000	3.699598e+05
20001	851.000000	6.000000	0.335973	0.000000	0.000000	6.440036e+05
20001	852.000000	6.000000	0.335549	0.000000	0.000000	3.139543e+05
20001	853.000000	6.000000	0.335542	0.000000	0.000000	2.705780e+05
20001	854.000000	6.000000	0.335301	0.000000	0.000000	1.157815e+06
20001	855.000000	6.000000	0.334378	0.000000	0.000000	1.594031e+05
20001	856.000000	6.000000	0.334138	0.000000	0.000000	4.410319e+05
20001	857.000000	6.000000	0.336284	0.000000	0.000000	2.850995e+05
20001	858.000000	6.000000	0.337969	0.000000	0.000000	1.500805e+05
20001	859.000000	6.000000	0.336802	0.000000	0.000000	2.622108e+05
20001	860.000000	6.000000	0.335048	0.000000	0.000000	1.067410e+06
20001	861.000000	6.000000	0.334879	0.000000	0.000000	8.511415e+05
20001	862.000000	6.000000	0.334114	0.000000	0.000000	4.374589e+05
20001	863.000000	6.000000	0.333982	0.000000	0.000000	4.871951e+05
20001	864.000000	6.000000	0.334946	0.000000	0.000000	1.014366e+05
20001	865.000000	6.000000	0.335396	0.000000	0.000000	1.153704e+05
20001	866.000000	6.000000	0.335529	0.000000	0.000000	1.601858e+05
20001	867.000000	6.000000	0.336579	0.000000	0.000000	1.223887e+05
20001	868.000000	6.000000	0.336184	0.000000	0.000000	1.271233e+05
20001	869.000000	6.000000	0.335469	0.000000	0.000000	2.663850e+05
20001	870.000000	6.000000	0.334232	0.000000	0.000000	2.174468e+05
20001	871.000000	6.000000	0.333093	0.000000	0.000000	4.377842e+05
20001	872.000000	6.000000	0.332612	0.000000	0.000000	5.511664e+05
20001	873.000000	6.000000	0.332927	0.000000	0.000000	1.222699e+05
20001	874.000000	6.000000	0.333575	0.000000	0.000000	1.246302e+05
20001	875.000000	6.000000	0.335012	0.000000	0.000000	1.430716e+05
20001	876.000000	6.000000	0.336833	0.000000	0.000000	1.075939e+05
20001	877.000000	6.000000	0.334733	0.000000	0.000000	4.988343e+05
20001	878.000000	6.000000	0.332971	0.000000	0.000000	8.946693e+05
20001	879.000000	6.000000	0.332481	0.000000	0.000000	8.433949e+04
20001	880.000000	6.000000	0.331524	0.000000	0.000000	1.304954e+05
20001	881.000000	6.000000	0.331605	0.000000	0.000000	6.616097e+05
20001	882.000000	6.000000	0.331345	0.000000	0.000000	5.401838e+05
20001	883.000000	6.000000	0.330693	0.000000	0.000000	5.494619e+05
20001	884.000000	6.000000	0.332648	0.000000	0.000000	2.973665e+05
20001	885.000000	6.000000	0.332048	0.000000	0.000000	4.412038e+05
20001	886.000000	6.000000	0.331974	0.000000	0.000000	8.289278e+05
20001	887.000000	6.000000	0.332370	0.000000	0.000000	7.901680e+05
20001	888.000000	6.000000	0.332132	0.000000	0.000000	5.177985e+05
20001	889.000000	6.000000	0.332410	0.000000	0.000000	5.913786e+05
20001	890.000000	6.000000	0.331676	0.000000	0.000000	4.224072e+05
20001	891.000000	6.000000	0.331317	0.000000	0.000000	6.425898e+05
20001	892.000000	6.000000	0.331313	0.000000	0.000000	1.513549e+06
20001	893.000000	6.000000	0.331506	0.000000	0.000000	7.139251e+05
20001	894.000000	6.000000	0.330773	0.000000	0.000000	6.404463e+05
20001	895.000000	6.000000	0.330664	0.000000	0.000000	5.011874e+05
20001	896.000000	6.000000	0.331572	0.000000	0.000000	4.234425e+05
20001	897.000000	6.000000	0.330234	0.000000	0.000000	4.662044e+05
20001	898.000000	6.000000	0.328596	0.000000	0.000000	4.634485e+05
20001	899.000000	6.000000	0.328896	0.000000	0.000000	4.650588e+05
20001	900.000000	6.000000	0.328294	0.000000	0.000000	5.673146e+05
20001	901.000000	6.000000	0.328856	0.000000	0.000000	3.308837e+05
20001	902.000000	6.000000	0.328814	0.000000	0.000000	1.466376e+05
20001	903.000000	6.000000	0.329144	0.000000	0.000000	1.277708e+05
20001	904.000000	6.000000	0.329692	0.000000	0.000000	2.157452e+05
20001	905.000000	6.000000	0.329820	0.000000	0.000000	3.812829e+05
20001	906.000000	6.000000	0.330831	0.000000	0.000000	3.944678e+05
20001	907.000000	6.000000	0.329017	0.000000	0.000000	1.250235e+06
20001	908.000000	6.000000	0.326698	0.000000	0.000000	2.163839e+05
20001	909.000000	6.000000	0.325645	0.000000	0.000000	3.948493e+05
20001	910.000000	6.000000	0.326622	0.000000	0.000000	5.062022e+05
20001	911.000000	6.000000	0.327180	0.000000	0.000000	5.925323e+05
20001	912.000000	6.000000	0.327116	0.000000	0.000000	1.023028e+06
20001	913.000000	6.000000	0.327109	0.000000	0.000000	2.360464e+06
20001	914.000000	6.000000	0.326786	0.000000	0.000000	5.931568e+06
20001	915.000000	6.000000	0.325865	0.000000	0.000000	2.108572e+06
20001	916.000000	6.000000	0.325290	0.000000	0.000000	5.417956e+05
20001	917.000000	6.000000	0.325248	0.000000	0.000000	1.640338e+06
20001	918.000000	6.000000	0.324825	0.000000	0.000000	2.200067e+06
20001	919.000000	6.000000	0.324780	0.000000	0.000000	1.045730e+06
20001	920.000000	6.000000	0.324817	0.000000	0.000000	1.960699e+06
20001	921.000000	6.000000	0.324806	0.000000	0.000000	1.141133e+06
20001	922.000000	6.000000	0.324334	0.000000	0.000000	9.030143e+05
20001	923.000000	6.000000	0.323449	0.000000	0.000000	2.549668e+06
20001	924.000000	6.000000	0.323399	0.000000	0.000000	2.290996e+06
20001	925.000000	6.000000	0.322804	0.000000	0.000000	1.273618e+06
20001	926.000000	6.000000	0.322647	0.000000	0.000000	6.400117e+05
20001	927.000000	6.000000	0.322069	0.000000	0.000000	1.473035e+06
20001	928.000000	6.000000	0.322207	0.000000	0.000000	9.779246e+05
20001	929.000000	6.000000	0.321919	0.000000	0.000000	5.325767e+05
20001	930.000000	6.000000	0.321809	0.000000	0.000000	1.466502e+06
20001	931.000000	6.000000	0.321236	0.000000	0.000000	7.426783e+05
20001	932.000000	6.000000	0.320804	0.000000	0.000000	6.577494e+05
20001	933.000000	6.000000	0.320540	0.000000	0.000000	4.259272e+06
20001	934.000000	6.000000	0.319562	0.000000	0.000000	2.918982e+06
20001	935.000000	6.000000	0.319329	0.000000	0.000000	3.201341e+06
20001	936.000000	6.000000	0.319234	0.000000	0.000000	6.051566e+05
20001	937.000000	6.000000	0.319461	0.000000	0.000000	5.739315e+05
20001	938.000000	6.000000	0.319037	0.000000	0.000000	6.861301e+05
20001	939.000000	6.000000	0.318645	0.000000	0.000000	3.489854e+05
20001	940.000000	6.000000	0.317768	0.000000	0.000000	2.452184e+05
20001	941.000000	6.000000	0.317482	0.000000	0.000000	2.089954e+06
20001	942.000000	6.000000	0.316731	0.000000	0.000000	9.745621e+05
20001	943.000000	6.000000	0.316455	0.000000	0.000000	9.142377e+05
20001	944.000000	6.000000	0.316167	0.000000	0.000000	7.544620e+05
20001	945.000000	6.000000	0.315924	0.000000	0.000000	1.888114e+06
20001	946.000000	6.000000	0.315246	0.000000	0.000000	9.492296e+05
20001	947.000000	6.000000	0.314582	0.000000	0.000000	6.488155e+05
20001	948.000000	6.000000	0.314484	0.000000	0.000000	4.134642e+05
20001	949.000000	6.000000	0.314946	0.000000	0.000000	5.960273e+05
20001	950.000000	6.000000	0.314754	0.000000	0.000000	8.113449e+05
20001	951.000000	6.000000	0.313708	0.000000	0.000000	5.872343e+05
20001	952.000000	6.000000	0.312863	0.000000	0.000000	5.640834e+05
20001	953.000000	6.000000	0.312567	0.000000	0.000000	3.534334e+05
20001	954.000000	6.000000	0.313140	0.000000	0.000000	7.701219e+05
20001	955.000000	6.000000	0.313298	0.000000	0.000000	6.025113e+05
20001	956.000000	6.000000	0.313093	0.000000	0.000000	5.420204e+05
20001	957.000000	6.000000	0.312760	0.000000	0.000000	3.824990e+05
20001	958.000000	6.000000	0.311965	0.000000	0.000000	4.911322e+05
20001	959.000000	6.000000	0.310584	0.000000	0.000000	6.198964e+05
20001	960.000000	6.000000	0.309325	0.000000	0.000000	4.203559e+05
20001	961.000000	6.000000	0.308525	0.000000	0.000000	8.636768e+05
20001	962.000000	6.000000	0.308932	0.000000	0.000000	8.739129e+05
20001	963.000000	6.000000	0.309446	0.000000	0.000000	8.958934e+05
20001	964.000000	6.000000	0.309613	0.000000	0.000000	9.791243e+05
20001	965.000000	6.000000	0.308413	0.000000	0.000000	3.375599e+06
20001	966.000000	6.000000	0.307439	0.000000	0.000000	5.370072e+05
20001	967.000000	6.000000	0.306769	0.000000	0.000000	3.728572e+05
20001	968.000000	6.000000	0.307170	0.000000	0.000000	1.024872e+06
20001	969.000000	6.000000	0.306538	0.000000	0.000000	4.253702e+05
20001	970.000000	6.000000	0.306563	0.000000	0.000000	5.636589e+05
20001	971.000000	6.000000	0.305647	0.000000	0.000000	3.801523e+05
20001	972.000000	6.000000	0.305664	0.000000	0.000000	4.224938e+05
20001	973.000000	6.000000	0.305319	0.000000	0.000000	3.476669e+05
20001	974.000000	6.000000	0.304216	0.000000	0.000000	5.297239e+06
20001	975.000000	6.000000	0.304446	0.000000	0.000000	6.299027e+05
20001	976.000000	6.000000	0.304485	0.000000	0.000000	3.643861e+05
20001	977.000000	6.000000	0.303007	0.000000	0.000000	1.030603e+06
20001	978.000000	6.000000	0.301962	0.000000	0.000000	9.386220e+05
20001	979.000000	6.000000	0.301530	0.000000	0.000000	6.048745e+05
20001	980.000000	6.000000	0.301818	0.000000	0.000000	1.237455e+06
20001	981.000000	6.000000	0.301305	0.000000	0.000000	3.070693e+05
20001	982.000000	6.000000	0.300489	0.000000	0.000000	8.279150e+05
20001	983.000000	6.000000	0.299849	0.000000	0.000000	2.940609e+05
20001	984.000000	6.000000	0.299596	0.000000	0.000000	4.376111e+05
20001	985.000000	6.000000	0.299321	0.000000	0.000000	2.814669e+05
20001	986.000000	6.000000	0.298229	0.000000	0.000000	4.226024e+05
20001	987.000000	6.000000	0.298201	0.000000	0.000000	3.617076e+05
20001	988.000000	6.000000	0.297624	0.000000	0.000000	3.463474e+05
20001	989.000000	6.000000	0.297093	0.000000	0.000000	4.700384e+05
20001	990.000000	6.000000	0.297008	0.000000	0.000000	1.197554e+06
20001	991.000000	6.000000	0.297040	0.000000	0.000000	3.496875e+05
20001	992.000000	6.000000	0.297416	0.000000	0.000000	4.310589e+05
20001	993.000000	6.000000	0.296100	0.000000	0.000000	9.050461e+05
20001	994.000000	6.000000	0.295854	0.000000	0.000000	3.915898e+05
20001	995.000000	6.000000	0.295435	0.000000	0.000000	3.071691e+05
20001	996.000000	6.000000	0.295209	0.000000	0.000000	8.972437e+05
20001	997.000000	6.000000	0.295763	0.000000	0.000000	7.137250e+05
20001	998.000000	6.000000	0.294529	0.000000	0.000000	3.611835e+05
20001	999.000000	6.000000	0.292888	0.000000	0.000000	1.178768e+05
20001	1000.000000	6.000000	0.293564	0.000000	0.000000	3.067455e+05
