427.0000  3261.00
427.0562  3496.00
427.1124  4449.00
427.1686  6393.00
427.2248  9642.00
427.2810  13853.00
427.3372  15066.00
427.3934  11740.00
427.4496  8632.00
427.5058  5982.00
427.5620  3778.00
427.6182  2780.00
427.6744  2615.00
427.7306  2609.00
427.7868  2616.00
427.8430  2600.00
427.8992  2583.00
427.9554  2596.00
428.0116  2627.00
428.0678  2651.00
428.1240  2670.00
428.1802  2900.00
428.2364  3245.00
428.2926  4002.00
428.3488  5038.00
428.4050  4985.00
428.4612  4071.00
428.5174  3660.00
428.5735  3258.00
428.6298  2833.00
428.6859  2830.00
428.7422  2729.00
428.7983  2743.00
428.8546  2724.00
428.9107  2707.00
428.9669  2739.00
429.0231  2674.00
429.0793  2726.00
429.1355  2782.00
429.1917  2845.00
429.2479  2836.00
429.3041  3044.00
429.3603  3488.00
429.4165  4221.00
429.4727  5463.00
429.5289  6300.00
429.5851  5029.00
429.6413  4134.00
429.6975  3534.00
429.7537  3015.00
429.8099  3112.00
429.8661  3826.00
429.9223  4952.00
429.9785  6506.00
430.0347  7193.00
430.0909  5788.00
430.1471  4694.00
430.2033  3852.00
430.2595  2998.00
430.3157  2780.00
430.3719  2714.00
430.4281  2728.00
430.4843  2790.00
430.5405  2910.00
430.5967  3143.00
430.6529  3793.00
430.7091  5210.00
430.7653  7150.00
430.8215  10569.00
430.8777  12317.00
430.9339  9606.00
430.9901  7630.00
431.0463  5720.00
431.1025  3688.00
431.1587  2951.00
431.2149  2740.00
431.2711  2676.00
431.3273  2636.00
431.3835  2905.00
431.4397  3308.00
431.4959  3866.00
431.5521  4675.00
431.6083  4356.00
431.6645  3643.00
431.7207  3328.00
431.7769  2966.00
431.8331  2656.00
431.8893  2583.00
431.9455  2634.00
432.0017  2565.00
432.0579  2631.00
432.1141  2623.00
432.1703  2663.00
432.2265  2725.00
432.2827  2690.00
432.3389  2761.00
432.3951  3449.00
432.4513  4917.00
432.5074  7291.00
432.5637  10920.00
432.6198  13020.00
432.6761  10028.00
432.7322  7694.00
432.7885  5623.00
432.8446  3733.00
432.9008  2884.00
432.9570  2685.00
433.0132  2605.00
433.0694  2625.00
433.1256  2570.00
433.1818  2630.00
433.2380  2567.00
433.2942  2598.00
433.3504  2598.00
433.4066  2591.00
433.4628  2627.00
433.5190  2736.00
433.5752  2997.00
433.6314  3354.00
433.6876  3983.00
433.7438  3885.00
433.8000  3424.00
433.8562  3175.00
433.9124  2843.00
433.9686  2668.00
434.0248  2576.00
434.0810  2569.00
434.1372  2583.00
434.1934  2593.00
434.2496  2651.00
434.3058  2662.00
434.3620  2724.00
434.4182  2672.00
434.4743  2662.00
434.5305  2671.00
434.5867  2657.00
434.6429  2722.00
434.6991  2699.00
434.7553  2704.00
434.8115  2673.00
434.8677  2656.00
434.9239  2611.00
434.9801  2651.00
435.0363  2745.00
435.0925  3015.00
435.1487  3289.00
435.2049  3666.00
435.2611  3805.00
435.3173  3230.00
435.3735  3109.00
435.4297  2872.00
435.4859  2598.00
435.5421  2617.00
435.5982  2560.00
435.6544  2577.00
435.7106  2612.00
435.7668  2673.00
435.8230  2711.00
435.8792  2683.00
435.9354  2590.00
435.9916  2608.00
436.0478  2569.00
436.1040  2550.00
436.1602  2607.00
436.2164  2524.00
436.2726  2524.00
436.3288  2505.00
436.3849  2557.00
436.4411  2545.00
436.4973  2598.00
436.5535  2685.00
436.6097  2800.00
436.6659  2920.00
436.7221  3026.00
436.7783  3102.00
436.8345  3139.00
436.8907  3324.00
436.9469  3157.00
437.0031  2975.00
437.0592  2786.00
437.1154  2763.00
437.1716  2571.00
437.2278  2624.00
437.2840  2698.00
437.3402  2861.00
437.3964  2982.00
437.4526  3306.00
437.5088  3672.00
437.5650  3436.00
437.6212  3120.00
437.6773  2928.00
437.7335  2729.00
437.7897  2604.00
437.8459  2587.00
437.9021  2639.00
437.9583  2745.00
438.0145  3246.00
438.0706  4738.00
438.1269  7104.00
438.1830  10752.00
438.2392  15704.00
438.2954  15378.00
438.3516  11043.00
438.4078  8304.00
438.4640  5594.00
438.5202  3501.00
438.5764  2918.00
438.6325  2980.00
438.6887  3265.00
438.7449  3247.00
438.8011  3130.00
438.8573  3027.00
438.9135  2907.00
438.9697  2892.00
439.0258  2789.00
439.0820  2706.00
439.1382  2698.00
439.1944  2660.00
439.2506  2594.00
439.3068  2580.00
439.3629  2586.00
439.4191  2574.00
439.4753  2542.00
439.5315  2529.00
439.5877  2500.00
439.6439  2523.00
439.7001  2547.00
439.7563  2602.00
439.8124  2573.00
439.8686  2624.00
439.9248  2720.00
439.9810  2853.00
440.0372  2874.00
440.0934  3103.00
440.1495  4012.00
440.2057  5672.00
440.2619  7861.00
440.3181  11400.00
440.3742  11257.00
440.4304  8180.00
440.4866  6464.00
440.5428  4734.00
440.5990  3523.00
440.6552  3344.00
440.7113  3301.00
440.7675  3028.00
440.8237  2878.00
440.8799  2679.00
440.9361  2612.00
440.9922  2525.00
441.0484  2541.00
441.1046  2705.00
441.1608  3322.00
441.2169  4247.00
441.2731  5720.00
441.3293  8215.00
441.3855  8580.00
441.4417  6380.00
441.4978  4960.00
441.5540  3782.00
441.6102  2804.00
441.6664  2567.00
441.7225  2536.00
441.7787  2506.00
441.8349  2565.00
441.8911  2616.00
441.9472  2703.00
442.0034  2856.00
442.0596  3088.00
442.1158  3200.00
442.1719  2998.00
442.2281  2841.00
442.2843  2746.00
442.3405  2666.00
442.3966  2885.00
442.4528  3031.00
442.5090  3528.00
442.5652  3726.00
442.6213  3516.00
442.6775  3171.00
442.7337  3028.00
442.7899  3019.00
442.8460  3170.00
442.9022  3236.00
442.9584  3010.00
443.0145  3022.00
443.0707  3059.00
443.1269  3028.00
443.1830  2925.00
443.2392  2886.00
443.2954  2810.00
443.3516  2681.00
443.4077  2593.00
443.4639  2607.00
443.5201  2625.00
443.5762  2553.00
443.6324  2608.00
443.6886  2586.00
443.7448  2627.00
443.8009  2638.00
443.8571  2890.00
443.9132  3291.00
443.9694  3776.00
444.0256  4462.00
444.0818  4551.00
444.1379  4109.00
444.1941  3554.00
444.2502  3073.00
444.3064  2788.00
444.3626  2781.00
444.4187  2903.00
444.4749  3301.00
444.5311  3768.00
444.5872  3757.00
444.6434  3317.00
444.6996  3030.00
444.7557  2823.00
444.8119  2619.00
444.8680  2560.00
444.9242  2523.00
444.9804  2612.00
445.0365  2633.00
445.0927  2732.00
445.1489  2866.00
445.2050  3088.00
445.2612  3015.00
445.3174  2808.00
445.3735  2813.00
445.4297  2752.00
445.4858  2870.00
445.5420  3062.00
445.5981  3453.00
445.6543  4024.00
445.7104  4150.00
445.7666  3706.00
445.8228  3617.00
445.8789  3595.00
445.9351  3648.00
445.9912  3293.00
446.0474  3000.00
446.1035  2841.00
446.1597  2738.00
446.2159  2947.00
446.2720  3205.00
446.3282  3597.00
446.3843  4446.00
446.4405  4544.00
446.4966  3896.00
446.5528  3614.00
446.6089  3333.00
446.6651  3344.00
446.7213  3286.00
446.7774  3023.00
446.8336  2892.00
446.8897  2707.00
446.9459  2603.00
447.0020  2582.00
447.0582  2588.00
447.1143  2727.00
447.1705  2970.00
447.2266  3296.00
447.2828  3889.00
447.3389  4585.00
447.3951  4220.00
447.4512  3624.00
447.5074  3234.00
447.5635  2898.00
447.6197  2747.00
447.6758  2720.00
447.7320  2896.00
447.7881  3087.00
447.8442  3291.00
447.9004  3690.00
447.9565  4146.00
448.0127  3860.00
448.0688  3567.00
448.1250  3536.00
448.1811  3195.00
448.2373  3003.00
448.2934  2890.00
448.3495  2804.00
448.4057  2663.00
448.4618  2648.00
448.5180  2700.00
448.5741  2714.00
448.6302  2804.00
448.6864  2947.00
448.7426  2928.00
448.7987  2848.00
448.8548  2765.00
448.9110  2733.00
448.9671  2842.00
449.0233  3165.00
449.0794  3616.00
449.1355  4409.00
449.1917  4564.00
449.2478  3825.00
449.3039  3435.00
449.3601  3020.00
449.4162  2702.00
449.4724  2611.00
449.5285  2631.00
449.5846  2671.00
449.6407  2552.00
449.6969  2542.00
449.7530  2610.00
449.8091  2577.00
449.8653  2573.00
449.9214  2573.00
449.9776  2549.00
450.0337  2573.00
450.0898  2567.00
450.1460  2560.00
450.2021  2561.00
450.2582  2571.00
450.3143  2556.00
450.3705  2566.00
450.4266  2587.00
450.4827  2594.00
450.5389  2564.00
450.5950  2598.00
450.6511  2590.00
450.7072  2558.00
450.7634  2576.00
450.8195  2678.00
450.8756  2585.00
450.9318  2602.00
450.9879  2639.00
451.0440  2685.00
451.1001  2626.00
451.1563  2613.00
451.2124  2654.00
451.2685  2646.00
451.3246  2647.00
451.3808  2664.00
451.4369  2641.00
451.4930  2607.00
451.5491  2641.00
451.6053  2630.00
451.6614  2589.00
451.7175  2610.00
451.7736  2602.00
451.8297  2608.00
451.8858  2666.00
451.9420  2667.00
451.9981  2712.00
452.0542  2862.00
452.1103  3015.00
452.1664  3266.00
452.2226  3198.00
452.2787  3137.00
452.3348  3474.00
452.3909  3904.00
452.4470  4696.00
452.5031  6138.00
452.5592  6053.00
452.6154  4878.00
452.6715  4307.00
452.7276  3882.00
452.7837  3555.00
452.8398  3159.00
452.8959  2957.00
452.9520  2808.00
453.0081  2629.00
453.0643  2618.00
453.1204  2641.00
453.1765  2608.00
453.2326  2566.00
453.2887  2579.00
453.3448  2566.00
453.4009  2563.00
453.4570  2602.00
453.5131  2601.00
453.5692  2568.00
453.6253  2575.00
453.6815  2569.00
453.7375  2617.00
453.7937  2602.00
453.8498  2606.00
453.9059  2565.00
453.9620  2554.00
454.0181  2564.00
454.0742  2582.00
454.1303  2600.00
454.1864  2622.00
454.2425  2670.00
454.2986  2694.00
454.3547  2848.00
454.4108  3015.00
454.4669  2922.00
454.5230  2870.00
454.5791  2800.00
454.6352  2743.00
454.6913  2754.00
454.7474  2748.00
454.8035  2747.00
454.8596  2747.00
454.9156  2666.00
454.9718  2677.00
