190.746475 1.832584 0.388977 3.207059 1.425666
191.482941 1.836767 0.394971 3.217710 1.450939
192.225128 1.840255 0.389238 3.235031 1.432596
192.973083 1.841810 0.400519 3.231850 1.475360
193.726883 1.833728 0.395236 3.206348 1.449512
194.486603 1.837462 0.398060 3.217815 1.462841
195.252289 1.836952 0.392736 3.220150 1.442873
196.024048 1.836313 0.391413 3.218842 1.437514
196.801910 1.835474 0.394634 3.213227 1.448680
197.585983 1.840825 0.390893 3.235841 1.439131
198.376328 1.838802 0.387771 3.230827 1.426069
199.173019 1.833898 0.391209 3.210139 1.434874
199.976135 1.832009 0.388723 3.205151 1.424288
200.785767 1.845564 0.389814 3.254150 1.438852
201.601959 1.844827 0.387647 3.253118 1.430284
202.424820 1.849861 0.390002 3.269884 1.442898
203.254440 1.840755 0.387405 3.238294 1.426236
204.090881 1.846349 0.384430 3.261218 1.419584
204.934219 1.844975 0.383629 3.256760 1.415571
205.784576 1.851277 0.383524 3.280136 1.420017
206.642014 1.849796 0.382618 3.275348 1.415532
207.506622 1.849920 0.379202 3.278409 1.402985
208.378494 1.852716 0.377186 3.290286 1.397638
209.257736 1.855570 0.382127 3.297120 1.418127
210.144424 1.854155 0.378972 3.294271 1.405344
211.038651 1.853481 0.375765 3.294191 1.392947
211.940521 1.854669 0.373330 3.300422 1.384806
212.850143 1.858248 0.374113 3.313127 1.390390
213.767593 1.857738 0.373210 3.311904 1.386654
214.692993 1.859302 0.373316 3.317638 1.388214
215.626450 1.859270 0.368726 3.320927 1.371121
216.568039 1.860307 0.367518 3.325673 1.367391
217.517899 1.861896 0.366719 3.332174 1.365585
218.476135 1.861326 0.364160 3.331924 1.355640
219.442841 1.864819 0.362874 3.345873 1.353390
220.418152 1.863937 0.361981 3.343232 1.349419
221.402161 1.864265 0.359978 3.345898 1.342188
222.394989 1.867318 0.359616 3.357554 1.343036
223.396774 1.865366 0.356505 3.352495 1.330026
224.407608 1.868932 0.356925 3.365510 1.334138
225.427643 1.867941 0.354769 3.363342 1.325373
226.457001 1.868681 0.353326 3.367129 1.320508
227.495789 1.869320 0.351800 3.370594 1.315252
228.544159 1.869682 0.350823 3.372632 1.311855
229.602234 1.873034 0.349289 3.386254 1.308462
230.670151 1.872395 0.348748 3.384238 1.305989
231.748047 1.873395 0.347198 3.389062 1.300880
232.836075 1.873522 0.347099 3.389607 1.300595
233.934357 1.874808 0.345153 3.395773 1.294191
235.043045 1.874761 0.343129 3.396992 1.286569
236.162292 1.876155 0.342133 3.402903 1.283790
237.292267 1.877226 0.341011 3.407690 1.280310
238.433090 1.878029 0.337638 3.412993 1.268186
239.584946 1.877884 0.337511 3.412533 1.267614
240.747971 1.881002 0.335950 3.425306 1.263846
241.922348 1.880372 0.334525 3.423892 1.258062
243.108246 1.880593 0.332739 3.425913 1.251492
244.305832 1.877641 0.329490 3.416973 1.237327
245.515259 1.879759 0.327509 3.426232 1.231276
246.736725 1.883569 0.328417 3.439976 1.237193
247.970413 1.884910 0.326560 3.446245 1.231071
249.216492 1.886408 0.325314 3.452707 1.227350
250.475159 1.885416 0.321544 3.451403 1.212490
251.746613 1.885626 0.321745 3.452067 1.213381
253.031036 1.885360 0.319930 3.452228 1.206368
254.328629 1.889849 0.319237 3.469617 1.206620
255.639603 1.885778 0.316114 3.456230 1.192243
256.964172 1.887943 0.315308 3.464910 1.190569
258.302521 1.887250 0.313957 3.463144 1.185030
259.654877 1.885391 0.311222 3.457841 1.173549
261.021484 1.887260 0.309872 3.465729 1.169620
262.402557 1.884331 0.308121 3.455765 1.161205
263.798309 1.887045 0.309416 3.465202 1.167764
265.208984 1.885882 0.308550 3.461347 1.163777
266.634857 1.885589 0.306730 3.461363 1.156735
268.076111 1.887000 0.306519 3.466817 1.156803
269.533051 1.889050 0.306872 3.474339 1.159394
271.005920 1.890710 0.307824 3.480029 1.164011
272.494965 1.892460 0.306850 3.487249 1.161404
274.000458 1.893063 0.306302 3.489868 1.159700
275.522675 1.894567 0.307094 3.495077 1.163621
277.061920 1.892285 0.304944 3.487751 1.154080
278.618439 1.899598 0.307709 3.513787 1.169046
280.192566 1.900743 0.306703 3.518756 1.165928
281.784546 1.901573 0.305907 3.522401 1.163410
283.394745 1.904533 0.305457 3.533940 1.163507
285.023468 1.907768 0.305279 3.546382 1.164804
286.670990 1.910680 0.303672 3.558482 1.160441
288.337677 1.918172 0.302173 3.588075 1.159241
290.023865 1.919697 0.297326 3.596833 1.141551
291.729889 1.921889 0.294350 3.607014 1.131415
293.456116 1.925852 0.290840 3.624318 1.120231
295.202881 1.929431 0.286811 3.640443 1.106765
296.970551 1.933936 0.282373 3.660374 1.092184
298.759521 1.936389 0.277101 3.672818 1.073150
300.570190 1.938235 0.272061 3.682738 1.054637
302.402954 1.940058 0.266762 3.692664 1.035068
304.258179 1.940185 0.260720 3.696345 1.011691
306.136322 1.941378 0.255605 3.703614 0.992451
308.037781 1.940162 0.249093 3.702182 0.966561
309.963013 1.938548 0.243157 3.698845 0.942742
311.912476 1.937045 0.238036 3.695482 0.922171
313.886597 1.934295 0.232603 3.687392 0.899844
315.885864 1.930513 0.227920 3.674933 0.880004
317.910797 1.924917 0.223829 3.655206 0.861702
319.961823 1.920704 0.220875 3.640318 0.848471
322.039490 1.914321 0.219428 3.616476 0.840112
324.144318 1.907680 0.219210 3.591191 0.836367
326.276855 1.901593 0.219973 3.567666 0.836599
328.437622 1.896021 0.222840 3.545239 0.845019
330.627228 1.889400 0.225859 3.518822 0.853477
332.846191 1.885771 0.232402 3.502123 0.876513
335.095154 1.881614 0.238829 3.483434 0.898770
337.374725 1.880319 0.247271 3.474457 0.929897
339.685486 1.879010 0.256836 3.464715 0.965196
342.028168 1.882199 0.268309 3.470682 1.010023
344.403351 1.886550 0.279017 3.481221 1.052760
346.811768 1.892573 0.289734 3.497888 1.096684
349.254089 1.903222 0.300497 3.531956 1.143826
351.731079 1.916372 0.310156 3.576285 1.188748
354.243439 1.932881 0.319140 3.634180 1.233721
356.791962 1.953196 0.325016 3.709339 1.269640
359.377411 1.976007 0.328307 3.796816 1.297474
362.000610 2.001810 0.327641 3.899895 1.311750
364.662384 2.030354 0.321131 4.019213 1.304018
367.363586 2.061318 0.307500 4.154477 1.267711
370.105103 2.091808 0.285590 4.294098 1.194798
372.887848 2.116701 0.252785 4.416522 1.070139
375.712738 2.137843 0.214143 4.524516 0.915609
378.580780 2.148369 0.171637 4.586031 0.737479
381.492950 2.150321 0.124143 4.608470 0.533896
384.450256 2.142637 0.078811 4.584682 0.337727
387.453766 2.124488 0.036133 4.512143 0.153528
390.504578 2.098974 -0.004878 4.405669 -0.020479
393.603821 2.062223 -0.042420 4.250966 -0.174960
396.752655 2.017714 -0.071852 4.066006 -0.289952
399.952271 1.967663 -0.092021 3.863231 -0.362134
403.203918 1.912903 -0.102421 3.648709 -0.391842
406.508881 1.857999 -0.101141 3.441931 -0.375841
409.868439 1.802636 -0.088726 3.241623 -0.319882
413.284027 1.750592 -0.064585 3.060401 -0.226126
416.756989 1.699781 -0.027944 2.888473 -0.094996
420.288849 1.659449 0.017793 2.753453 0.059053
423.881042 1.625904 0.073942 2.638096 0.240447
427.535187 1.606391 0.132835 2.562846 0.426770
431.252899 1.595998 0.196045 2.508775 0.625775
435.035828 1.598789 0.265547 2.485610 0.849107
438.885681 1.616261 0.337766 2.498212 1.091837
442.804321 1.646984 0.406047 2.547682 1.337505
446.793549 1.690140 0.467644 2.637884 1.580769
450.855286 1.745661 0.522782 2.774032 1.825201
454.991577 1.819051 0.572462 2.981232 2.082674
459.204468 1.909448 0.614230 3.268714 2.345679
463.496094 2.007530 0.635703 3.626059 2.552387
467.868713 2.107360 0.639070 4.032557 2.693500
472.324585 2.218080 0.622711 4.532111 2.762447
476.866180 2.333069 0.579727 5.107127 2.705085
481.495941 2.452354 0.513642 5.750212 2.519265
486.216492 2.548766 0.415742 6.323365 2.119255
491.030518 2.633640 0.288721 6.852701 1.520775
495.940826 2.697651 0.137100 7.258522 0.739698
500.950317 2.715912 -0.040019 7.374575 -0.217374
506.062073 2.696335 -0.214451 7.224234 -1.156463
511.279205 2.632137 -0.385877 6.779245 -2.031364
516.605042 2.521278 -0.546689 6.057972 -2.756708
522.042969 2.377811 -0.678342 5.193837 -3.225938
527.596619 2.211739 -0.770008 4.298877 -3.406111
533.269714 2.028459 -0.825829 3.432651 -3.350320
539.066101 1.828459 -0.843804 2.631257 -3.085720
544.989929 1.631819 -0.817082 1.995212 -2.666660
551.045349 1.449616 -0.751551 1.536557 -2.178920
557.236877 1.277636 -0.640559 1.222039 -1.636803
563.569092 1.136202 -0.487004 1.053782 -1.106671
570.046936 1.049040 -0.311081 1.003714 -0.652673
576.675354 1.010481 -0.134822 1.002896 -0.272469
583.459778 0.996469 0.015672 0.992705 0.031234
590.405762 0.981452 0.161494 0.937167 0.316996
597.519043 0.980063 0.335763 0.847786 0.658138
604.805908 1.022126 0.525865 0.768207 1.075000
612.272644 1.111487 0.696642 0.750094 1.548616
619.926025 1.235634 0.847160 0.809110 2.093560
627.773193 1.375469 0.971405 0.948286 2.672275
635.821594 1.537228 1.074680 1.208134 3.304056
644.078979 1.716030 1.157805 1.604244 3.973656
652.553711 1.913932 1.219658 2.175570 4.668687
661.254456 2.144032 1.247426 3.040803 5.349043
670.190308 2.387897 1.238508 4.168148 5.914859
679.370972 2.658381 1.171885 5.693677 6.230634
688.806702 2.924383 1.035545 7.479663 6.056662
698.508179 3.180517 0.815232 9.451084 5.185717
708.486877 3.374313 0.517074 11.118620 3.489541
718.754822 3.485240 0.157012 12.122246 1.094451
729.324768 3.490336 -0.226964 12.130932 -1.584362
740.210205 3.381472 -0.600288 11.074004 -4.059715
751.425476 3.181401 -0.906939 9.298772 -5.770674
762.985901 2.907918 -1.147009 7.140356 -6.670815
774.907532 2.635896 -1.289368 5.285474 -6.797280
787.207642 2.344023 -1.380602 3.588382 -6.472326
799.904541 2.055800 -1.403044 2.257780 -5.768757
813.017761 1.811932 -1.395802 1.334834 -5.058194
826.568054 1.550609 -1.351051 0.579051 -4.189905
840.577698 1.370778 -1.269941 0.266281 -3.481613
855.070374 1.063980 -1.156375 -0.205149 -2.460720
870.071655 0.818573 -0.975638 -0.281808 -1.597263
885.608643 0.622446 -0.746587 -0.169952 -0.929420
901.710571 0.500008 -0.305763 0.156517 -0.305768
918.408936 0.690931 -0.036416 0.476059 -0.050322
935.737427 0.818780 0.000205 0.670400 0.000336
953.732361 0.761404 0.018858 0.579380 0.028717
972.432983 0.596803 0.217051 0.309062 0.259073
991.881653 0.624409 0.553894 0.083088 0.691712
1012.124146 0.834472 0.848379 -0.023404 1.415897
1033.210083 1.167682 1.124176 0.099710 2.625359
1055.193237 1.556027 1.367492 0.551186 4.255708
1078.132202 1.838398 1.510934 1.096787 5.555395
1102.090698 2.038073 1.584724 1.642392 6.459567
1127.138184 2.228268 1.637364 2.284217 7.296975
1153.350708 2.431251 1.666345 3.134275 8.102608
1180.811523 2.651512 1.664157 4.261101 8.825064
1209.611816 2.907912 1.623084 5.821550 9.439573
1239.852051 3.191022 1.522347 7.865081 9.715684
1271.643188 3.482109 1.354434 10.290594 9.432574
1305.107422 3.766554 1.087702 13.003836 8.193774
1340.380615 3.984059 0.735404 15.331907 5.859783
1377.613403 4.109868 0.319676 16.788826 2.627651
1416.973755 4.127064 -0.128174 17.016226 -1.057966
1458.649536 4.015346 -0.546858 15.823951 -4.391650
1502.850952 3.858500 -0.917517 14.046185 -7.080482
1549.815063 3.601540 -1.204695 11.519800 -8.677518
1599.809082 3.333544 -1.401691 9.147781 -9.345195
1653.136108 3.070045 -1.524047 7.102457 -9.357784
1710.140747 2.842852 -1.602534 5.513694 -9.111535
1771.217285 2.622094 -1.578170 4.384758 -8.276222
1836.817871 2.453392 -1.596438 3.470520 -7.833375
1907.464722 2.381487 -1.539787 3.300536 -7.333964
1983.763306 2.337965 -1.531203 3.121501 -7.159798
2066.420166 2.318012 -1.451027 3.267699 -6.726996
