190.746475 1.833612 0.400443 3.201780 1.468516
191.482941 1.844467 0.395461 3.245669 1.458831
192.225128 1.835255 0.398355 3.209474 1.462167
192.973083 1.837659 0.394794 3.221130 1.450993
193.726883 1.831420 0.391002 3.201216 1.432178
194.486603 1.832427 0.391985 3.204138 1.436568
195.252289 1.832586 0.392886 3.204012 1.439996
196.024048 1.841230 0.395483 3.233721 1.456351
196.801910 1.840059 0.387713 3.235496 1.426829
197.585983 1.842820 0.393212 3.241370 1.449238
198.376328 1.842918 0.390762 3.243651 1.440286
199.173019 1.848044 0.391807 3.261754 1.448155
199.976135 1.845028 0.391849 3.250584 1.445945
200.785767 1.844641 0.391591 3.249357 1.444690
201.601959 1.843924 0.387953 3.249549 1.430712
202.424820 1.845366 0.384653 3.257417 1.419652
203.254440 1.851130 0.386594 3.277227 1.431272
204.090881 1.844487 0.384105 3.254597 1.416954
204.934219 1.848658 0.386024 3.268522 1.427253
205.784576 1.849430 0.384540 3.272522 1.422360
206.642014 1.855107 0.382390 3.295199 1.418750
207.506622 1.854156 0.381753 3.292160 1.415661
208.378494 1.853541 0.378680 3.292217 1.403800
209.257736 1.853569 0.378143 3.292725 1.401828
210.144424 1.856361 0.378597 3.302741 1.405626
211.038651 1.855023 0.375497 3.300112 1.393111
211.940521 1.854089 0.373931 3.297820 1.386603
212.850143 1.855920 0.372638 3.305579 1.383172
213.767593 1.859348 0.372570 3.318367 1.385475
214.692993 1.860956 0.371038 3.325490 1.380971
215.626450 1.859635 0.368730 3.322281 1.371408
216.568039 1.863183 0.368698 3.335513 1.373903
217.517899 1.863555 0.367148 3.338041 1.368402
218.476135 1.860339 0.364476 3.328017 1.356096
219.442841 1.862207 0.361897 3.336846 1.347853
220.418152 1.865092 0.361577 3.347829 1.348750
221.402161 1.867636 0.361464 3.357408 1.350165
222.394989 1.864568 0.357966 3.348476 1.334902
223.396774 1.868842 0.357142 3.365019 1.334885
224.407608 1.866543 0.354663 3.358198 1.323987
225.427643 1.866188 0.354270 3.357151 1.322270
226.457001 1.869935 0.353649 3.371587 1.322603
227.495789 1.869186 0.350845 3.370766 1.311589
228.544159 1.870579 0.350813 3.375995 1.312445
229.602234 1.871662 0.348146 3.381913 1.303225
230.670151 1.870777 0.347179 3.379274 1.298991
231.748047 1.873395 0.347020 3.389186 1.300210
232.836075 1.874876 0.345373 3.395876 1.295064
233.934357 1.872575 0.343527 3.388525 1.286558
235.043045 1.877108 0.343545 3.405510 1.289742
236.162292 1.875491 0.341031 3.401163 1.279202
237.292267 1.878213 0.339638 3.412332 1.275825
238.433090 1.878000 0.338758 3.412126 1.272373
239.584946 1.878233 0.336494 3.414531 1.264027
240.747971 1.879721 0.335383 3.420871 1.260852
241.922348 1.879492 0.332588 3.421877 1.250192
243.108246 1.880711 0.331096 3.427448 1.245390
244.305832 1.880532 0.329980 3.427513 1.241074
245.515259 1.880213 0.328382 3.427367 1.234856
246.736725 1.881021 0.326464 3.431662 1.228171
247.970413 1.883103 0.326257 3.439635 1.228751
249.216492 1.880850 0.322237 3.433760 1.212160
250.475159 1.883629 0.322133 3.444289 1.213558
251.746613 1.884355 0.320892 3.447823 1.209348
253.031036 1.885774 0.320285 3.453561 1.207970
254.328629 1.883623 0.317277 3.447372 1.195260
255.639603 1.885516 0.315732 3.455485 1.190637
256.964172 1.885478 0.315108 3.455733 1.188257
258.302521 1.884316 0.313769 3.452197 1.182481
259.654877 1.886961 0.312678 3.462853 1.180024
261.021484 1.887276 0.311995 3.464470 1.177642
262.402557 1.888743 0.312117 3.469935 1.179019
263.798309 1.889771 0.311571 3.474159 1.177594
265.208984 1.888141 0.310833 3.468459 1.173795
266.634857 1.887818 0.309405 3.468123 1.168202
268.076111 1.888220 0.308490 3.470210 1.164995
269.533051 1.890533 0.308896 3.478699 1.167958
271.005920 1.891983 0.308974 3.484134 1.169145
272.494965 1.891372 0.307723 3.482596 1.164039
274.000458 1.895153 0.308906 3.496181 1.170848
275.522675 1.894211 0.307433 3.493520 1.164686
277.061920 1.896975 0.306809 3.504382 1.164017
278.618439 1.901117 0.306638 3.520221 1.165909
280.192566 1.903283 0.305513 3.529146 1.162956
281.784546 1.904632 0.304574 3.534859 1.160203
283.394745 1.905985 0.304026 3.540348 1.158937
285.023468 1.911746 0.302237 3.563425 1.155600
286.670990 1.913585 0.299188 3.572293 1.145044
288.337677 1.918594 0.296379 3.593164 1.137262
290.023865 1.922277 0.292486 3.609600 1.124479
291.729889 1.925175 0.289219 3.622649 1.113596
293.456116 1.928999 0.284939 3.639848 1.099293
295.202881 1.931336 0.280742 3.651241 1.084416
296.970551 1.932046 0.276591 3.656300 1.068773
298.759521 1.933541 0.271411 3.664917 1.049569
300.570190 1.935153 0.265899 3.674115 1.029112
302.402954 1.935066 0.260687 3.676523 1.008892
304.258179 1.935431 0.256242 3.680234 0.991878
306.136322 1.934340 0.251215 3.678563 0.971870
308.037781 1.932042 0.246712 3.671918 0.953315
309.963013 1.930099 0.242024 3.666706 0.934261
311.912476 1.927548 0.237928 3.658832 0.917234
313.886597 1.923432 0.234427 3.644634 0.901808
315.885864 1.919387 0.231722 3.630350 0.889530
317.910797 1.915262 0.229916 3.615368 0.880697
319.961823 1.910348 0.229087 3.596948 0.875272
322.039490 1.905927 0.229898 3.579705 0.876336
324.144318 1.901815 0.231099 3.563495 0.879014
326.276855 1.897106 0.233575 3.544455 0.886232
328.437622 1.892868 0.238031 3.526290 0.901123
330.627228 1.891084 0.242793 3.517252 0.918284
332.846191 1.889285 0.249586 3.507104 0.943077
335.095154 1.889259 0.256632 3.503439 0.969687
337.374725 1.890909 0.264542 3.505555 1.000452
339.685486 1.894341 0.273486 3.513734 1.036151
342.028168 1.900408 0.282477 3.531757 1.073642
344.403351 1.908375 0.290585 3.557454 1.109091
346.811768 1.919036 0.298783 3.593428 1.146751
349.254089 1.931574 0.304665 3.638159 1.176966
351.731079 1.946661 0.309974 3.693404 1.206830
354.243439 1.965204 0.313187 3.763940 1.230952
356.791962 1.985544 0.313354 3.844196 1.244356
359.377411 2.008224 0.309734 3.937028 1.244029
362.000610 2.033291 0.301570 4.043328 1.226359
364.662384 2.058270 0.287219 4.153979 1.182349
367.363586 2.083024 0.266211 4.268119 1.109049
370.105103 2.103363 0.237231 4.367857 0.997964
372.887848 2.119836 0.199828 4.453773 0.847207
375.712738 2.126858 0.158548 4.498386 0.674416
378.580780 2.125884 0.117426 4.505592 0.499267
381.492950 2.113781 0.074187 4.462565 0.313631
384.450256 2.094554 0.035476 4.385898 0.148613
387.453766 2.067959 0.001934 4.276452 0.007999
390.504578 2.034264 -0.027660 4.137464 -0.112537
393.603821 1.991994 -0.051136 3.965424 -0.203724
396.752655 1.944720 -0.065759 3.777611 -0.255765
399.952271 1.895746 -0.070216 3.588921 -0.266222
403.203918 1.844422 -0.065245 3.397635 -0.240679
406.508881 1.796292 -0.050573 3.224107 -0.181686
409.868439 1.752371 -0.026182 3.070119 -0.091760
413.284027 1.712202 0.007740 2.931577 0.026505
416.756989 1.676778 0.052548 2.808823 0.176223
420.288849 1.651088 0.102723 2.715541 0.339210
423.881042 1.633657 0.160479 2.643080 0.524335
427.535187 1.629057 0.217448 2.606542 0.708470
431.252899 1.634744 0.277773 2.595229 0.908174
435.035828 1.652992 0.341074 2.616050 1.127585
438.885681 1.684932 0.404328 2.675515 1.362529
442.804321 1.727964 0.461116 2.773230 1.593584
446.793549 1.784786 0.512462 2.922842 1.829271
450.855286 1.847829 0.551831 3.109956 2.039378
454.991577 1.929506 0.584028 3.381903 2.253771
459.204468 2.028264 0.602955 3.750299 2.445903
463.496094 2.126626 0.602658 4.159343 2.563256
467.868713 2.228097 0.583491 4.623953 2.600148
472.324585 2.333275 0.540897 5.151604 2.524124
476.866180 2.437545 0.469441 5.721252 2.288566
481.495941 2.532498 0.371363 6.275637 1.880953
486.216492 2.607948 0.252289 6.737742 1.315914
491.030518 2.656062 0.107803 7.043043 0.572663
495.940826 2.668674 -0.053101 7.119000 -0.283418
500.950317 2.642175 -0.225687 6.930153 -1.192608
506.062073 2.579715 -0.383072 6.508187 -1.976433
511.279205 2.474542 -0.523529 5.849274 -2.590987
516.605042 2.335003 -0.643722 5.037861 -3.006187
522.042969 2.172038 -0.729374 4.185761 -3.168456
527.596619 2.001897 -0.776579 3.404518 -3.109262
533.269714 1.820632 -0.787127 2.695133 -2.866135
539.066101 1.630840 -0.757963 2.085133 -2.472233
544.989929 1.455917 -0.689458 1.644343 -2.007586
551.045349 1.303787 -0.582737 1.360277 -1.519531
557.236877 1.181095 -0.443186 1.198571 -1.046890
563.569092 1.101207 -0.279501 1.134537 -0.615577
570.046936 1.065840 -0.124404 1.120538 -0.265189
576.675354 1.048625 0.015672 1.099369 0.032869
583.459778 1.032328 0.153224 1.042224 0.316356
590.405762 1.026246 0.308437 0.958047 0.633064
597.519043 1.058780 0.487273 0.883581 1.031831
604.805908 1.132775 0.658246 0.849891 1.491289
612.272644 1.240845 0.804834 0.891938 1.997349
619.926025 1.374834 0.932806 1.020041 2.564905
627.773193 1.527814 1.039064 1.254561 3.174995
635.821594 1.700853 1.126416 1.624087 3.831736
644.078979 1.894141 1.191682 2.167664 4.514425
652.553711 2.106350 1.225460 2.934958 5.162498
661.254456 2.353844 1.221764 4.047873 5.751682
670.190308 2.608777 1.165673 5.446925 6.081963
679.370972 2.878995 1.042313 7.202194 6.001630
688.806702 3.129772 0.843202 9.084481 5.278062
698.508179 3.337275 0.551628 10.833108 3.681867
708.486877 3.461724 0.208057 11.940246 1.440471
718.754822 3.479716 -0.170946 12.079202 -1.189690
729.324768 3.390382 -0.541158 11.201837 -3.669466
740.210205 3.201916 -0.862634 9.508129 -5.524165
751.425476 2.953028 -1.103356 7.502981 -6.516480
762.985901 2.656025 -1.272863 5.434288 -6.761509
774.907532 2.382985 -1.358947 3.831880 -6.476700
787.207642 2.099552 -1.393323 2.466769 -5.850710
799.904541 1.833189 -1.378376 1.460661 -5.053650
813.017761 1.598852 -1.327039 0.795296 -4.243476
826.568054 1.351211 -1.254969 0.250823 -3.391454
840.577698 1.185387 -1.141443 0.102251 -2.706104
855.070374 0.882028 -0.976901 -0.176362 -1.723309
870.071655 0.670335 -0.731113 -0.085177 -0.980180
885.608643 0.554026 -0.416160 0.133756 -0.461127
901.710571 0.714207 -0.057400 0.506797 -0.081991
918.408936 0.846946 0.000140 0.717317 0.000238
935.737427 0.838991 0.005836 0.703872 0.009793
953.732361 0.713081 0.095249 0.499412 0.135841
972.432983 0.622972 0.387798 0.237707 0.483175
991.881653 0.727419 0.675753 0.072495 0.983112
1012.124146 0.928180 0.905943 0.040786 1.681758
1033.210083 1.210972 1.114581 0.224164 2.699453
1055.193237 1.565348 1.310485 0.732945 4.102731
1078.132202 1.851370 1.440452 1.352671 5.333618
1102.090698 2.068049 1.509071 1.999530 6.241664
1127.138184 2.277197 1.551146 2.779569 7.064531
1153.350708 2.494258 1.556531 3.798534 7.764780
1180.811523 2.718953 1.530497 5.050284 8.322695
1209.611816 2.978863 1.462113 6.735850 8.710869
1239.852051 3.243266 1.324725 8.763874 8.592873
1271.643188 3.512890 1.130658 11.062008 7.943754
1305.107422 3.749957 0.836315 13.362756 6.272289
1340.380615 3.902771 0.473980 15.006967 3.699673
1377.613403 3.966050 0.076074 15.723766 0.603426
1416.973755 3.904718 -0.321041 15.143754 -2.507146
1458.649536 3.804049 -0.697363 13.984472 -5.305603
1502.850952 3.610958 -1.006919 12.025132 -7.271884
1549.815063 3.351845 -1.228749 9.725042 -8.237151
1599.809082 3.088958 -1.367411 7.671848 -8.447753
1653.136108 2.858438 -1.454419 6.055331 -8.314732
1710.140747 2.645915 -1.491319 4.776832 -7.891808
1771.217285 2.479979 -1.490213 3.929561 -7.391396
1836.817871 2.329330 -1.487084 3.214362 -6.927817
1907.464722 2.247849 -1.440243 2.978526 -6.474899
1983.763306 2.220877 -1.360463 3.081432 -6.042842
2066.420166 2.224217 -1.313852 3.220933 -5.844583
