190.746475 1.832934 0.393645 3.204690 1.443052
191.482941 1.836418 0.396111 3.215527 1.454852
192.225128 1.834022 0.387599 3.213405 1.421730
192.973083 1.834902 0.396015 3.210037 1.453297
193.726883 1.830586 0.389345 3.199454 1.425457
194.486603 1.834715 0.388509 3.215241 1.425606
195.252289 1.846787 0.392117 3.256866 1.448311
196.024048 1.833869 0.390500 3.210584 1.432250
196.801910 1.838318 0.390113 3.227226 1.434303
197.585983 1.841738 0.391466 3.238755 1.441956
198.376328 1.839815 0.386396 3.235617 1.421794
199.173019 1.848804 0.388183 3.267391 1.435349
199.976135 1.849612 0.389330 3.269488 1.440219
200.785767 1.844242 0.387269 3.251251 1.428435
201.601959 1.848263 0.385118 3.267760 1.423599
202.424820 1.847867 0.385191 3.266241 1.423566
203.254440 1.853498 0.385142 3.287119 1.427722
204.090881 1.848041 0.383924 3.267858 1.419016
204.934219 1.849763 0.380476 3.276860 1.407579
205.784576 1.854843 0.380802 3.295431 1.412656
206.642014 1.853435 0.378008 3.292333 1.401226
207.506622 1.853686 0.377843 3.293386 1.400804
208.378494 1.855576 0.378530 3.299875 1.404783
209.257736 1.855534 0.374600 3.302681 1.390164
210.144424 1.856200 0.376512 3.303719 1.397763
211.038651 1.858719 0.373867 3.315058 1.389828
211.940521 1.857274 0.372059 3.311039 1.382030
212.850143 1.858807 0.371359 3.317257 1.380571
213.767593 1.860816 0.370494 3.325371 1.378841
214.692993 1.859640 0.368655 3.322353 1.371133
215.626450 1.864303 0.367818 3.340336 1.371448
216.568039 1.862024 0.365059 3.333866 1.359499
217.517899 1.865369 0.365098 3.346306 1.362087
218.476135 1.868830 0.362649 3.361011 1.355460
219.442841 1.865492 0.361621 3.349290 1.349202
220.418152 1.867356 0.359967 3.357443 1.344375
221.402161 1.868107 0.358667 3.361180 1.340056
222.394989 1.867174 0.357006 3.358887 1.333184
223.396774 1.867691 0.355122 3.362158 1.326516
224.407608 1.869608 0.354912 3.369473 1.327092
225.427643 1.871057 0.352854 3.376348 1.320419
226.457001 1.874889 0.352003 3.391302 1.319932
227.495789 1.870061 0.349065 3.375283 1.305545
228.544159 1.872746 0.348361 3.385821 1.304782
229.602234 1.874908 0.346646 3.395117 1.299857
230.670151 1.875777 0.346035 3.398798 1.298171
231.748047 1.876932 0.345282 3.403655 1.296141
232.836075 1.876135 0.342260 3.402741 1.284252
233.934357 1.877469 0.342334 3.407698 1.285442
235.043045 1.877641 0.340359 3.409692 1.278143
236.162292 1.877328 0.339345 3.409205 1.274123
237.292267 1.880355 0.336414 3.422562 1.265156
238.433090 1.881375 0.335389 3.427085 1.261986
239.584946 1.879985 0.333862 3.422881 1.255313
240.747971 1.881669 0.332402 3.430185 1.250942
241.922348 1.881130 0.330870 3.429174 1.244819
243.108246 1.880395 0.329129 3.427560 1.237785
244.305832 1.882213 0.328279 3.434960 1.235784
245.515259 1.881087 0.325470 3.432559 1.224477
246.736725 1.882467 0.325393 3.437803 1.225084
247.970413 1.880904 0.323958 3.432852 1.218667
249.216492 1.883253 0.323000 3.442315 1.216580
250.475159 1.883898 0.321363 3.445798 1.210831
251.746613 1.884583 0.320078 3.449205 1.206426
253.031036 1.884067 0.319186 3.447828 1.202735
254.328629 1.886589 0.318618 3.457700 1.202201
255.639603 1.886074 0.316433 3.457144 1.193633
256.964172 1.888453 0.317215 3.465628 1.198089
258.302521 1.885262 0.315821 3.454470 1.190812
259.654877 1.887323 0.313929 3.463436 1.184972
261.021484 1.892870 0.313663 3.484572 1.187445
262.402557 1.889943 0.312846 3.474013 1.182522
263.798309 1.891946 0.313483 3.481188 1.186187
265.208984 1.891533 0.312360 3.480328 1.181679
266.634857 1.893303 0.311297 3.487691 1.178759
268.076111 1.893709 0.310891 3.489479 1.177473
269.533051 1.897382 0.310038 3.503934 1.176521
271.005920 1.899764 0.309272 3.513454 1.175087
272.494965 1.900362 0.308428 3.516249 1.172248
274.000458 1.907039 0.306967 3.542569 1.170797
275.522675 1.903078 0.305607 3.528311 1.163186
277.061920 1.905650 0.304330 3.538884 1.159894
278.618439 1.908259 0.301948 3.550280 1.152390
280.192566 1.912117 0.300759 3.565736 1.150175
281.784546 1.914602 0.297538 3.577173 1.139333
283.394745 1.917302 0.296171 3.588331 1.135698
285.023468 1.918041 0.293178 3.592929 1.124654
286.670990 1.917103 0.289916 3.591231 1.111598
288.337677 1.920389 0.285457 3.606407 1.096376
290.023865 1.922730 0.281321 3.617749 1.081811
291.729889 1.925004 0.278403 3.628133 1.071853
293.456116 1.923568 0.274238 3.624910 1.055029
295.202881 1.924535 0.270421 3.630707 1.040870
296.970551 1.924248 0.266892 3.631497 1.027132
298.759521 1.923456 0.263255 3.630381 1.012720
300.570190 1.923134 0.260301 3.630688 1.001189
302.402954 1.922541 0.257318 3.629953 0.989410
304.258179 1.920500 0.254245 3.623678 0.976554
306.136322 1.917454 0.251929 3.613163 0.966124
308.037781 1.918207 0.250401 3.616816 0.960642
309.963013 1.914895 0.248579 3.605033 0.952004
311.912476 1.913240 0.248306 3.598832 0.950140
313.886597 1.910196 0.248318 3.587188 0.948673
315.885864 1.908927 0.249033 3.581986 0.950773
317.910797 1.907358 0.250534 3.575247 0.955717
319.961823 1.906032 0.251904 3.569501 0.960275
322.039490 1.904810 0.255087 3.563231 0.971783
324.144318 1.905005 0.258353 3.562296 0.984328
326.276855 1.906427 0.261990 3.565825 0.998930
328.437622 1.908388 0.266196 3.571086 1.016012
330.627228 1.911251 0.270141 3.579906 1.032616
332.846191 1.916816 0.275124 3.598490 1.054726
335.095154 1.921868 0.278496 3.616018 1.070466
337.374725 1.930106 0.282312 3.645609 1.089784
339.685486 1.938119 0.285115 3.675016 1.105174
342.028168 1.949578 0.287006 3.718482 1.119081
344.403351 1.961384 0.287086 3.764609 1.126171
346.811768 1.973758 0.285914 3.813973 1.128650
349.254089 1.987534 0.282294 3.870603 1.122138
351.731079 2.002385 0.276236 3.933240 1.106261
354.243439 2.018590 0.267098 4.003364 1.078321
356.791962 2.032947 0.254880 4.067908 1.036314
359.377411 2.047353 0.239023 4.134524 0.978728
362.000610 2.061193 0.218593 4.200733 0.901126
364.662384 2.070102 0.194001 4.247684 0.803205
367.363586 2.075234 0.166448 4.278893 0.690836
370.105103 2.074906 0.135286 4.286932 0.561413
372.887848 2.064689 0.101452 4.252648 0.418935
375.712738 2.048978 0.070518 4.193336 0.288981
378.580780 2.025362 0.044602 4.100103 0.180668
381.492950 1.995696 0.023149 3.982267 0.092397
384.450256 1.963943 0.008426 3.857000 0.033097
387.453766 1.932268 -0.000030 3.733660 -0.000116
390.504578 1.894645 -0.001746 3.589678 -0.006616
393.603821 1.856539 0.004295 3.446718 0.015948
396.752655 1.820595 0.017251 3.314270 0.062814
399.952271 1.788764 0.037371 3.198282 0.133695
403.203918 1.757066 0.064597 3.083107 0.227002
406.508881 1.734100 0.096664 2.997760 0.335249
409.868439 1.715148 0.133497 2.923911 0.457936
413.284027 1.704973 0.175051 2.876289 0.596916
416.756989 1.701478 0.222612 2.845473 0.757539
420.288849 1.707168 0.270626 2.841183 0.924008
423.881042 1.723437 0.320644 2.867421 1.105221
427.535187 1.746315 0.366133 2.915563 1.278766
431.252899 1.779052 0.409197 2.997583 1.455964
435.035828 1.825586 0.450228 3.130057 1.643861
438.885681 1.883050 0.486015 3.309666 1.830380
442.804321 1.947667 0.510708 3.532583 1.989377
446.793549 2.021111 0.524216 3.810086 2.118997
450.855286 2.097757 0.525325 4.124618 2.204009
454.991577 2.185573 0.508637 4.518019 2.223326
459.204468 2.280629 0.470999 4.979428 2.148349
463.496094 2.364657 0.413644 5.420502 1.956251
467.868713 2.438274 0.338793 5.830399 1.652141
472.324585 2.500059 0.241196 6.192121 1.206008
476.866180 2.538818 0.122644 6.430553 0.622740
481.495941 2.559930 -0.010834 6.553123 -0.055466
486.216492 2.543992 -0.143980 6.451166 -0.732567
491.030518 2.497563 -0.278974 6.159997 -1.393508
495.940826 2.419954 -0.403932 5.693017 -1.954994
500.950317 2.309794 -0.513280 5.071692 -2.371141
506.062073 2.182995 -0.591004 4.416183 -2.580319
511.279205 2.041985 -0.640720 3.759179 -2.616682
516.605042 1.885613 -0.661012 3.118600 -2.492827
522.042969 1.729038 -0.646553 2.571543 -2.235831
527.596619 1.583975 -0.601406 2.147288 -1.905226
533.269714 1.450975 -0.525448 1.829233 -1.524823
539.066101 1.333040 -0.416318 1.603676 -1.109938
544.989929 1.249788 -0.291116 1.477222 -0.727667
551.045349 1.201919 -0.165662 1.417166 -0.398224
557.236877 1.175516 -0.045454 1.379771 -0.106864
563.569092 1.156056 0.069472 1.331640 0.160626
570.046936 1.139280 0.187158 1.262931 0.426450
576.675354 1.135185 0.325793 1.182504 0.739670
583.459778 1.161519 0.478185 1.120467 1.110841
590.405762 1.220965 0.625948 1.098945 1.528521
597.519043 1.316012 0.767230 1.143246 2.019369
604.805908 1.438562 0.893283 1.271505 2.570086
612.272644 1.579091 0.994029 1.505435 3.139323
619.926025 1.744329 1.080218 1.875813 3.768509
627.773193 1.928987 1.141544 2.417867 4.404047
635.821594 2.140161 1.174860 3.199993 5.028780
644.078979 2.373373 1.167362 4.270166 5.541173
652.553711 2.621495 1.111347 5.637142 5.826783
661.254456 2.878659 0.983853 7.318710 5.664352
670.190308 3.115250 0.787592 9.084483 4.907089
679.370972 3.310367 0.507016 10.701465 3.356820
688.806702 3.422659 0.172083 11.684985 1.177962
698.508179 3.436396 -0.202446 11.767832 -1.391367
708.486877 3.339846 -0.556280 10.845124 -3.715778
718.754822 3.150057 -0.862378 9.179161 -5.433078
729.324768 2.903219 -1.093944 7.231969 -6.351920
740.210205 2.625027 -1.250503 5.327009 -6.565210
751.425476 2.339264 -1.329001 3.705913 -6.217771
762.985901 2.054742 -1.356323 2.382352 -5.573789
774.907532 1.811523 -1.329341 1.514466 -4.816262
787.207642 1.567088 -1.270344 0.841990 -3.981481
799.904541 1.350094 -1.185817 0.416592 -3.201930
813.017761 1.147818 -1.060957 0.191855 -2.435570
826.568054 0.938028 -0.901866 0.066533 -1.691951
840.577698 0.819413 -0.676373 0.213957 -1.108459
855.070374 0.682531 -0.340721 0.349758 -0.465106
870.071655 0.806346 -0.081927 0.643481 -0.132123
885.608643 0.927648 -0.005588 0.860500 -0.010367
901.710571 0.962278 0.000203 0.925979 0.000390
918.408936 0.891392 0.027463 0.793825 0.048960
935.737427 0.755337 0.184763 0.536396 0.279117
953.732361 0.726511 0.449485 0.325782 0.653111
972.432983 0.824652 0.701228 0.188331 1.156538
991.881653 0.970953 0.882727 0.163542 1.714173
1012.124146 1.148042 1.024702 0.267986 2.352803
1033.210083 1.360447 1.131100 0.571428 3.077603
1055.193237 1.612818 1.184991 1.196977 3.822350
1078.132202 1.871963 1.217169 2.022745 4.556991
1102.090698 2.104113 1.229073 2.916672 5.172217
1127.138184 2.342454 1.223041 3.991260 5.729835
1153.350708 2.571258 1.180430 5.217953 6.070383
1180.811523 2.795376 1.104208 6.594851 6.173354
1209.611816 3.018869 0.981724 8.149789 5.927389
1239.852051 3.212000 0.793806 9.686817 5.099409
1271.643188 3.370980 0.554689 11.055826 3.739694
1305.107422 3.473734 0.262772 11.997775 1.825601
1340.380615 3.513824 -0.049059 12.344554 -0.344768
1377.613403 3.446398 -0.352715 11.753250 -2.431195
1416.973755 3.335449 -0.625134 10.734427 -4.170205
1458.649536 3.154319 -0.846991 9.232334 -5.343361
1502.850952 2.941671 -1.002977 7.647468 -5.900857
1549.815063 2.740060 -1.107249 6.281930 -6.067857
1599.809082 2.532457 -1.160621 5.066297 -5.878447
1653.136108 2.351417 -1.169646 4.161090 -5.500652
1710.140747 2.191662 -1.148776 3.483697 -5.035455
1771.217285 2.046501 -1.099107 2.980131 -4.498649
1836.817871 1.917369 -0.997453 2.681392 -3.824969
1907.464722 1.854998 -0.957628 2.523966 -3.552798
1983.763306 1.760878 -0.859959 2.361161 -3.028563
2066.420166 1.732630 -0.748631 2.441560 -2.594200
